#Insight Transform File V1.0
#Transform 0
Transform: AffineTransform_float_3_3
Parameters: 1 -0.000172382 -0.000527875 0.000172618 0.999999 -0.000724091 0.000528125 0.000723909 0.999999 -0.0359713 -0.0603631 -0.280942
FixedParameters: 0 0 0

#Transform 1
Transform: AffineTransform_float_3_3
Parameters: 0.999978 0.00435738 -0.00510244 -0.00433162 0.999978 0.00497421 0.00512456 -0.00495178 0.999974 0.0699244 -0.12414 -0.22778
FixedParameters: 0 0 0

#Transform 2
Transform: AffineTransform_float_3_3
Parameters: 0.999992 0.00178375 -0.00340191 -0.00177425 0.999995 0.00286606 0.00340709 -0.00285994 0.99999 0.0418912 0.0403468 -0.222309
FixedParameters: 0 0 0

#Transform 3
Transform: AffineTransform_float_3_3
Parameters: 0.999999 0.000758382 -0.000530454 -0.000757619 1 0.000719402 0.000530545 -0.000719598 0.999999 0.0412188 0.0987967 -0.098948
FixedParameters: 0 0 0

#Transform 4
Transform: AffineTransform_float_3_3
Parameters: 0.999997 0.000776428 -0.00206297 -0.00077957 0.999999 -0.00124539 0.00206203 0.0012476 0.999997 0.133875 0.191466 -0.314453
FixedParameters: 0 0 0

#Transform 5
Transform: AffineTransform_float_3_3
Parameters: 0.999998 0.000377937 -0.00223284 -0.000376061 1 0.000420841 0.00223316 -0.000419157 0.999998 0.190673 0.203045 -0.311046
FixedParameters: 0 0 0

#Transform 6
Transform: AffineTransform_float_3_3
Parameters: 0.999994 -0.000730331 0.00357417 0.000735666 0.999998 -0.00158438 -0.00357284 0.00158762 0.999993 0.0888359 0.284695 -0.503728
FixedParameters: 0 0 0

#Transform 7
Transform: AffineTransform_float_3_3
Parameters: 0.999988 -0.00142228 0.00465506 0.00142872 0.999998 -0.00144037 -0.00465294 0.00144764 0.999988 0.0761081 0.272805 -0.441062
FixedParameters: 0 0 0

#Transform 8
Transform: AffineTransform_float_3_3
Parameters: 0.999991 -0.00126603 0.00403262 0.00126797 0.999999 -0.000486891 -0.00403238 0.000492109 0.999991 0.0622946 0.238166 -0.364213
FixedParameters: 0 0 0

#Transform 9
Transform: AffineTransform_float_3_3
Parameters: 0.999993 -0.00126806 0.00331497 0.00126794 0.999999 2.12033e-05 -0.00331502 -1.67964e-05 0.999994 0.0546533 0.2568 -0.388101
FixedParameters: 0 0 0

#Transform 10
Transform: AffineTransform_float_3_3
Parameters: 0.999994 -0.00105278 0.00335107 0.00105323 1 -6.5471e-05 -0.00335093 6.85283e-05 0.999995 0.060782 0.250795 -0.371905
FixedParameters: 0 0 0

#Transform 11
Transform: AffineTransform_float_3_3
Parameters: 0.999995 -0.000432468 0.0032028 0.000430531 1 0.000459381 -0.0032022 -0.000457617 0.999995 0.0669103 0.226748 -0.332748
FixedParameters: 0 0 0

#Transform 12
Transform: AffineTransform_float_3_3
Parameters: 0.999996 -0.000719222 0.00297098 0.000714777 0.999998 0.00142213 -0.00297202 -0.00141987 0.999994 0.0790585 0.213962 -0.285471
FixedParameters: 0 0 0

#Transform 13
Transform: AffineTransform_float_3_3
Parameters: 0.999992 -0.00141773 0.00367795 0.00141427 0.999998 0.000744207 -0.00367905 -0.00073979 0.999993 0.0600722 0.227779 -0.264824
FixedParameters: 0 0 0

#Transform 14
Transform: AffineTransform_float_3_3
Parameters: 0.999998 -0.000285854 0.00168902 0.000280145 0.999994 0.00346548 -0.00168998 -0.00346452 0.999992 0.0759658 0.151424 -0.205329
FixedParameters: 0 0 0

#Transform 15
Transform: AffineTransform_float_3_3
Parameters: 1 0.000315382 0.00022188 -0.000315618 0.999996 0.00278893 -0.000221121 -0.00278907 0.999996 0.0567628 0.140705 -0.169809
FixedParameters: 0 0 0

#Transform 16
Transform: AffineTransform_float_3_3
Parameters: 0.999999 -0.000398976 0.000765974 0.000397024 0.999996 0.00257831 -0.000767026 -0.00257769 0.999997 0.0644844 0.179789 -0.227681
FixedParameters: 0 0 0

#Transform 17
Transform: AffineTransform_float_3_3
Parameters: 0.999998 -0.000566747 0.00187327 0.000560254 0.999995 0.00306705 -0.00187473 -0.00306594 0.999993 0.04468 0.1559 -0.208808
FixedParameters: 0 0 0

#Transform 18
Transform: AffineTransform_float_3_3
Parameters: 0.999998 -0.000566677 0.0018853 0.000560325 0.999996 0.00301006 -0.00188669 -0.00300894 0.999993 0.0480651 0.170913 -0.239934
FixedParameters: 0 0 0

#Transform 19
Transform: AffineTransform_float_3_3
Parameters: 0.999998 -0.000565654 0.00203471 0.000560348 0.999997 0.00228715 -0.00203529 -0.00228586 0.999996 0.0493732 0.18875 -0.281206
FixedParameters: 0 0 0

#Transform 20
Transform: AffineTransform_float_3_3
Parameters: 0.999998 -0.000564162 0.00220719 0.000560838 0.999999 0.00143324 -0.00220781 -0.00143176 0.999996 0.076349 0.23587 -0.364513
FixedParameters: 0 0 0

#Transform 21
Transform: AffineTransform_float_3_3
Parameters: 0.999996 -0.0010621 0.0028371 0.0010569 0.999998 0.00179701 -0.0028389 -0.00179399 0.999995 0.0607701 0.223772 -0.352376
FixedParameters: 0 0 0

#Transform 22
Transform: AffineTransform_float_3_3
Parameters: 0.999995 -0.00113144 0.00301734 0.00112756 0.999999 0.00147441 -0.00301866 -0.00147059 0.999995 0.0691693 0.228435 -0.370606
FixedParameters: 0 0 0

#Transform 23
Transform: AffineTransform_float_3_3
Parameters: 0.999997 -0.000620778 0.00247205 0.000617222 0.999998 0.00152853 -0.00247294 -0.00152747 0.999996 0.0639517 0.226112 -0.365891
FixedParameters: 0 0 0

#Transform 24
Transform: AffineTransform_float_3_3
Parameters: 0.999997 -0.000938664 0.00248362 0.000934335 0.999998 0.00147632 -0.00248538 -0.00147367 0.999996 0.0578201 0.202244 -0.277245
FixedParameters: 0 0 0

#Transform 25
Transform: AffineTransform_float_3_3
Parameters: 0.999996 -0.00186723 0.00205917 0.00186277 0.999996 0.00205584 -0.00206283 -0.00205116 0.999996 0.120084 0.230651 -0.182426
FixedParameters: 0 0 0

#Transform 26
Transform: AffineTransform_float_3_3
Parameters: 0.999998 -0.000403923 0.00194419 0.000400077 0.999998 0.00201778 -0.00194481 -0.00201722 0.999996 0.0778482 0.215912 -0.181509
FixedParameters: 0 0 0

#Transform 27
Transform: AffineTransform_float_3_3
Parameters: 0.999994 -0.00121586 0.00319191 0.00121314 0.999999 0.000897878 -0.00319209 -0.000894124 0.999995 0.108075 0.314485 -0.543773
FixedParameters: 0 0 0

#Transform 28
Transform: AffineTransform_float_3_3
Parameters: 0.99999 -0.00175037 0.00413257 0.00174663 0.999998 0.000820227 -0.00413343 -0.000812773 0.999991 0.0727963 0.246929 -0.324593
FixedParameters: 0 0 0

#Transform 29
Transform: AffineTransform_float_3_3
Parameters: 0.999993 -0.00185565 0.00344789 0.00184835 0.999996 0.00222139 -0.00345211 -0.00221461 0.999991 0.0651298 0.237088 -0.298134
FixedParameters: 0 0 0

#Transform 30
Transform: AffineTransform_float_3_3
Parameters: 0.999993 -0.00145535 0.00343774 0.00144965 0.999997 0.00155799 -0.00344026 -0.001553 0.999993 0.0542485 0.2615 -0.2992
FixedParameters: 0 0 0

#Transform 31
Transform: AffineTransform_float_3_3
Parameters: 0.999995 -0.00167355 0.002733 0.00166744 0.999995 0.00239957 -0.002737 -0.00239443 0.999994 0.0921523 0.251664 -0.226793
FixedParameters: 0 0 0

#Transform 32
Transform: AffineTransform_float_3_3
Parameters: 0.999998 -0.000534102 0.00165768 0.000529897 0.999997 0.00247388 -0.00165931 -0.00247312 0.999995 0.0657733 0.256252 -0.322009
FixedParameters: 0 0 0

#Transform 33
Transform: AffineTransform_float_3_3
Parameters: 0.999999 0.000717271 0.00067185 -0.000718728 0.999997 0.00257552 -0.000670151 -0.00257648 0.999997 0.0804853 0.221265 -0.228915
FixedParameters: 0 0 0

#Transform 34
Transform: AffineTransform_float_3_3
Parameters: 0.999999 0.000719479 0.00103867 -0.00071852 0.999999 -0.000461747 -0.00103933 0.000461253 1 0.0434205 0.290616 -0.248437
FixedParameters: 0 0 0

#Transform 35
Transform: AffineTransform_float_3_3
Parameters: 0.999998 0.000126281 0.00193145 -0.00013372 0.999994 0.00347875 -0.00193155 -0.00347925 0.999992 0.0162976 0.197934 -0.253788
FixedParameters: 0 0 0

#Transform 36
Transform: AffineTransform_float_3_3
Parameters: 0.999996 -0.000330754 0.00289468 0.000319245 0.999991 0.00405994 -0.00289632 -0.00405906 0.999987 0.0306202 0.16729 -0.224877
FixedParameters: 0 0 0

#Transform 37
Transform: AffineTransform_float_3_3
Parameters: 0.999995 -0.00141779 0.00287918 0.00140921 0.999996 0.00270607 -0.00288382 -0.00270193 0.999992 0.0612962 0.22668 -0.294264
FixedParameters: 0 0 0

#Transform 38
Transform: AffineTransform_float_3_3
Parameters: 0.999994 -0.00130765 0.00300468 0.00129934 0.999996 0.00254792 -0.00300832 -0.00254408 0.999992 0.034571 0.22251 -0.300355
FixedParameters: 0 0 0

#Transform 39
Transform: AffineTransform_float_3_3
Parameters: 0.999995 -0.00130654 0.00281698 0.00129946 0.999996 0.00232267 -0.00282003 -0.00231933 0.999994 0.037892 0.221292 -0.31857
FixedParameters: 0 0 0

#Transform 40
Transform: AffineTransform_float_3_3
Parameters: 0.999995 -0.00144207 0.00303217 0.00143393 0.999996 0.00266336 -0.00303583 -0.00265864 0.999992 0.0420912 0.25349 -0.380838
FixedParameters: 0 0 0

#Transform 41
Transform: AffineTransform_float_3_3
Parameters: 0.999995 -0.00130628 0.00279707 0.00129972 0.999996 0.00224664 -0.00279992 -0.00224335 0.999993 0.0522687 0.251314 -0.332778
FixedParameters: 0 0 0

#Transform 42
Transform: AffineTransform_float_3_3
Parameters: 0.999992 -0.00110354 0.00390616 0.00109646 0.999998 0.0016753 -0.00390884 -0.0016707 0.999991 0.0491819 0.238728 -0.33565
FixedParameters: 0 0 0

#Transform 43
Transform: AffineTransform_float_3_3
Parameters: 0.999997 -0.000785521 0.00222606 0.000780479 0.999996 0.00247974 -0.00222794 -0.00247826 0.999995 0.0481096 0.238556 -0.350485
FixedParameters: 0 0 0

#Transform 44
Transform: AffineTransform_float_3_3
Parameters: 0.999995 -0.00187834 0.00250955 0.00186666 0.999988 0.00451171 -0.00251844 -0.00450729 0.999986 0.03825 0.194312 -0.27675
FixedParameters: 0 0 0

#Transform 45
Transform: AffineTransform_float_3_3
Parameters: 0.99999 -0.00240903 0.00363339 0.00239696 0.99999 0.00358774 -0.00364261 -0.00357826 0.999987 0.0143633 0.231699 -0.295421
FixedParameters: 0 0 0

#Transform 46
Transform: AffineTransform_float_3_3
Parameters: 0.999995 -0.00177317 0.00288975 0.00175884 0.999984 0.00524211 -0.00289826 -0.00523689 0.999982 0.0188231 0.192874 -0.234384
FixedParameters: 0 0 0

#Transform 47
Transform: AffineTransform_float_3_3
Parameters: 0.999995 -0.00166962 0.00261388 0.00165938 0.999992 0.00367935 -0.00262012 -0.00367464 0.99999 0.000446885 0.179689 -0.0781828
FixedParameters: 0 0 0

#Transform 48
Transform: AffineTransform_float_3_3
Parameters: 0.999997 -0.00152921 0.0022227 0.0015198 0.999991 0.00413639 -0.0022283 -0.00413361 0.999989 -0.00418451 0.134332 0.0180606
FixedParameters: 0 0 0

#Transform 49
Transform: AffineTransform_float_3_3
Parameters: 0.999994 -0.0012864 0.00327794 0.0012756 0.999994 0.0031732 -0.00328206 -0.0031688 0.999989 -0.023575 0.195408 -0.131646
FixedParameters: 0 0 0

#Transform 50
Transform: AffineTransform_float_3_3
Parameters: 0.999997 -0.00100583 0.00253534 0.000994175 0.999988 0.00466154 -0.00253966 -0.00465946 0.999986 -0.0122093 0.152375 -0.264796
FixedParameters: 0 0 0

#Transform 51
Transform: AffineTransform_float_3_3
Parameters: 0.99999 -0.000662061 0.00425656 0.000671941 0.999997 -0.00233416 -0.00425544 0.00233684 0.999988 0.0990344 0.515168 -1.32524
FixedParameters: 0 0 0

#Transform 52
Transform: AffineTransform_float_3_3
Parameters: 0.999992 -0.00042491 0.00403385 0.000460088 0.999962 -0.00870122 -0.00403015 0.00870378 0.999954 0.0691769 0.566142 -1.29781
FixedParameters: 0 0 0

#Transform 53
Transform: AffineTransform_float_3_3
Parameters: 0.999975 0.000438618 0.00697101 -0.000330376 0.999878 -0.0155757 -0.00697699 0.0155723 0.999855 -0.077472 0.709975 -1.29527
FixedParameters: 0 0 0

#Transform 54
Transform: AffineTransform_float_3_3
Parameters: 0.999971 0.000293037 0.00751766 -0.00018896 0.999905 -0.0138358 -0.00752133 0.0138342 0.999876 -0.0701483 0.703091 -1.45843
FixedParameters: 0 0 0

#Transform 55
Transform: AffineTransform_float_3_3
Parameters: 0.999966 -0.000767536 0.00823693 0.000877466 0.999911 -0.0132942 -0.00822605 0.0133008 0.999877 -0.040619 0.726428 -1.52956
FixedParameters: 0 0 0

#Transform 56
Transform: AffineTransform_float_3_3
Parameters: 0.999972 -0.000895736 0.00734124 0.000976273 0.999939 -0.0109371 -0.00733176 0.0109439 0.999913 -0.0171891 0.694104 -1.57941
FixedParameters: 0 0 0

#Transform 57
Transform: AffineTransform_float_3_3
Parameters: 0.999971 -0.00152164 0.0073959 0.00159735 0.999947 -0.0101935 -0.00738008 0.0102055 0.99992 0.00675527 0.683281 -1.56927
FixedParameters: 0 0 0

#Transform 58
Transform: AffineTransform_float_3_3
Parameters: 0.999973 -0.0023167 0.0070568 0.00238531 0.99995 -0.00968644 -0.00703421 0.00970257 0.999928 0.0244476 0.662643 -1.50916
FixedParameters: 0 0 0

#Transform 59
Transform: AffineTransform_float_3_3
Parameters: 0.99997 -0.00193149 0.00752811 0.0020125 0.99994 -0.0107012 -0.00750687 0.0107158 0.999914 5.20477e-05 0.728133 -1.54758
FixedParameters: 0 0 0

#Transform 60
Transform: AffineTransform_float_3_3
Parameters: 0.999983 -0.00112329 0.00571032 0.0011887 0.999933 -0.0115164 -0.00569669 0.0115236 0.999918 0.0359509 0.702757 -1.80861
FixedParameters: 0 0 0

#Transform 61
Transform: AffineTransform_float_3_3
Parameters: 0.99998 -0.00160046 0.00603483 0.00165954 0.999951 -0.00970817 -0.00601916 0.00971781 0.999934 0.0679785 0.722638 -1.76591
FixedParameters: 0 0 0

#Transform 62
Transform: AffineTransform_float_3_3
Parameters: 0.999978 -0.00218387 0.00625815 0.00222413 0.999977 -0.00641322 -0.00624385 0.00642678 0.99996 0.0888656 0.647798 -1.6834
FixedParameters: 0 0 0

#Transform 63
Transform: AffineTransform_float_3_3
Parameters: 0.999976 -0.00277021 0.00625879 0.00278978 0.999991 -0.00315461 -0.00625021 0.00317239 0.999976 0.0961418 0.635435 -1.62758
FixedParameters: 0 0 0

#Transform 64
Transform: AffineTransform_float_3_3
Parameters: 0.999969 -0.00297571 0.00731539 0.00300529 0.999987 -0.00413314 -0.00730261 0.00415486 0.999964 0.0776862 0.677443 -1.73583
FixedParameters: 0 0 0

#Transform 65
Transform: AffineTransform_float_3_3
Parameters: 0.999969 -0.00364663 0.00698725 0.00366937 0.999987 -0.00333446 -0.00697475 0.00336054 0.99997 0.098549 0.666083 -1.63005
FixedParameters: 0 0 0

#Transform 66
Transform: AffineTransform_float_3_3
Parameters: 0.999971 -0.00350677 0.00666879 0.00353123 0.999987 -0.00362456 -0.0066562 0.00364845 0.999971 0.102563 0.720218 -1.84779
FixedParameters: 0 0 0

#Transform 67
Transform: AffineTransform_float_3_3
Parameters: 0.999975 -0.00266257 0.00653442 0.00268744 0.999989 -0.00388654 -0.00652458 0.00390347 0.999971 0.0659222 0.678729 -1.8901
FixedParameters: 0 0 0

#Transform 68
Transform: AffineTransform_float_3_3
Parameters: 0.999974 -0.00289674 0.00651444 0.00292926 0.999984 -0.00494804 -0.00650055 0.00496696 0.999966 0.0419907 0.694287 -1.91449
FixedParameters: 0 0 0

#Transform 69
Transform: AffineTransform_float_3_3
Parameters: 0.999972 -0.00292307 0.00690504 0.00296294 0.999979 -0.0057807 -0.00688795 0.00580029 0.999959 0.0614255 0.722334 -1.88946
FixedParameters: 0 0 0

#Transform 70
Transform: AffineTransform_float_3_3
Parameters: 0.999964 -0.00296084 0.00796239 0.00302316 0.999965 -0.00780621 -0.00793861 0.00782979 0.999938 0.0764626 0.771833 -1.94314
FixedParameters: 0 0 0

#Transform 71
Transform: AffineTransform_float_3_3
Parameters: 0.999966 -0.0031183 0.00766249 0.00317269 0.999969 -0.00713593 -0.00763952 0.00716007 0.999945 0.076188 0.7454 -1.84312
FixedParameters: 0 0 0

#Transform 72
Transform: AffineTransform_float_3_3
Parameters: 0.99997 -0.0032938 0.00703112 0.0033282 0.999982 -0.00485775 -0.00701488 0.00488125 0.999964 0.0763458 0.705018 -1.81556
FixedParameters: 0 0 0

#Transform 73
Transform: AffineTransform_float_3_3
Parameters: 0.999962 -0.00384372 0.00791269 0.00388428 0.999979 -0.00508146 -0.0078933 0.00511253 0.999956 0.0579679 0.707457 -1.86053
FixedParameters: 0 0 0

#Transform 74
Transform: AffineTransform_float_3_3
Parameters: 0.999965 -0.00316838 0.00766376 0.00321162 0.99998 -0.00555558 -0.00764524 0.00557942 0.999955 0.0393174 0.717233 -1.88386
FixedParameters: 0 0 0

#Transform 75
Transform: AffineTransform_float_3_3
Parameters: 0.99997 -0.00296322 0.00716143 0.00300578 0.999978 -0.00583065 -0.00714357 0.00585134 0.999958 0.0640453 0.724084 -1.94931
FixedParameters: 0 0 0

#Transform 76
Transform: AffineTransform_float_3_3
Parameters: 0.999965 -0.00297796 0.00780905 0.00303004 0.999973 -0.00666057 -0.00778896 0.00668443 0.999948 0.0381908 0.74222 -1.95291
FixedParameters: 0 0 0

#Transform 77
Transform: AffineTransform_float_3_3
Parameters: 0.999954 -0.00301578 0.0090381 0.00309022 0.999961 -0.00820844 -0.00901389 0.00823656 0.999926 -0.0258445 0.776876 -2.02492
FixedParameters: 0 0 0

#Transform 78
Transform: AffineTransform_float_3_3
Parameters: 0.999963 -0.00330575 0.0079261 0.00337025 0.999962 -0.00810659 -0.00789889 0.00813341 0.999935 0.0515945 0.77646 -1.93164
FixedParameters: 0 0 0

#Transform 79
Transform: AffineTransform_float_3_3
Parameters: 0.999957 -0.00389997 0.00843837 0.00394803 0.999976 -0.00568293 -0.00841563 0.00571607 0.999948 0.0482831 0.755948 -1.85892
FixedParameters: 0 0 0

#Transform 80
Transform: AffineTransform_float_3_3
Parameters: 0.999962 -0.0040135 0.00767337 0.00405649 0.999976 -0.00553008 -0.00765062 0.00556191 0.999956 0.0390719 0.738218 -1.839
FixedParameters: 0 0 0

#Transform 81
Transform: AffineTransform_float_3_3
Parameters: 0.999958 -0.00397975 0.0083286 0.00403727 0.999969 -0.00686967 -0.0083014 0.00690233 0.999941 0.0662477 0.777157 -1.99292
FixedParameters: 0 0 0

#Transform 82
Transform: AffineTransform_float_3_3
Parameters: 0.999962 -0.00367095 0.00798508 0.00372507 0.99997 -0.00676552 -0.00796093 0.00679449 0.999945 0.0722607 0.758517 -1.90871
FixedParameters: 0 0 0

#Transform 83
Transform: AffineTransform_float_3_3
Parameters: 0.999966 -0.00396442 0.00724913 0.00400159 0.99998 -0.00503917 -0.00722987 0.00506784 0.999961 0.0712635 0.724866 -1.86982
FixedParameters: 0 0 0

#Transform 84
Transform: AffineTransform_float_3_3
Parameters: 0.999966 -0.00403833 0.00711415 0.00409066 0.999964 -0.00740415 -0.00708385 0.00743286 0.999948 0.0720318 0.757807 -1.93566
FixedParameters: 0 0 0

#Transform 85
Transform: AffineTransform_float_3_3
Parameters: 0.999962 -0.00357655 0.00785953 0.00361745 0.999981 -0.00513876 -0.00784146 0.00516724 0.999956 0.0216056 0.69154 -1.69186
FixedParameters: 0 0 0

#Transform 86
Transform: AffineTransform_float_3_3
Parameters: 0.999955 -0.00390875 0.00872742 0.00396425 0.999972 -0.0064377 -0.00870159 0.00647231 0.999941 0.019415 0.738836 -1.80835
FixedParameters: 0 0 0

#Transform 87
Transform: AffineTransform_float_3_3
Parameters: 0.999943 -0.00452876 0.00964864 0.00460624 0.999958 -0.00799802 -0.00961137 0.00804199 0.999922 0.0151229 0.779915 -1.92301
FixedParameters: 0 0 0

#Transform 88
Transform: AffineTransform_float_3_3
Parameters: 0.999943 -0.00410152 0.00983465 0.00419949 0.999941 -0.0100143 -0.00979335 0.0100547 0.999901 0.00665486 0.789275 -1.91925
FixedParameters: 0 0 0

#Transform 89
Transform: AffineTransform_float_3_3
Parameters: 0.999922 -0.00428815 0.0117486 0.00446886 0.999872 -0.0154107 -0.0116814 0.0154623 0.999812 -0.0091355 0.893382 -2.052
FixedParameters: 0 0 0

#Transform 90
Transform: AffineTransform_float_3_3
Parameters: 0.999922 -0.00452601 0.0116004 0.00469997 0.999876 -0.0150146 -0.0115306 0.0150684 0.99982 -0.0010714 0.922045 -2.13476
FixedParameters: 0 0 0

#Transform 91
Transform: AffineTransform_float_3_3
Parameters: 0.999951 -0.00366495 0.00913782 0.00379403 0.999893 -0.014145 -0.00908418 0.014179 0.999858 -0.0175361 0.912041 -2.08228
FixedParameters: 0 0 0

#Transform 92
Transform: AffineTransform_float_3_3
Parameters: 0.999963 -0.00226952 0.00838071 0.00239348 0.999887 -0.0148725 -0.00834631 0.0148925 0.999855 -0.0185797 0.898196 -2.15686
FixedParameters: 0 0 0

#Transform 93
Transform: AffineTransform_float_3_3
Parameters: 0.999953 -0.00307326 0.00921638 0.00320874 0.999886 -0.0147501 -0.00916962 0.0147789 0.999848 0.00673285 0.912725 -2.1301
FixedParameters: 0 0 0

#Transform 94
Transform: AffineTransform_float_3_3
Parameters: 0.999927 -0.00401558 0.0113376 0.00416142 0.999909 -0.0128318 -0.0112854 0.0128783 0.999854 -0.0362956 0.874052 -2.05919
FixedParameters: 0 0 0

#Transform 95
Transform: AffineTransform_float_3_3
Parameters: 0.99996 -0.00317054 0.00827824 0.00325546 0.999942 -0.0103305 -0.00824477 0.0103566 0.999913 0.0196388 0.818715 -1.91422
FixedParameters: 0 0 0

#Transform 96
Transform: AffineTransform_float_3_3
Parameters: 0.999969 -0.00258035 0.00742963 0.00265265 0.999948 -0.00978559 -0.00740337 0.0098044 0.999924 0.00585558 0.766387 -1.92781
FixedParameters: 0 0 0

#Transform 97
Transform: AffineTransform_float_3_3
Parameters: 0.999945 -0.00386831 0.00973346 0.00394968 0.999958 -0.00828401 -0.00970054 0.00832198 0.999919 0.0187933 0.753648 -1.86985
FixedParameters: 0 0 0

#Transform 98
Transform: AffineTransform_float_3_3
Parameters: 0.999957 -0.00379424 0.00853038 0.00386377 0.999959 -0.0081774 -0.00849863 0.00820961 0.99993 0.0326678 0.750035 -1.86333
FixedParameters: 0 0 0

#Transform 99
Transform: AffineTransform_float_3_3
Parameters: 0.99996 -0.00384742 0.00799246 0.00390657 0.999965 -0.00732606 -0.00796353 0.00735693 0.999941 0.024113 0.722231 -1.77323
FixedParameters: 0 0 0

#Transform 100
Transform: AffineTransform_float_3_3
Parameters: 0.999964 -0.0035636 0.00776925 0.0036164 0.99997 -0.00674115 -0.00774475 0.00676885 0.999947 0.0167948 0.732042 -1.81303
FixedParameters: 0 0 0

#Transform 101
Transform: AffineTransform_float_3_3
Parameters: 0.999973 -0.00341827 0.00652416 0.00346373 0.99997 -0.0070106 -0.00649984 0.00703341 0.999954 0.0162803 0.718838 -1.84773
FixedParameters: 0 0 0

#Transform 102
Transform: AffineTransform_float_3_3
Parameters: 0.999972 -0.00354333 0.00650288 0.00358467 0.999973 -0.00640687 -0.00648012 0.00643014 0.999959 0.0487704 0.746101 -2.08959
FixedParameters: 0 0 0

#Transform 103
Transform: AffineTransform_float_3_3
Parameters: 0.999968 -0.00403228 0.00693787 0.00409072 0.999957 -0.00832489 -0.00690413 0.00835311 0.999942 0.10431 0.831868 -2.36791
FixedParameters: 0 0 0

#Transform 104
Transform: AffineTransform_float_3_3
Parameters: 0.999976 -0.00453663 0.00536531 0.00459236 0.999936 -0.0103526 -0.00531769 0.0103774 0.999932 0.172318 0.908276 -2.49441
FixedParameters: 0 0 0

#Transform 105
Transform: AffineTransform_float_3_3
Parameters: 0.999971 -0.00379857 0.00657822 0.00386342 0.999943 -0.00996187 -0.00653979 0.00998713 0.999928 0.132425 0.876192 -2.44456
FixedParameters: 0 0 0

#Transform 106
Transform: AffineTransform_float_3_3
Parameters: 0.999961 -0.00469786 0.00739016 0.00476213 0.999951 -0.00868514 -0.00734883 0.00871986 0.999935 0.118069 0.85546 -2.40004
FixedParameters: 0 0 0

#Transform 107
Transform: AffineTransform_float_3_3
Parameters: 0.999963 -0.00457898 0.00729358 0.00464301 0.99995 -0.00878446 -0.00725241 0.00881853 0.999935 0.140992 0.856736 -2.39949
FixedParameters: 0 0 0

#Transform 108
Transform: AffineTransform_float_3_3
Parameters: 0.999955 -0.00480984 0.00825303 0.00489316 0.999937 -0.0100861 -0.00820397 0.0101259 0.999915 0.119922 0.883692 -2.46888
FixedParameters: 0 0 0

#Transform 109
Transform: AffineTransform_float_3_3
Parameters: 0.999954 -0.00500036 0.00820482 0.00507764 0.999943 -0.00946977 -0.00815618 0.00951022 0.999921 0.155027 0.874486 -2.29962
FixedParameters: 0 0 0

#Transform 110
Transform: AffineTransform_float_3_3
Parameters: 0.999953 -0.00265369 0.00925857 0.00273831 0.999955 -0.00910506 -0.00923441 0.00912992 0.999915 0.00897004 0.845375 -2.23812
FixedParameters: 0 0 0

#Transform 111
Transform: AffineTransform_float_3_3
Parameters: 0.99994 -0.00377282 0.0103025 0.00392919 0.999877 -0.0151814 -0.0102444 0.0152206 0.999831 0.000819431 0.966617 -2.44287
FixedParameters: 0 0 0

#Transform 112
Transform: AffineTransform_float_3_3
Parameters: 0.999955 -0.00437195 0.0084836 0.00446505 0.99993 -0.0109796 -0.0084354 0.0110174 0.999903 0.080282 0.916258 -2.37139
FixedParameters: 0 0 0

#Transform 113
Transform: AffineTransform_float_3_3
Parameters: 0.999966 -0.00452956 0.00689215 0.00460243 0.999934 -0.0105306 -0.00684384 0.0105624 0.999921 0.0812251 0.92306 -2.30142
FixedParameters: 0 0 0

#Transform 114
Transform: AffineTransform_float_3_3
Parameters: 0.999959 -0.00412299 0.00806272 0.00421501 0.999926 -0.0114275 -0.00801529 0.0114615 0.999902 0.0443408 0.909999 -2.36437
FixedParameters: 0 0 0

#Transform 115
Transform: AffineTransform_float_3_3
Parameters: 0.999957 -0.00416535 0.00820781 0.00426366 0.999919 -0.0120395 -0.00815718 0.0120735 0.999894 0.0491413 0.916302 -2.3808
FixedParameters: 0 0 0

#Transform 116
Transform: AffineTransform_float_3_3
Parameters: 0.999941 -0.00485052 0.00971977 0.00498449 0.999893 -0.0137564 -0.00965223 0.0138036 0.999858 0.0325303 0.968856 -2.46251
FixedParameters: 0 0 0

#Transform 117
Transform: AffineTransform_float_3_3
Parameters: 0.999936 -0.00486652 0.0102026 0.00501948 0.999874 -0.0150728 -0.0101274 0.0151223 0.999835 0.0436707 0.99865 -2.50642
FixedParameters: 0 0 0

#Transform 118
Transform: AffineTransform_float_3_3
Parameters: 0.999916 -0.00531746 0.0118043 0.00553953 0.999807 -0.0188152 -0.0117017 0.0188788 0.999754 0.0128299 1.04848 -2.57178
FixedParameters: 0 0 0

#Transform 119
Transform: AffineTransform_float_3_3
Parameters: 0.999911 -0.00521428 0.0122247 0.0054307 0.999827 -0.0177622 -0.0121293 0.0178268 0.999767 0.00222224 1.0505 -2.60848
FixedParameters: 0 0 0

#Transform 120
Transform: AffineTransform_float_3_3
Parameters: 0.99993 -0.0054231 0.0105704 0.00562193 0.999806 -0.0188799 -0.0104666 0.0189371 0.999766 0.0430652 1.09702 -2.64516
FixedParameters: 0 0 0

#Transform 121
Transform: AffineTransform_float_3_3
Parameters: 0.999916 -0.00538123 0.0117481 0.00558176 0.999838 -0.0171239 -0.0116539 0.0171882 0.999785 0.0159675 1.07519 -2.63781
FixedParameters: 0 0 0

#Transform 122
Transform: AffineTransform_float_3_3
Parameters: 0.99992 -0.00517858 0.0115366 0.00536241 0.999858 -0.0160124 -0.0114514 0.0160736 0.999805 0.0399678 1.0333 -2.57046
FixedParameters: 0 0 0

#Transform 123
Transform: AffineTransform_float_3_3
Parameters: 0.99992 -0.00580566 0.0112525 0.00597333 0.99987 -0.014985 -0.0111636 0.015051 0.999825 0.0388427 1.02994 -2.54992
FixedParameters: 0 0 0

#Transform 124
Transform: AffineTransform_float_3_3
Parameters: 0.999917 -0.00577281 0.0114707 0.00594017 0.999876 -0.0145951 -0.0113843 0.0146619 0.999827 0.0351493 1.02234 -2.55127
FixedParameters: 0 0 0

#Transform 125
Transform: AffineTransform_float_3_3
Parameters: 0.99993 -0.00525337 0.0106099 0.00540562 0.999881 -0.0144076 -0.0105331 0.0144643 0.99984 0.0363175 1.02134 -2.56887
FixedParameters: 0 0 0

#Transform 126
Transform: AffineTransform_float_3_3
Parameters: 0.999923 -0.0058444 0.0109599 0.0060006 0.999879 -0.0143103 -0.010875 0.0143747 0.999837 0.0551523 1.04042 -2.66842
FixedParameters: 0 0 0

#Transform 127
Transform: AffineTransform_float_3_3
Parameters: 0.999943 -0.0061049 0.00882733 0.0062101 0.999908 -0.0120429 -0.00875268 0.0120971 0.999888 0.102334 1.01808 -2.74241
FixedParameters: 0 0 0

#Transform 128
Transform: AffineTransform_float_3_3
Parameters: 0.999924 -0.0068644 0.0101853 0.00698561 0.999906 -0.0118537 -0.0101027 0.0119233 0.999878 0.0918953 0.998723 -2.77126
FixedParameters: 0 0 0

#Transform 129
Transform: AffineTransform_float_3_3
Parameters: 0.999925 -0.00642305 0.0103618 0.00655096 0.999904 -0.012265 -0.0102822 0.012332 0.999871 0.0886945 1.0074 -2.66007
FixedParameters: 0 0 0

#Transform 130
Transform: AffineTransform_float_3_3
Parameters: 0.999952 -0.00592347 0.00789924 0.00601553 0.999913 -0.0117421 -0.00782877 0.0117889 0.9999 0.108034 1.00847 -2.7038
FixedParameters: 0 0 0

#Transform 131
Transform: AffineTransform_float_3_3
Parameters: 0.99996 -0.0038066 0.00802111 0.00396943 0.999786 -0.02033 -0.00794288 0.0203601 0.999761 0.016863 1.13256 -2.82514
FixedParameters: 0 0 0

#Transform 132
Transform: AffineTransform_float_3_3
Parameters: 0.999956 -0.00443752 0.00826784 0.00460048 0.999792 -0.0198598 -0.00817816 0.0198972 0.999768 0.0330271 1.11531 -2.77846
FixedParameters: 0 0 0

#Transform 133
Transform: AffineTransform_float_3_3
Parameters: 0.999954 -0.00493198 0.00821668 0.00507202 0.999841 -0.0171081 -0.00813131 0.0171489 0.99982 0.0460399 1.08595 -2.689
FixedParameters: 0 0 0

#Transform 134
Transform: AffineTransform_float_3_3
Parameters: 0.999953 -0.00516789 0.00828192 0.00530011 0.999858 -0.0160099 -0.00819809 0.0160531 0.999838 0.0491326 1.05683 -2.58865
FixedParameters: 0 0 0

#Transform 135
Transform: AffineTransform_float_3_3
Parameters: 0.999967 -0.00484296 0.00663245 0.00493405 0.999893 -0.0137797 -0.00656556 0.0138123 0.999883 0.0915397 0.990341 -2.58495
FixedParameters: 0 0 0

#Transform 136
Transform: AffineTransform_float_3_3
Parameters: 0.999971 -0.0045925 0.00616562 0.0046605 0.999927 -0.0111416 -0.00611439 0.0111704 0.999919 0.126076 0.929436 -2.53914
FixedParameters: 0 0 0

#Transform 137
Transform: AffineTransform_float_3_3
Parameters: 0.999932 -0.00612526 0.00985207 0.00622373 0.999931 -0.0100224 -0.00978992 0.0100837 0.999901 0.0769576 0.949374 -2.56182
FixedParameters: 0 0 0

#Transform 138
Transform: AffineTransform_float_3_3
Parameters: 0.999951 -0.00601155 0.00789656 0.00608944 0.999933 -0.0098204 -0.00783642 0.00986859 0.99992 0.0794484 0.97758 -2.56299
FixedParameters: 0 0 0

#Transform 139
Transform: AffineTransform_float_3_3
Parameters: 0.999955 -0.00542187 0.00769759 0.00549312 0.999942 -0.00924912 -0.0076464 0.00929187 0.999927 0.101229 0.984578 -2.61223
FixedParameters: 0 0 0

#Transform 140
Transform: AffineTransform_float_3_3
Parameters: 0.999948 -0.00621037 0.00808755 0.00630463 0.999912 -0.0117276 -0.00801446 0.0117784 0.999899 0.12004 1.01689 -2.71898
FixedParameters: 0 0 0

#Transform 141
Transform: AffineTransform_float_3_3
Parameters: 0.999958 -0.00488926 0.00774518 0.00495774 0.99995 -0.00875097 -0.00770181 0.00878903 0.999931 0.237316 0.888431 -2.51306
FixedParameters: 0 0 0

#Transform 142
Transform: AffineTransform_float_3_3
Parameters: 0.999964 -0.00549975 0.00644231 0.00554126 0.999963 -0.00655954 -0.00640669 0.00659447 0.999957 0.217822 0.857878 -2.26221
FixedParameters: 0 0 0

#Transform 143
Transform: AffineTransform_float_3_3
Parameters: 0.999955 -0.00588709 0.00753537 0.00595192 0.999947 -0.00848754 -0.00748562 0.00853146 0.999935 0.104828 0.922293 -2.49603
FixedParameters: 0 0 0

#Transform 144
Transform: AffineTransform_float_3_3
Parameters: 0.999947 -0.00586023 0.00844877 0.00596777 0.999901 -0.0127873 -0.00837322 0.0128377 0.999882 0.041954 0.996888 -2.6565
FixedParameters: 0 0 0

#Transform 145
Transform: AffineTransform_float_3_3
Parameters: 0.999964 -0.00593269 0.00607746 0.00599532 0.999929 -0.0102869 -0.00601653 0.0103231 0.999928 0.0836969 1.01059 -2.60768
FixedParameters: 0 0 0

#Transform 146
Transform: AffineTransform_float_3_3
Parameters: 0.999955 -0.00640251 0.00700826 0.0064695 0.999933 -0.0096511 -0.00694574 0.00969591 0.999929 0.144462 0.989455 -2.63475
FixedParameters: 0 0 0

#Transform 147
Transform: AffineTransform_float_3_3
Parameters: 0.999949 -0.00575189 0.00823829 0.0058121 0.999956 -0.00729049 -0.00819571 0.00733751 0.99994 0.12889 0.904491 -2.51524
FixedParameters: 0 0 0

#Transform 148
Transform: AffineTransform_float_3_3
Parameters: 0.99994 -0.00665389 0.00867737 0.00673613 0.999932 -0.00958512 -0.00861363 0.00964289 0.999916 0.101272 0.96318 -2.57438
FixedParameters: 0 0 0

#Transform 149
Transform: AffineTransform_float_3_3
Parameters: 0.999944 -0.0058425 0.00888287 0.00593451 0.999929 -0.0103099 -0.00882214 0.0103621 0.999908 0.0712437 0.94858 -2.56874
FixedParameters: 0 0 0

#Transform 150
Transform: AffineTransform_float_3_3
Parameters: 0.99995 -0.00591723 0.00799768 0.00600478 0.999922 -0.0109955 -0.00793231 0.0110425 0.999907 0.0888229 0.964603 -2.59651
FixedParameters: 0 0 0

#Transform 151
Transform: AffineTransform_float_3_3
Parameters: 0.999948 -0.00604431 0.00819167 0.0061277 0.99993 -0.0101073 -0.00813034 0.0101567 0.999916 0.116741 0.97418 -2.54941
FixedParameters: 0 0 0

#Transform 152
Transform: AffineTransform_float_3_3
Parameters: 0.999945 -0.00594981 0.00865724 0.00605517 0.999907 -0.0121743 -0.00858376 0.0122267 0.999889 0.137262 1.01951 -2.55091
FixedParameters: 0 0 0

#Transform 153
Transform: AffineTransform_float_3_3
Parameters: 0.999946 -0.00420397 0.0094917 0.00432104 0.999915 -0.0123437 -0.0094393 0.0123834 0.999879 0.0676684 0.995218 -2.59445
FixedParameters: 0 0 0

#Transform 154
Transform: AffineTransform_float_3_3
Parameters: 0.999949 -0.00482915 0.0088577 0.00492085 0.999934 -0.0103769 -0.00880731 0.0104201 0.999907 0.0892066 0.951181 -2.64198
FixedParameters: 0 0 0

#Transform 155
Transform: AffineTransform_float_3_3
Parameters: 0.999941 -0.00542744 0.00940887 0.00553456 0.999919 -0.0114436 -0.00934614 0.0114954 0.99989 0.0557235 0.974562 -2.64717
FixedParameters: 0 0 0

#Transform 156
Transform: AffineTransform_float_3_3
Parameters: 0.999944 -0.00554723 0.00892994 0.00565277 0.999915 -0.0117502 -0.00886405 0.0117998 0.999891 0.0701826 0.96098 -2.54484
FixedParameters: 0 0 0

#Transform 157
Transform: AffineTransform_float_3_3
Parameters: 0.999947 -0.00513393 0.00898596 0.00524607 0.999908 -0.0124925 -0.00892104 0.0125395 0.999881 0.0741091 1.00457 -2.52072
FixedParameters: 0 0 0

#Transform 158
Transform: AffineTransform_float_3_3
Parameters: 0.999939 -0.00518719 0.00976834 0.0053228 0.999889 -0.0139289 -0.00969467 0.0139801 0.999856 0.0700961 1.04821 -2.62276
FixedParameters: 0 0 0

#Transform 159
Transform: AffineTransform_float_3_3
Parameters: 0.999943 -0.00511863 0.00934801 0.00524837 0.99989 -0.0138677 -0.00927599 0.0139163 0.99986 0.0730087 1.04374 -2.60102
FixedParameters: 0 0 0

#Transform 160
Transform: AffineTransform_float_3_3
Parameters: 0.999944 -0.00490549 0.00931662 0.00505151 0.999863 -0.0157678 -0.00923838 0.0158142 0.999833 0.0331062 1.04603 -2.60577
FixedParameters: 0 0 0

#Transform 161
Transform: AffineTransform_float_3_3
Parameters: 0.999937 -0.00562226 0.00966687 0.00577874 0.999851 -0.0162632 -0.00957412 0.0163178 0.999821 0.0171424 1.08183 -2.62773
FixedParameters: 0 0 0

#Transform 162
Transform: AffineTransform_float_3_3
Parameters: 0.999936 -0.00518098 0.0100576 0.00536803 0.999812 -0.0186582 -0.00995944 0.0187108 0.999776 0.00921742 1.12257 -2.71062
FixedParameters: 0 0 0

#Transform 163
Transform: AffineTransform_float_3_3
Parameters: 0.999933 -0.00514327 0.0104407 0.00533873 0.999809 -0.0188055 -0.0103423 0.0188605 0.999768 0.0312643 1.11227 -2.70023
FixedParameters: 0 0 0

#Transform 164
Transform: AffineTransform_float_3_3
Parameters: 0.999938 -0.00539503 0.00976552 0.00555397 0.999852 -0.0163248 -0.00967647 0.0163782 0.999819 0.0779921 1.09193 -2.72076
FixedParameters: 0 0 0

#Transform 165
Transform: AffineTransform_float_3_3
Parameters: 0.999932 -0.0059973 0.010053 0.00614371 0.999874 -0.0146262 -0.00996402 0.0146868 0.999842 0.0568467 1.05611 -2.47985
FixedParameters: 0 0 0

#Transform 166
Transform: AffineTransform_float_3_3
Parameters: 0.999934 -0.00612159 0.00966049 0.00625642 0.999883 -0.0139455 -0.0095745 0.0140045 0.999856 0.0593863 1.04835 -2.50744
FixedParameters: 0 0 0

#Transform 167
Transform: AffineTransform_float_3_3
Parameters: 0.999943 -0.00575665 0.00901158 0.00589033 0.999872 -0.0148408 -0.00892441 0.0148932 0.99985 0.0740353 1.04534 -2.59478
FixedParameters: 0 0 0

#Transform 168
Transform: AffineTransform_float_3_3
Parameters: 0.999946 -0.00574284 0.00857569 0.00586316 0.999884 -0.0140525 -0.00849429 0.0141025 0.999864 0.0690912 1.02825 -2.51324
FixedParameters: 0 0 0

#Transform 169
Transform: AffineTransform_float_3_3
Parameters: 0.999946 -0.00538005 0.00882256 0.00550995 0.999875 -0.0147712 -0.00874243 0.0148188 0.999852 0.0680944 1.07486 -2.60394
FixedParameters: 0 0 0

#Transform 170
Transform: AffineTransform_float_3_3
Parameters: 0.999952 -0.00492193 0.00853021 0.00504507 0.999882 -0.0144667 -0.0084578 0.0145093 0.999859 0.0671186 1.03437 -2.53194
FixedParameters: 0 0 0

#Transform 171
Transform: AffineTransform_float_3_3
Parameters: 0.999952 -0.00572862 0.00797404 0.00579938 0.999944 -0.00883118 -0.00792296 0.00887682 0.999929 0.0755929 0.928736 -2.42335
FixedParameters: 0 0 0

#Transform 172
Transform: AffineTransform_float_3_3
Parameters: 0.99996 -0.00413631 0.00790393 0.0041927 0.999966 -0.00717015 -0.00787407 0.00720286 0.999943 0.0504526 0.888803 -2.43318
FixedParameters: 0 0 0

#Transform 173
Transform: AffineTransform_float_3_3
Parameters: 0.999954 -0.00502418 0.00823811 0.00513083 0.999903 -0.0129983 -0.00817189 0.0130397 0.999881 0.0651311 1.00277 -2.57539
FixedParameters: 0 0 0

#Transform 174
Transform: AffineTransform_float_3_3
Parameters: 0.999962 -0.00494142 0.00717094 0.00504059 0.999892 -0.0137954 -0.00710205 0.0138306 0.999879 0.0776827 1.03842 -2.55702
FixedParameters: 0 0 0

#Transform 175
Transform: AffineTransform_float_3_3
Parameters: 0.999954 -0.00477848 0.00829659 0.00489952 0.999882 -0.014567 -0.0082264 0.014607 0.999859 0.0446674 1.04917 -2.59779
FixedParameters: 0 0 0

#Transform 176
Transform: AffineTransform_float_3_3
Parameters: 0.999955 -0.00459812 0.00828627 0.00472588 0.999869 -0.0154805 -0.00821374 0.0155185 0.999846 0.058465 1.0713 -2.70996
FixedParameters: 0 0 0

#Transform 177
Transform: AffineTransform_float_3_3
Parameters: 0.999948 -0.00522605 0.00873314 0.00534794 0.999887 -0.013999 -0.00865886 0.014045 0.999864 0.0899944 1.07624 -2.79483
FixedParameters: 0 0 0

#Transform 178
Transform: AffineTransform_float_3_3
Parameters: 0.999957 -0.00554898 0.00751624 0.00562704 0.99993 -0.0104002 -0.00745876 0.0104418 0.999917 0.104929 0.969697 -2.63172
FixedParameters: 0 0 0

#Transform 179
Transform: AffineTransform_float_3_3
Parameters: 0.999949 -0.00538281 0.00846256 0.00548319 0.999914 -0.0118602 -0.00839843 0.0119058 0.999894 0.0765381 1.00048 -2.53092
FixedParameters: 0 0 0
