#Insight Transform File V1.0
#Transform 0
Transform: AffineTransform_float_3_3
Parameters: 1 -0.000100973 -0.000166016 0.000101027 1 0.000159983 0.000165984 -0.000160017 1 -0.0372457 -0.0523889 -0.351052
FixedParameters: 0 0 0

#Transform 1
Transform: AffineTransform_float_3_3
Parameters: 1 0.000281999 3.00059e-05 -0.000282001 1 2.09915e-05 -2.99941e-05 -2.10085e-05 1 0.042237 0.0541189 -0.000127278
FixedParameters: 0 0 0

#Transform 2
Transform: AffineTransform_float_3_3
Parameters: 1 0.000327058 -0.000544965 -0.000326942 1 0.000106178 0.000545034 -0.000105822 1 0.0918989 0.0723778 0.00405997
FixedParameters: 0 0 0

#Transform 3
Transform: AffineTransform_float_3_3
Parameters: 1 0.000405013 -0.00054499 -0.000404987 1 2.42207e-05 0.000545009 -2.37793e-05 1 0.0893624 0.0938696 -0.00512111
FixedParameters: 0 0 0

#Transform 4
Transform: AffineTransform_float_3_3
Parameters: 0.999998 0.0015054 0.000664584 -0.0015036 0.999993 -0.00360101 -0.000669418 0.0036 0.999994 -0.0538481 0.290311 -0.0794045
FixedParameters: 0 0 0

#Transform 5
Transform: AffineTransform_float_3_3
Parameters: 1 0.000148355 0.000481585 -0.000147647 0.999996 -0.00281207 -0.000481417 0.00281193 0.999996 0.0144101 0.23341 -0.036887
FixedParameters: 0 0 0

#Transform 6
Transform: AffineTransform_float_3_3
Parameters: 0.999998 0.00149278 0.00114528 -0.00149222 0.999999 0.000189291 -0.00114472 -0.000190709 1 -0.0462614 0.064912 0.0229466
FixedParameters: 0 0 0

#Transform 7
Transform: AffineTransform_float_3_3
Parameters: 0.999998 0.000905302 0.00177385 -0.000904698 0.999999 -0.000170605 -0.00177415 0.000169394 0.999999 -0.076408 0.090615 0.0465481
FixedParameters: 0 0 0

#Transform 8
Transform: AffineTransform_float_3_3
Parameters: 0.999999 -5.46529e-05 0.00150505 5.63469e-05 0.999999 -0.000894916 -0.00150495 0.000895083 0.999999 -0.0609957 0.13314 0.0233772
FixedParameters: 0 0 0

#Transform 9
Transform: AffineTransform_float_3_3
Parameters: 0.999999 0.000485099 0.00144197 -0.0004849 1 -6.96993e-05 -0.00144203 6.83005e-05 0.999999 -0.0672584 0.0905573 0.0381112
FixedParameters: 0 0 0

#Transform 10
Transform: AffineTransform_float_3_3
Parameters: 0.999999 0.000244997 0.000929 -0.000245003 1 3.77239e-06 -0.000928998 -3.2276e-06 0.999999 0.0139692 0.0868515 0.00737853
FixedParameters: 0 0 0

#Transform 11
Transform: AffineTransform_float_3_3
Parameters: 1 -5.77705e-05 0.00115191 5.62293e-05 0.999999 0.00153707 -0.00115209 -0.00153693 0.999998 -0.0200866 0.0152354 -0.00188761
FixedParameters: 0 0 0

#Transform 12
Transform: AffineTransform_float_3_3
Parameters: 0.999998 0.00157285 0.00107808 -0.00157715 0.999992 0.00385731 -0.00107192 -0.00385869 0.999992 -0.0168897 -0.0677731 -0.236024
FixedParameters: 0 0 0

#Transform 13
Transform: AffineTransform_float_3_3
Parameters: 0.999997 0.000624071 0.00206849 -0.000628927 0.999997 0.0023827 -0.00206651 -0.0023843 0.999995 -0.153733 -0.206894 0.687239
FixedParameters: 0 0 0

#Transform 14
Transform: AffineTransform_float_3_3
Parameters: 0.999998 0.000710928 0.00175684 -0.000713072 0.999999 0.00117875 -0.00175616 -0.00118025 0.999998 -0.111458 -0.113267 0.433677
FixedParameters: 0 0 0

#Transform 15
Transform: AffineTransform_float_3_3
Parameters: 0.999998 -0.000859471 0.00191188 0.000848526 0.999981 0.00599363 -0.00191712 -0.00599136 0.99998 -0.0339661 -0.0380768 -0.604948
FixedParameters: 0 0 0

#Transform 16
Transform: AffineTransform_float_3_3
Parameters: 0.999999 -0.000935505 0.000838704 0.000928502 0.99996 0.00890379 -0.000846301 -0.00890321 0.99996 -0.0165788 -0.151601 -0.486806
FixedParameters: 0 0 0

#Transform 17
Transform: AffineTransform_float_3_3
Parameters: 0.999999 -0.000868836 0.0011215 0.000863161 0.999986 0.00519397 -0.0011265 -0.00519303 0.999986 -0.0289058 0.054962 -0.560353
FixedParameters: 0 0 0

#Transform 18
Transform: AffineTransform_float_3_3
Parameters: 0.999999 -0.000877458 0.00106151 0.000872544 0.999987 0.00513193 -0.00106549 -0.00513007 0.999987 -0.0196775 0.0516353 -0.543513
FixedParameters: 0 0 0

#Transform 19
Transform: AffineTransform_float_3_3
Parameters: 1 -0.000958501 0.000473975 0.000955499 0.999986 0.00524946 -0.000479022 -0.00524854 0.999986 0.0128712 0.0180934 -0.500215
FixedParameters: 0 0 0

#Transform 20
Transform: AffineTransform_float_3_3
Parameters: 0.999999 0.000770885 0.000482396 -0.000773112 0.99999 0.00439863 -0.000478603 -0.00439937 0.99999 -0.03731 0.0478844 -0.423349
FixedParameters: 0 0 0

#Transform 21
Transform: AffineTransform_float_3_3
Parameters: 0.999999 -0.000534828 0.000532169 0.000533169 0.999994 0.00342828 -0.000534831 -0.00342871 0.999994 -0.00890567 0.0399843 -0.292069
FixedParameters: 0 0 0

#Transform 22
Transform: AffineTransform_float_3_3
Parameters: 1 0.000696717 0.00088181 -0.000698285 0.999997 0.00259239 -0.000880193 -0.00259262 0.999997 -0.0597462 0.0415967 -0.0470661
FixedParameters: 0 0 0

#Transform 23
Transform: AffineTransform_float_3_3
Parameters: 1 -0.000324112 0.000627914 0.000321887 0.999995 0.0033612 -0.000629085 -0.0033608 0.999994 0.0408263 0.00332015 -0.0630808
FixedParameters: 0 0 0

#Transform 24
Transform: AffineTransform_float_3_3
Parameters: 0.999998 -0.00203665 0.000441037 0.00203135 0.999945 0.0103049 -0.000461956 -0.0103041 0.999947 0.0734073 -0.346496 -0.0106176
FixedParameters: 0 0 0

#Transform 25
Transform: AffineTransform_float_3_3
Parameters: 0.999997 0.000254966 -0.00235395 -0.000203034 0.999757 0.0220495 0.00235905 -0.0220495 0.999754 0.166148 -0.868938 0.169716
FixedParameters: 0 0 0

#Transform 26
Transform: AffineTransform_float_3_3
Parameters: 0.999992 0.000549817 -0.00398306 -0.000454185 0.999718 0.023767 0.00399492 -0.023765 0.999709 0.238011 -0.933675 0.184022
FixedParameters: 0 0 0

#Transform 27
Transform: AffineTransform_float_3_3
Parameters: 0.999994 0.00068769 -0.00360756 -0.0006133 0.999787 0.0206644 0.00362145 -0.0206617 0.99978 0.216945 -0.800784 0.186277
FixedParameters: 0 0 0

#Transform 28
Transform: AffineTransform_float_3_3
Parameters: 0.999998 0.0014561 -0.00172701 -0.0014209 0.999796 0.0201545 0.00175599 -0.0201525 0.999796 0.0940765 -0.801271 0.257346
FixedParameters: 0 0 0

#Transform 29
Transform: AffineTransform_float_3_3
Parameters: 0.999996 0.000308225 -0.00285539 -0.000261766 0.999869 0.0161748 0.00286061 -0.0161742 0.999865 0.177626 -0.635489 0.173786
FixedParameters: 0 0 0

#Transform 30
Transform: AffineTransform_float_3_3
Parameters: 0.999996 0.000300619 -0.00258781 -0.000261378 0.999889 0.0149107 0.00259219 -0.0149103 0.999886 0.169025 -0.580566 0.137718
FixedParameters: 0 0 0

#Transform 31
Transform: AffineTransform_float_3_3
Parameters: 0.999997 0.000626969 -0.00244759 -0.000589025 0.99988 0.0154825 0.00245741 -0.0154815 0.999877 0.141013 -0.588707 0.119235
FixedParameters: 0 0 0

#Transform 32
Transform: AffineTransform_float_3_3
Parameters: 0.999993 0.00132474 -0.00331401 -0.00128327 0.999924 0.0122633 0.00332999 -0.0122597 0.99992 0.17253 -0.478425 0.108847
FixedParameters: 0 0 0

#Transform 33
Transform: AffineTransform_float_3_3
Parameters: 0.999996 0.000511943 -0.00250946 -0.000484061 0.999938 0.0111233 0.00251454 -0.0111217 0.999935 0.141982 -0.415637 0.104121
FixedParameters: 0 0 0

#Transform 34
Transform: AffineTransform_float_3_3
Parameters: 0.999998 0.000893035 -0.00170668 -0.000875973 0.999944 0.0105385 0.00171533 -0.0105375 0.999943 0.0935629 -0.377187 0.10986
FixedParameters: 0 0 0

#Transform 35
Transform: AffineTransform_float_3_3
Parameters: 0.999997 0.00104869 -0.00194049 -0.00102932 0.999949 0.010119 0.00195051 -0.010117 0.999947 0.0959582 -0.369792 0.112039
FixedParameters: 0 0 0

#Transform 36
Transform: AffineTransform_float_3_3
Parameters: 0.999999 0.000825552 -0.00153326 -0.000810443 0.999955 0.00946626 0.00154174 -0.00946574 0.999954 0.0737858 -0.351327 0.129517
FixedParameters: 0 0 0

#Transform 37
Transform: AffineTransform_float_3_3
Parameters: 0.999998 0.000821678 -0.00150769 -0.000809319 0.99997 0.00773023 0.0015143 -0.00772877 0.999969 0.0734346 -0.26788 0.136328
FixedParameters: 0 0 0

#Transform 38
Transform: AffineTransform_float_3_3
Parameters: 0.999998 0.00104894 -0.00134376 -0.00103605 0.99996 0.00885941 0.00135323 -0.00885759 0.99996 0.0636754 -0.324279 0.134259
FixedParameters: 0 0 0

#Transform 39
Transform: AffineTransform_float_3_3
Parameters: 0.999998 0.000969215 -0.00134801 -0.000958784 0.999965 0.0082963 0.001356 -0.0082947 0.999964 0.0708901 -0.286433 0.105637
FixedParameters: 0 0 0

#Transform 40
Transform: AffineTransform_float_3_3
Parameters: 0.999999 0.000785814 -0.00161387 -0.000771196 0.999958 0.00915825 0.00162013 -0.00915774 0.999957 0.101938 -0.326669 0.15718
FixedParameters: 0 0 0

#Transform 41
Transform: AffineTransform_float_3_3
Parameters: 0.999999 0.00123441 -0.00132857 -0.00122258 0.999956 0.00930464 0.00134043 -0.00930236 0.999956 0.0689269 -0.349124 0.16009
FixedParameters: 0 0 0

#Transform 42
Transform: AffineTransform_float_3_3
Parameters: 0.999998 0.000799082 -0.00149656 -0.000784912 0.999955 0.00938718 0.00150443 -0.00938581 0.999955 0.0987231 -0.360294 0.167121
FixedParameters: 0 0 0

#Transform 43
Transform: AffineTransform_float_3_3
Parameters: 0.999998 0.000276957 -0.00200347 -0.000258047 0.999956 0.00945654 0.00200553 -0.00945547 0.999954 0.150272 -0.365765 0.168308
FixedParameters: 0 0 0

#Transform 44
Transform: AffineTransform_float_3_3
Parameters: 0.999998 0.00105679 -0.00119178 -0.00104321 0.999943 0.0106833 0.00120321 -0.0106817 0.999942 0.0772439 -0.442115 0.249742
FixedParameters: 0 0 0

#Transform 45
Transform: AffineTransform_float_3_3
Parameters: 0.999999 0.000472941 -0.00114615 -0.000461061 0.999946 0.0103955 0.00115086 -0.0103955 0.999946 0.103324 -0.431799 0.262256
FixedParameters: 0 0 0

#Transform 46
Transform: AffineTransform_float_3_3
Parameters: 0.999999 -0.000670268 -0.00109093 0.000682734 0.999931 0.0117133 0.00108308 -0.0117137 0.999931 0.112381 -0.496616 0.268422
FixedParameters: 0 0 0

#Transform 47
Transform: AffineTransform_float_3_3
Parameters: 0.999998 0.000866968 -0.00174009 -0.000855032 0.999976 0.0068675 0.00174591 -0.0068655 0.999975 0.0959405 -0.231121 0.143704
FixedParameters: 0 0 0

#Transform 48
Transform: AffineTransform_float_3_3
Parameters: 0.999998 0.000935937 -0.00173963 -0.000924061 0.999976 0.00684962 0.00174637 -0.00684838 0.999975 0.11752 -0.236861 0.123199
FixedParameters: 0 0 0

#Transform 49
Transform: AffineTransform_float_3_3
Parameters: 0.999998 0.000880332 -0.00173932 -0.000867664 0.999971 0.00765053 0.00174669 -0.00764948 0.999969 0.112444 -0.280127 0.14633
FixedParameters: 0 0 0

#Transform 50
Transform: AffineTransform_float_3_3
Parameters: 0.999998 0.000886248 -0.00182964 -0.000872757 0.999973 0.00722861 0.00183536 -0.00722739 0.999972 0.141464 -0.252206 0.126068
FixedParameters: 0 0 0

#Transform 51
Transform: AffineTransform_float_3_3
Parameters: 0.999997 0.000887004 -0.0019527 -0.000872994 0.999974 0.00716072 0.0019593 -0.00715928 0.999973 0.135933 -0.252584 0.136089
FixedParameters: 0 0 0

#Transform 52
Transform: AffineTransform_float_3_3
Parameters: 0.999998 0.00110351 -0.001576 -0.00109149 0.999973 0.00728873 0.001584 -0.00728627 0.999972 0.100991 -0.265352 0.156644
FixedParameters: 0 0 0

#Transform 53
Transform: AffineTransform_float_3_3
Parameters: 0.999999 0.00111727 -0.000912372 -0.00111073 0.999976 0.00684702 0.000919626 -0.00684598 0.999976 0.0425915 -0.248674 0.149786
FixedParameters: 0 0 0

#Transform 54
Transform: AffineTransform_float_3_3
Parameters: 0.999999 0.000979392 -0.00145673 -0.000970608 0.999979 0.00643342 0.00146328 -0.00643258 0.999978 0.106845 -0.222372 0.12627
FixedParameters: 0 0 0

#Transform 55
Transform: AffineTransform_float_3_3
Parameters: 0.999998 0.00105037 -0.0017191 -0.00103963 0.999977 0.0066028 0.0017259 -0.0066002 0.999976 0.115038 -0.224241 0.133938
FixedParameters: 0 0 0

#Transform 56
Transform: AffineTransform_float_3_3
Parameters: 0.999997 0.000425885 -0.0023205 -0.000412112 0.999982 0.00598098 0.00232351 -0.00598003 0.99998 0.164569 -0.19606 0.120446
FixedParameters: 0 0 0

#Transform 57
Transform: AffineTransform_float_3_3
Parameters: 0.999998 0.000793946 -0.00171653 -0.000782057 0.999975 0.00694935 0.00172148 -0.00694765 0.999975 0.109099 -0.235887 0.115029
FixedParameters: 0 0 0

#Transform 58
Transform: AffineTransform_float_3_3
Parameters: 0.999999 0.00122289 -0.00138433 -0.00121312 0.999974 0.00711969 0.00139267 -0.00711731 0.999973 0.061214 -0.260588 0.148531
FixedParameters: 0 0 0

#Transform 59
Transform: AffineTransform_float_3_3
Parameters: 0.999998 -5.42453e-05 -0.0016815 6.77585e-05 0.999966 0.00818089 0.0016815 -0.0081811 0.999965 0.129046 -0.318179 0.21231
FixedParameters: 0 0 0

#Transform 60
Transform: AffineTransform_float_3_3
Parameters: 0.999991 -0.0010211 -0.00409058 0.0010509 0.999972 0.00731476 0.00408242 -0.00731923 0.999965 0.282069 -0.277283 0.161545
FixedParameters: 0 0 0

#Transform 61
Transform: AffineTransform_float_3_3
Parameters: 0.999996 0.000404827 -0.00288502 -0.000383173 0.999972 0.00756214 0.00288798 -0.00756087 0.999967 0.218536 -0.285801 0.192503
FixedParameters: 0 0 0

#Transform 62
Transform: AffineTransform_float_3_3
Parameters: 0.999998 0.000803434 -0.00156719 -0.000789568 0.999963 0.00855325 0.00157381 -0.00855275 0.999962 0.105332 -0.334702 0.216446
FixedParameters: 0 0 0

#Transform 63
Transform: AffineTransform_float_3_3
Parameters: 0.999999 0.00128522 -0.00134033 -0.00127378 0.999965 0.00833973 0.00135067 -0.00833828 0.999965 0.0771342 -0.321537 0.215991
FixedParameters: 0 0 0

#Transform 64
Transform: AffineTransform_float_3_3
Parameters: 0.999998 0.000873458 -0.00139265 -0.00086054 0.999953 0.00963421 0.00140135 -0.00963379 0.999952 0.0790246 -0.395445 0.24428
FixedParameters: 0 0 0

#Transform 65
Transform: AffineTransform_float_3_3
Parameters: 0.999999 0.000874602 -0.00162221 -0.000860391 0.99996 0.00898042 0.00163079 -0.00897859 0.999959 0.0923644 -0.358613 0.233398
FixedParameters: 0 0 0

#Transform 66
Transform: AffineTransform_float_3_3
Parameters: 0.999999 0.000874527 -0.00162225 -0.000860466 0.999959 0.00893441 0.00163075 -0.00893258 0.999959 0.0966996 -0.35353 0.22186
FixedParameters: 0 0 0

#Transform 67
Transform: AffineTransform_float_3_3
Parameters: 0.999998 0.000210301 -0.00231977 -0.000183696 0.999936 0.0113325 0.00232223 -0.0113315 0.999933 0.176975 -0.402964 0.0308146
FixedParameters: 0 0 0

#Transform 68
Transform: AffineTransform_float_3_3
Parameters: 1 0.000555215 -0.00100132 -0.000542789 0.999926 0.0121585 0.00100767 -0.0121574 0.999925 0.0529215 -0.52126 0.28905
FixedParameters: 0 0 0

#Transform 69
Transform: AffineTransform_float_3_3
Parameters: 0.999999 0.000831415 -0.00155132 -0.00081459 0.999944 0.0105513 0.00155968 -0.0105507 0.999943 0.0833938 -0.429354 0.226921
FixedParameters: 0 0 0

#Transform 70
Transform: AffineTransform_float_3_3
Parameters: 0.999999 0.000832075 -0.00162437 -0.00081493 0.999944 0.0104833 0.00163263 -0.0104827 0.999943 0.115376 -0.436475 0.21976
FixedParameters: 0 0 0

#Transform 71
Transform: AffineTransform_float_3_3
Parameters: 0.999998 0.000700749 -0.00181286 -0.00068225 0.999947 0.0103223 0.00182014 -0.0103207 0.999945 0.134208 -0.410836 0.211062
FixedParameters: 0 0 0

#Transform 72
Transform: AffineTransform_float_3_3
Parameters: 0.999998 0.000668348 -0.00176817 -0.000650644 0.999946 0.0103572 0.00177583 -0.0103558 0.999945 0.128558 -0.41399 0.196299
FixedParameters: 0 0 0

#Transform 73
Transform: AffineTransform_float_3_3
Parameters: 0.999998 0.000415402 -0.001966 -0.000395598 0.999952 0.00985881 0.00197 -0.00985821 0.99995 0.154424 -0.367745 0.190056
FixedParameters: 0 0 0

#Transform 74
Transform: AffineTransform_float_3_3
Parameters: 0.999998 0.000380825 -0.00202738 -0.000360179 0.999952 0.00976976 0.00203062 -0.00976925 0.99995 0.131073 -0.383224 0.228898
FixedParameters: 0 0 0

#Transform 75
Transform: AffineTransform_float_3_3
Parameters: 1 0.000892947 -0.000336714 -0.00088905 0.999933 0.0115453 0.000347287 -0.0115447 0.999934 0.00553988 -0.490808 0.303967
FixedParameters: 0 0 0

#Transform 76
Transform: AffineTransform_float_3_3
Parameters: 0.999998 0.000598427 -0.0015303 -0.000581577 0.999936 0.0113629 0.00153671 -0.0113621 0.999935 0.101014 -0.472159 0.292993
FixedParameters: 0 0 0

#Transform 77
Transform: AffineTransform_float_3_3
Parameters: 0.999998 0.0010101 -0.00124428 -0.000997907 0.999952 0.00968325 0.00125372 -0.00968275 0.999953 0.0576676 -0.385167 0.235828
FixedParameters: 0 0 0

#Transform 78
Transform: AffineTransform_float_3_3
Parameters: 0.999999 0.000370715 -0.00126964 -0.000358292 0.999958 0.00921446 0.00127236 -0.00921454 0.999956 0.0871262 -0.355805 0.222271
FixedParameters: 0 0 0

#Transform 79
Transform: AffineTransform_float_3_3
Parameters: 0.999999 0.000427305 -0.00168219 -0.000412697 0.999958 0.00908771 0.00168582 -0.00908729 0.999958 0.121401 -0.371487 0.225925
FixedParameters: 0 0 0

#Transform 80
Transform: AffineTransform_float_3_3
Parameters: 0.999999 0.000416732 -0.0013709 -0.000403266 0.99995 0.0100026 0.0013751 -0.0100014 0.999949 0.0872281 -0.405323 0.259806
FixedParameters: 0 0 0

#Transform 81
Transform: AffineTransform_float_3_3
Parameters: 0.999999 0.000243081 -0.00129178 -0.000230917 0.999957 0.0093443 0.00129421 -0.00934369 0.999955 0.0779756 -0.375944 0.260888
FixedParameters: 0 0 0

#Transform 82
Transform: AffineTransform_float_3_3
Parameters: 0.999999 0.000362007 -0.0012195 -0.000349987 0.999951 0.00983243 0.0012235 -0.00983156 0.999951 0.0786258 -0.40034 0.26662
FixedParameters: 0 0 0

#Transform 83
Transform: AffineTransform_float_3_3
Parameters: 0.999999 0.000263948 -0.00135937 -0.000250044 0.999947 0.0102513 0.00136263 -0.0102506 0.999946 0.091511 -0.431663 0.266139
FixedParameters: 0 0 0

#Transform 84
Transform: AffineTransform_float_3_3
Parameters: 0.999998 0.00050227 -0.00158694 -0.000485739 0.999948 0.0102368 0.00159106 -0.0102352 0.999947 0.0982112 -0.423136 0.255842
FixedParameters: 0 0 0

#Transform 85
Transform: AffineTransform_float_3_3
Parameters: 0.999999 -0.000454804 -0.000806675 0.000463199 0.999948 0.0101886 0.000802321 -0.0101894 0.999948 0.0944172 -0.428479 0.268858
FixedParameters: 0 0 0

#Transform 86
Transform: AffineTransform_float_3_3
Parameters: 0.999999 -0.0012763 0.000704913 0.0012647 0.999874 0.0158079 -0.000725082 -0.0158071 0.999875 0.00791718 -0.711236 0.490831
FixedParameters: 0 0 0

#Transform 87
Transform: AffineTransform_float_3_3
Parameters: 1 -7.2983e-05 -0.000309973 7.70173e-05 0.999916 0.012979 0.000309026 -0.012979 0.999915 0.0248279 -0.568162 0.417293
FixedParameters: 0 0 0

#Transform 88
Transform: AffineTransform_float_3_3
Parameters: 1 -0.000183319 -0.000564215 0.00019069 0.999929 0.0118629 0.000562778 -0.0118631 0.99993 0.0321353 -0.52969 0.398458
FixedParameters: 0 0 0

#Transform 89
Transform: AffineTransform_float_3_3
Parameters: 1 -0.000826748 -0.000770852 0.000834254 0.999955 0.00945536 0.000763145 -0.00945664 0.999955 0.0595412 -0.416243 0.347737
FixedParameters: 0 0 0

#Transform 90
Transform: AffineTransform_float_3_3
Parameters: 0.999999 -0.000569142 -0.000686741 0.000575859 0.999949 0.0100266 0.000681259 -0.0100274 0.999949 0.0692273 -0.428394 0.355982
FixedParameters: 0 0 0

#Transform 91
Transform: AffineTransform_float_3_3
Parameters: 0.999999 -0.000174633 -0.000890887 0.000184368 0.999944 0.0105248 0.000889109 -0.0105252 0.999944 0.0685481 -0.454566 0.364985
FixedParameters: 0 0 0

#Transform 92
Transform: AffineTransform_float_3_3
Parameters: 1 -0.000597322 -0.00095747 0.000606675 0.999959 0.00908943 0.000951526 -0.00908958 0.999958 0.0858097 -0.390821 0.363473
FixedParameters: 0 0 0

#Transform 93
Transform: AffineTransform_float_3_3
Parameters: 1 -0.000645745 -0.000661168 0.000652254 0.999954 0.00950457 0.000654831 -0.00950442 0.999954 0.0689603 -0.402151 0.353704
FixedParameters: 0 0 0

#Transform 94
Transform: AffineTransform_float_3_3
Parameters: 1 -0.000320014 -0.000185469 0.00032198 0.999941 0.0108059 0.000181531 -0.010806 0.999941 0.0256174 -0.458771 0.358649
FixedParameters: 0 0 0

#Transform 95
Transform: AffineTransform_float_3_3
Parameters: 0.999999 -0.000515789 -0.000532092 0.00052221 0.999931 0.0117407 0.000525905 -0.0117403 0.999931 0.0530221 -0.516368 0.41247
FixedParameters: 0 0 0

#Transform 96
Transform: AffineTransform_float_3_3
Parameters: 0.999999 -0.000243103 -0.000848599 0.00025189 0.999945 0.0104998 0.000845401 -0.0105002 0.999944 0.0658215 -0.438707 0.345869
FixedParameters: 0 0 0

#Transform 97
Transform: AffineTransform_float_3_3
Parameters: 0.999999 0.000119287 -0.000899818 -0.000110721 0.999947 0.0103141 0.00090019 -0.0103139 0.999947 0.0584046 -0.440066 0.334882
FixedParameters: 0 0 0

#Transform 98
Transform: AffineTransform_float_3_3
Parameters: 0.999999 -0.00037263 -0.000733789 0.000379372 0.999949 0.0100687 0.000730217 -0.0100693 0.999949 0.0517609 -0.446566 0.352313
FixedParameters: 0 0 0

#Transform 99
Transform: AffineTransform_float_3_3
Parameters: 1 -0.000119345 -0.00116026 0.000130652 0.99995 0.0100499 0.00115875 -0.0100501 0.999949 0.0944471 -0.431952 0.329573
FixedParameters: 0 0 0

#Transform 100
Transform: AffineTransform_float_3_3
Parameters: 0.999999 0.000104217 -0.000915998 -9.47843e-05 0.99995 0.0100551 0.000916999 -0.0100559 0.999949 0.0510725 -0.443201 0.369088
FixedParameters: 0 0 0

#Transform 101
Transform: AffineTransform_float_3_3
Parameters: 0.999999 -0.000275837 -0.00085069 0.000283156 0.999954 0.00960977 0.000847318 -0.00961024 0.999954 0.034337 -0.435489 0.387283
FixedParameters: 0 0 0

#Transform 102
Transform: AffineTransform_float_3_3
Parameters: 0.999999 0.000423321 -0.000680105 -0.000416679 0.999957 0.00926828 0.000683891 -0.00926771 0.999957 0.0275458 -0.405057 0.347396
FixedParameters: 0 0 0

#Transform 103
Transform: AffineTransform_float_3_3
Parameters: 0.999999 -0.000251175 -0.00092943 0.00025983 0.999955 0.00950676 0.000927572 -0.00950724 0.999955 0.0529892 -0.408603 0.386054
FixedParameters: 0 0 0

#Transform 104
Transform: AffineTransform_float_3_3
Parameters: 1 -0.000155195 -0.000518462 0.0001598 0.999957 0.00927992 0.000516539 -0.00928008 0.999957 0.0317339 -0.395599 0.368967
FixedParameters: 0 0 0

#Transform 105
Transform: AffineTransform_float_3_3
Parameters: 0.999999 -0.000152677 -0.000797437 0.000160328 0.999957 0.00919088 0.00079656 -0.00919113 0.999958 0.0332855 -0.414576 0.332657
FixedParameters: 0 0 0

#Transform 106
Transform: AffineTransform_float_3_3
Parameters: 0.999998 -0.00153577 -0.00135724 0.00155623 0.999886 0.0150329 0.00133375 -0.0150351 0.999886 0.124998 -0.669897 0.498872
FixedParameters: 0 0 0

#Transform 107
Transform: AffineTransform_float_3_3
Parameters: 0.999999 -0.00130618 -5.45502e-05 0.00130783 0.999808 0.0195529 2.94337e-05 -0.0195531 0.999809 0.0180201 -0.906971 0.639729
FixedParameters: 0 0 0

#Transform 108
Transform: AffineTransform_float_3_3
Parameters: 1 -0.000510865 -0.000198276 0.000514131 0.99987 0.0161499 0.000189721 -0.0161501 0.999869 0.0313949 -0.724477 0.550992
FixedParameters: 0 0 0

#Transform 109
Transform: AffineTransform_float_3_3
Parameters: 1 -0.000594078 0.000190663 0.000590932 0.999875 0.0157561 -0.000199335 -0.0157559 0.999876 -0.00315952 -0.704436 0.536478
FixedParameters: 0 0 0

#Transform 110
Transform: AffineTransform_float_3_3
Parameters: 0.999999 -0.000805027 -0.000461384 0.000811982 0.999883 0.0153166 0.000449615 -0.0153174 0.999882 0.0333162 -0.682058 0.528873
FixedParameters: 0 0 0

#Transform 111
Transform: AffineTransform_float_3_3
Parameters: 0.999999 -0.000240115 -0.00185112 0.000269884 0.99987 0.0161615 0.00184688 -0.0161615 0.999867 0.0579408 -0.715864 0.553608
FixedParameters: 0 0 0

#Transform 112
Transform: AffineTransform_float_3_3
Parameters: 0.999998 0.000638374 -0.00218324 -0.000603614 0.999877 0.0157094 0.00219375 -0.0157077 0.999874 0.0952187 -0.70355 0.532315
FixedParameters: 0 0 0

#Transform 113
Transform: AffineTransform_float_3_3
Parameters: 1 0.00046228 -0.00111197 -0.00044572 0.99988 0.0154895 0.00111904 -0.0154895 0.99988 0.0418713 -0.704506 0.544131
FixedParameters: 0 0 0

#Transform 114
Transform: AffineTransform_float_3_3
Parameters: 0.999998 3.26102e-05 -0.00162071 -1.13992e-05 0.999911 0.013332 0.0016203 -0.013332 0.99991 0.0882416 -0.582357 0.457127
FixedParameters: 0 0 0

#Transform 115
Transform: AffineTransform_float_3_3
Parameters: 0.999999 0.000187467 -0.000749459 -0.000176525 0.999903 0.0139421 0.000752534 -0.0139419 0.999903 0.0212431 -0.606921 0.474356
FixedParameters: 0 0 0

#Transform 116
Transform: AffineTransform_float_3_3
Parameters: 0.999999 0.00018769 -0.000765458 -0.000177302 0.999903 0.0139421 0.000768547 -0.0139419 0.999903 0.0140651 -0.628512 0.523402
FixedParameters: 0 0 0

#Transform 117
Transform: AffineTransform_float_3_3
Parameters: 0.999999 -3.0594e-05 -0.000989505 4.44126e-05 0.999908 0.013551 0.000989488 -0.013551 0.999907 0.0331877 -0.601654 0.527608
FixedParameters: 0 0 0

#Transform 118
Transform: AffineTransform_float_3_3
Parameters: 1 -0.000197485 -0.000211378 0.000200523 0.999929 0.011966 0.000209616 -0.0119661 0.999929 0.00375307 -0.522041 0.425323
FixedParameters: 0 0 0

#Transform 119
Transform: AffineTransform_float_3_3
Parameters: 1 -0.000369316 -0.000280568 0.000371688 0.999953 0.00962589 0.000277435 -0.0096261 0.999953 -0.00106234 -0.42012 0.372546
FixedParameters: 0 0 0

#Transform 120
Transform: AffineTransform_float_3_3
Parameters: 0.999999 -0.000425783 -0.000617334 0.000432223 0.999949 0.0101047 0.000613663 -0.0101053 0.999949 0.0194373 -0.448014 0.431734
FixedParameters: 0 0 0

#Transform 121
Transform: AffineTransform_float_3_3
Parameters: 1 -0.000604857 -1.71202e-05 0.000605141 0.999948 0.010117 1.08783e-05 -0.010117 0.999949 0.00232348 -0.438723 0.418592
FixedParameters: 0 0 0

#Transform 122
Transform: AffineTransform_float_3_3
Parameters: 1 -0.000758602 -0.000806978 0.000767399 0.999945 0.0104584 0.000799018 -0.0104586 0.999945 0.0421554 -0.470356 0.459116
FixedParameters: 0 0 0

#Transform 123
Transform: AffineTransform_float_3_3
Parameters: 0.999999 -0.000918772 -0.000861943 0.000928228 0.999941 0.0107672 0.000852055 -0.0107678 0.999941 0.0271798 -0.493666 0.485838
FixedParameters: 0 0 0

#Transform 124
Transform: AffineTransform_float_3_3
Parameters: 1 -2.78431e-05 -0.000285219 3.01552e-05 0.999972 0.007565 0.00028478 -0.00756501 0.999972 -0.0300316 -0.337071 0.383013
FixedParameters: 0 0 0

#Transform 125
Transform: AffineTransform_float_3_3
Parameters: 1 5.18719e-05 -0.000337571 -4.91244e-05 0.999964 0.00850201 0.00033843 -0.00850198 0.999964 -0.0275912 -0.379736 0.400517
FixedParameters: 0 0 0

#Transform 126
Transform: AffineTransform_float_3_3
Parameters: 0.999998 -0.00119212 -0.00122072 0.00120287 0.999967 0.00812255 0.00121027 -0.00812446 0.999967 0.0593999 -0.387636 0.430676
FixedParameters: 0 0 0

#Transform 127
Transform: AffineTransform_float_3_3
Parameters: 0.999999 -0.000486896 -0.000599184 0.000491111 0.999964 0.00854771 0.000595824 -0.0085483 0.999964 -0.000671816 -0.402548 0.431954
FixedParameters: 0 0 0

#Transform 128
Transform: AffineTransform_float_3_3
Parameters: 0.999999 -0.000879922 0.000123606 0.000879075 0.999973 0.00727011 -0.000130395 -0.00727089 0.999973 -0.00918463 -0.327507 0.424288
FixedParameters: 0 0 0

#Transform 129
Transform: AffineTransform_float_3_3
Parameters: 0.999999 -0.00146569 9.70413e-05 0.00146431 0.999976 0.00679615 -0.000106954 -0.00679585 0.999977 0.00314766 -0.314686 0.428349
FixedParameters: 0 0 0

#Transform 130
Transform: AffineTransform_float_3_3
Parameters: 0.999999 -0.000869884 -0.000317851 0.000872116 0.999977 0.00671773 0.000312148 -0.00671828 0.999978 0.00735758 -0.315233 0.435997
FixedParameters: 0 0 0

#Transform 131
Transform: AffineTransform_float_3_3
Parameters: 0.999999 -0.00141098 -0.000279379 0.00141301 0.999972 0.00735061 0.000268621 -0.00735039 0.999973 0.00714516 -0.364941 0.457655
FixedParameters: 0 0 0

#Transform 132
Transform: AffineTransform_float_3_3
Parameters: 0.999994 -0.00222015 -0.00241772 0.00223485 0.999979 0.00615763 0.00240428 -0.00616238 0.999978 0.19403 -0.291913 0.468162
FixedParameters: 0 0 0

#Transform 133
Transform: AffineTransform_float_3_3
Parameters: 0.999999 -0.00127887 -0.000899778 0.00128513 0.999975 0.00684685 0.000891221 -0.00684815 0.999976 0.0610113 -0.307505 0.468044
FixedParameters: 0 0 0

#Transform 134
Transform: AffineTransform_float_3_3
Parameters: 0.999998 -0.000815138 -0.00172314 0.000827862 0.999971 0.00747758 0.00171686 -0.00747841 0.99997 0.139261 -0.331204 0.464118
FixedParameters: 0 0 0

#Transform 135
Transform: AffineTransform_float_3_3
Parameters: 0.999999 -0.000878732 -0.000905101 0.000887267 0.999957 0.0091752 0.000896896 -0.00917579 0.999957 0.0459585 -0.421326 0.503792
FixedParameters: 0 0 0

#Transform 136
Transform: AffineTransform_float_3_3
Parameters: 0.999999 -0.000700911 -0.00126863 0.000711092 0.999968 0.00797011 0.00126337 -0.0079709 0.999968 0.0751432 -0.368568 0.472407
FixedParameters: 0 0 0

#Transform 137
Transform: AffineTransform_float_3_3
Parameters: 0.999999 -0.000455149 -0.000689895 0.000460843 0.999963 0.00850468 0.000685105 -0.00850431 0.999963 0.0342362 -0.389447 0.461111
FixedParameters: 0 0 0

#Transform 138
Transform: AffineTransform_float_3_3
Parameters: 0.999998 -0.000210278 -0.00220187 0.000229724 0.999964 0.00850652 0.00220013 -0.00850649 0.999962 0.111752 -0.380274 0.458481
FixedParameters: 0 0 0

#Transform 139
Transform: AffineTransform_float_3_3
Parameters: 1 -0.000125531 -0.00109788 0.00013247 0.999977 0.00680586 0.00109712 -0.00680614 0.999976 0.0341951 -0.297131 0.40306
FixedParameters: 0 0 0

#Transform 140
Transform: AffineTransform_float_3_3
Parameters: 1 0.000110588 -0.000474178 -0.000107413 0.999972 0.00756006 0.000474826 -0.00755995 0.999972 -0.0061921 -0.34227 0.428467
FixedParameters: 0 0 0

#Transform 141
Transform: AffineTransform_float_3_3
Parameters: 0.999999 -0.000283677 -0.000774969 0.000289323 0.999977 0.00687678 0.000773028 -0.00687722 0.999976 0.0317021 -0.318418 0.427715
FixedParameters: 0 0 0

#Transform 142
Transform: AffineTransform_float_3_3
Parameters: 1 -0.000503078 -0.00097807 0.000508923 0.999982 0.00606451 0.000974932 -0.0060645 0.999981 0.0500709 -0.283197 0.388823
FixedParameters: 0 0 0

#Transform 143
Transform: AffineTransform_float_3_3
Parameters: 0.999999 -0.000322621 -0.000777254 0.000327377 0.999976 0.00693075 0.000774749 -0.00693025 0.999975 0.0324255 -0.308793 0.433989
FixedParameters: 0 0 0

#Transform 144
Transform: AffineTransform_float_3_3
Parameters: 0.999999 -0.000278237 -0.000989925 0.000284763 0.999976 0.00683772 0.000988075 -0.00683828 0.999976 0.0532986 -0.307141 0.415614
FixedParameters: 0 0 0

#Transform 145
Transform: AffineTransform_float_3_3
Parameters: 0.999999 -0.00040513 -0.00133472 0.000413866 0.999978 0.00665245 0.00133128 -0.00665254 0.999977 0.0840968 -0.311564 0.411013
FixedParameters: 0 0 0

#Transform 146
Transform: AffineTransform_float_3_3
Parameters: 0.999999 -0.000626083 -0.00135815 0.000634923 0.999978 0.00657514 0.00135485 -0.00657585 0.999977 0.0849935 -0.295255 0.425181
FixedParameters: 0 0 0

#Transform 147
Transform: AffineTransform_float_3_3
Parameters: 0.999999 -0.0005071 -0.00173223 0.000517899 0.99998 0.00629811 0.00172877 -0.00629889 0.999978 0.112011 -0.287765 0.45101
FixedParameters: 0 0 0

#Transform 148
Transform: AffineTransform_float_3_3
Parameters: 0.999998 -0.000278605 -0.00164397 0.000290396 0.999976 0.00693553 0.00164202 -0.00693546 0.999974 0.106587 -0.309952 0.453253
FixedParameters: 0 0 0

#Transform 149
Transform: AffineTransform_float_3_3
Parameters: 0.999999 -0.000500254 -0.000724999 0.000506746 0.999969 0.00794764 0.000720995 -0.00794737 0.999968 0.0429764 -0.372775 0.496337
FixedParameters: 0 0 0

#Transform 150
Transform: AffineTransform_float_3_3
Parameters: 0.999997 -0.00152864 -0.00158911 0.00153536 0.999988 0.00463857 0.00158189 -0.00464043 0.999988 0.127283 -0.206054 0.429836
FixedParameters: 0 0 0

#Transform 151
Transform: AffineTransform_float_3_3
Parameters: 1 -0.000879977 -0.00074478 0.00088402 0.999985 0.00541935 0.00073922 -0.00541965 0.999985 0.0460907 -0.24754 0.419461
FixedParameters: 0 0 0

#Transform 152
Transform: AffineTransform_float_3_3
Parameters: 0.999999 -0.000727188 -0.00102942 0.00073281 0.999989 0.00468225 0.00102558 -0.00468275 0.999989 0.0739677 -0.217227 0.430249
FixedParameters: 0 0 0

#Transform 153
Transform: AffineTransform_float_3_3
Parameters: 0.999998 -0.000823656 -0.00145461 0.000830341 0.99999 0.0043658 0.00145039 -0.0043672 0.99999 0.0962707 -0.208276 0.422164
FixedParameters: 0 0 0

#Transform 154
Transform: AffineTransform_float_3_3
Parameters: 1 -0.000829656 -0.000750381 0.000830345 1 0.000458377 0.000750619 -0.000459623 0.999999 0.0388078 -0.00534579 0.34284
FixedParameters: 0 0 0

#Transform 155
Transform: AffineTransform_float_3_3
Parameters: 0.999999 -0.0013173 -0.00076721 0.0013187 0.999998 0.000917989 0.000765789 -0.00091901 1 0.0679443 -0.00961132 0.308514
FixedParameters: 0 0 0

#Transform 156
Transform: AffineTransform_float_3_3
Parameters: 0.999999 -0.00131719 -0.000606765 0.00131881 0.999998 0.0013392 0.000605234 -0.0013398 0.999999 0.0590621 -0.0312267 0.305951
FixedParameters: 0 0 0

#Transform 157
Transform: AffineTransform_float_3_3
Parameters: 1 -0.000912251 -0.000498376 0.000912751 0.999999 0.00150755 0.000496625 -0.00150745 0.999998 0.0432913 -0.0552472 0.37055
FixedParameters: 0 0 0

#Transform 158
Transform: AffineTransform_float_3_3
Parameters: 1 -0.000954587 -0.000337174 0.000954415 0.999999 0.00122968 0.000336827 -0.00122932 0.999999 0.0214786 -0.0603714 0.392151
FixedParameters: 0 0 0

#Transform 159
Transform: AffineTransform_float_3_3
Parameters: 0.999998 -0.00145486 -0.00079708 0.00145614 0.999998 0.00142884 0.000794919 -0.00143016 0.999998 0.0687675 -0.0690405 0.370552
FixedParameters: 0 0 0

#Transform 160
Transform: AffineTransform_float_3_3
Parameters: 0.999999 -0.00136949 -0.00031821 0.00136951 0.999998 0.00161356 0.00031679 -0.00161443 0.999998 0.0324878 -0.0687845 0.3936
FixedParameters: 0 0 0

#Transform 161
Transform: AffineTransform_float_3_3
Parameters: 0.999999 -0.000597155 -0.000625808 0.000597845 0.999999 0.00135163 0.000625192 -0.00135137 0.999999 0.0494318 -0.0530866 0.416074
FixedParameters: 0 0 0

#Transform 162
Transform: AffineTransform_float_3_3
Parameters: 0.999999 -0.00120867 0.000498975 0.00120633 0.999993 0.0033326 -0.000503022 -0.0033314 0.999995 -0.0137653 -0.175195 0.524767
FixedParameters: 0 0 0

#Transform 163
Transform: AffineTransform_float_3_3
Parameters: 0.999999 -0.000907129 -0.000397991 0.000908871 0.999997 0.00219364 0.000396007 -0.00219336 0.999997 0.0281141 -0.113058 0.488847
FixedParameters: 0 0 0

#Transform 164
Transform: AffineTransform_float_3_3
Parameters: 0.999999 -0.000830968 -0.000398161 0.000832031 0.999997 0.00259867 0.000395838 -0.00259933 0.999996 0.024947 -0.124596 0.449603
FixedParameters: 0 0 0

#Transform 165
Transform: AffineTransform_float_3_3
Parameters: 0.999999 -0.000606032 -0.000607967 0.000607967 0.999994 0.00324063 0.000606032 -0.00324137 0.999994 0.0306745 -0.152261 0.457835
FixedParameters: 0 0 0

#Transform 166
Transform: AffineTransform_float_3_3
Parameters: 0.999999 -0.00077576 -0.000482997 0.00077724 0.999997 0.00257263 0.000481001 -0.00257337 0.999996 0.041188 -0.126908 0.443965
FixedParameters: 0 0 0

#Transform 167
Transform: AffineTransform_float_3_3
Parameters: 1 -0.000523039 -0.000374347 0.000523961 0.999997 0.0025728 0.000372653 -0.0025732 0.999996 0.0257777 -0.12466 0.452651
FixedParameters: 0 0 0

#Transform 168
Transform: AffineTransform_float_3_3
Parameters: 1 -0.000465494 -0.000116048 0.000466506 0.99999 0.00439695 0.00011395 -0.00439706 0.999991 0.00359118 -0.217714 0.523429
FixedParameters: 0 0 0

#Transform 169
Transform: AffineTransform_float_3_3
Parameters: 1 -0.00051961 -0.000922487 0.000524387 0.999988 0.00476452 0.000919512 -0.00476548 0.999988 0.05103 -0.226008 0.515303
FixedParameters: 0 0 0

#Transform 170
Transform: AffineTransform_float_3_3
Parameters: 0.999999 -0.000519645 -0.00117194 0.000524355 0.999993 0.00371839 0.00117006 -0.00371961 0.999993 0.0786206 -0.171078 0.475834
FixedParameters: 0 0 0

#Transform 171
Transform: AffineTransform_float_3_3
Parameters: 0.999999 -0.00108985 -0.00109913 0.00109415 0.999993 0.0037818 0.00109487 -0.0037832 0.999992 0.078433 -0.173133 0.47871
FixedParameters: 0 0 0

#Transform 172
Transform: AffineTransform_float_3_3
Parameters: 0.999998 -0.000920543 -0.00132042 0.000924456 0.999996 0.00261978 0.00131758 -0.00262122 0.999995 0.0931296 -0.107712 0.461997
FixedParameters: 0 0 0

#Transform 173
Transform: AffineTransform_float_3_3
Parameters: 0.999998 -0.000410158 -0.00207137 0.00041684 0.999995 0.00330315 0.00206963 -0.00330486 0.999993 0.122644 -0.135791 0.387096
FixedParameters: 0 0 0

#Transform 174
Transform: AffineTransform_float_3_3
Parameters: 0.999997 -0.000702049 -0.00207271 0.000709954 0.999993 0.00383854 0.00207029 -0.00383947 0.999991 0.128615 -0.166201 0.386765
FixedParameters: 0 0 0

#Transform 175
Transform: AffineTransform_float_3_3
Parameters: 0.999999 -0.000864172 -0.00160968 0.00087083 0.99999 0.0042466 0.00160632 -0.00424739 0.999989 0.131926 -0.198944 0.457276
FixedParameters: 0 0 0

#Transform 176
Transform: AffineTransform_float_3_3
Parameters: 0.999998 -0.00115645 -0.00129299 0.00116155 0.99999 0.0043005 0.00128802 -0.0043015 0.99999 0.103486 -0.201141 0.489395
FixedParameters: 0 0 0

#Transform 177
Transform: AffineTransform_float_3_3
Parameters: 0.999998 -0.00143547 -0.00125451 0.00144153 0.999986 0.0052172 0.00124749 -0.0052188 0.999985 0.100735 -0.255863 0.533727
FixedParameters: 0 0 0

#Transform 178
Transform: AffineTransform_float_3_3
Parameters: 0.999997 -0.0023814 -0.00074978 0.0023866 0.999978 0.00619923 0.000734218 -0.00620077 0.999981 0.0780235 -0.332233 0.58162
FixedParameters: 0 0 0

#Transform 179
Transform: AffineTransform_float_3_3
Parameters: 0.999997 -0.00243854 -0.000499446 0.00244346 0.999934 0.0112418 0.000471559 -0.0112432 0.999936 0.0664316 -0.570474 0.752719
FixedParameters: 0 0 0
