#Insight Transform File V1.0
#Transform 0
Transform: AffineTransform_float_3_3
Parameters: 1 -0.000313843 -0.000277177 0.000314156 1 0.000564913 0.000276822 -0.000565087 1 0.071428 -0.0732625 -0.346826
FixedParameters: 0 0 0

#Transform 1
Transform: AffineTransform_float_3_3
Parameters: 0.999999 0.000838002 3.59463e-05 -0.000837997 0.999999 -6.40301e-05 -3.60536e-05 6.39698e-05 1 0.0424709 0.0920922 -0.125383
FixedParameters: 0 0 0

#Transform 2
Transform: AffineTransform_float_3_3
Parameters: 0.999999 0.000942937 4.14616e-05 -0.000943064 0.999999 0.00154996 -4.05383e-05 -0.00155004 0.999999 0.045671 0.104121 -0.138574
FixedParameters: 0 0 0

#Transform 3
Transform: AffineTransform_float_3_3
Parameters: 1 0.001125 3.2879e-08 -0.001125 0.999997 0.001807 2.03288e-06 -0.001807 0.999999 0.0537828 0.132217 -0.133103
FixedParameters: 0 0 0

#Transform 4
Transform: AffineTransform_float_3_3
Parameters: 0.999999 0.0012612 -0.000107673 -0.0012608 0.999998 0.00184514 0.000110326 -0.00184486 0.999999 0.0625257 0.145036 -0.140121
FixedParameters: 0 0 0

#Transform 5
Transform: AffineTransform_float_3_3
Parameters: 1 0.00116073 0.000199569 -0.00116127 0.999999 0.00135177 -0.00019743 -0.00135223 0.999999 0.0410407 0.13216 -0.0915032
FixedParameters: 0 0 0

#Transform 6
Transform: AffineTransform_float_3_3
Parameters: 1 0.00116037 0.000330227 -0.00116163 0.999998 0.00191862 -0.000327771 -0.00191938 0.999998 0.0419623 0.122426 -0.14515
FixedParameters: 0 0 0

#Transform 7
Transform: AffineTransform_float_3_3
Parameters: 0.999999 0.000885267 -0.000138298 -0.000884732 0.999998 0.00192312 0.000139702 -0.00192288 0.999998 0.0508237 0.0851583 -0.112592
FixedParameters: 0 0 0

#Transform 8
Transform: AffineTransform_float_3_3
Parameters: 1 0.000722826 0.000852997 -0.000724175 0.999999 0.00137738 -0.000852003 -0.00137762 0.999998 0.0147006 0.116726 -0.120842
FixedParameters: 0 0 0

#Transform 9
Transform: AffineTransform_float_3_3
Parameters: 0.999999 0.000723342 0.000583816 -0.000723657 0.999999 0.00112758 -0.000582184 -0.00112842 0.999999 0.0368767 0.126563 -0.149927
FixedParameters: 0 0 0

#Transform 10
Transform: AffineTransform_float_3_3
Parameters: 1 0.00108884 0.000149188 -0.00108816 0.999999 0.00109084 -0.000147813 -0.00109116 1 0.0330263 0.111436 -0.0759636
FixedParameters: 0 0 0

#Transform 11
Transform: AffineTransform_float_3_3
Parameters: 0.999999 0.00136303 -1.00963e-05 -0.00136297 0.999995 0.00286402 1.39036e-05 -0.00286398 0.999996 0.0690458 0.114425 -0.243643
FixedParameters: 0 0 0

#Transform 12
Transform: AffineTransform_float_3_3
Parameters: 1 0.00108901 8.08519e-05 -0.00108899 1 -0.000136088 -8.11492e-05 0.000136912 1 0.0320002 0.0355533 -0.00134709
FixedParameters: 0 0 0

#Transform 13
Transform: AffineTransform_float_3_3
Parameters: 0.999999 0.000723835 0.000492241 -0.000724164 0.999999 0.000333643 -0.000492758 -0.000334357 1 0.0041855 0.0764853 -0.0337994
FixedParameters: 0 0 0

#Transform 14
Transform: AffineTransform_float_3_3
Parameters: 1 0.000256837 0.000441095 -0.000257164 1 0.000370887 -0.000440905 -0.000370113 1 0.000174 0.089397 -0.0380299
FixedParameters: 0 0 0

#Transform 15
Transform: AffineTransform_float_3_3
Parameters: 0.999999 0.000842704 0.000441565 -0.000843296 1 0.000670628 -0.000440434 -0.000671372 0.999999 0.0295128 0.12529 -0.0666219
FixedParameters: 0 0 0

#Transform 16
Transform: AffineTransform_float_3_3
Parameters: 1 0.00062058 0.000849308 -0.000621421 0.999999 0.000495472 -0.000849692 -0.000495527 0.999999 0.0247645 0.1169 -0.0688135
FixedParameters: 0 0 0

#Transform 17
Transform: AffineTransform_float_3_3
Parameters: 0.999999 0.000783624 0.000511576 -0.000783376 1 0.0007346 -0.000511424 -0.000735401 0.999999 0.0225402 0.110188 -0.0996456
FixedParameters: 0 0 0

#Transform 18
Transform: AffineTransform_float_3_3
Parameters: 0.999999 0.00132069 0.000527775 -0.00132131 0.999999 0.000586303 -0.000527225 -0.000586697 0.999999 0.0334405 0.176679 -0.223502
FixedParameters: 0 0 0

#Transform 19
Transform: AffineTransform_float_3_3
Parameters: 0.999999 0.000990079 -9.31613e-05 -0.00098992 0.999999 0.000847092 9.48384e-05 -0.000846906 0.999999 0.0597858 0.140637 -0.159349
FixedParameters: 0 0 0

#Transform 20
Transform: AffineTransform_float_3_3
Parameters: 0.999999 0.00123601 -2.65464e-05 -0.00123599 0.999999 0.000367033 2.74536e-05 -0.000366966 1 0.0583925 0.228588 -0.282772
FixedParameters: 0 0 0

#Transform 21
Transform: AffineTransform_float_3_3
Parameters: 0.999999 0.00111992 0.000714122 -0.00111908 1 0.000108201 -0.000714879 -0.000108801 0.999999 0.00962809 0.187145 -0.161613
FixedParameters: 0 0 0

#Transform 22
Transform: AffineTransform_float_3_3
Parameters: 1 0.000877661 0.000759238 -0.00087634 0.999999 -0.000869666 -0.000759763 0.000869334 1 0.0191489 0.248922 -0.253529
FixedParameters: 0 0 0

#Transform 23
Transform: AffineTransform_float_3_3
Parameters: 1 0.000700432 0.00086365 -0.000700568 0.999999 -0.000500605 -0.00086435 0.000499394 0.999999 0.00100336 0.221951 -0.193763
FixedParameters: 0 0 0

#Transform 24
Transform: AffineTransform_float_3_3
Parameters: 0.999999 0.000872996 0.00110321 -0.000872004 0.999999 -0.000902963 -0.00110379 0.000902037 0.999999 0.016681 0.287188 -0.331663
FixedParameters: 0 0 0

#Transform 25
Transform: AffineTransform_float_3_3
Parameters: 0.999998 0.000747432 0.00145627 -0.000745568 0.999999 -0.000984088 -0.00145673 0.000982913 0.999999 -0.0173063 0.248315 -0.252862
FixedParameters: 0 0 0

#Transform 26
Transform: AffineTransform_float_3_3
Parameters: 0.999999 0.000831996 0.000540004 -0.000832002 0.999999 4.55072e-06 -0.000539995 -5.44927e-06 1 0.0585055 0.236097 -0.299424
FixedParameters: 0 0 0

#Transform 27
Transform: AffineTransform_float_3_3
Parameters: 0.999999 0.000970451 0.0010936 -0.00097055 0.999999 -0.000412062 -0.0010934 0.000411939 1 -0.00198497 0.0621089 -0.0166882
FixedParameters: 0 0 0

#Transform 28
Transform: AffineTransform_float_3_3
Parameters: 0.999999 0.00143912 0.000329463 -0.00143888 0.999999 -0.000373474 -0.000330538 0.000373525 1 0.116055 0.403647 -0.624865
FixedParameters: 0 0 0

#Transform 29
Transform: AffineTransform_float_3_3
Parameters: 0.999999 0.00134335 -0.000544596 -0.00134365 0.999999 -0.00118727 0.000543404 0.00118873 0.999999 0.0984315 0.405843 -0.572418
FixedParameters: 0 0 0

#Transform 30
Transform: AffineTransform_float_3_3
Parameters: 0.999999 0.000813087 0.000114382 -0.000813913 1 -0.000760093 -0.000114618 0.000759907 0.999999 0.0505051 0.368207 -0.483944
FixedParameters: 0 0 0

#Transform 31
Transform: AffineTransform_float_3_3
Parameters: 0.999999 0.000689904 0.000545859 -0.000689095 0.999999 -0.00165538 -0.000547141 0.00165462 0.999999 0.0213981 0.365579 -0.433692
FixedParameters: 0 0 0

#Transform 32
Transform: AffineTransform_float_3_3
Parameters: 0.999999 0.000599518 0.00063056 -0.000598483 0.999997 -0.00240538 -0.000631441 0.00240462 0.999997 0.0143267 0.400852 -0.448356
FixedParameters: 0 0 0

#Transform 33
Transform: AffineTransform_float_3_3
Parameters: 0.999999 0.000386422 0.000775303 -0.000382575 0.99999 -0.0044093 -0.000777694 0.0044087 0.99999 -0.00248729 0.43822 -0.446433
FixedParameters: 0 0 0

#Transform 34
Transform: AffineTransform_float_3_3
Parameters: 1 0.000257791 0.000592656 -0.000257209 0.999999 -0.00133415 -0.000593343 0.00133385 0.999999 0.00550956 0.315884 -0.341556
FixedParameters: 0 0 0

#Transform 35
Transform: AffineTransform_float_3_3
Parameters: 1 0.000655995 0.000953632 -0.000654004 0.999997 -0.00209062 -0.00095537 0.00209037 0.999998 0.0233047 0.361178 -0.432428
FixedParameters: 0 0 0

#Transform 36
Transform: AffineTransform_float_3_3
Parameters: 0.999999 0.000214173 0.000905723 -0.000213826 0.999999 -0.00129519 -0.000906277 0.00129481 0.999999 0.00195908 0.321455 -0.378537
FixedParameters: 0 0 0

#Transform 37
Transform: AffineTransform_float_3_3
Parameters: 1 0.00030133 0.00114239 -0.000298671 0.999998 -0.00203934 -0.00114261 0.00203866 0.999998 0.013422 0.351909 -0.433902
FixedParameters: 0 0 0

#Transform 38
Transform: AffineTransform_float_3_3
Parameters: 0.999999 0.000126023 0.00135072 -0.000122976 0.999997 -0.00223817 -0.00135128 0.00223783 0.999996 0.004376 0.374837 -0.456515
FixedParameters: 0 0 0

#Transform 39
Transform: AffineTransform_float_3_3
Parameters: 0.999999 0.000221948 0.000850494 -0.000220053 0.999998 -0.00229019 -0.000850506 0.00228981 0.999997 0.00513409 0.357452 -0.414656
FixedParameters: 0 0 0

#Transform 40
Transform: AffineTransform_float_3_3
Parameters: 0.999999 0.000418733 0.00143291 -0.000415266 0.999996 -0.0026046 -0.00143409 0.0026044 0.999995 0.00719979 0.398817 -0.410697
FixedParameters: 0 0 0

#Transform 41
Transform: AffineTransform_float_3_3
Parameters: 0.999999 0.000331336 0.00135643 -0.000329663 0.999999 -0.00172245 -0.00135757 0.00172155 0.999997 -0.00455069 0.390662 -0.370184
FixedParameters: 0 0 0

#Transform 42
Transform: AffineTransform_float_3_3
Parameters: 1 0.000384666 0.0010604 -0.000383335 0.999998 -0.00157041 -0.0010606 0.00157059 0.999998 -0.00308159 0.325793 -0.342457
FixedParameters: 0 0 0

#Transform 43
Transform: AffineTransform_float_3_3
Parameters: 0.999999 0.000580543 0.00115973 -0.000577456 0.999998 -0.00219267 -0.00116127 0.00219133 0.999997 0.00163814 0.360496 -0.34652
FixedParameters: 0 0 0

#Transform 44
Transform: AffineTransform_float_3_3
Parameters: 0.999999 0.000598728 0.00112808 -0.000597272 0.999998 -0.00153167 -0.00112892 0.00153133 0.999998 -0.00395246 0.308565 -0.286064
FixedParameters: 0 0 0

#Transform 45
Transform: AffineTransform_float_3_3
Parameters: 0.999998 0.000695997 0.001459 -0.000696002 1 9.84533e-07 -0.001459 -2.01546e-06 0.999999 -0.0244208 0.278642 -0.263175
FixedParameters: 0 0 0

#Transform 46
Transform: AffineTransform_float_3_3
Parameters: 0.999999 0.000550489 0.00110276 -0.00054751 0.999998 -0.00225661 -0.00110424 0.00225539 0.999997 0.00122175 0.352775 -0.317826
FixedParameters: 0 0 0

#Transform 47
Transform: AffineTransform_float_3_3
Parameters: 0.999999 0.000698794 0.00130551 -0.000696208 0.999998 -0.00213891 -0.00130649 0.00213809 0.999997 0.00237619 0.356304 -0.332029
FixedParameters: 0 0 0

#Transform 48
Transform: AffineTransform_float_3_3
Parameters: 1 0.000696801 0.000812315 -0.0006962 1 -0.000984567 -0.000813686 0.000984434 0.999999 0.0115916 0.327872 -0.253887
FixedParameters: 0 0 0

#Transform 49
Transform: AffineTransform_float_3_3
Parameters: 0.999999 0.000628212 0.00115234 -0.000626788 1 -0.00105172 -0.00115366 0.00105128 0.999999 -0.0176898 0.303929 -0.248866
FixedParameters: 0 0 0

#Transform 50
Transform: AffineTransform_float_3_3
Parameters: 1 0.000604439 0.00102857 -0.000601562 0.999997 -0.00237062 -0.00102943 0.00236938 0.999996 0.00377272 0.37166 -0.3001
FixedParameters: 0 0 0

#Transform 51
Transform: AffineTransform_float_3_3
Parameters: 0.999999 0.000696593 0.00136619 -0.000694407 0.999999 -0.00116595 -0.00136681 0.00116505 0.999999 -0.0101319 0.323112 -0.285619
FixedParameters: 0 0 0

#Transform 52
Transform: AffineTransform_float_3_3
Parameters: 0.999998 0.000559977 0.0015783 -0.000558023 0.999999 -0.00125288 -0.0015787 0.00125212 0.999998 -0.0332695 0.308862 -0.295354
FixedParameters: 0 0 0

#Transform 53
Transform: AffineTransform_float_3_3
Parameters: 0.999999 0.000291539 0.00136767 -0.000290462 1 -0.0011254 -0.00136733 0.0011246 0.999999 -0.0145212 0.298758 -0.261692
FixedParameters: 0 0 0

#Transform 54
Transform: AffineTransform_float_3_3
Parameters: 0.999999 0.000626811 0.00129012 -0.000625189 0.999999 -0.00140381 -0.00129088 0.00140319 0.999998 0.00338204 0.331579 -0.289914
FixedParameters: 0 0 0

#Transform 55
Transform: AffineTransform_float_3_3
Parameters: 0.999999 0.000631603 0.00123418 -0.000630396 0.999999 -0.00129878 -0.00123582 0.00129822 0.999999 0.0129451 0.346773 -0.341535
FixedParameters: 0 0 0

#Transform 56
Transform: AffineTransform_float_3_3
Parameters: 0.999999 0.000430792 0.00135043 -0.000429208 0.999999 -0.00132758 -0.00135057 0.00132642 0.999998 -0.00621029 0.330175 -0.295988
FixedParameters: 0 0 0

#Transform 57
Transform: AffineTransform_float_3_3
Parameters: 1 0.000621435 0.000939053 -0.000619565 0.999998 -0.00152758 -0.000939948 0.00152742 0.999999 0.0247235 0.346921 -0.323225
FixedParameters: 0 0 0

#Transform 58
Transform: AffineTransform_float_3_3
Parameters: 1 0.00014574 0.00111965 -0.000143261 0.999997 -0.00244716 -0.00111935 0.00244684 0.999997 -0.0038833 0.327715 -0.235087
FixedParameters: 0 0 0

#Transform 59
Transform: AffineTransform_float_3_3
Parameters: 0.999999 0.000431635 0.000618954 -0.000432365 0.999998 0.00220673 -0.000618047 -0.00220727 0.999998 0.0968298 0.333616 -0.553943
FixedParameters: 0 0 0

#Transform 60
Transform: AffineTransform_float_3_3
Parameters: 0.999996 0.000330506 0.00282468 -0.000318492 0.999991 -0.00407291 -0.00282632 0.00407208 0.999987 -0.110838 0.113208 0.360495
FixedParameters: 0 0 0

#Transform 61
Transform: AffineTransform_float_3_3
Parameters: 0.999998 0.000569794 0.00151433 -0.000568206 0.999999 -0.00118486 -0.00151467 0.00118414 0.999998 0.0112183 0.243921 -0.180027
FixedParameters: 0 0 0

#Transform 62
Transform: AffineTransform_float_3_3
Parameters: 0.999999 0.00111674 0.000818272 -0.00111326 0.999994 -0.00334291 -0.000821726 0.00334209 0.999994 0.108697 0.571831 -0.718055
FixedParameters: 0 0 0

#Transform 63
Transform: AffineTransform_float_3_3
Parameters: 0.999998 0.00108506 0.00169705 -0.00108194 0.999998 -0.00180384 -0.00169895 0.00180216 0.999997 0.0447115 0.442893 -0.484747
FixedParameters: 0 0 0

#Transform 64
Transform: AffineTransform_float_3_3
Parameters: 0.999999 0.000820571 0.00120361 -0.000819428 0.999999 -0.000474987 -0.00120439 0.000474012 0.999999 0.0448061 0.270923 -0.291746
FixedParameters: 0 0 0

#Transform 65
Transform: AffineTransform_float_3_3
Parameters: 0.999999 0.000228455 0.00153478 -0.000226544 0.999999 -0.000948349 -0.00153522 0.00094765 0.999999 -0.00476573 0.294156 -0.338421
FixedParameters: 0 0 0

#Transform 66
Transform: AffineTransform_float_3_3
Parameters: 0.999999 -0.000477896 0.00114488 0.000480105 0.999998 -0.00183845 -0.00114412 0.00183855 0.999997 0.0130999 0.361834 -0.422925
FixedParameters: 0 0 0

#Transform 67
Transform: AffineTransform_float_3_3
Parameters: 0.999998 -0.000294744 0.00161041 0.000297256 0.999999 -0.00140152 -0.00160958 0.00140148 0.999997 -0.0221669 0.296797 -0.277923
FixedParameters: 0 0 0

#Transform 68
Transform: AffineTransform_float_3_3
Parameters: 0.999998 -0.000251455 0.00157557 0.000254545 0.999998 -0.0022496 -0.00157543 0.0022504 0.999996 0.00957017 0.362096 -0.381988
FixedParameters: 0 0 0

#Transform 69
Transform: AffineTransform_float_3_3
Parameters: 0.999999 -0.000234386 0.0015594 0.000236614 0.999998 -0.00167563 -0.00155961 0.00167637 0.999998 -0.0250985 0.32588 -0.315657
FixedParameters: 0 0 0

#Transform 70
Transform: AffineTransform_float_3_3
Parameters: 0.999999 2.34416e-05 0.00179797 -2.15583e-05 0.999999 -0.00135804 -0.00179803 0.00135796 0.999998 0.0110844 0.387492 -0.389227
FixedParameters: 0 0 0

#Transform 71
Transform: AffineTransform_float_3_3
Parameters: 0.999998 -0.000190075 0.00169122 0.000191926 1 -0.00113868 -0.00169078 0.00113832 0.999998 -0.0231567 0.294245 -0.225219
FixedParameters: 0 0 0

#Transform 72
Transform: AffineTransform_float_3_3
Parameters: 0.999998 -3.73076e-06 0.00158701 7.2692e-06 0.999998 -0.00205999 -0.00158699 0.00206001 0.999996 0.00833129 0.319513 -0.237358
FixedParameters: 0 0 0

#Transform 73
Transform: AffineTransform_float_3_3
Parameters: 0.999999 0.000234715 0.000787787 -0.000233284 0.999999 -0.000908184 -0.000788212 0.000907815 1 0.0103244 0.272589 -0.216527
FixedParameters: 0 0 0

#Transform 74
Transform: AffineTransform_float_3_3
Parameters: 0.999999 -0.000227009 0.000826549 0.000228991 0.999997 -0.00241081 -0.00082545 0.00241019 0.999997 0.0428069 0.34769 -0.318918
FixedParameters: 0 0 0

#Transform 75
Transform: AffineTransform_float_3_3
Parameters: 0.999998 -0.000320866 0.00198084 0.000326133 0.999996 -0.00259136 -0.00198016 0.00259264 0.999994 -0.00111271 0.363139 -0.294978
FixedParameters: 0 0 0

#Transform 76
Transform: AffineTransform_float_3_3
Parameters: 0.999999 -0.000159006 0.00137535 0.000161995 0.999997 -0.00217678 -0.00137565 0.00217722 0.999996 0.00242774 0.295276 -0.175629
FixedParameters: 0 0 0

#Transform 77
Transform: AffineTransform_float_3_3
Parameters: 0.999998 -0.000127292 0.00157839 0.000131706 0.999995 -0.0029828 -0.00157761 0.0029832 0.999995 0.0243843 0.333372 -0.188446
FixedParameters: 0 0 0

#Transform 78
Transform: AffineTransform_float_3_3
Parameters: 0.999998 -0.000224799 0.00208057 0.000230199 0.999997 -0.00249953 -0.00207943 0.00250047 0.999994 0.0030079 0.312157 -0.223987
FixedParameters: 0 0 0

#Transform 79
Transform: AffineTransform_float_3_3
Parameters: 0.999999 -0.000352807 0.00141605 0.000357194 0.999995 -0.00296249 -0.00141495 0.0029625 0.999994 0.00975316 0.294223 -0.147255
FixedParameters: 0 0 0

#Transform 80
Transform: AffineTransform_float_3_3
Parameters: 0.999999 -0.000245465 0.00139862 0.000249537 0.999997 -0.00252865 -0.00139837 0.00252834 0.999996 0.002495 0.286025 -0.149536
FixedParameters: 0 0 0

#Transform 81
Transform: AffineTransform_float_3_3
Parameters: 0.999999 -0.000116814 0.00136228 0.000120189 0.999998 -0.00233984 -0.00136272 0.00233916 0.999997 0.01188 0.265695 -0.130178
FixedParameters: 0 0 0

#Transform 82
Transform: AffineTransform_float_3_3
Parameters: 0.999999 5.34798e-05 0.000880852 -5.15225e-05 0.999996 -0.00281505 -0.000880148 0.00281495 0.999995 0.0282879 0.264906 -0.110336
FixedParameters: 0 0 0

#Transform 83
Transform: AffineTransform_float_3_3
Parameters: 0.999999 0.000227823 0.000980348 -0.000225178 0.999996 -0.00287822 -0.000980652 0.00287878 0.999996 0.0161155 0.227473 -0.105738
FixedParameters: 0 0 0

#Transform 84
Transform: AffineTransform_float_3_3
Parameters: 1 -0.000637373 0.000882904 0.000640626 0.999996 -0.00297944 -0.000880096 0.00297956 0.999995 0.0130749 0.239154 -0.0894523
FixedParameters: 0 0 0

#Transform 85
Transform: AffineTransform_float_3_3
Parameters: 0.999999 -0.000132771 0.000881339 0.000135227 0.999997 -0.00252888 -0.000880661 0.00252912 0.999997 0.0174531 0.195259 -0.0587345
FixedParameters: 0 0 0

#Transform 86
Transform: AffineTransform_float_3_3
Parameters: 0.999999 0.000165833 0.000880471 -0.000163168 0.999995 -0.00321715 -0.000880529 0.00321686 0.999995 -0.00239304 0.176778 -0.0358629
FixedParameters: 0 0 0

#Transform 87
Transform: AffineTransform_float_3_3
Parameters: 0.999999 0.000332554 0.000706804 -0.000330449 0.999994 -0.00361024 -0.000707197 0.00360977 0.999993 0.0199348 0.195733 -0.0337753
FixedParameters: 0 0 0

#Transform 88
Transform: AffineTransform_float_3_3
Parameters: 1 0.000472694 0.000456251 -0.000470306 0.999993 -0.00370722 -0.000457746 0.00370678 0.999993 0.0189001 0.216133 -0.0556816
FixedParameters: 0 0 0

#Transform 89
Transform: AffineTransform_float_3_3
Parameters: 0.999999 0.000394024 0.000720354 -0.000390977 0.999991 -0.00419328 -0.000721645 0.00419272 0.999991 0.0211824 0.280407 -0.106117
FixedParameters: 0 0 0

#Transform 90
Transform: AffineTransform_float_3_3
Parameters: 0.999999 0.000190312 0.000880291 -0.000186689 0.999993 -0.00376117 -0.000880708 0.00376084 0.999993 0.003837 0.242326 -0.0683692
FixedParameters: 0 0 0

#Transform 91
Transform: AffineTransform_float_3_3
Parameters: 1 0.000219105 0.000529133 -0.000216891 0.999992 -0.00397512 -0.000530866 0.00397488 0.999992 0.0110847 0.236836 -0.0645138
FixedParameters: 0 0 0

#Transform 92
Transform: AffineTransform_float_3_3
Parameters: 1 0.000155426 0.000525288 -0.000153575 0.99999 -0.00461608 -0.000525715 0.00461592 0.999989 0.0109798 0.258165 -0.0769945
FixedParameters: 0 0 0

#Transform 93
Transform: AffineTransform_float_3_3
Parameters: 1 0.000289702 0.000470957 -0.000288298 0.999994 -0.00361014 -0.000472044 0.00360987 0.999994 0.0293977 0.229869 -0.0708011
FixedParameters: 0 0 0

#Transform 94
Transform: AffineTransform_float_3_3
Parameters: 0.999999 0.000278112 0.000702776 -0.000275891 0.99999 -0.0044252 -0.000703227 0.00442481 0.99999 0.0203152 0.301381 -0.110368
FixedParameters: 0 0 0

#Transform 95
Transform: AffineTransform_float_3_3
Parameters: 0.999999 0.000264453 0.000771825 -0.00026155 0.99999 -0.0044712 -0.000772177 0.0044708 0.999989 0.0177234 0.265835 -0.0987727
FixedParameters: 0 0 0

#Transform 96
Transform: AffineTransform_float_3_3
Parameters: 1 9.3654e-05 0.0006126 -9.03485e-05 0.99999 -0.00433106 -0.000612397 0.00433094 0.999991 0.0116708 0.253433 -0.0943793
FixedParameters: 0 0 0

#Transform 97
Transform: AffineTransform_float_3_3
Parameters: 0.999999 -0.000283737 0.000738262 0.000286262 0.99999 -0.00442379 -0.00073674 0.00442421 0.99999 0.00815984 0.24789 -0.067755
FixedParameters: 0 0 0

#Transform 98
Transform: AffineTransform_float_3_3
Parameters: 1 2.71025e-05 0.000471884 -2.48974e-05 0.99999 -0.00445401 -0.000472116 0.00445499 0.99999 0.0427228 0.247166 -0.0723679
FixedParameters: 0 0 0

#Transform 99
Transform: AffineTransform_float_3_3
Parameters: 1 -1.87791e-05 0.000700094 2.22205e-05 0.99999 -0.00460099 -0.000699905 0.00460102 0.999989 0.0239944 0.277645 -0.107072
FixedParameters: 0 0 0

#Transform 100
Transform: AffineTransform_float_3_3
Parameters: 1 0.000176815 0.000471323 -0.000175186 0.999992 -0.00384908 -0.000471678 0.00384892 0.999993 0.0220736 0.240351 -0.0706148
FixedParameters: 0 0 0

#Transform 101
Transform: AffineTransform_float_3_3
Parameters: 1 -0.000250337 0.000644041 0.000253663 0.999992 -0.00413784 -0.000642956 0.00413816 0.999991 0.0125142 0.258404 -0.0793822
FixedParameters: 0 0 0

#Transform 102
Transform: AffineTransform_float_3_3
Parameters: 1 -0.00046185 0.000380624 0.000464152 0.999984 -0.00566882 -0.000378375 0.00566817 0.999984 0.049063 0.351428 -0.147172
FixedParameters: 0 0 0

#Transform 103
Transform: AffineTransform_float_3_3
Parameters: 0.999999 -6.1035e-05 0.00086229 6.49637e-05 0.99999 -0.00459895 -0.00086171 0.00459906 0.999989 0.00920831 0.304564 -0.111824
FixedParameters: 0 0 0

#Transform 104
Transform: AffineTransform_float_3_3
Parameters: 1 2.73059e-05 0.000471872 -2.46935e-05 0.999988 -0.00488601 -0.000472126 0.00488599 0.999988 0.014493 0.320321 -0.124482
FixedParameters: 0 0 0

#Transform 105
Transform: AffineTransform_float_3_3
Parameters: 1 -5.06901e-06 0.000568033 7.93081e-06 0.999986 -0.00515999 -0.000567966 0.00516 0.999986 0.023121 0.347834 -0.17692
FixedParameters: 0 0 0

#Transform 106
Transform: AffineTransform_float_3_3
Parameters: 0.999999 0.000267659 0.000873888 -0.000264342 0.999991 -0.00418323 -0.000875113 0.00418377 0.999991 0.0217528 0.301 -0.114383
FixedParameters: 0 0 0

#Transform 107
Transform: AffineTransform_float_3_3
Parameters: 1 -0.000502371 0.000473733 0.000503626 0.999994 -0.00344476 -0.000471268 0.00344524 0.999994 0.0453841 0.236182 -0.0759408
FixedParameters: 0 0 0

#Transform 108
Transform: AffineTransform_float_3_3
Parameters: 1 -4.86718e-05 8.91799e-05 4.83276e-05 0.999993 -0.003684 -8.88226e-05 0.00368401 0.999993 0.100558 0.240551 -0.0549077
FixedParameters: 0 0 0

#Transform 109
Transform: AffineTransform_float_3_3
Parameters: 1 -0.000137377 0.000571392 0.000138624 0.999996 -0.00284092 -0.000571608 0.00284108 0.999996 0.0351474 0.1921 -0.0616049
FixedParameters: 0 0 0

#Transform 110
Transform: AffineTransform_float_3_3
Parameters: 1 9.65863e-05 0.000411631 -9.44161e-05 0.999992 -0.00385204 -0.000411366 0.00385196 0.999992 0.036378 0.268286 -0.103113
FixedParameters: 0 0 0

#Transform 111
Transform: AffineTransform_float_3_3
Parameters: 0.999999 -0.000714006 0.000671127 0.000715993 0.999996 -0.00297452 -0.000668873 0.00297548 0.999996 0.00822765 0.236248 -0.0807385
FixedParameters: 0 0 0

#Transform 112
Transform: AffineTransform_float_3_3
Parameters: 1 -0.000289701 0.000602112 0.000292299 0.999992 -0.00382183 -0.000600887 0.00382218 0.999993 0.028884 0.279119 -0.125648
FixedParameters: 0 0 0

#Transform 113
Transform: AffineTransform_float_3_3
Parameters: 0.999999 -5.63323e-05 0.00081826 6.06718e-05 0.99999 -0.00448395 -0.000818736 0.00448305 0.999989 0.0136747 0.31137 -0.146701
FixedParameters: 0 0 0

#Transform 114
Transform: AffineTransform_float_3_3
Parameters: 0.999999 -0.000696776 0.000570725 0.000699224 0.999992 -0.0039046 -0.000568274 0.0039054 0.999992 0.0164478 0.27485 -0.11324
FixedParameters: 0 0 0

#Transform 115
Transform: AffineTransform_float_3_3
Parameters: 1 -0.000218361 0.000626925 0.00022064 0.999991 -0.00421286 -0.000626076 0.00421214 0.999991 0.0273905 0.326846 -0.160935
FixedParameters: 0 0 0

#Transform 116
Transform: AffineTransform_float_3_3
Parameters: 1 -8.30919e-05 0.00103132 8.69069e-05 0.999993 -0.00378991 -0.00103068 0.00379009 0.999993 0.0105802 0.318787 -0.125621
FixedParameters: 0 0 0

#Transform 117
Transform: AffineTransform_float_3_3
Parameters: 0.999999 -2.06069e-05 0.000812064 2.23929e-05 0.999995 -0.00294698 -0.000811938 0.00294702 0.999996 0.0188184 0.253059 -0.0579373
FixedParameters: 0 0 0

#Transform 118
Transform: AffineTransform_float_3_3
Parameters: 0.999999 -0.000149726 0.000837592 0.000153275 0.999993 -0.00390987 -0.000837407 0.00391013 0.999992 0.0315677 0.314528 -0.118148
FixedParameters: 0 0 0

#Transform 119
Transform: AffineTransform_float_3_3
Parameters: 0.999999 -0.000115308 0.000944458 0.00011969 0.999993 -0.00390989 -0.000943539 0.00391011 0.999992 0.0463398 0.323877 -0.125047
FixedParameters: 0 0 0

#Transform 120
Transform: AffineTransform_float_3_3
Parameters: 1 -0.000213191 0.000664907 0.000215809 0.999991 -0.00422686 -0.000664093 0.00422714 0.999991 0.0550682 0.297947 -0.117656
FixedParameters: 0 0 0

#Transform 121
Transform: AffineTransform_float_3_3
Parameters: 1 -0.00016539 0.000678642 0.000167611 0.999992 -0.00384789 -0.00067836 0.00384811 0.999993 0.0288017 0.275099 -0.103458
FixedParameters: 0 0 0

#Transform 122
Transform: AffineTransform_float_3_3
Parameters: 1 -0.000298398 0.000525486 0.000300605 0.999987 -0.00495884 -0.000524515 0.00495915 0.999987 0.0499225 0.329763 -0.131368
FixedParameters: 0 0 0

#Transform 123
Transform: AffineTransform_float_3_3
Parameters: 1 -0.000236464 0.000353034 0.000238536 0.99999 -0.00435692 -0.000351964 0.00435708 0.999991 0.0485557 0.284672 -0.0987496
FixedParameters: 0 0 0

#Transform 124
Transform: AffineTransform_float_3_3
Parameters: 0.999999 -0.0012483 0.000357975 0.0012507 0.999988 -0.00478256 -0.000352022 0.00478344 0.999989 0.0242193 0.221332 0.0297191
FixedParameters: 0 0 0

#Transform 125
Transform: AffineTransform_float_3_3
Parameters: 0.999999 -0.000232265 0.000784116 0.000235734 0.999988 -0.00476682 -0.000782885 0.00476718 0.999989 0.0424308 0.293125 -0.0747579
FixedParameters: 0 0 0

#Transform 126
Transform: AffineTransform_float_3_3
Parameters: 0.999999 -0.000232579 0.00092087 0.000236422 0.999993 -0.00371678 -0.000920127 0.00371721 0.999992 0.0196756 0.267729 -0.0621417
FixedParameters: 0 0 0

#Transform 127
Transform: AffineTransform_float_3_3
Parameters: 1 -0.00093295 0.000762746 0.000936051 0.999991 -0.00400829 -0.000759254 0.00400871 0.999991 0.0116243 0.262854 -0.0734445
FixedParameters: 0 0 0

#Transform 128
Transform: AffineTransform_float_3_3
Parameters: 1 -5.27252e-05 0.000596205 5.42739e-05 0.999992 -0.00381597 -0.000595797 0.00381603 0.999992 0.0110187 0.229091 -0.0426352
FixedParameters: 0 0 0

#Transform 129
Transform: AffineTransform_float_3_3
Parameters: 0.999999 -0.00040723 0.000660715 0.000409771 0.999991 -0.00419773 -0.000659286 0.00419727 0.999991 0.00362748 0.26556 -0.0525701
FixedParameters: 0 0 0

#Transform 130
Transform: AffineTransform_float_3_3
Parameters: 0.999999 2.27371e-05 0.000715918 -2.02625e-05 0.999992 -0.00382302 -0.000716083 0.00382299 0.999993 0.00590871 0.267317 -0.0639107
FixedParameters: 0 0 0

#Transform 131
Transform: AffineTransform_float_3_3
Parameters: 0.999999 -0.000301084 0.00071823 0.000303915 0.999991 -0.00406378 -0.000716771 0.00406322 0.999992 0.00774862 0.256832 -0.0553724
FixedParameters: 0 0 0

#Transform 132
Transform: AffineTransform_float_3_3
Parameters: 0.999999 -0.000693504 0.000354939 0.000694496 0.999991 -0.00423275 -0.000352064 0.00423224 0.999991 0.0164326 0.243058 -0.0383516
FixedParameters: 0 0 0

#Transform 133
Transform: AffineTransform_float_3_3
Parameters: 1 -0.000118247 0.00059955 0.000120755 0.999989 -0.00459393 -0.000599452 0.00459407 0.99999 0.0259009 0.269032 -0.0732578
FixedParameters: 0 0 0

#Transform 134
Transform: AffineTransform_float_3_3
Parameters: 1 -2.16631e-05 0.000494108 2.43364e-05 0.999989 -0.00472999 -0.00049389 0.00473001 0.999988 0.020879 0.283872 -0.0960517
FixedParameters: 0 0 0

#Transform 135
Transform: AffineTransform_float_3_3
Parameters: 0.999999 -0.000843809 0.000542 0.000847191 0.999982 -0.00591455 -0.000536999 0.00591446 0.999983 0.00594955 0.330402 -0.108691
FixedParameters: 0 0 0

#Transform 136
Transform: AffineTransform_float_3_3
Parameters: 1 -1.35454e-05 0.000352059 1.44544e-05 0.999992 -0.004132 -0.000351943 0.00413201 0.999992 0.0146992 0.266406 -0.0755765
FixedParameters: 0 0 0

#Transform 137
Transform: AffineTransform_float_3_3
Parameters: 0.999999 0.000122398 0.000747451 -0.000118604 0.999989 -0.00454509 -0.000747547 0.00454491 0.99999 0.0146142 0.31795 -0.144074
FixedParameters: 0 0 0

#Transform 138
Transform: AffineTransform_float_3_3
Parameters: 1 -0.000766247 0.000853293 0.000770758 0.999984 -0.00558435 -0.000849709 0.00558466 0.999984 0.00203798 0.360603 -0.176469
FixedParameters: 0 0 0

#Transform 139
Transform: AffineTransform_float_3_3
Parameters: 1 -0.000542461 0.00100447 0.000547542 0.999989 -0.00452445 -0.00100253 0.00452455 0.99999 -0.0104384 0.306606 -0.118443
FixedParameters: 0 0 0

#Transform 140
Transform: AffineTransform_float_3_3
Parameters: 1 -0.000493419 0.000814792 0.000498577 0.999984 -0.0056316 -0.000811205 0.0056324 0.999984 0.0341865 0.368569 -0.176201
FixedParameters: 0 0 0

#Transform 141
Transform: AffineTransform_float_3_3
Parameters: 1 -0.00101638 0.000599191 0.00101962 0.999981 -0.0060794 -0.000592813 0.00607961 0.999982 0.0357952 0.35717 -0.143134
FixedParameters: 0 0 0

#Transform 142
Transform: AffineTransform_float_3_3
Parameters: 0.999999 -0.00064256 0.000492201 0.000645439 0.999988 -0.00497268 -0.000488796 0.00497332 0.999987 0.0213607 0.310299 -0.101468
FixedParameters: 0 0 0

#Transform 143
Transform: AffineTransform_float_3_3
Parameters: 1 0.000116797 0.00067252 -0.000113201 0.999992 -0.00415708 -0.000673476 0.00415692 0.999991 0.029752 0.282302 -0.108169
FixedParameters: 0 0 0

#Transform 144
Transform: AffineTransform_float_3_3
Parameters: 0.999999 -0.000957204 0.000782665 0.000960792 0.999987 -0.00486325 -0.000777336 0.00486475 0.999988 0.0129438 0.29832 -0.10678
FixedParameters: 0 0 0

#Transform 145
Transform: AffineTransform_float_3_3
Parameters: 0.999999 -0.00102032 0.00071031 0.00102367 0.999986 -0.00519428 -0.000704693 0.00519472 0.999987 0.0176207 0.332937 -0.140514
FixedParameters: 0 0 0

#Transform 146
Transform: AffineTransform_float_3_3
Parameters: 0.999999 -0.000328052 0.000848537 0.000331946 0.999989 -0.00465772 -0.000846463 0.00465728 0.999989 0.0366342 0.311902 -0.148292
FixedParameters: 0 0 0

#Transform 147
Transform: AffineTransform_float_3_3
Parameters: 0.999999 -0.000664365 0.00107749 0.000670637 0.999986 -0.00523728 -0.0010745 0.00523872 0.999985 0.0223166 0.332122 -0.151486
FixedParameters: 0 0 0

#Transform 148
Transform: AffineTransform_float_3_3
Parameters: 1 -0.000789286 0.000665235 0.000791714 0.999992 -0.00409048 -0.000661768 0.00409053 0.999992 0.0295133 0.24058 -0.0578648
FixedParameters: 0 0 0

#Transform 149
Transform: AffineTransform_float_3_3
Parameters: 1 -0.000399023 0.000981627 0.00040298 0.999991 -0.00405561 -0.000980375 0.00405539 0.999992 0.0246107 0.258982 -0.0717975
FixedParameters: 0 0 0

#Transform 150
Transform: AffineTransform_float_3_3
Parameters: 1 -9.18168e-05 0.000526386 9.41857e-05 0.999992 -0.00414895 -0.000526614 0.00414905 0.999992 0.0689997 0.306285 -0.102028
FixedParameters: 0 0 0

#Transform 151
Transform: AffineTransform_float_3_3
Parameters: 1 -0.000358199 0.000353832 0.000360802 0.999987 -0.00510287 -0.000352163 0.00510313 0.999987 0.0680602 0.325505 -0.108707
FixedParameters: 0 0 0

#Transform 152
Transform: AffineTransform_float_3_3
Parameters: 1 -3.63776e-05 0.000352171 3.86216e-05 0.99999 -0.00460799 -0.000351826 0.00460802 0.99999 0.0469407 0.302991 -0.0944072
FixedParameters: 0 0 0

#Transform 153
Transform: AffineTransform_float_3_3
Parameters: 0.999999 9.52042e-05 0.000737593 -9.17939e-05 0.99999 -0.00434307 -0.000738406 0.00434293 0.999991 0.0143449 0.24243 -0.0430172
FixedParameters: 0 0 0

#Transform 154
Transform: AffineTransform_float_3_3
Parameters: 0.999999 -0.00141471 0.000105901 0.00141429 0.999995 -0.00275685 -0.000102101 0.00275715 0.999996 0.0583295 0.186441 0.00289997
FixedParameters: 0 0 0

#Transform 155
Transform: AffineTransform_float_3_3
Parameters: 0.999999 -0.00141463 0.000105129 0.00141437 0.999993 -0.00362486 -9.98735e-05 0.00362515 0.999994 0.0472432 0.209275 -0.0420103
FixedParameters: 0 0 0

#Transform 156
Transform: AffineTransform_float_3_3
Parameters: 1 -0.00043073 6.57959e-05 0.000431271 0.999991 -0.00416797 -6.4203e-05 0.00416803 0.999992 0.0773629 0.271747 -0.0950695
FixedParameters: 0 0 0

#Transform 157
Transform: AffineTransform_float_3_3
Parameters: 1 -0.00104471 0.000349891 0.0010463 0.999992 -0.00372163 -0.000346109 0.00372136 0.999993 0.0353657 0.2843 -0.0947872
FixedParameters: 0 0 0

#Transform 158
Transform: AffineTransform_float_3_3
Parameters: 1 -0.00114731 0.000168763 0.00114869 0.99999 -0.00414981 -0.000164234 0.00415019 0.999992 0.0370665 0.281098 -0.0996873
FixedParameters: 0 0 0

#Transform 159
Transform: AffineTransform_float_3_3
Parameters: 1 -0.000906065 0.000498534 0.000907934 0.999992 -0.00389555 -0.000494467 0.00389645 0.999993 0.0227066 0.300566 -0.105653
FixedParameters: 0 0 0

#Transform 160
Transform: AffineTransform_float_3_3
Parameters: 0.999999 -0.00141414 0.000170257 0.00141485 0.999986 -0.00512976 -0.000162744 0.00513023 0.999987 0.056986 0.353464 -0.124179
FixedParameters: 0 0 0

#Transform 161
Transform: AffineTransform_float_3_3
Parameters: 0.999999 -0.00141332 0.000443396 0.00141468 0.999991 -0.00381537 -0.000438604 0.00381662 0.999992 0.0249503 0.246348 -0.059673
FixedParameters: 0 0 0

#Transform 162
Transform: AffineTransform_float_3_3
Parameters: 1 -0.00117383 0.000250553 0.00117517 0.999988 -0.00472771 -0.000245446 0.00472829 0.999989 0.031463 0.27224 -0.0555453
FixedParameters: 0 0 0

#Transform 163
Transform: AffineTransform_float_3_3
Parameters: 0.999999 -0.00141444 0.000119866 0.00141457 0.999987 -0.00485284 -0.000113136 0.00485317 0.999988 0.0473424 0.316255 -0.0786646
FixedParameters: 0 0 0

#Transform 164
Transform: AffineTransform_float_3_3
Parameters: 1 -0.000893463 0.000513683 0.000895535 0.999995 -0.00299954 -0.000510316 0.00300046 0.999996 0.00300508 0.221847 -0.0264102
FixedParameters: 0 0 0

#Transform 165
Transform: AffineTransform_float_3_3
Parameters: 1 -0.00116906 0.000222968 0.00116994 0.999991 -0.00424774 -0.000218032 0.00424826 0.999991 0.0244372 0.255593 -0.0468291
FixedParameters: 0 0 0

#Transform 166
Transform: AffineTransform_float_3_3
Parameters: 0.999999 -0.00141345 0.000324808 0.00141455 0.999988 -0.00481355 -0.000318195 0.00481346 0.999989 0.0426879 0.307473 -0.112207
FixedParameters: 0 0 0

#Transform 167
Transform: AffineTransform_float_3_3
Parameters: 0.999999 -0.00141373 0.000281483 0.00141428 0.999989 -0.00458361 -0.00027552 0.0045844 0.99999 0.0231158 0.283884 -0.0820359
FixedParameters: 0 0 0

#Transform 168
Transform: AffineTransform_float_3_3
Parameters: 0.999997 -0.00185684 0.00153063 0.00185917 0.999998 -0.00141416 -0.00152837 0.00141684 0.999998 0.0398229 0.158183 -0.038281
FixedParameters: 0 0 0

#Transform 169
Transform: AffineTransform_float_3_3
Parameters: 0.999999 -0.00160966 0.000923842 0.00161334 0.999992 -0.00362452 -0.000918158 0.00362548 0.999993 -0.00846256 0.206945 -0.00855137
FixedParameters: 0 0 0

#Transform 170
Transform: AffineTransform_float_3_3
Parameters: 0.999997 -0.00151016 0.00185441 0.00151783 0.99999 -0.0042312 -0.00184759 0.0042338 0.99999 0.023466 0.344951 -0.206788
FixedParameters: 0 0 0

#Transform 171
Transform: AffineTransform_float_3_3
Parameters: 0.999999 -0.00104268 0.00108038 0.00104032 0.999998 0.00155513 -0.00108162 -0.00155387 0.999998 0.0628332 0.285184 -0.299928
FixedParameters: 0 0 0

#Transform 172
Transform: AffineTransform_float_3_3
Parameters: 1 -0.000105509 -0.000377138 0.000106491 0.999999 0.00130196 0.000376862 -0.00130204 0.999999 0.120962 0.0932551 -0.0151972
FixedParameters: 0 0 0

#Transform 173
Transform: AffineTransform_float_3_3
Parameters: 1 -0.000260031 -0.000252968 0.000259969 1 -0.000124066 0.000253032 0.000123934 1 0.0190461 0.0233322 0.0959868
FixedParameters: 0 0 0

#Transform 174
Transform: AffineTransform_float_3_3
Parameters: 0.999999 -0.000582461 0.000527491 0.00058154 1 0.000873307 -0.000527507 -0.000872693 0.999999 0.0159901 0.0797971 -0.00495645
FixedParameters: 0 0 0

#Transform 175
Transform: AffineTransform_float_3_3
Parameters: 0.999999 -0.000842212 0.000435589 0.000841786 0.999999 0.000488367 -0.00043641 -0.000487632 1 -0.00486659 0.0683826 0.00197386
FixedParameters: 0 0 0

#Transform 176
Transform: AffineTransform_float_3_3
Parameters: 0.999999 -0.000582274 0.000673762 0.000581726 0.999999 0.000407392 -0.000673236 -0.000406608 0.999999 0.00929331 0.0919437 -0.0181329
FixedParameters: 0 0 0

#Transform 177
Transform: AffineTransform_float_3_3
Parameters: 0.999999 -0.00081204 0.000443926 0.000811959 0.999999 9.13604e-05 -0.000444074 -9.16394e-05 1 0.000417474 0.088449 -0.00168697
FixedParameters: 0 0 0

#Transform 178
Transform: AffineTransform_float_3_3
Parameters: 1 -0.00109006 0.000338816 0.00108994 1 0.000169369 -0.000339185 -0.00016963 1 0.0427367 0.0980269 -0.00693661
FixedParameters: 0 0 0

#Transform 179
Transform: AffineTransform_float_3_3
Parameters: 0.999999 -0.001552 0 0.001552 0.999999 0 0 0 1 0.0671167 0.121464 0
FixedParameters: 0 0 0
