#Insight Transform File V1.0
#Transform 0
Transform: AffineTransform_float_3_3
Parameters: 0.999983 0.0037221 -0.00445854 -0.0037429 0.999982 -0.00468939 0.00444047 0.00470561 0.999979 0.0484013 -0.271879 1.19668
FixedParameters: 0 0 0

#Transform 1
Transform: AffineTransform_float_3_3
Parameters: 0.999984 0.0038239 -0.00402722 -0.0038431 0.999982 -0.0047456 0.00400877 0.0047614 0.99998 0.0346565 -0.212635 0.886196
FixedParameters: 0 0 0

#Transform 2
Transform: AffineTransform_float_3_3
Parameters: 0.999987 0.0029111 -0.00415045 -0.0029339 0.999982 -0.00527989 0.00413455 0.00529211 0.999978 0.0612251 -0.10907 0.771987
FixedParameters: 0 0 0

#Transform 3
Transform: AffineTransform_float_3_3
Parameters: 0.99999 0.0028772 -0.00362361 -0.00289381 0.999987 -0.00436356 0.00361139 0.00437444 0.999984 0.0288227 -0.149073 0.835249
FixedParameters: 0 0 0

#Transform 4
Transform: AffineTransform_float_3_3
Parameters: 0.999999 0.000552332 -0.00115473 -0.000558665 0.999988 -0.00491436 0.00115127 0.00491464 0.999988 0.0555532 -0.201556 0.981729
FixedParameters: 0 0 0

#Transform 5
Transform: AffineTransform_float_3_3
Parameters: 0.999988 0.00132063 -0.00474357 -0.00134437 0.999987 -0.00492668 0.00473743 0.00493331 0.999976 0.127148 -0.173382 0.896148
FixedParameters: 0 0 0

#Transform 6
Transform: AffineTransform_float_3_3
Parameters: 0.999994 0.00157702 -0.00312361 -0.00159198 0.999987 -0.00480006 0.00311539 0.00480494 0.999983 0.0294221 -0.0532824 0.598289
FixedParameters: 0 0 0

#Transform 7
Transform: AffineTransform_float_3_3
Parameters: 0.999999 0.000291239 0.000795387 -0.000294764 0.999989 0.00473277 -0.000794614 -0.00473223 0.999989 0.0393964 -0.362556 0.162497
FixedParameters: 0 0 0

#Transform 8
Transform: AffineTransform_float_3_3
Parameters: 0.999996 -0.00262246 0.0011599 0.00262854 0.99998 -0.00567397 -0.0011451 0.00567702 0.999983 0.0257814 0.252671 -0.0940036
FixedParameters: 0 0 0

#Transform 9
Transform: AffineTransform_float_3_3
Parameters: 1 -0.000815311 -0.000810687 0.000811687 0.999985 -0.00530466 0.000815316 0.00530333 0.999985 0.102715 0.299884 -0.205131
FixedParameters: 0 0 0

#Transform 10
Transform: AffineTransform_float_3_3
Parameters: 1 0.000604709 -0.000364152 -0.000606291 0.999994 -0.00355578 0.000361846 0.00355622 0.999993 0.0609695 0.244995 -0.239305
FixedParameters: 0 0 0

#Transform 11
Transform: AffineTransform_float_3_3
Parameters: 0.999996 -0.000718749 -0.00276395 0.000730252 0.999992 0.004072 0.00276105 -0.004074 0.999988 0.187694 -0.363468 0.430129
FixedParameters: 0 0 0

#Transform 12
Transform: AffineTransform_float_3_3
Parameters: 0.999979 -0.00221817 -0.00610034 0.00228383 0.999939 0.0108063 0.00607566 -0.0108197 0.999923 0.396783 -0.842982 0.707596
FixedParameters: 0 0 0

#Transform 13
Transform: AffineTransform_float_3_3
Parameters: 0.999984 -0.00312045 -0.0045853 0.00317655 0.999921 0.0121586 0.00454669 -0.0121724 0.999915 0.391691 -0.96464 0.757377
FixedParameters: 0 0 0

#Transform 14
Transform: AffineTransform_float_3_3
Parameters: 0.999998 0.000768561 -0.00193157 -0.000775439 0.999994 -0.00333451 0.00192942 0.00333649 0.999992 0.107555 0.0534048 0.0659736
FixedParameters: 0 0 0

#Transform 15
Transform: AffineTransform_float_3_3
Parameters: 0.999995 0.000760797 -0.00281995 -0.000768203 0.999997 -0.00255385 0.00281804 0.00255616 0.999993 0.214054 0.0915049 -0.0926708
FixedParameters: 0 0 0

#Transform 16
Transform: AffineTransform_float_3_3
Parameters: 0.999998 0.00126943 -0.00161539 -0.00127457 0.999993 -0.00345295 0.00161061 0.00345505 0.999992 0.104061 0.16419 -0.163293
FixedParameters: 0 0 0

#Transform 17
Transform: AffineTransform_float_3_3
Parameters: 1 0.00100664 -0.000633569 -0.00100636 1 -0.000565363 0.000632431 0.000565637 0.999999 0.059562 -0.0177963 -0.126269
FixedParameters: 0 0 0

#Transform 18
Transform: AffineTransform_float_3_3
Parameters: 1 -3.94438e-05 -0.0010841 4.2556e-05 0.999997 0.00235795 0.0010839 -0.00235804 0.999996 0.0779591 -0.164554 0.0554538
FixedParameters: 0 0 0

#Transform 19
Transform: AffineTransform_float_3_3
Parameters: 0.999999 -0.000329467 -0.000875578 0.000330533 0.999999 0.00175071 0.000875422 -0.00175129 0.999998 0.0807056 -0.126275 0.0176445
FixedParameters: 0 0 0

#Transform 20
Transform: AffineTransform_float_3_3
Parameters: 0.999998 0.000416552 0.0016106 -0.000415447 0.999999 -0.00096367 -0.0016114 0.00096333 0.999998 -0.1075 0.0425656 -0.0405528
FixedParameters: 0 0 0

#Transform 21
Transform: AffineTransform_float_3_3
Parameters: 1 -0.000535164 0.000141379 0.000534836 0.999999 0.00116008 -0.000141621 -0.00115992 1 0.0111872 -0.105025 0.101114
FixedParameters: 0 0 0

#Transform 22
Transform: AffineTransform_float_3_3
Parameters: 1 -0.000331333 -0.000365606 0.000332668 0.999999 0.00182688 0.000365393 -0.00182712 0.999999 0.0276233 -0.117477 0.0566979
FixedParameters: 0 0 0

#Transform 23
Transform: AffineTransform_float_3_3
Parameters: 1 6.83089e-05 -0.00107192 -6.6691e-05 1 0.00122107 0.00107208 -0.00122093 0.999998 0.0566317 -0.0797833 0.0948441
FixedParameters: 0 0 0

#Transform 24
Transform: AffineTransform_float_3_3
Parameters: 0.999998 -0.000475221 -0.00181042 0.00047278 0.999999 -0.00122686 0.00181058 0.00122614 0.999997 0.124014 0.0683658 -0.0433733
FixedParameters: 0 0 0

#Transform 25
Transform: AffineTransform_float_3_3
Parameters: 0.999999 -0.000474785 -0.00126033 0.000472215 0.999999 -0.0014156 0.00126167 0.0014154 0.999998 0.089655 0.102455 -0.0946201
FixedParameters: 0 0 0

#Transform 26
Transform: AffineTransform_float_3_3
Parameters: 0.999999 -0.000806953 -0.00161852 0.000808049 1 0.000646694 0.00161848 -0.000648308 0.999999 0.125847 -0.0208385 -0.0422084
FixedParameters: 0 0 0

#Transform 27
Transform: AffineTransform_float_3_3
Parameters: 0.999999 -0.000673293 -0.00118483 0.000673707 0.999999 -0.000247798 0.00118517 0.000247202 1 0.106769 0.0297247 -0.0553313
FixedParameters: 0 0 0

#Transform 28
Transform: AffineTransform_float_3_3
Parameters: 0.999999 -0.000474251 -0.00116649 0.00047275 1 -0.00107255 0.00116651 0.00107145 0.999998 0.0997122 0.0809179 -0.102853
FixedParameters: 0 0 0

#Transform 29
Transform: AffineTransform_float_3_3
Parameters: 0.999999 -0.000724259 -0.00123326 0.000722741 0.999999 -0.00102089 0.00123474 0.00102011 0.999998 0.107018 0.0781457 -0.111617
FixedParameters: 0 0 0

#Transform 30
Transform: AffineTransform_float_3_3
Parameters: 1 -0.000474092 -0.00111154 0.000472909 1 -0.000981527 0.00111246 0.000981474 0.999999 0.0923964 0.0978451 -0.127
FixedParameters: 0 0 0

#Transform 31
Transform: AffineTransform_float_3_3
Parameters: 0.999999 -0.000305925 -0.00127254 0.000304076 0.999999 -0.00151239 0.00127246 0.00151261 0.999998 0.0863811 0.10835 -0.111423
FixedParameters: 0 0 0

#Transform 32
Transform: AffineTransform_float_3_3
Parameters: 0.999999 0.00107428 0.00115766 -0.00107572 0.999999 0.000617756 -0.00115733 -0.000619244 0.999999 -0.119288 -0.292953 0.724179
FixedParameters: 0 0 0

#Transform 33
Transform: AffineTransform_float_3_3
Parameters: 1 0.000587013 8.49107e-05 -0.000586987 1 -0.00015205 -8.50892e-05 0.00015195 1 -0.0542355 -0.163681 0.39849
FixedParameters: 0 0 0

#Transform 34
Transform: AffineTransform_float_3_3
Parameters: 1 0.000589318 0.000152779 -0.000588681 0.999997 -0.00207309 -0.000154221 0.00207291 0.999998 -0.052148 -0.00629027 0.228205
FixedParameters: 0 0 0

#Transform 35
Transform: AffineTransform_float_3_3
Parameters: 1 0.00018309 8.28012e-05 -0.00018291 1 -0.00108602 -8.31987e-05 0.00108599 1 -0.0395444 -0.035922 0.227153
FixedParameters: 0 0 0

#Transform 36
Transform: AffineTransform_float_3_3
Parameters: 0.999999 1.10901e-05 -0.00096801 -1.19099e-05 0.999999 -0.000939989 0.000967989 0.000940011 0.999999 0.0479365 -0.0198236 0.0945369
FixedParameters: 0 0 0

#Transform 37
Transform: AffineTransform_float_3_3
Parameters: 0.999999 -4.64101e-05 -0.000967887 4.45895e-05 0.999997 -0.00249005 0.000968114 0.00248996 0.999997 0.0506431 0.102379 0.0190966
FixedParameters: 0 0 0

#Transform 38
Transform: AffineTransform_float_3_3
Parameters: 1 -4.43016e-05 -0.000422968 4.46984e-05 0.999999 -0.000713019 0.000423032 0.000712981 0.999999 -0.00729666 -0.0118026 0.10446
FixedParameters: 0 0 0

#Transform 39
Transform: AffineTransform_float_3_3
Parameters: 1 -0.000467718 -0.000511344 0.000467282 0.999999 -0.00140424 0.000511656 0.00140376 0.999999 0.02005 0.0511967 0.0790237
FixedParameters: 0 0 0

#Transform 40
Transform: AffineTransform_float_3_3
Parameters: 1 -4.4131e-05 -0.000200971 4.38689e-05 1 -0.000652009 0.000201029 0.000651991 1 -0.0211638 -0.0234497 0.125924
FixedParameters: 0 0 0

#Transform 41
Transform: AffineTransform_float_3_3
Parameters: 1 -4.52118e-05 -0.000511894 4.4788e-05 0.999997 -0.00236702 0.000512107 0.00236698 0.999997 0.00888695 0.100134 0.0443895
FixedParameters: 0 0 0

#Transform 42
Transform: AffineTransform_float_3_3
Parameters: 0.999999 0.00114044 0.00142045 -0.00113556 0.999995 -0.00312262 -0.00142455 0.00312138 0.999994 -0.188826 0.16626 0.0078765
FixedParameters: 0 0 0

#Transform 43
Transform: AffineTransform_float_3_3
Parameters: 0.999999 0.00122297 0.00119696 -0.00121903 0.999994 -0.00331346 -0.00120105 0.00331253 0.999994 -0.152834 0.183467 0.00551913
FixedParameters: 0 0 0

#Transform 44
Transform: AffineTransform_float_3_3
Parameters: 0.999999 0.00122302 0.0013614 -0.00121897 0.999995 -0.00295266 -0.0013656 0.00295133 0.999994 -0.16533 0.17971 -0.0570266
FixedParameters: 0 0 0

#Transform 45
Transform: AffineTransform_float_3_3
Parameters: 0.999998 0.00103497 0.00135097 -0.00103103 0.999995 -0.0029364 -0.00135403 0.0029356 0.999995 -0.160855 0.185711 -0.0561829
FixedParameters: 0 0 0

#Transform 46
Transform: AffineTransform_float_3_3
Parameters: 0.999997 0.00157146 0.00198469 -0.00156654 0.999995 -0.00274912 -0.00198931 0.00274588 0.999995 -0.22797 0.187692 -0.028572
FixedParameters: 0 0 0

#Transform 47
Transform: AffineTransform_float_3_3
Parameters: 1 0.000437907 -0.000232074 -0.000439092 0.999988 -0.0047299 0.000229926 0.0047301 0.999989 -0.000814396 0.263431 -0.128333
FixedParameters: 0 0 0

#Transform 48
Transform: AffineTransform_float_3_3
Parameters: 0.999996 0.000437457 -0.0026163 -0.000451546 0.999987 -0.00517784 0.0026147 0.00517917 0.999983 0.145064 0.259589 -0.107128
FixedParameters: 0 0 0

#Transform 49
Transform: AffineTransform_float_3_3
Parameters: 0.999997 -0.000168497 -0.00236334 0.0001585 0.999992 -0.00401839 0.00236466 0.00401761 0.999989 0.134942 0.201468 -0.0829483
FixedParameters: 0 0 0

#Transform 50
Transform: AffineTransform_float_3_3
Parameters: 0.999999 -0.000285538 -0.00145392 0.000279462 0.999992 -0.00380741 0.00145507 0.00380759 0.999991 0.0481167 0.192274 -0.090007
FixedParameters: 0 0 0

#Transform 51
Transform: AffineTransform_float_3_3
Parameters: 0.999999 9.32577e-05 -0.00157448 -0.00010174 0.999988 -0.00491784 0.00157352 0.00491815 0.999986 0.0736894 0.302771 -0.154724
FixedParameters: 0 0 0

#Transform 52
Transform: AffineTransform_float_3_3
Parameters: 1 -0.000500334 -0.000973786 0.000495666 0.99999 -0.00444548 0.000976213 0.00444551 0.999989 0.0450987 0.281503 -0.167586
FixedParameters: 0 0 0

#Transform 53
Transform: AffineTransform_float_3_3
Parameters: 0.999999 -0.000278878 -0.00171858 0.000270121 0.999986 -0.00516347 0.00172042 0.00516353 0.999985 0.0785296 0.318984 -0.18889
FixedParameters: 0 0 0

#Transform 54
Transform: AffineTransform_float_3_3
Parameters: 0.999999 -0.00048906 -0.00176925 0.000478936 0.999983 -0.00568186 0.00177275 0.00568114 0.999983 0.0858732 0.340753 -0.184672
FixedParameters: 0 0 0

#Transform 55
Transform: AffineTransform_float_3_3
Parameters: 0.999998 -0.00038771 -0.00184799 0.00037829 0.999986 -0.00525171 0.00185001 0.0052513 0.999985 0.0983483 0.296071 -0.199187
FixedParameters: 0 0 0

#Transform 56
Transform: AffineTransform_float_3_3
Parameters: 0.999998 -0.00105028 -0.00198407 0.00103872 0.999984 -0.00567808 0.00198993 0.00567593 0.999982 0.150252 0.336483 -0.230534
FixedParameters: 0 0 0

#Transform 57
Transform: AffineTransform_float_3_3
Parameters: 0.999993 -0.00193097 -0.00341132 0.00190304 0.999964 -0.00818155 0.00342668 0.00817544 0.99996 0.292693 0.47997 -0.301371
FixedParameters: 0 0 0

#Transform 58
Transform: AffineTransform_float_3_3
Parameters: 0.999998 -0.000715715 -0.00175507 0.000706286 0.999984 -0.00552925 0.00175893 0.00552875 0.999983 0.0998286 0.329468 -0.204624
FixedParameters: 0 0 0

#Transform 59
Transform: AffineTransform_float_3_3
Parameters: 0.999998 -0.000777391 -0.00188074 0.00076661 0.999985 -0.00551846 0.00188526 0.00551755 0.999983 0.10097 0.347219 -0.232786
FixedParameters: 0 0 0

#Transform 60
Transform: AffineTransform_float_3_3
Parameters: 0.999998 -0.000492963 -0.00164033 0.000484039 0.999985 -0.0054598 0.00164267 0.0054592 0.999983 0.0684302 0.336332 -0.203515
FixedParameters: 0 0 0

#Transform 61
Transform: AffineTransform_float_3_3
Parameters: 0.999998 -0.000735174 -0.00219095 0.000723827 0.999985 -0.0055516 0.00219505 0.0055504 0.999982 0.120648 0.34256 -0.229063
FixedParameters: 0 0 0

#Transform 62
Transform: AffineTransform_float_3_3
Parameters: 0.999997 -0.000795612 -0.00201885 0.000785387 0.999986 -0.0052516 0.00202315 0.0052504 0.999984 0.116919 0.319379 -0.227143
FixedParameters: 0 0 0

#Transform 63
Transform: AffineTransform_float_3_3
Parameters: 0.999997 -0.000978541 -0.00218988 0.000966458 0.999985 -0.00526513 0.00219512 0.00526286 0.999983 0.1316 0.322143 -0.237631
FixedParameters: 0 0 0

#Transform 64
Transform: AffineTransform_float_3_3
Parameters: 0.999995 -0.000980703 -0.00275215 0.000966298 0.999987 -0.00497568 0.00275684 0.00497332 0.999984 0.197896 0.282212 -0.203829
FixedParameters: 0 0 0

#Transform 65
Transform: AffineTransform_float_3_3
Parameters: 0.999986 -0.00263801 -0.00445103 0.00263299 0.999996 -0.00113174 0.00445397 0.00112027 0.99999 0.31277 0.00995993 0.0980709
FixedParameters: 0 0 0

#Transform 66
Transform: AffineTransform_float_3_3
Parameters: 0.999981 -0.00402061 -0.00481363 0.0040574 0.999963 0.00757462 0.00478336 -0.00759438 0.999959 0.381803 -0.530473 0.448604
FixedParameters: 0 0 0

#Transform 67
Transform: AffineTransform_float_3_3
Parameters: 0.99997 -0.00573516 -0.00531836 0.00578584 0.999937 0.00959452 0.00526264 -0.00962548 0.99994 0.492019 -0.781658 0.735561
FixedParameters: 0 0 0

#Transform 68
Transform: AffineTransform_float_3_3
Parameters: 0.999997 -0.00207378 -0.00140458 0.00206622 0.999982 -0.00551792 0.00141642 0.00551508 0.999984 0.152692 0.261525 -0.158793
FixedParameters: 0 0 0

#Transform 69
Transform: AffineTransform_float_3_3
Parameters: 0.999997 -0.0014144 -0.00189909 0.0014016 0.999974 -0.00703869 0.00190891 0.00703532 0.999974 0.142651 0.419117 -0.318886
FixedParameters: 0 0 0

#Transform 70
Transform: AffineTransform_float_3_3
Parameters: 0.999996 -0.00135068 -0.00241164 0.00133232 0.999969 -0.00772825 0.00242237 0.00772576 0.999967 0.172459 0.475669 -0.408757
FixedParameters: 0 0 0

#Transform 71
Transform: AffineTransform_float_3_3
Parameters: 0.999997 -0.00177425 -0.00199076 0.00175675 0.999961 -0.00863353 0.00200624 0.00863047 0.99996 0.154169 0.536562 -0.454323
FixedParameters: 0 0 0

#Transform 72
Transform: AffineTransform_float_3_3
Parameters: 0.999997 -0.0016904 -0.00167357 0.00167759 0.999967 -0.00797783 0.00168744 0.00797517 0.999967 0.136707 0.512805 -0.469136
FixedParameters: 0 0 0

#Transform 73
Transform: AffineTransform_float_3_3
Parameters: 0.999999 -0.000964785 -0.00121407 0.000956215 0.999974 -0.00721617 0.00122093 0.00721484 0.999973 0.107632 0.436681 -0.32024
FixedParameters: 0 0 0

#Transform 74
Transform: AffineTransform_float_3_3
Parameters: 0.999998 -0.00108505 -0.00175399 0.00107195 0.999972 -0.00742289 0.001762 0.0074211 0.999971 0.165417 0.500418 -0.448722
FixedParameters: 0 0 0

#Transform 75
Transform: AffineTransform_float_3_3
Parameters: 0.999997 -0.00123297 -0.00180689 0.00122102 0.999978 -0.00661323 0.00181511 0.00661078 0.999977 0.144654 0.444108 -0.368858
FixedParameters: 0 0 0

#Transform 76
Transform: AffineTransform_float_3_3
Parameters: 0.999997 -0.00120156 -0.0018583 0.00118743 0.999973 -0.00728122 0.00186769 0.00727977 0.999972 0.160376 0.48976 -0.430109
FixedParameters: 0 0 0

#Transform 77
Transform: AffineTransform_float_3_3
Parameters: 0.999997 -0.00158045 -0.00184138 0.00156855 0.999976 -0.00674491 0.00185162 0.00674209 0.999975 0.153693 0.482809 -0.38894
FixedParameters: 0 0 0

#Transform 78
Transform: AffineTransform_float_3_3
Parameters: 0.999998 -0.00152088 -0.00168726 0.00151012 0.999978 -0.00643057 0.00169675 0.00642844 0.999978 0.139626 0.452586 -0.354323
FixedParameters: 0 0 0

#Transform 79
Transform: AffineTransform_float_3_3
Parameters: 0.999997 -0.00161915 -0.00219664 0.00160485 0.999978 -0.00642755 0.00220736 0.00642345 0.999977 0.184388 0.469724 -0.353138
FixedParameters: 0 0 0

#Transform 80
Transform: AffineTransform_float_3_3
Parameters: 0.999996 -0.00185411 -0.00221828 0.00183989 0.999978 -0.00634511 0.00223072 0.00634089 0.999978 0.187516 0.447856 -0.369075
FixedParameters: 0 0 0

#Transform 81
Transform: AffineTransform_float_3_3
Parameters: 0.999997 -0.00187455 -0.00197611 0.00186345 0.999982 -0.00582971 0.00198689 0.0058263 0.999981 0.170942 0.409806 -0.339818
FixedParameters: 0 0 0

#Transform 82
Transform: AffineTransform_float_3_3
Parameters: 0.999996 -0.00148535 -0.00243832 0.00147066 0.999981 -0.00587461 0.00244668 0.00587139 0.99998 0.18185 0.416514 -0.355034
FixedParameters: 0 0 0

#Transform 83
Transform: AffineTransform_float_3_3
Parameters: 0.999996 -0.0018763 -0.0021193 0.0018637 0.999978 -0.00626197 0.00213071 0.00625803 0.999978 0.179991 0.4508 -0.37933
FixedParameters: 0 0 0

#Transform 84
Transform: AffineTransform_float_3_3
Parameters: 0.999995 -0.0018765 -0.00224077 0.0018635 0.99998 -0.00601021 0.00225224 0.0060058 0.99998 0.180266 0.408923 -0.357772
FixedParameters: 0 0 0

#Transform 85
Transform: AffineTransform_float_3_3
Parameters: 0.999997 -0.00187181 -0.00170035 0.00186319 0.999985 -0.00517019 0.00170965 0.00516782 0.999985 0.131496 0.38981 -0.296694
FixedParameters: 0 0 0

#Transform 86
Transform: AffineTransform_float_3_3
Parameters: 0.999995 -0.00192604 -0.00220253 0.00191396 0.999984 -0.00545424 0.00221347 0.00544976 0.999982 0.172036 0.393819 -0.326298
FixedParameters: 0 0 0

#Transform 87
Transform: AffineTransform_float_3_3
Parameters: 0.999996 -0.00161496 -0.00206146 0.00160403 0.999984 -0.00530832 0.00207054 0.00530467 0.999984 0.1645 0.398951 -0.347098
FixedParameters: 0 0 0

#Transform 88
Transform: AffineTransform_float_3_3
Parameters: 0.999997 -0.001613 -0.0018291 0.001604 0.999986 -0.00491095 0.0018369 0.00490805 0.999987 0.156591 0.391488 -0.348302
FixedParameters: 0 0 0

#Transform 89
Transform: AffineTransform_float_3_3
Parameters: 0.999996 -0.00161422 -0.00203192 0.00160378 0.999986 -0.00502328 0.00204008 0.00501973 0.999986 0.147753 0.388399 -0.32967
FixedParameters: 0 0 0

#Transform 90
Transform: AffineTransform_float_3_3
Parameters: 0.999996 -0.00179452 -0.00222697 0.00178148 0.999982 -0.00561099 0.00223703 0.00560701 0.999982 0.172034 0.422303 -0.359079
FixedParameters: 0 0 0

#Transform 91
Transform: AffineTransform_float_3_3
Parameters: 0.999995 -0.00190353 -0.00247011 0.00188747 0.999978 -0.00627469 0.00248189 0.0062703 0.999978 0.197191 0.467869 -0.416966
FixedParameters: 0 0 0

#Transform 92
Transform: AffineTransform_float_3_3
Parameters: 0.999994 -0.00214894 -0.00267146 0.00213206 0.999977 -0.00632773 0.00268554 0.00632227 0.999977 0.198551 0.471742 -0.439332
FixedParameters: 0 0 0

#Transform 93
Transform: AffineTransform_float_3_3
Parameters: 0.999996 -0.0017113 -0.00231477 0.00169571 0.999977 -0.00659395 0.00232523 0.00659004 0.999975 0.167288 0.490588 -0.408698
FixedParameters: 0 0 0

#Transform 94
Transform: AffineTransform_float_3_3
Parameters: 0.999997 -0.0016172 -0.00215918 0.0016038 0.99998 -0.00610049 0.00216982 0.00609751 0.999979 0.155782 0.471549 -0.41023
FixedParameters: 0 0 0

#Transform 95
Transform: AffineTransform_float_3_3
Parameters: 0.999995 -0.00203473 -0.00266583 0.00202027 0.999983 -0.00551542 0.00267718 0.00550958 0.999981 0.195843 0.429727 -0.397679
FixedParameters: 0 0 0

#Transform 96
Transform: AffineTransform_float_3_3
Parameters: 0.999996 -0.00161882 -0.00241413 0.00160318 0.99998 -0.0061299 0.00242387 0.0061261 0.999979 0.171647 0.485023 -0.41029
FixedParameters: 0 0 0

#Transform 97
Transform: AffineTransform_float_3_3
Parameters: 0.999997 -0.000516423 -0.0021371 0.000499578 0.999971 -0.00767809 0.0021409 0.00767692 0.999968 0.13698 0.570931 -0.421112
FixedParameters: 0 0 0

#Transform 98
Transform: AffineTransform_float_3_3
Parameters: 0.999999 -0.000551062 -0.00132665 0.000537945 0.999951 -0.00982572 0.00133135 0.00982527 0.999951 0.0929396 0.70695 -0.538818
FixedParameters: 0 0 0

#Transform 99
Transform: AffineTransform_float_3_3
Parameters: 1 -0.000357536 -0.00109599 0.000345463 0.999935 -0.0114174 0.00110002 0.0114166 0.999934 0.0743928 0.790039 -0.56627
FixedParameters: 0 0 0

#Transform 100
Transform: AffineTransform_float_3_3
Parameters: 1 -0.000371653 -0.000592491 0.000365351 0.999954 -0.00951321 0.000595502 0.00951277 0.999954 0.0347862 0.689577 -0.484498
FixedParameters: 0 0 0

#Transform 101
Transform: AffineTransform_float_3_3
Parameters: 1 -4.71426e-06 0.000302044 6.28542e-06 0.999972 -0.007568 -0.000301961 0.00756801 0.999972 -0.0488782 0.574936 -0.426755
FixedParameters: 0 0 0

#Transform 102
Transform: AffineTransform_float_3_3
Parameters: 0.999999 0.000497732 -0.000584527 -0.000503272 0.999959 -0.00904671 0.00058047 0.00904729 0.999959 -0.0101241 0.660532 -0.490381
FixedParameters: 0 0 0

#Transform 103
Transform: AffineTransform_float_3_3
Parameters: 1 -0.00103767 0.000250838 0.00103933 0.999954 -0.00946974 -0.000241169 0.00946925 0.999955 -0.024567 0.619606 -0.326607
FixedParameters: 0 0 0

#Transform 104
Transform: AffineTransform_float_3_3
Parameters: 0.999996 -0.00227726 -0.00130542 0.00227074 0.999982 -0.00553398 0.00131758 0.00553102 0.999984 0.16153 0.32894 -0.106278
FixedParameters: 0 0 0

#Transform 105
Transform: AffineTransform_float_3_3
Parameters: 0.999998 -0.00202493 -0.0010183 0.00201908 0.999981 -0.00578507 0.0010297 0.00578293 0.999982 0.107783 0.424301 -0.275807
FixedParameters: 0 0 0

#Transform 106
Transform: AffineTransform_float_3_3
Parameters: 0.999998 -0.00177191 -0.00101807 0.00176509 0.999975 -0.00674681 0.00102993 0.00674519 0.999976 0.0867725 0.514593 -0.345961
FixedParameters: 0 0 0

#Transform 107
Transform: AffineTransform_float_3_3
Parameters: 0.999999 -0.00136037 -0.00119064 0.00135264 0.99998 -0.00616662 0.00119836 0.00616538 0.999981 0.101369 0.455141 -0.326187
FixedParameters: 0 0 0

#Transform 108
Transform: AffineTransform_float_3_3
Parameters: 0.999999 -0.0016085 0.000818926 0.0016185 0.99993 -0.0117307 -0.000800069 0.0117313 0.999931 0.066113 1.07463 -0.927814
FixedParameters: 0 0 0

#Transform 109
Transform: AffineTransform_float_3_3
Parameters: 0.999995 -0.00283584 0.000726491 0.00284216 0.999959 -0.00862597 -0.000701506 0.00862802 0.999962 0.0208692 0.553591 -0.622744
FixedParameters: 0 0 0

#Transform 110
Transform: AffineTransform_float_3_3
Parameters: 0.999992 -0.00265336 0.00305417 0.00265764 0.999996 -0.00118889 -0.00305083 0.0011971 0.999994 -0.101775 -0.136857 0.510321
FixedParameters: 0 0 0

#Transform 111
Transform: AffineTransform_float_3_3
Parameters: 0.999977 -0.00330906 0.00588453 0.00333294 0.999986 -0.00406348 -0.00587048 0.00408252 0.999975 -0.328844 -0.0583101 0.834194
FixedParameters: 0 0 0

#Transform 112
Transform: AffineTransform_float_3_3
Parameters: 0.999989 -0.00375158 0.00289781 0.00378242 0.999937 -0.0105642 -0.00285818 0.0105748 0.99994 -0.0724322 0.542999 -0.224926
FixedParameters: 0 0 0

#Transform 113
Transform: AffineTransform_float_3_3
Parameters: 0.99999 -0.00376083 0.00234136 0.00378217 0.999952 -0.00910524 -0.00230664 0.00911377 0.999956 0.0023719 0.599741 -0.286535
FixedParameters: 0 0 0

#Transform 114
Transform: AffineTransform_float_3_3
Parameters: 0.999971 -0.00511108 0.00566587 0.00516792 0.999936 -0.010077 -0.00561413 0.010106 0.999933 -0.0392614 0.6646 -0.69139
FixedParameters: 0 0 0

#Transform 115
Transform: AffineTransform_float_3_3
Parameters: 0.999989 -0.00429934 0.00220478 0.00432566 0.999916 -0.0122326 -0.00215222 0.0122424 0.999922 0.10373 0.731412 -0.37879
FixedParameters: 0 0 0

#Transform 116
Transform: AffineTransform_float_3_3
Parameters: 0.99998 -0.00513018 0.00387859 0.00517081 0.99993 -0.0105882 -0.00382342 0.0106078 0.999937 0.0668678 0.806838 -0.794371
FixedParameters: 0 0 0

#Transform 117
Transform: AffineTransform_float_3_3
Parameters: 0.999984 -0.00472745 0.00316699 0.00477055 0.999892 -0.0138871 -0.00310102 0.0139019 0.999899 0.040904 1.00892 -0.874959
FixedParameters: 0 0 0

#Transform 118
Transform: AffineTransform_float_3_3
Parameters: 0.999984 -0.00496283 0.00250234 0.00498017 0.999964 -0.00690164 -0.00246865 0.00691436 0.999973 0.0451388 0.610161 -0.513599
FixedParameters: 0 0 0

#Transform 119
Transform: AffineTransform_float_3_3
Parameters: 0.999985 -0.00454032 0.00304804 0.00456068 0.999967 -0.0068132 -0.00301696 0.0068278 0.999972 0.121987 0.554112 -0.411327
FixedParameters: 0 0 0

#Transform 120
Transform: AffineTransform_float_3_3
Parameters: 0.999985 -0.00427518 0.003243 0.00430282 0.999953 -0.00862016 -0.003206 0.00863382 0.999957 0.069885 0.623404 -0.43605
FixedParameters: 0 0 0

#Transform 121
Transform: AffineTransform_float_3_3
Parameters: 0.99999 -0.00408506 0.00178897 0.00410694 0.999914 -0.0124388 -0.00173804 0.0124452 0.999921 0.166517 1.02742 -1.12905
FixedParameters: 0 0 0

#Transform 122
Transform: AffineTransform_float_3_3
Parameters: 0.999989 -0.00461091 0.000961917 0.0046221 0.999905 -0.0129747 -0.000902094 0.0129793 0.999916 0.155353 1.10373 -1.21326
FixedParameters: 0 0 0

#Transform 123
Transform: AffineTransform_float_3_3
Parameters: 0.999988 -0.00496825 0.000673365 0.00497776 0.999869 -0.0153528 -0.000597639 0.0153562 0.999882 0.163833 1.27913 -1.33195
FixedParameters: 0 0 0

#Transform 124
Transform: AffineTransform_float_3_3
Parameters: 0.999989 -0.00453257 0.00128465 0.00455142 0.999868 -0.0155493 -0.00121336 0.0155547 0.999879 0.0530202 1.15546 -1.13008
FixedParameters: 0 0 0

#Transform 125
Transform: AffineTransform_float_3_3
Parameters: 0.999988 -0.00369679 0.00297452 0.00374022 0.999885 -0.014655 -0.00292048 0.014666 0.999888 -0.11041 0.981758 -0.700762
FixedParameters: 0 0 0

#Transform 126
Transform: AffineTransform_float_3_3
Parameters: 0.999985 -0.00234196 0.00495355 0.00244005 0.9998 -0.0198792 -0.00490645 0.0198908 0.99979 -0.228152 1.33356 -0.882684
FixedParameters: 0 0 0

#Transform 127
Transform: AffineTransform_float_3_3
Parameters: 0.999983 -0.00127842 0.00568318 0.00136458 0.999882 -0.0152575 -0.00566284 0.0152645 0.999868 -0.297319 1.15639 -1.0437
FixedParameters: 0 0 0

#Transform 128
Transform: AffineTransform_float_3_3
Parameters: 0.999986 -0.00139991 0.00511219 0.00148209 0.99987 -0.0160897 -0.00508881 0.0160964 0.999858 -0.261779 1.25848 -1.23998
FixedParameters: 0 0 0

#Transform 129
Transform: AffineTransform_float_3_3
Parameters: 0.999988 -0.00278857 0.0040545 0.00285543 0.99986 -0.0164736 -0.00400749 0.0164844 0.999856 -0.16807 1.31256 -1.29185
FixedParameters: 0 0 0

#Transform 130
Transform: AffineTransform_float_3_3
Parameters: 0.999988 -0.00390223 0.00302826 0.00395777 0.999819 -0.0186342 -0.00295474 0.0186458 0.999822 -0.0518284 1.43559 -1.30498
FixedParameters: 0 0 0

#Transform 131
Transform: AffineTransform_float_3_3
Parameters: 0.999984 -0.00556409 0.00110361 0.00558392 0.999805 -0.0189411 -0.000998397 0.0189469 0.99982 0.139838 1.42922 -1.32473
FixedParameters: 0 0 0

#Transform 132
Transform: AffineTransform_float_3_3
Parameters: 0.999985 -0.00422458 0.00328231 0.00429142 0.99978 -0.0204972 -0.00319568 0.0205118 0.999785 -0.00964788 1.57314 -1.45084
FixedParameters: 0 0 0

#Transform 133
Transform: AffineTransform_float_3_3
Parameters: 0.999986 -0.00394402 0.00348139 0.00401097 0.999803 -0.0194473 -0.00340361 0.0194607 0.999805 -0.0407601 1.52995 -1.43844
FixedParameters: 0 0 0

#Transform 134
Transform: AffineTransform_float_3_3
Parameters: 0.999987 -0.00306508 0.00409582 0.00314593 0.999797 -0.0198994 -0.00403418 0.0199116 0.999793 -0.111068 1.54714 -1.42943
FixedParameters: 0 0 0

#Transform 135
Transform: AffineTransform_float_3_3
Parameters: 0.999985 -0.00336078 0.00415601 0.00344222 0.9998 -0.019692 -0.00408899 0.019706 0.999798 -0.101362 1.5238 -1.45493
FixedParameters: 0 0 0

#Transform 136
Transform: AffineTransform_float_3_3
Parameters: 0.999987 -0.0034641 0.00374379 0.0035369 0.999801 -0.019643 -0.00367521 0.019656 0.9998 -0.0829436 1.53856 -1.42263
FixedParameters: 0 0 0

#Transform 137
Transform: AffineTransform_float_3_3
Parameters: 0.999989 -0.00289947 0.00373211 0.00297453 0.999793 -0.0201211 -0.00367287 0.0201319 0.99979 -0.103006 1.56831 -1.45402
FixedParameters: 0 0 0

#Transform 138
Transform: AffineTransform_float_3_3
Parameters: 0.99999 -0.00282044 0.00344037 0.00288855 0.999794 -0.0200883 -0.00338264 0.0200977 0.999793 -0.0922976 1.6065 -1.51214
FixedParameters: 0 0 0

#Transform 139
Transform: AffineTransform_float_3_3
Parameters: 0.999988 -0.00310546 0.00363043 0.00317752 0.999797 -0.0198677 -0.00356756 0.0198783 0.999796 -0.0869127 1.59382 -1.53858
FixedParameters: 0 0 0

#Transform 140
Transform: AffineTransform_float_3_3
Parameters: 0.999988 -0.0029727 0.00400904 0.0030513 0.999797 -0.019922 -0.00394898 0.019934 0.999794 -0.12862 1.59776 -1.58512
FixedParameters: 0 0 0

#Transform 141
Transform: AffineTransform_float_3_3
Parameters: 0.999986 -0.00312238 0.00428153 0.00320963 0.999787 -0.0203756 -0.00421746 0.0203895 0.999783 -0.139264 1.62681 -1.59375
FixedParameters: 0 0 0

#Transform 142
Transform: AffineTransform_float_3_3
Parameters: 0.999986 -0.00382885 0.00346611 0.00389917 0.999783 -0.0204647 -0.00338789 0.0204772 0.999784 -0.0756082 1.63431 -1.60718
FixedParameters: 0 0 0

#Transform 143
Transform: AffineTransform_float_3_3
Parameters: 0.999986 -0.0043261 0.00308374 0.00438791 0.999783 -0.0203578 -0.00299527 0.0203702 0.999788 -0.0277876 1.64521 -1.62841
FixedParameters: 0 0 0

#Transform 144
Transform: AffineTransform_float_3_3
Parameters: 0.999984 -0.00482072 0.00293081 0.00486627 0.999866 -0.015644 -0.00285419 0.015658 0.999874 -0.0119155 1.31688 -1.38872
FixedParameters: 0 0 0

#Transform 145
Transform: AffineTransform_float_3_3
Parameters: 0.999973 -0.00491637 0.00558537 0.00500364 0.999863 -0.0157855 -0.00550764 0.0158125 0.99986 -0.212089 1.28258 -1.22715
FixedParameters: 0 0 0

#Transform 146
Transform: AffineTransform_float_3_3
Parameters: 0.999978 -0.00436621 0.00496013 0.00444981 0.999849 -0.0168053 -0.00488687 0.0168267 0.999847 -0.195595 1.4027 -1.41013
FixedParameters: 0 0 0

#Transform 147
Transform: AffineTransform_float_3_3
Parameters: 0.99998 -0.00409502 0.00480655 0.00417298 0.999858 -0.0163283 -0.00473846 0.0163477 0.999855 -0.172373 1.39069 -1.46569
FixedParameters: 0 0 0

#Transform 148
Transform: AffineTransform_float_3_3
Parameters: 0.999978 -0.0040266 0.00512859 0.00411039 0.999858 -0.0163563 -0.0050614 0.0163767 0.999853 -0.19147 1.40604 -1.51846
FixedParameters: 0 0 0

#Transform 149
Transform: AffineTransform_float_3_3
Parameters: 0.999977 -0.0042969 0.00537253 0.00438012 0.99987 -0.0155538 -0.00530547 0.0155762 0.999864 -0.206171 1.37142 -1.50599
FixedParameters: 0 0 0

#Transform 150
Transform: AffineTransform_float_3_3
Parameters: 0.999979 -0.00574154 0.00300446 0.00579146 0.999837 -0.017063 -0.00290655 0.01708 0.99985 -0.00200867 1.44529 -1.49365
FixedParameters: 0 0 0

#Transform 151
Transform: AffineTransform_float_3_3
Parameters: 0.999983 -0.00554369 0.0018893 0.00557231 0.999859 -0.0158798 -0.00180071 0.0158903 0.999872 0.083487 1.34837 -1.46728
FixedParameters: 0 0 0

#Transform 152
Transform: AffineTransform_float_3_3
Parameters: 0.999979 -0.00609221 0.00196394 0.00612179 0.999861 -0.0155383 -0.00186906 0.0155507 0.999878 0.10057 1.36287 -1.52002
FixedParameters: 0 0 0

#Transform 153
Transform: AffineTransform_float_3_3
Parameters: 0.999981 -0.00544423 0.00268216 0.00548278 0.999878 -0.0146646 -0.00260283 0.0146794 0.999889 0.0573884 1.28841 -1.41885
FixedParameters: 0 0 0

#Transform 154
Transform: AffineTransform_float_3_3
Parameters: 0.999983 -0.00572712 0.000944849 0.00574388 0.999826 -0.0177549 -0.000843135 0.0177601 0.999842 0.282916 1.54207 -1.76201
FixedParameters: 0 0 0

#Transform 155
Transform: AffineTransform_float_3_3
Parameters: 0.999982 -0.00584071 0.00130811 0.00586128 0.999853 -0.0160806 -0.00121389 0.0160874 0.99987 0.13356 1.34998 -1.3837
FixedParameters: 0 0 0

#Transform 156
Transform: AffineTransform_float_3_3
Parameters: 0.999986 -0.00528114 0.00121855 0.00530087 0.999843 -0.0169198 -0.00112945 0.0169262 0.999856 0.105362 1.42719 -1.47258
FixedParameters: 0 0 0

#Transform 157
Transform: AffineTransform_float_3_3
Parameters: 0.999984 -0.00521058 0.00195227 0.00524641 0.999814 -0.0185981 -0.00185472 0.018608 0.999825 0.0762501 1.56458 -1.63631
FixedParameters: 0 0 0

#Transform 158
Transform: AffineTransform_float_3_3
Parameters: 0.999984 -0.00524047 0.00184891 0.00527253 0.999834 -0.0174805 -0.00175707 0.0174905 0.999845 0.042089 1.50264 -1.62183
FixedParameters: 0 0 0

#Transform 159
Transform: AffineTransform_float_3_3
Parameters: 0.999985 -0.00520513 0.00136083 0.00522887 0.999821 -0.0181712 -0.00126618 0.0181779 0.999834 0.0977063 1.56469 -1.71733
FixedParameters: 0 0 0

#Transform 160
Transform: AffineTransform_float_3_3
Parameters: 0.999985 -0.00523099 0.00154401 0.00525701 0.999835 -0.0173501 -0.00145299 0.0173579 0.999849 0.0621031 1.52037 -1.65199
FixedParameters: 0 0 0

#Transform 161
Transform: AffineTransform_float_3_3
Parameters: 0.999986 -0.00524443 0.000671497 0.00525557 0.999814 -0.0185667 -0.00057451 0.0185703 0.999828 0.169284 1.54923 -1.63407
FixedParameters: 0 0 0

#Transform 162
Transform: AffineTransform_float_3_3
Parameters: 0.999985 -0.00539244 0.00100706 0.00541156 0.999797 -0.0194439 -0.000901939 0.0194482 0.999811 0.145506 1.57719 -1.63936
FixedParameters: 0 0 0

#Transform 163
Transform: AffineTransform_float_3_3
Parameters: 0.999985 -0.00538612 0.000910277 0.00540288 0.999792 -0.0196964 -0.000803727 0.0197006 0.999805 0.156835 1.64474 -1.69492
FixedParameters: 0 0 0

#Transform 164
Transform: AffineTransform_float_3_3
Parameters: 0.999987 -0.00500439 0.00119621 0.0050236 0.999843 -0.0169902 -0.00111079 0.0169968 0.999855 0.0902965 1.42729 -1.40191
FixedParameters: 0 0 0

#Transform 165
Transform: AffineTransform_float_3_3
Parameters: 0.999986 -0.00531751 0.00101424 0.0053355 0.999801 -0.0191889 -0.000912771 0.0191941 0.999816 0.149627 1.58005 -1.64427
FixedParameters: 0 0 0

#Transform 166
Transform: AffineTransform_float_3_3
Parameters: 0.999986 -0.00506971 0.00119243 0.0050913 0.999815 -0.0185832 -0.00109856 0.0185888 0.999826 0.111599 1.58162 -1.70927
FixedParameters: 0 0 0

#Transform 167
Transform: AffineTransform_float_3_3
Parameters: 0.999987 -0.00506603 0.00133929 0.00509096 0.9998 -0.0193484 -0.00124072 0.0193545 0.999812 0.106553 1.61877 -1.68463
FixedParameters: 0 0 0

#Transform 168
Transform: AffineTransform_float_3_3
Parameters: 0.999985 -0.00547847 0.0011408 0.00549954 0.999788 -0.019816 -0.00103221 0.019822 0.999803 0.143293 1.63737 -1.73753
FixedParameters: 0 0 0

#Transform 169
Transform: AffineTransform_float_3_3
Parameters: 0.999987 -0.00507126 0.00110761 0.00509073 0.999814 -0.0186156 -0.0010124 0.0186204 0.999826 0.133911 1.58626 -1.7281
FixedParameters: 0 0 0

#Transform 170
Transform: AffineTransform_float_3_3
Parameters: 0.999985 -0.00545034 0.00123318 0.00547166 0.999833 -0.0174255 -0.00113781 0.0174325 0.999848 0.101848 1.51305 -1.63333
FixedParameters: 0 0 0

#Transform 171
Transform: AffineTransform_float_3_3
Parameters: 0.999987 -0.00488637 0.000971738 0.00490264 0.999828 -0.0179215 -0.000884265 0.0179265 0.999839 0.101069 1.51362 -1.55331
FixedParameters: 0 0 0

#Transform 172
Transform: AffineTransform_float_3_3
Parameters: 0.999985 -0.00554213 0.000552654 0.00555088 0.999829 -0.0176032 -0.00045535 0.0176058 0.999845 0.180127 1.5197 -1.62674
FixedParameters: 0 0 0

#Transform 173
Transform: AffineTransform_float_3_3
Parameters: 0.999985 -0.00547877 0.000456216 0.00548624 0.999828 -0.0177298 -0.000359778 0.0177322 0.999842 0.151212 1.52575 -1.6162
FixedParameters: 0 0 0

#Transform 174
Transform: AffineTransform_float_3_3
Parameters: 0.999986 -0.00526831 0.000778359 0.00528168 0.999836 -0.0173171 -0.000686629 0.0173209 0.999849 0.126553 1.48496 -1.57863
FixedParameters: 0 0 0

#Transform 175
Transform: AffineTransform_float_3_3
Parameters: 0.999989 -0.00465804 0.000845946 0.00467295 0.999815 -0.0186322 -0.000759056 0.0186357 0.999826 0.0606768 1.52522 -1.52989
FixedParameters: 0 0 0

#Transform 176
Transform: AffineTransform_float_3_3
Parameters: 0.999985 -0.00509486 0.00166163 0.00512214 0.999846 -0.0167567 -0.00157637 0.0167653 0.999858 0.0581489 1.46593 -1.55901
FixedParameters: 0 0 0

#Transform 177
Transform: AffineTransform_float_3_3
Parameters: 0.999985 -0.00526753 0.00158616 0.00529246 0.99985 -0.0165018 -0.00149884 0.0165101 0.999862 0.0612048 1.45851 -1.6207
FixedParameters: 0 0 0

#Transform 178
Transform: AffineTransform_float_3_3
Parameters: 0.999984 -0.00550791 0.0016403 0.00553409 0.999851 -0.0163492 -0.00154971 0.0163578 0.999865 0.0695666 1.4492 -1.61752
FixedParameters: 0 0 0

#Transform 179
Transform: AffineTransform_float_3_3
Parameters: 0.999983 -0.00572586 0.000879552 0.00573913 0.999839 -0.0170122 -0.000781459 0.0170178 0.999855 0.141011 1.4846 -1.59979
FixedParameters: 0 0 0
