#Insight Transform File V1.0
#Transform 0
Transform: AffineTransform_float_3_3
Parameters: 1 -0.000481007 -0.000110969 0.000480993 1 -6.50534e-05 0.000111031 6.49466e-05 1 0.0604516 -0.052322 -0.31041
FixedParameters: 0 0 0

#Transform 1
Transform: AffineTransform_float_3_3
Parameters: 0.999999 0.000875046 -0.000103607 -0.000874953 0.999999 0.000449091 0.000103393 -0.000448909 1 0.0241382 0.0498526 -0.0143669
FixedParameters: 0 0 0

#Transform 2
Transform: AffineTransform_float_3_3
Parameters: 0.999999 0.000965816 0.000316562 -0.000965184 1 0.000581695 -0.000315438 -0.000582305 1 0.00556476 0.132335 -0.0348489
FixedParameters: 0 0 0

#Transform 3
Transform: AffineTransform_float_3_3
Parameters: 0.999999 0.000876908 0.000458174 -0.00087709 0.999999 0.000198598 -0.000457826 -0.000198401 1 0.00629567 0.144535 -0.01735
FixedParameters: 0 0 0

#Transform 4
Transform: AffineTransform_float_3_3
Parameters: 0.999999 0.000706737 0.000368503 -0.000707262 0.999999 0.000711739 -0.000368496 -0.00071226 0.999999 0.0553649 0.139303 -0.047384
FixedParameters: 0 0 0

#Transform 5
Transform: AffineTransform_float_3_3
Parameters: 0.999999 0.000370747 0.000686137 -0.000371254 1 0.000369745 -0.000685863 -0.000369254 0.999999 0.0103347 0.13376 -0.0389982
FixedParameters: 0 0 0

#Transform 6
Transform: AffineTransform_float_3_3
Parameters: 1 2.6988e-05 0.000664 -2.70119e-05 1 1.79821e-05 -0.000663999 -1.80179e-05 1 0.0170064 0.14027 -0.0328939
FixedParameters: 0 0 0

#Transform 7
Transform: AffineTransform_float_3_3
Parameters: 0.999999 0.000690871 0.000647137 -0.000690128 0.999999 0.000198553 -0.000646863 -0.000198447 1 0.00372983 0.118001 -0.0260459
FixedParameters: 0 0 0

#Transform 8
Transform: AffineTransform_float_3_3
Parameters: 0.999999 0.000690887 0.000568137 -0.000690113 0.999999 0.000198608 -0.000568863 -0.000198393 1 -0.0159608 0.144565 -0.0285104
FixedParameters: 0 0 0

#Transform 9
Transform: AffineTransform_float_3_3
Parameters: 1 0.000690448 0.00088743 -0.000690551 0.999999 0.000621388 -0.000886571 -0.000622613 1 -0.005127 0.145963 -0.0532019
FixedParameters: 0 0 0

#Transform 10
Transform: AffineTransform_float_3_3
Parameters: 1 0.000237314 0.00113014 -0.000237686 1 0.000606732 -0.00112986 -0.000607269 0.999999 -0.0130831 0.144456 -0.0777048
FixedParameters: 0 0 0

#Transform 11
Transform: AffineTransform_float_3_3
Parameters: 1 0.000532572 0.00095524 -0.000532429 1 0.000448492 -0.000955762 -0.000448509 1 -0.0053398 0.128435 -0.0460339
FixedParameters: 0 0 0

#Transform 12
Transform: AffineTransform_float_3_3
Parameters: 0.999999 0.000690413 0.00122933 -0.000690587 0.999999 0.000477151 -0.00122867 -0.000477849 0.999999 -0.0204493 0.135404 -0.056371
FixedParameters: 0 0 0

#Transform 13
Transform: AffineTransform_float_3_3
Parameters: 0.999999 -0.000111176 0.000886977 0.000110823 1 0.000199098 -0.000887021 -0.000198901 0.999999 -0.023268 0.150831 -0.0389197
FixedParameters: 0 0 0

#Transform 14
Transform: AffineTransform_float_3_3
Parameters: 1 0.000464882 0.000938058 -0.000465118 1 0.000125564 -0.000937941 -0.000126436 0.999999 -0.0428514 0.152502 -0.0188362
FixedParameters: 0 0 0

#Transform 15
Transform: AffineTransform_float_3_3
Parameters: 1 0.000435967 0.000887016 -0.000436033 1 3.66132e-05 -0.000886984 -3.73867e-05 0.999999 -0.00739127 0.171554 -0.0337992
FixedParameters: 0 0 0

#Transform 16
Transform: AffineTransform_float_3_3
Parameters: 1 -0.000126108 0.000636978 0.000125892 1 0.00016908 -0.000637021 -0.00016892 1 0.0064551 0.146785 -0.0179041
FixedParameters: 0 0 0

#Transform 17
Transform: AffineTransform_float_3_3
Parameters: 1 -0.000127016 0.001027 0.000126984 1 1.61304e-05 -0.001027 -1.58696e-05 1 -0.0128889 0.16047 -0.0384812
FixedParameters: 0 0 0

#Transform 18
Transform: AffineTransform_float_3_3
Parameters: 1 0.00019677 0.00102105 -0.000197231 1 0.000225799 -0.00102096 -0.000225201 1 -0.0142318 0.130053 -0.0290094
FixedParameters: 0 0 0

#Transform 19
Transform: AffineTransform_float_3_3
Parameters: 0.999999 -7.02349e-05 0.000974982 7.0765e-05 1 0.000241069 -0.000975016 -0.000240932 0.999999 0.000295534 0.146344 -0.0283148
FixedParameters: 0 0 0

#Transform 20
Transform: AffineTransform_float_3_3
Parameters: 0.999999 -0.000129144 0.000886978 0.000128855 1 0.000163114 -0.00088702 -0.000162885 0.999999 -0.0301601 0.142483 -0.0337406
FixedParameters: 0 0 0

#Transform 21
Transform: AffineTransform_float_3_3
Parameters: 0.999999 -6.21658e-05 0.000886988 6.28341e-05 1 0.000187056 -0.000887011 -0.000186945 0.999999 -0.0104882 0.131359 -0.0239665
FixedParameters: 0 0 0

#Transform 22
Transform: AffineTransform_float_3_3
Parameters: 0.999999 -0.000101062 0.001285 0.000100938 1 4.81298e-05 -0.00128501 -4.78702e-05 0.999999 -0.0257784 0.150189 -0.0425969
FixedParameters: 0 0 0

#Transform 23
Transform: AffineTransform_float_3_3
Parameters: 0.999999 -0.000257096 0.000886972 0.000256904 1 0.000108228 -0.000887028 -0.000107772 1 -0.0208345 0.146451 -0.0225564
FixedParameters: 0 0 0

#Transform 24
Transform: AffineTransform_float_3_3
Parameters: 0.999999 -0.0002952 0.000762922 0.0002948 1 0.000262225 -0.000763077 -0.000261775 0.999999 -0.0218367 0.131564 -0.0176519
FixedParameters: 0 0 0

#Transform 25
Transform: AffineTransform_float_3_3
Parameters: 1 -0.00034943 0.00106486 0.00034857 1 0.000404372 -0.00106514 -0.000403628 1 -0.0197816 0.119897 -0.0246277
FixedParameters: 0 0 0

#Transform 26
Transform: AffineTransform_float_3_3
Parameters: 0.999999 0.000102925 0.000970007 -0.000103076 1 7.79e-05 -0.000969991 -7.70998e-05 0.999999 -0.0195321 0.121886 -0.000892755
FixedParameters: 0 0 0

#Transform 27
Transform: AffineTransform_float_3_3
Parameters: 0.999999 0.00143852 0.000315205 -0.00143848 0.999998 0.00153255 -0.000312795 -0.00153345 0.999999 -0.0422338 -0.0124153 0.065606
FixedParameters: 0 0 0

#Transform 28
Transform: AffineTransform_float_3_3
Parameters: 0.999999 0.00056759 0.000470495 -0.000568411 1 0.000871733 -0.000470505 -0.000871267 0.999999 -0.00393459 0.0499562 0.0121642
FixedParameters: 0 0 0

#Transform 29
Transform: AffineTransform_float_3_3
Parameters: 1 0.000505775 0.000284399 -0.000505224 0.999999 0.000789856 -0.000283601 -0.000789143 0.999999 -0.0128343 0.0595139 0.00691345
FixedParameters: 0 0 0

#Transform 30
Transform: AffineTransform_float_3_3
Parameters: 1 0.000624752 0.000298519 -0.000624248 1 0.000830814 -0.000297481 -0.000831186 0.999999 -0.00245652 0.069109 0.00439568
FixedParameters: 0 0 0

#Transform 31
Transform: AffineTransform_float_3_3
Parameters: 0.999999 0.000624608 0.000534458 -0.000624391 1 0.000732667 -0.000533542 -0.000733334 1 -0.00696148 0.0959729 -0.0174081
FixedParameters: 0 0 0

#Transform 32
Transform: AffineTransform_float_3_3
Parameters: 1 0.000374589 0.000566271 -0.00037441 0.999999 0.000724788 -0.000565728 -0.000725212 0.999999 -0.00668195 0.0971611 -0.00577789
FixedParameters: 0 0 0

#Transform 33
Transform: AffineTransform_float_3_3
Parameters: 1 0.00044793 0.000288108 -0.00044807 1 0.000241871 -0.000287891 -0.000242129 1 0.00435444 0.086513 0.00226249
FixedParameters: 0 0 0

#Transform 34
Transform: AffineTransform_float_3_3
Parameters: 1 0.000459909 0.000376111 -0.000460091 1 0.000241827 -0.000375889 -0.000242173 1 0.000606896 0.083772 0.00462549
FixedParameters: 0 0 0

#Transform 35
Transform: AffineTransform_float_3_3
Parameters: 0.999999 0.000419951 0.000680029 -0.000420048 1 7.07144e-05 -0.00067997 -7.12856e-05 1 -0.0115362 0.0877886 0.00852586
FixedParameters: 0 0 0

#Transform 36
Transform: AffineTransform_float_3_3
Parameters: 1 -5.4102e-05 0.000679992 5.3898e-05 1 0.000150037 -0.000680008 -0.000149963 1 -0.0085847 0.0835801 0.0150664
FixedParameters: 0 0 0

#Transform 37
Transform: AffineTransform_float_3_3
Parameters: 0.999999 0.000369006 0.000679997 -0.000368994 1 -8.25092e-06 -0.000680003 8.74907e-06 1 -0.0113061 0.0943686 0.00473456
FixedParameters: 0 0 0

#Transform 38
Transform: AffineTransform_float_3_3
Parameters: 1 -0.000105898 0.000680016 0.000106102 1 -0.000149928 -0.000679984 0.000150072 1 -0.00832501 0.110571 0.013383
FixedParameters: 0 0 0

#Transform 39
Transform: AffineTransform_float_3_3
Parameters: 0.999999 0.000482744 0.000680182 -0.000483256 1 0.000376671 -0.000679818 -0.000376328 0.999999 -0.024107 0.0825819 0.00962557
FixedParameters: 0 0 0

#Transform 40
Transform: AffineTransform_float_3_3
Parameters: 1 3.89748e-05 0.000680001 -3.90251e-05 1 3.69735e-05 -0.000679998 -3.70265e-05 1 -0.00915039 0.0955957 0.0100088
FixedParameters: 0 0 0

#Transform 41
Transform: AffineTransform_float_3_3
Parameters: 1 -5.38649e-05 0.00103101 5.41351e-05 1 -0.000130944 -0.00103099 0.000131056 1 -0.0424124 0.105532 0.0308699
FixedParameters: 0 0 0

#Transform 42
Transform: AffineTransform_float_3_3
Parameters: 0.999999 0.000504036 0.000679972 -0.000503963 1 -5.43427e-05 -0.000680027 5.36572e-05 1 -0.0121909 0.122299 0.00862616
FixedParameters: 0 0 0

#Transform 43
Transform: AffineTransform_float_3_3
Parameters: 1 -0.00017876 0.00107204 0.00017924 1 -0.000223808 -0.00107196 0.000224192 1 -0.0444409 0.11092 0.0256788
FixedParameters: 0 0 0

#Transform 44
Transform: AffineTransform_float_3_3
Parameters: 1 -5.41183e-05 0.00067999 5.38817e-05 1 0.000174037 -0.000680009 -0.000173963 1 -0.0174313 0.111477 0.0149515
FixedParameters: 0 0 0

#Transform 45
Transform: AffineTransform_float_3_3
Parameters: 0.999999 6.1121e-05 0.00078599 -6.08789e-05 1 -0.000154048 -0.000786009 0.000153952 0.999999 -0.0552416 0.107837 0.0084809
FixedParameters: 0 0 0

#Transform 46
Transform: AffineTransform_float_3_3
Parameters: 0.999999 0.000127963 0.000984004 -0.000128037 1 3.7874e-05 -0.000983994 -3.71259e-05 0.999999 -0.0517905 0.0861747 0.0173742
FixedParameters: 0 0 0

#Transform 47
Transform: AffineTransform_float_3_3
Parameters: 0.999999 -0.000121881 0.000804018 0.000122119 1 -0.000147902 -0.000803981 0.000148098 0.999999 -0.0331196 0.108506 0.0146176
FixedParameters: 0 0 0

#Transform 48
Transform: AffineTransform_float_3_3
Parameters: 1 -8.66876e-05 0.00119595 8.63122e-05 1 0.000575104 -0.00119605 -0.000574897 0.999999 -0.0590844 0.0775716 0.0144857
FixedParameters: 0 0 0

#Transform 49
Transform: AffineTransform_float_3_3
Parameters: 1 -0.000373772 0.00101608 0.000374228 1 -0.00022362 -0.00101592 0.00022438 1 -0.0437753 0.102065 0.0275412
FixedParameters: 0 0 0

#Transform 50
Transform: AffineTransform_float_3_3
Parameters: 0.999999 -0.000349847 0.000680078 0.000350152 1 -0.000223762 -0.000679921 0.000224238 0.999999 -0.0146818 0.10526 0.0256811
FixedParameters: 0 0 0

#Transform 51
Transform: AffineTransform_float_3_3
Parameters: 0.999999 -0.000333154 0.000679924 0.000332846 1 0.000226226 -0.000680075 -0.000226773 0.999999 -0.00983845 0.08965 0.0108417
FixedParameters: 0 0 0

#Transform 52
Transform: AffineTransform_float_3_3
Parameters: 0.999999 -0.000372906 0.000680051 0.000373094 1 -0.000137746 -0.000679948 0.000138254 1 -0.00964628 0.123461 0.00239133
FixedParameters: 0 0 0

#Transform 53
Transform: AffineTransform_float_3_3
Parameters: 1 -0.000373055 0.000523961 0.000372945 1 0.000104195 -0.000524039 -0.000104805 1 -0.00318046 0.116104 0.00537947
FixedParameters: 0 0 0

#Transform 54
Transform: AffineTransform_float_3_3
Parameters: 1 -0.00026405 0.000294956 0.00026395 1 0.000168078 -0.000295044 -0.000167922 1 0.0530813 0.122491 -0.00162539
FixedParameters: 0 0 0

#Transform 55
Transform: AffineTransform_float_3_3
Parameters: 1 -0.000110232 0.000483947 0.000109768 1 0.000479053 -0.000484052 -0.000478947 1 0.0290932 0.0764346 0.00347649
FixedParameters: 0 0 0

#Transform 56
Transform: AffineTransform_float_3_3
Parameters: 1 5.09762e-05 0.000680001 -5.10238e-05 1 3.49653e-05 -0.000679998 -3.50347e-05 1 0.0142165 0.11642 0.0197737
FixedParameters: 0 0 0

#Transform 57
Transform: AffineTransform_float_3_3
Parameters: 1 -0.000323897 0.00111603 0.000324104 1 -9.26384e-05 -0.00111597 9.23616e-05 1 -0.0174952 0.099887 0.0303879
FixedParameters: 0 0 0

#Transform 58
Transform: AffineTransform_float_3_3
Parameters: 0.999999 -8.98503e-05 0.000959013 9.01495e-05 1 -0.000155914 -0.000958985 0.000156086 0.999999 -0.0123259 0.0958018 0.0420954
FixedParameters: 0 0 0

#Transform 59
Transform: AffineTransform_float_3_3
Parameters: 0.999999 -0.000368623 0.000680204 0.000368376 1 -0.000553749 -0.000679796 0.00055425 0.999999 0.0201606 0.107667 0.0315633
FixedParameters: 0 0 0

#Transform 60
Transform: AffineTransform_float_3_3
Parameters: 1 -0.000688156 0.000929884 0.000688844 0.999999 0.000168641 -0.000930115 -0.00016736 0.999999 0.0118491 0.0706412 0.0431782
FixedParameters: 0 0 0

#Transform 61
Transform: AffineTransform_float_3_3
Parameters: 0.999999 -0.00120287 0.000603264 0.00120313 1 -0.000219274 -0.000602736 0.000219725 1 0.0285452 0.0668221 0.046251
FixedParameters: 0 0 0

#Transform 62
Transform: AffineTransform_float_3_3
Parameters: 0.999999 -0.000544431 0.000796389 0.000544569 0.999999 -0.000714567 -0.000796611 0.000714434 1 0.0163723 0.110977 0.0427923
FixedParameters: 0 0 0

#Transform 63
Transform: AffineTransform_float_3_3
Parameters: 0.999999 -0.000585686 0.00135114 0.000586314 1 -0.000232208 -0.00135086 0.000232791 0.999999 -0.00170335 0.0820901 0.0517068
FixedParameters: 0 0 0

#Transform 64
Transform: AffineTransform_float_3_3
Parameters: 0.999999 -0.00103926 0.0007713 0.00103774 0.999998 0.0016368 -0.000772699 -0.0016362 0.999998 0.0205754 0.00389334 0.089701
FixedParameters: 0 0 0

#Transform 65
Transform: AffineTransform_float_3_3
Parameters: 0.999999 -0.00100962 0.00088129 0.00100938 0.999999 0.000703891 -0.000882711 -0.00070311 1 0.0237391 0.070865 0.0413272
FixedParameters: 0 0 0

#Transform 66
Transform: AffineTransform_float_3_3
Parameters: 0.999999 -0.000495895 0.000633082 0.000496105 1 -0.000165686 -0.000632917 0.000166314 1 0.0325205 0.0758831 0.0367157
FixedParameters: 0 0 0

#Transform 67
Transform: AffineTransform_float_3_3
Parameters: 0.999999 3.19015e-05 0.000947002 -3.20985e-05 1 0.00010397 -0.000946996 -0.00010403 0.999999 0.00641218 0.0626663 0.0337316
FixedParameters: 0 0 0

#Transform 68
Transform: AffineTransform_float_3_3
Parameters: 0.999999 -0.000254479 0.000806165 0.000254521 1 -0.000646795 -0.000805836 0.000646205 1 0.0141166 0.122142 0.0360694
FixedParameters: 0 0 0

#Transform 69
Transform: AffineTransform_float_3_3
Parameters: 1 -0.000527698 0.000947169 0.000528302 1 -0.0003185 -0.000946832 0.0003195 1 -0.00744878 0.106908 0.0590488
FixedParameters: 0 0 0

#Transform 70
Transform: AffineTransform_float_3_3
Parameters: 1 -0.000158806 0.000689044 0.000158194 1 -0.000280891 -0.000688955 0.000281109 0.999999 0.0184405 0.0826346 0.0591649
FixedParameters: 0 0 0

#Transform 71
Transform: AffineTransform_float_3_3
Parameters: 1 -0.000441877 0.000524103 0.000441122 1 -0.000233769 -0.000523897 0.000234231 1 0.0735151 0.101176 0.029028
FixedParameters: 0 0 0

#Transform 72
Transform: AffineTransform_float_3_3
Parameters: 1 -0.000575099 0.000970536 0.000575903 1 -0.000929442 -0.000970466 0.000929559 0.999999 0.059454 0.107502 0.0816223
FixedParameters: 0 0 0

#Transform 73
Transform: AffineTransform_float_3_3
Parameters: 0.999999 0.000136459 0.00141786 -0.000135541 1 -0.00102919 -0.00141814 0.00102881 0.999999 0.00585904 0.0809582 0.194692
FixedParameters: 0 0 0

#Transform 74
Transform: AffineTransform_float_3_3
Parameters: 0.999999 -0.00028572 0.000854428 0.00028728 0.999999 -0.00149775 -0.00085457 0.00149824 0.999998 0.00255402 0.101052 0.141944
FixedParameters: 0 0 0

#Transform 75
Transform: AffineTransform_float_3_3
Parameters: 0.999999 -0.000361967 0.00152848 0.000364031 0.999999 -0.00132945 -0.00152752 0.00133055 0.999998 0.00676935 0.105496 0.126621
FixedParameters: 0 0 0

#Transform 76
Transform: AffineTransform_float_3_3
Parameters: 0.999999 -0.000440573 0.0012625 0.000441426 1 -0.00112944 -0.0012615 0.00113056 0.999998 -0.00185387 0.106262 0.106995
FixedParameters: 0 0 0

#Transform 77
Transform: AffineTransform_float_3_3
Parameters: 1 -0.000476205 0.00110134 0.000476796 0.999999 -0.000722475 -0.00110066 0.000722524 0.999999 0.0125687 0.0733323 0.136876
FixedParameters: 0 0 0

#Transform 78
Transform: AffineTransform_float_3_3
Parameters: 0.999999 -0.000311361 0.000919216 0.000311639 0.999999 -0.000694714 -0.000919783 0.000695287 1 0.0248258 0.073119 0.163522
FixedParameters: 0 0 0

#Transform 79
Transform: AffineTransform_float_3_3
Parameters: 1 -0.000239382 0.00064323 0.000240619 0.999999 -0.000960845 -0.000643769 0.000961154 1 0.0520142 0.0912456 0.113763
FixedParameters: 0 0 0

#Transform 80
Transform: AffineTransform_float_3_3
Parameters: 1 -0.00023909 0.00102421 0.00023991 0.999999 -0.000888754 -0.00102379 0.000888245 0.999999 0.0253364 0.0905321 0.10281
FixedParameters: 0 0 0

#Transform 81
Transform: AffineTransform_float_3_3
Parameters: 0.999999 -0.000467928 0.00121141 0.000469073 1 -0.000885433 -0.00121059 0.000885568 0.999999 0.0138724 0.0807389 0.119972
FixedParameters: 0 0 0

#Transform 82
Transform: AffineTransform_float_3_3
Parameters: 1 -0.000238807 0.00100528 0.000240195 1 -0.00118776 -0.00100572 0.00118724 0.999999 0.0208035 0.108001 0.098981
FixedParameters: 0 0 0

#Transform 83
Transform: AffineTransform_float_3_3
Parameters: 0.999999 -0.000244766 0.00124424 0.000246234 1 -0.000991695 -0.00124376 0.000992305 0.999998 -0.00214959 0.0847877 0.0934027
FixedParameters: 0 0 0

#Transform 84
Transform: AffineTransform_float_3_3
Parameters: 0.999999 -0.000417699 0.00145637 0.000418302 0.999999 -0.000893391 -0.00145663 0.000893609 0.999998 -0.0136192 0.0849368 0.125069
FixedParameters: 0 0 0

#Transform 85
Transform: AffineTransform_float_3_3
Parameters: 0.999999 -0.000136699 0.00144012 0.0001373 0.999999 -0.000902802 -0.00143988 0.000903197 0.999998 -0.0113709 0.0800101 0.157975
FixedParameters: 0 0 0

#Transform 86
Transform: AffineTransform_float_3_3
Parameters: 0.999998 -6.5623e-05 0.00199408 6.83767e-05 1 -0.00119187 -0.00199392 0.00119213 0.999998 -0.072126 0.0772078 0.155
FixedParameters: 0 0 0

#Transform 87
Transform: AffineTransform_float_3_3
Parameters: 0.999998 -0.000228711 0.00169517 0.000229289 0.999999 -0.000760612 -0.00169483 0.000760389 0.999999 -0.0587108 0.0674378 0.193669
FixedParameters: 0 0 0

#Transform 88
Transform: AffineTransform_float_3_3
Parameters: 0.999999 -0.000137128 0.00141808 0.000137872 1 -0.000614805 -0.00141792 0.000615195 0.999999 -0.0216735 0.0515365 0.184873
FixedParameters: 0 0 0

#Transform 89
Transform: AffineTransform_float_3_3
Parameters: 0.999999 -0.000327968 0.00140224 0.000329032 0.999999 -0.000735539 -0.00140276 0.00073646 0.999998 -0.019954 0.0691863 0.157775
FixedParameters: 0 0 0

#Transform 90
Transform: AffineTransform_float_3_3
Parameters: 1 -0.000137139 0.00109411 0.000137862 0.999999 -0.000787849 -0.00109389 0.00078715 0.999999 -0.00234279 0.0692118 0.197096
FixedParameters: 0 0 0

#Transform 91
Transform: AffineTransform_float_3_3
Parameters: 1 -0.000136729 0.00104017 0.000137271 0.999999 -0.00122186 -0.00103983 0.00122214 0.999998 0.0071625 0.0927871 0.229217
FixedParameters: 0 0 0

#Transform 92
Transform: AffineTransform_float_3_3
Parameters: 0.999999 -0.000455968 0.00128837 0.000457032 0.999999 -0.000801411 -0.00128763 0.000801587 0.999999 -0.0263805 0.0649487 0.223354
FixedParameters: 0 0 0

#Transform 93
Transform: AffineTransform_float_3_3
Parameters: 0.999999 -0.000617169 0.00169567 0.000618832 0.999999 -0.00107995 -0.00169533 0.00108105 0.999998 -0.0645958 0.0617459 0.290591
FixedParameters: 0 0 0

#Transform 94
Transform: AffineTransform_float_3_3
Parameters: 0.999997 -0.00113035 0.001872 0.00113165 0.999999 -0.000882884 -0.001871 0.000885117 0.999998 -0.0685559 0.0474902 0.329141
FixedParameters: 0 0 0

#Transform 95
Transform: AffineTransform_float_3_3
Parameters: 0.999997 -0.00112973 0.00190235 0.00113226 0.999998 -0.00118985 -0.00190165 0.00119215 0.999998 -0.0180689 0.0850458 0.258428
FixedParameters: 0 0 0

#Transform 96
Transform: AffineTransform_float_3_3
Parameters: 0.999999 -0.00113066 0.00135712 0.00113234 0.999999 -0.000990464 -0.00135588 0.000991534 0.999998 -0.00170395 0.0749943 0.237191
FixedParameters: 0 0 0

#Transform 97
Transform: AffineTransform_float_3_3
Parameters: 0.999998 -0.00113047 0.001732 0.00113253 0.999999 -0.00088104 -0.001731 0.000882959 0.999998 -0.0283578 0.0782257 0.243872
FixedParameters: 0 0 0

#Transform 98
Transform: AffineTransform_float_3_3
Parameters: 0.999999 -0.00113033 0.00146729 0.00113167 0.999998 -0.00113734 -0.00146571 0.00113866 0.999999 0.0126025 0.0902799 0.226273
FixedParameters: 0 0 0

#Transform 99
Transform: AffineTransform_float_3_3
Parameters: 0.999998 -0.0011303 0.00169314 0.0011317 0.999999 -0.00100309 -0.00169186 0.00100491 0.999998 -0.00723161 0.0936398 0.230231
FixedParameters: 0 0 0

#Transform 100
Transform: AffineTransform_float_3_3
Parameters: 0.999998 -0.00113068 0.00161793 0.00113232 0.999999 -0.00081617 -0.00161608 0.000817829 0.999999 -0.0109685 0.0742839 0.272731
FixedParameters: 0 0 0

#Transform 101
Transform: AffineTransform_float_3_3
Parameters: 0.999997 -0.0011302 0.00216094 0.00113179 0.999999 -0.000829557 -0.00216006 0.000832444 0.999998 -0.040183 0.0821782 0.248144
FixedParameters: 0 0 0

#Transform 102
Transform: AffineTransform_float_3_3
Parameters: 0.999997 -0.00105552 0.00216073 0.00105748 0.999999 -0.000684717 -0.00216028 0.000687283 0.999998 -0.0513315 0.0553491 0.311847
FixedParameters: 0 0 0

#Transform 103
Transform: AffineTransform_float_3_3
Parameters: 0.999998 -0.00113056 0.00171895 0.00113244 0.999999 -0.000838055 -0.00171805 0.000839944 0.999998 -0.00815411 0.0599742 0.284297
FixedParameters: 0 0 0

#Transform 104
Transform: AffineTransform_float_3_3
Parameters: 0.999998 -0.00113004 0.00176625 0.00113196 0.999998 -0.001108 -0.00176575 0.00111 0.999998 -0.0102014 0.0772322 0.254456
FixedParameters: 0 0 0

#Transform 105
Transform: AffineTransform_float_3_3
Parameters: 0.999997 -0.00113001 0.00185521 0.00113198 0.999999 -0.0010689 -0.00185379 0.0010711 0.999997 -0.0200033 0.0640937 0.30029
FixedParameters: 0 0 0

#Transform 106
Transform: AffineTransform_float_3_3
Parameters: 0.999998 -0.0011304 0.00174504 0.0011326 0.999999 -0.000916026 -0.00174396 0.000917973 0.999998 -0.00914628 0.0668888 0.331743
FixedParameters: 0 0 0

#Transform 107
Transform: AffineTransform_float_3_3
Parameters: 0.999998 -0.00113029 0.00165617 0.00113171 0.999999 -0.00103113 -0.00165483 0.00103287 0.999998 0.0027157 0.0821794 0.270361
FixedParameters: 0 0 0

#Transform 108
Transform: AffineTransform_float_3_3
Parameters: 0.999998 -0.00140429 0.00157353 0.00140571 0.999999 -0.00108779 -0.00157247 0.00109021 0.999998 -0.00629402 0.0700343 0.290972
FixedParameters: 0 0 0

#Transform 109
Transform: AffineTransform_float_3_3
Parameters: 0.999999 -0.0010615 0.00145083 0.0010635 0.999998 -0.00172146 -0.00144917 0.00172254 0.999998 -0.0171123 0.126495 0.185867
FixedParameters: 0 0 0

#Transform 110
Transform: AffineTransform_float_3_3
Parameters: 0.999999 -0.00113292 -0.000538058 0.00113208 0.999998 -0.00171561 0.000539942 0.00171439 0.999999 0.102054 0.112872 0.257766
FixedParameters: 0 0 0

#Transform 111
Transform: AffineTransform_float_3_3
Parameters: 1 -0.00113152 0.000294867 0.00113249 0.999998 -0.00164967 -0.000293132 0.00165033 0.999998 0.0486851 0.114762 0.240897
FixedParameters: 0 0 0

#Transform 112
Transform: AffineTransform_float_3_3
Parameters: 0.999999 -0.00113124 0.000526642 0.00113176 0.999999 -0.00145041 -0.000524359 0.00145059 0.999999 0.0459171 0.113261 0.233062
FixedParameters: 0 0 0

#Transform 113
Transform: AffineTransform_float_3_3
Parameters: 0.999999 -0.00124206 0.00051925 0.00124294 0.999997 -0.00181036 -0.00051675 0.00181164 0.999998 0.0987216 0.129388 0.214431
FixedParameters: 0 0 0

#Transform 114
Transform: AffineTransform_float_3_3
Parameters: 0.999999 -0.00132452 0.000268358 0.00132447 0.999997 -0.00177965 -0.000265643 0.00178035 0.999999 0.0772013 0.113659 0.23972
FixedParameters: 0 0 0

#Transform 115
Transform: AffineTransform_float_3_3
Parameters: 0.999999 -0.00126888 7.99414e-05 0.00126912 0.999998 -0.0015299 -7.80583e-05 0.0015301 0.999999 0.090518 0.109682 0.264643
FixedParameters: 0 0 0

#Transform 116
Transform: AffineTransform_float_3_3
Parameters: 1 -0.00118809 -6.44401e-05 0.00118791 0.999999 -0.00131308 6.65598e-05 0.00131292 0.999999 0.0965083 0.0869853 0.279602
FixedParameters: 0 0 0

#Transform 117
Transform: AffineTransform_float_3_3
Parameters: 0.999999 -0.00127825 0.000414338 0.00127976 0.999998 -0.00182847 -0.000412661 0.00182853 0.999998 0.10447 0.107707 0.271346
FixedParameters: 0 0 0

#Transform 118
Transform: AffineTransform_float_3_3
Parameters: 0.999999 -0.00146312 -6.33474e-05 0.00146288 0.999998 -0.0018131 6.66523e-05 0.00181291 0.999999 0.139167 0.100994 0.302712
FixedParameters: 0 0 0

#Transform 119
Transform: AffineTransform_float_3_3
Parameters: 0.999999 -0.000810347 -0.000298057 0.000809652 0.999999 -0.00116424 0.000298943 0.00116476 1 0.13394 0.0645586 0.383237
FixedParameters: 0 0 0

#Transform 120
Transform: AffineTransform_float_3_3
Parameters: 0.999999 -0.00123684 0.000101005 0.00123716 0.999998 -0.00162088 -9.89946e-05 0.00162112 0.999998 0.146699 0.10152 0.309259
FixedParameters: 0 0 0

#Transform 121
Transform: AffineTransform_float_3_3
Parameters: 0.999999 -0.0011693 0.000451809 0.0011707 0.999998 -0.00154647 -0.000450189 0.00154753 0.999998 0.0673674 0.0980968 0.391216
FixedParameters: 0 0 0

#Transform 122
Transform: AffineTransform_float_3_3
Parameters: 1 -0.00101002 -1.659e-05 0.00100998 0.999998 -0.00139602 1.84099e-05 0.00139598 0.999999 0.11119 0.0864115 0.395032
FixedParameters: 0 0 0

#Transform 123
Transform: AffineTransform_float_3_3
Parameters: 1 -0.00110286 0.000104443 0.00110313 0.999998 -0.00130789 -0.000102557 0.00130811 0.999999 0.119721 0.089759 0.364449
FixedParameters: 0 0 0

#Transform 124
Transform: AffineTransform_float_3_3
Parameters: 0.999999 -0.00172251 0.000419039 0.0017225 0.999998 -0.00118328 -0.000416961 0.00118472 0.999999 0.0939711 0.0770746 0.409053
FixedParameters: 0 0 0

#Transform 125
Transform: AffineTransform_float_3_3
Parameters: 0.999999 -0.00130085 0.000195966 0.00130115 0.999999 -0.000742745 -0.000195033 0.000743254 0.999999 0.124 0.0572964 0.429783
FixedParameters: 0 0 0

#Transform 126
Transform: AffineTransform_float_3_3
Parameters: 0.999999 -0.0017374 0.00045034 0.0017386 0.999997 -0.00134622 -0.00044766 0.00134678 0.999999 0.0904599 0.0839426 0.385289
FixedParameters: 0 0 0

#Transform 127
Transform: AffineTransform_float_3_3
Parameters: 0.999998 -0.00173694 0.000873118 0.00173806 0.999997 -0.00121848 -0.000870881 0.00122051 0.999999 0.0687873 0.0643148 0.365005
FixedParameters: 0 0 0

#Transform 128
Transform: AffineTransform_float_3_3
Parameters: 0.999998 -0.0017367 0.000817763 0.0017383 0.999997 -0.00158958 -0.000814236 0.00159142 0.999999 0.095672 0.0855009 0.355621
FixedParameters: 0 0 0

#Transform 129
Transform: AffineTransform_float_3_3
Parameters: 0.999999 -0.00173698 0.000662682 0.00173802 0.999998 -0.00154285 -0.000660318 0.00154415 0.999998 0.0641036 0.0689762 0.431444
FixedParameters: 0 0 0

#Transform 130
Transform: AffineTransform_float_3_3
Parameters: 0.999998 -0.00140549 0.000877419 0.00140651 0.999998 -0.00171977 -0.000875581 0.00172123 0.999998 0.0708157 0.0846378 0.41002
FixedParameters: 0 0 0

#Transform 131
Transform: AffineTransform_float_3_3
Parameters: 0.999998 -0.00151747 0.00131677 0.00151953 0.999998 -0.001163 -0.00131523 0.001165 0.999998 0.0286891 0.053527 0.449531
FixedParameters: 0 0 0

#Transform 132
Transform: AffineTransform_float_3_3
Parameters: 0.999999 -0.00141974 0.00121564 0.00142226 0.999998 -0.00185727 -0.00121236 0.00185972 0.999997 0.0718566 0.0850219 0.41945
FixedParameters: 0 0 0

#Transform 133
Transform: AffineTransform_float_3_3
Parameters: 0.999998 -0.00140458 0.00140342 0.00140742 0.999997 -0.00172103 -0.00140158 0.00172297 0.999998 0.0491205 0.0827181 0.400404
FixedParameters: 0 0 0

#Transform 134
Transform: AffineTransform_float_3_3
Parameters: 0.999997 -0.00163047 0.00147579 0.00163253 0.999997 -0.0017116 -0.00147321 0.00171441 0.999998 0.0476724 0.0887538 0.417745
FixedParameters: 0 0 0

#Transform 135
Transform: AffineTransform_float_3_3
Parameters: 0.999998 -0.00145442 0.00122707 0.00145658 0.999996 -0.00210722 -0.00122393 0.00210978 0.999997 0.0426774 0.109439 0.393522
FixedParameters: 0 0 0

#Transform 136
Transform: AffineTransform_float_3_3
Parameters: 0.999998 -0.00173622 0.00107588 0.00173778 0.999997 -0.00165913 -0.00107312 0.00166087 0.999998 0.0289607 0.0938473 0.397202
FixedParameters: 0 0 0

#Transform 137
Transform: AffineTransform_float_3_3
Parameters: 0.999998 -0.00173621 0.00107589 0.00173779 0.999997 -0.00166513 -0.00107311 0.00166687 0.999998 0.0408238 0.101674 0.40901
FixedParameters: 0 0 0

#Transform 138
Transform: AffineTransform_float_3_3
Parameters: 0.999998 -0.0017358 0.00107656 0.0017382 0.999997 -0.00204913 -0.00107244 0.00205087 0.999998 0.049677 0.109634 0.422074
FixedParameters: 0 0 0

#Transform 139
Transform: AffineTransform_float_3_3
Parameters: 0.999998 -0.00173583 0.00107651 0.00173817 0.999997 -0.00202013 -0.00107249 0.00202187 0.999998 0.0572054 0.111544 0.425558
FixedParameters: 0 0 0

#Transform 140
Transform: AffineTransform_float_3_3
Parameters: 0.999998 -0.00184985 0.000723942 0.00185115 0.999997 -0.00158966 -0.000721058 0.00159034 0.999998 0.0645512 0.0817804 0.461792
FixedParameters: 0 0 0

#Transform 141
Transform: AffineTransform_float_3_3
Parameters: 0.999998 -0.00147608 0.00129719 0.00147792 0.999998 -0.00148409 -0.00129481 0.00148591 0.999998 0.0478594 0.0843737 0.452611
FixedParameters: 0 0 0

#Transform 142
Transform: AffineTransform_float_3_3
Parameters: 0.999998 -0.00198517 0.0010396 0.00198584 0.999997 -0.000802937 -0.0010374 0.000805061 0.999999 0.0897447 0.0513633 0.507704
FixedParameters: 0 0 0

#Transform 143
Transform: AffineTransform_float_3_3
Parameters: 0.999997 -0.00225911 0.00149487 0.00226089 0.999996 -0.00126662 -0.00149213 0.00127038 0.999998 0.0418873 0.050999 0.501299
FixedParameters: 0 0 0

#Transform 144
Transform: AffineTransform_float_3_3
Parameters: 0.999998 -0.00170176 0.00149456 0.00170425 0.999998 -0.00150246 -0.00149144 0.00150454 0.999998 0.0384435 0.0609757 0.480795
FixedParameters: 0 0 0

#Transform 145
Transform: AffineTransform_float_3_3
Parameters: 0.999997 -0.00205808 0.00126412 0.00206091 0.999996 -0.0015154 -0.00126087 0.0015186 0.999998 0.0596288 0.0643185 0.449538
FixedParameters: 0 0 0

#Transform 146
Transform: AffineTransform_float_3_3
Parameters: 0.999998 -0.00187871 0.00129034 0.00188029 0.999996 -0.00177658 -0.00128666 0.00177942 0.999997 0.0479065 0.0904827 0.472779
FixedParameters: 0 0 0

#Transform 147
Transform: AffineTransform_float_3_3
Parameters: 0.999997 -0.00223342 0.00116812 0.00223358 0.999998 -0.000498393 -0.00116688 0.000501608 0.999999 0.0720665 0.0388488 0.475441
FixedParameters: 0 0 0

#Transform 148
Transform: AffineTransform_float_3_3
Parameters: 0.999998 -0.00163994 0.0010602 0.00164206 0.999997 -0.00194926 -0.0010568 0.00195074 0.999997 0.0911127 0.096043 0.499202
FixedParameters: 0 0 0

#Transform 149
Transform: AffineTransform_float_3_3
Parameters: 0.999998 -0.00169028 0.000907214 0.00169172 0.999997 -0.00189947 -0.000904788 0.00190053 0.999998 0.0915937 0.0846321 0.502926
FixedParameters: 0 0 0

#Transform 150
Transform: AffineTransform_float_3_3
Parameters: 0.999998 -0.00162527 0.00106864 0.00162673 0.999998 -0.00162127 -0.00106636 0.00162274 0.999998 0.0734694 0.068554 0.503078
FixedParameters: 0 0 0

#Transform 151
Transform: AffineTransform_float_3_3
Parameters: 0.999997 -0.0022552 0.0010677 0.0022558 0.999997 -0.000750594 -0.00106631 0.000752407 0.999999 0.0774516 0.025502 0.576248
FixedParameters: 0 0 0

#Transform 152
Transform: AffineTransform_float_3_3
Parameters: 0.999997 -0.00187926 0.0014745 0.00188175 0.999997 -0.00186123 -0.0014715 0.00186377 0.999997 0.0838785 0.0824617 0.503841
FixedParameters: 0 0 0

#Transform 153
Transform: AffineTransform_float_3_3
Parameters: 0.999997 -0.00147852 0.0015973 0.00148048 0.999997 -0.00155264 -0.0015947 0.00155536 0.999997 0.0545007 0.0735813 0.463739
FixedParameters: 0 0 0

#Transform 154
Transform: AffineTransform_float_3_3
Parameters: 0.999997 -0.00160024 0.00139916 0.00160276 0.999997 -0.00197376 -0.00139584 0.00197624 0.999997 0.0218074 0.0881624 0.510114
FixedParameters: 0 0 0

#Transform 155
Transform: AffineTransform_float_3_3
Parameters: 0.999997 -0.00174634 0.00126668 0.00174866 0.999997 -0.00210379 -0.00126332 0.00210521 0.999997 0.0686544 0.0716789 0.438646
FixedParameters: 0 0 0

#Transform 156
Transform: AffineTransform_float_3_3
Parameters: 0.999998 -0.00200193 0.00110094 0.00200307 0.999997 -0.000968797 -0.00109906 0.000971202 0.999999 0.0648725 0.041324 0.536132
FixedParameters: 0 0 0

#Transform 157
Transform: AffineTransform_float_3_3
Parameters: 0.999997 -0.00188 0.00116822 0.001882 0.999997 -0.0017118 -0.00116478 0.00171319 0.999998 0.092749 0.0873267 0.464814
FixedParameters: 0 0 0

#Transform 158
Transform: AffineTransform_float_3_3
Parameters: 0.999998 -0.00188055 0.00137599 0.00188145 0.999997 -0.00105641 -0.00137401 0.00105859 0.999998 0.0387395 0.0647367 0.535193
FixedParameters: 0 0 0

#Transform 159
Transform: AffineTransform_float_3_3
Parameters: 0.999998 -0.0022122 0.00074139 0.0022128 0.999997 -0.00107936 -0.000739611 0.00108064 0.999999 0.0927798 0.0550293 0.545928
FixedParameters: 0 0 0

#Transform 160
Transform: AffineTransform_float_3_3
Parameters: 0.999997 -0.00187982 0.00165547 0.00188118 0.999998 -0.00131389 -0.00165253 0.00131711 0.999998 0.0694425 0.0569855 0.480151
FixedParameters: 0 0 0

#Transform 161
Transform: AffineTransform_float_3_3
Parameters: 0.999997 -0.00188024 0.00116783 0.00188176 0.999997 -0.00150581 -0.00116417 0.00150819 0.999998 0.0816479 0.0578209 0.508894
FixedParameters: 0 0 0

#Transform 162
Transform: AffineTransform_float_3_3
Parameters: 0.999997 -0.00187996 0.00170026 0.00188204 0.999998 -0.0011998 -0.00169774 0.0012032 0.999998 0.0393802 0.0565446 0.516067
FixedParameters: 0 0 0

#Transform 163
Transform: AffineTransform_float_3_3
Parameters: 0.999996 -0.00226513 0.00158467 0.00226686 0.999996 -0.00117641 -0.00158133 0.00117959 0.999998 0.046673 0.0480413 0.561681
FixedParameters: 0 0 0

#Transform 164
Transform: AffineTransform_float_3_3
Parameters: 0.999995 -0.00217751 0.00197385 0.00218149 0.999996 -0.0017667 -0.00196914 0.00177129 0.999996 0.0732381 0.0604476 0.568067
FixedParameters: 0 0 0

#Transform 165
Transform: AffineTransform_float_3_3
Parameters: 0.999996 -0.0018822 0.00202255 0.00188681 0.999997 -0.00188119 -0.00201845 0.00188481 0.999996 0.0555138 0.0777098 0.514409
FixedParameters: 0 0 0

#Transform 166
Transform: AffineTransform_float_3_3
Parameters: 0.999997 -0.00186091 0.00200787 0.00186409 0.999997 -0.00153726 -0.00200513 0.00154074 0.999997 0.0560398 0.0537391 0.542516
FixedParameters: 0 0 0

#Transform 167
Transform: AffineTransform_float_3_3
Parameters: 0.999997 -0.00184809 0.00196369 0.00185191 0.999997 -0.00199037 -0.00195932 0.00199363 0.999996 0.0812305 0.0771126 0.52156
FixedParameters: 0 0 0

#Transform 168
Transform: AffineTransform_float_3_3
Parameters: 0.999997 -0.00164259 0.00180611 0.00164641 0.999997 -0.00188803 -0.00180289 0.00189097 0.999996 0.0628541 0.0680239 0.541241
FixedParameters: 0 0 0

#Transform 169
Transform: AffineTransform_float_3_3
Parameters: 0.999997 -0.00183274 0.00189712 0.00183726 0.999996 -0.00224552 -0.00189288 0.00224948 0.999995 0.059643 0.092749 0.514939
FixedParameters: 0 0 0

#Transform 170
Transform: AffineTransform_float_3_3
Parameters: 0.999996 -0.00171654 0.00188507 0.00172145 0.999995 -0.00236476 -0.00188093 0.00236724 0.999996 0.0830578 0.114154 0.481056
FixedParameters: 0 0 0

#Transform 171
Transform: AffineTransform_float_3_3
Parameters: 0.999997 -0.00184289 0.0019817 0.00184911 0.999993 -0.00308635 -0.0019753 0.00308965 0.999994 0.0708156 0.140932 0.484621
FixedParameters: 0 0 0

#Transform 172
Transform: AffineTransform_float_3_3
Parameters: 0.999997 -0.00240408 0.000700602 0.00240792 0.999981 -0.00565233 -0.000687399 0.00565367 0.999984 0.127779 0.236262 0.454051
FixedParameters: 0 0 0

#Transform 173
Transform: AffineTransform_float_3_3
Parameters: 0.999996 -0.00227958 0.00133205 0.00228542 0.999985 -0.00483997 -0.00132095 0.00484303 0.999988 0.0769674 0.210323 0.421507
FixedParameters: 0 0 0

#Transform 174
Transform: AffineTransform_float_3_3
Parameters: 0.999995 -0.00235812 0.00173042 0.00236489 0.99999 -0.00398692 -0.00172158 0.00399108 0.99999 0.0449263 0.18272 0.463379
FixedParameters: 0 0 0

#Transform 175
Transform: AffineTransform_float_3_3
Parameters: 0.999996 -0.00219819 0.0017894 0.00220482 0.999991 -0.00381507 -0.0017816 0.00381893 0.999991 0.0588283 0.167201 0.477616
FixedParameters: 0 0 0

#Transform 176
Transform: AffineTransform_float_3_3
Parameters: 0.999995 -0.00220487 0.00198893 0.00221213 0.999991 -0.00358761 -0.00198107 0.00359238 0.999991 0.0584298 0.150596 0.4462
FixedParameters: 0 0 0

#Transform 177
Transform: AffineTransform_float_3_3
Parameters: 0.999995 -0.00241523 0.00196113 0.00242077 0.999992 -0.00294627 -0.00195387 0.00295173 0.999993 0.0360655 0.122347 0.538324
FixedParameters: 0 0 0

#Transform 178
Transform: AffineTransform_float_3_3
Parameters: 0.999996 -0.00210349 0.00188629 0.00210951 0.999992 -0.00345703 -0.00187871 0.00346097 0.999992 0.0767483 0.151772 0.49536
FixedParameters: 0 0 0

#Transform 179
Transform: AffineTransform_float_3_3
Parameters: 0.999998 -0.00155529 -0.000320781 0.0015537 0.999991 -0.0040005 0.000327217 0.0039995 0.999992 0.111322 0.184134 0.479109
FixedParameters: 0 0 0
