#Insight Transform File V1.0
#Transform 0
Transform: AffineTransform_float_3_3
Parameters: 0.999999 -0.00035255 -0.000680715 0.000351449 0.999999 -0.00080924 0.000680285 0.00080876 1 0.114673 -0.0191421 0.373099
FixedParameters: 0 0 0

#Transform 1
Transform: AffineTransform_float_3_3
Parameters: 1 -0.000198435 0.0010911 0.000198565 1 -0.000517784 -0.0010909 0.000518217 1 -0.103098 0.0770722 -0.0231704
FixedParameters: 0 0 0

#Transform 2
Transform: AffineTransform_float_3_3
Parameters: 0.999999 0.00077625 0.000201037 -0.00077675 0.999999 -0.00124116 -0.000201964 0.00124084 0.999999 -0.0248556 0.298417 -0.468894
FixedParameters: 0 0 0

#Transform 3
Transform: AffineTransform_float_3_3
Parameters: 0.999999 0.000776278 0.0010868 -0.000776722 0.999999 -0.000255844 -0.0010862 0.000255157 1 -0.117656 0.169376 -0.272973
FixedParameters: 0 0 0

#Transform 4
Transform: AffineTransform_float_3_3
Parameters: 0.999998 0.000601947 0.0019227 -0.000601052 0.999999 -0.000493157 -0.0019233 0.000491843 0.999998 -0.190397 0.168748 -0.234018
FixedParameters: 0 0 0

#Transform 5
Transform: AffineTransform_float_3_3
Parameters: 0.999998 0.00158819 0.00111731 -0.00158681 0.999998 -0.00106577 -0.00111869 0.00106423 0.999999 -0.089953 0.27328 -0.40159
FixedParameters: 0 0 0

#Transform 6
Transform: AffineTransform_float_3_3
Parameters: 0.999998 0.000290984 0.00227375 -0.000289016 0.999999 -0.000872659 -0.00227425 0.00087234 0.999997 -0.17631 0.229689 -0.253368
FixedParameters: 0 0 0

#Transform 7
Transform: AffineTransform_float_3_3
Parameters: 0.999997 0.000207874 0.00238484 -0.000206127 0.999999 -0.000785493 -0.00238516 0.000785506 0.999997 -0.180107 0.201545 -0.235254
FixedParameters: 0 0 0

#Transform 8
Transform: AffineTransform_float_3_3
Parameters: 0.999999 0.000145983 0.00186185 -0.000144017 1 -0.00106527 -0.00186215 0.00106473 0.999997 -0.155461 0.237242 -0.330405
FixedParameters: 0 0 0

#Transform 9
Transform: AffineTransform_float_3_3
Parameters: 0.999998 0.000404271 0.00158968 -0.000402729 0.999999 -0.000799641 -0.00159032 0.000799358 0.999999 -0.161512 0.198346 -0.24355
FixedParameters: 0 0 0

#Transform 10
Transform: AffineTransform_float_3_3
Parameters: 0.999998 0.000791688 0.00192131 -0.000789314 1 -0.000878518 -0.00192169 0.000877481 0.999998 -0.204531 0.217642 -0.301647
FixedParameters: 0 0 0

#Transform 11
Transform: AffineTransform_float_3_3
Parameters: 0.999998 0.00153583 0.000712054 -0.00153416 0.999995 -0.0025711 -0.000715946 0.0025699 0.999997 -0.0993455 0.377775 -0.431628
FixedParameters: 0 0 0

#Transform 12
Transform: AffineTransform_float_3_3
Parameters: 0.999998 0.00142276 0.000912264 -0.00142124 0.999997 -0.0019243 -0.000914735 0.0019227 0.999997 -0.115271 0.330351 -0.420042
FixedParameters: 0 0 0

#Transform 13
Transform: AffineTransform_float_3_3
Parameters: 0.999998 0.00105737 0.00158375 -0.00105363 0.999997 -0.00212867 -0.00158625 0.00212633 0.999997 -0.197092 0.34225 -0.414954
FixedParameters: 0 0 0

#Transform 14
Transform: AffineTransform_float_3_3
Parameters: 0.999999 0.00135502 0.00112437 -0.00135198 0.999996 -0.00268452 -0.00112863 0.00268248 0.999996 -0.120262 0.35133 -0.317834
FixedParameters: 0 0 0

#Transform 15
Transform: AffineTransform_float_3_3
Parameters: 0.999999 0.0009997 0.00108953 -0.000997301 0.999997 -0.00247609 -0.00109147 0.00247491 0.999997 -0.13996 0.292642 -0.235045
FixedParameters: 0 0 0

#Transform 16
Transform: AffineTransform_float_3_3
Parameters: 0.999999 0.00100038 0.00148473 -0.000997622 0.999997 -0.00227549 -0.00148627 0.00227352 0.999997 -0.163752 0.269991 -0.223369
FixedParameters: 0 0 0

#Transform 17
Transform: AffineTransform_float_3_3
Parameters: 0.999999 0.00161963 0.000917134 -0.00161737 0.999997 -0.00177149 -0.000919865 0.00176951 0.999998 -0.0946692 0.313429 -0.432137
FixedParameters: 0 0 0

#Transform 18
Transform: AffineTransform_float_3_3
Parameters: 0.999999 0.00101483 0.00146605 -0.00101117 0.999997 -0.00192848 -0.00146795 0.00192651 0.999997 -0.170765 0.301304 -0.374813
FixedParameters: 0 0 0

#Transform 19
Transform: AffineTransform_float_3_3
Parameters: 0.999999 0.00110584 0.000881951 -0.00110516 0.999999 -0.000949976 -0.00088305 0.000949025 0.999999 -0.104745 0.254584 -0.418175
FixedParameters: 0 0 0

#Transform 20
Transform: AffineTransform_float_3_3
Parameters: 0.999998 0.00150936 0.000678972 -0.00150763 0.999997 -0.00200703 -0.000682026 0.00200597 0.999998 -0.0651631 0.329051 -0.471054
FixedParameters: 0 0 0

#Transform 21
Transform: AffineTransform_float_3_3
Parameters: 0.999999 0.000443729 0.00137744 -0.000442273 0.999999 -0.00125461 -0.00137756 0.00125439 0.999999 -0.154612 0.205899 -0.192433
FixedParameters: 0 0 0

#Transform 22
Transform: AffineTransform_float_3_3
Parameters: 0.999999 0.00161509 0.000845931 -0.00161391 0.999998 -0.00128237 -0.00084807 0.00128163 0.999999 -0.0880135 0.280967 -0.431011
FixedParameters: 0 0 0

#Transform 23
Transform: AffineTransform_float_3_3
Parameters: 0.999998 0.000582061 0.00202541 -0.000579941 1 -0.00101718 -0.00202559 0.00101682 0.999998 -0.206289 0.232053 -0.231974
FixedParameters: 0 0 0

#Transform 24
Transform: AffineTransform_float_3_3
Parameters: 0.999998 0.00146081 0.000711331 -0.00146019 0.999999 -0.00114304 -0.000712669 0.00114196 0.999999 -0.0835433 0.291717 -0.3759
FixedParameters: 0 0 0

#Transform 25
Transform: AffineTransform_float_3_3
Parameters: 0.999999 0.000944739 0.0011726 -0.000943261 0.999998 -0.00148311 -0.0011734 0.00148189 0.999998 -0.140417 0.260665 -0.301305
FixedParameters: 0 0 0

#Transform 26
Transform: AffineTransform_float_3_3
Parameters: 0.999998 0.00139554 0.000870537 -0.00139446 0.999998 -0.00176622 -0.000873463 0.00176478 0.999998 -0.0720714 0.334725 -0.494777
FixedParameters: 0 0 0

#Transform 27
Transform: AffineTransform_float_3_3
Parameters: 0.999999 0.000965736 0.000890204 -0.000965265 0.999999 -0.00082586 -0.000891798 0.00082514 1 -0.143889 0.245693 -0.356411
FixedParameters: 0 0 0

#Transform 28
Transform: AffineTransform_float_3_3
Parameters: 0.999999 0.00138255 0.00119937 -0.00138245 0.999999 -0.000459659 -0.00119964 0.000458342 0.999999 -0.16415 0.274475 -0.459864
FixedParameters: 0 0 0

#Transform 29
Transform: AffineTransform_float_3_3
Parameters: 0.999999 0.000879957 0.00104319 -0.000879043 0.999999 -0.000916918 -0.00104481 0.000916082 0.999999 -0.143478 0.278358 -0.428983
FixedParameters: 0 0 0

#Transform 30
Transform: AffineTransform_float_3_3
Parameters: 0.999998 0.00163069 0.000396177 -0.00163031 0.999997 -0.00173165 -0.000398822 0.00173035 0.999999 -0.0710913 0.360139 -0.567068
FixedParameters: 0 0 0

#Transform 31
Transform: AffineTransform_float_3_3
Parameters: 0.999999 0.00096569 0.00104937 -0.00096531 1 -0.000658014 -0.00104964 0.000656987 0.999999 -0.158991 0.274411 -0.414589
FixedParameters: 0 0 0

#Transform 32
Transform: AffineTransform_float_3_3
Parameters: 0.999998 0.00123194 0.00115299 -0.00123006 0.999999 -0.000816419 -0.001154 0.000814579 0.999999 -0.147067 0.30021 -0.503679
FixedParameters: 0 0 0

#Transform 33
Transform: AffineTransform_float_3_3
Parameters: 0.999999 0.00129747 0.000573943 -0.00129753 0.999999 -0.000815746 -0.000575059 0.000815255 1 -0.0964053 0.328814 -0.529294
FixedParameters: 0 0 0

#Transform 34
Transform: AffineTransform_float_3_3
Parameters: 0.999999 0.000743423 0.00130319 -0.000742577 0.999999 -0.00109197 -0.00130381 0.00109103 0.999998 -0.180861 0.290875 -0.402312
FixedParameters: 0 0 0

#Transform 35
Transform: AffineTransform_float_3_3
Parameters: 0.999999 0.000656625 0.00115121 -0.000657374 0.999999 0.000324244 -0.00115179 -0.000325757 1 -0.166401 0.198105 -0.347951
FixedParameters: 0 0 0

#Transform 36
Transform: AffineTransform_float_3_3
Parameters: 0.999998 0.00139913 0.000894801 -0.00139887 0.999999 -0.000142252 -0.000895197 0.000140748 0.999999 -0.12863 0.265564 -0.442685
FixedParameters: 0 0 0

#Transform 37
Transform: AffineTransform_float_3_3
Parameters: 0.999998 0.000563289 0.00151415 -0.000560711 0.999998 -0.00151185 -0.00151485 0.00151115 0.999997 -0.205556 0.261509 -0.310328
FixedParameters: 0 0 0

#Transform 38
Transform: AffineTransform_float_3_3
Parameters: 1 0.000234214 0.00117917 -0.000229783 0.999993 -0.00357227 -0.00118083 0.00357272 0.999993 -0.132971 0.364586 -0.239107
FixedParameters: 0 0 0

#Transform 39
Transform: AffineTransform_float_3_3
Parameters: 1 0.000225315 0.000586497 -0.000223685 0.999998 -0.00224013 -0.000587503 0.00224087 0.999998 -0.127169 0.305014 -0.282526
FixedParameters: 0 0 0

#Transform 40
Transform: AffineTransform_float_3_3
Parameters: 0.999999 0.000192109 0.00139457 -0.000188892 0.999998 -0.00222927 -0.00139442 0.00222873 0.999996 -0.170896 0.304141 -0.285212
FixedParameters: 0 0 0

#Transform 41
Transform: AffineTransform_float_3_3
Parameters: 1 0.000173712 0.00118361 -0.000170289 0.999998 -0.0022912 -0.00118339 0.0022908 0.999996 -0.179961 0.313378 -0.301623
FixedParameters: 0 0 0

#Transform 42
Transform: AffineTransform_float_3_3
Parameters: 0.999999 0.000317449 0.00125638 -0.000314553 0.999998 -0.0019484 -0.00125662 0.0019486 0.999998 -0.139941 0.319104 -0.381538
FixedParameters: 0 0 0

#Transform 43
Transform: AffineTransform_float_3_3
Parameters: 0.999999 0.000387262 0.0012503 -0.000384739 0.999999 -0.00180848 -0.0012507 0.00180852 0.999997 -0.13805 0.318234 -0.408578
FixedParameters: 0 0 0

#Transform 44
Transform: AffineTransform_float_3_3
Parameters: 1 0.000269539 0.00102434 -0.000266459 0.999997 -0.00247828 -0.00102566 0.00247773 0.999997 -0.126599 0.349726 -0.372992
FixedParameters: 0 0 0

#Transform 45
Transform: AffineTransform_float_3_3
Parameters: 0.999999 -0.000115452 0.00148828 0.000118549 0.999997 -0.00238383 -0.00148872 0.00238418 0.999996 -0.198822 0.32361 -0.351805
FixedParameters: 0 0 0

#Transform 46
Transform: AffineTransform_float_3_3
Parameters: 0.999998 -4.6306e-05 0.00171807 4.86937e-05 0.999999 -0.00156792 -0.00171793 0.00156808 0.999998 -0.180061 0.300738 -0.328656
FixedParameters: 0 0 0

#Transform 47
Transform: AffineTransform_float_3_3
Parameters: 1 -0.000134755 0.00112227 0.000136247 0.999998 -0.00200085 -0.00112273 0.00200115 0.999998 -0.126401 0.321778 -0.331442
FixedParameters: 0 0 0

#Transform 48
Transform: AffineTransform_float_3_3
Parameters: 0.999998 -0.000285158 0.00171764 0.000288842 0.999998 -0.00223651 -0.00171736 0.00223749 0.999996 -0.208086 0.316126 -0.308013
FixedParameters: 0 0 0

#Transform 49
Transform: AffineTransform_float_3_3
Parameters: 0.999998 -0.000333041 0.00155564 0.00033596 0.999998 -0.00190248 -0.00155536 0.00190252 0.999997 -0.191728 0.314164 -0.294559
FixedParameters: 0 0 0

#Transform 50
Transform: AffineTransform_float_3_3
Parameters: 0.999998 -0.000539864 0.00196014 0.000543135 0.999997 -0.00210994 -0.00195886 0.00211106 0.999996 -0.227399 0.343987 -0.29862
FixedParameters: 0 0 0

#Transform 51
Transform: AffineTransform_float_3_3
Parameters: 0.999998 -0.000539096 0.00185743 0.000543906 0.999997 -0.002641 -0.00185657 0.00264201 0.999995 -0.197679 0.382782 -0.333097
FixedParameters: 0 0 0

#Transform 52
Transform: AffineTransform_float_3_3
Parameters: 0.999998 -0.000538777 0.00158578 0.000543223 0.999994 -0.00329514 -0.00158422 0.00329586 0.999994 -0.225497 0.416715 -0.332757
FixedParameters: 0 0 0

#Transform 53
Transform: AffineTransform_float_3_3
Parameters: 0.999998 -0.000327744 0.00166204 0.000333259 0.999995 -0.00316345 -0.00166195 0.00316355 0.999993 -0.229914 0.389144 -0.323148
FixedParameters: 0 0 0

#Transform 54
Transform: AffineTransform_float_3_3
Parameters: 0.999999 -0.000186141 0.00125658 0.000189861 0.999996 -0.00307176 -0.00125642 0.00307224 0.999994 -0.133311 0.398089 -0.309348
FixedParameters: 0 0 0

#Transform 55
Transform: AffineTransform_float_3_3
Parameters: 0.999999 -0.000206303 0.00122463 0.0002107 0.999996 -0.00302074 -0.00122437 0.00302026 0.999994 -0.182315 0.365297 -0.289837
FixedParameters: 0 0 0

#Transform 56
Transform: AffineTransform_float_3_3
Parameters: 0.999999 -0.000477199 0.0012175 0.000480804 0.999995 -0.00312442 -0.0012165 0.00312458 0.999995 -0.142754 0.413009 -0.378316
FixedParameters: 0 0 0

#Transform 57
Transform: AffineTransform_float_3_3
Parameters: 0.999999 -0.000476827 0.00138544 0.000480175 0.999996 -0.00301334 -0.00138456 0.00301366 0.999994 -0.172306 0.377716 -0.273326
FixedParameters: 0 0 0

#Transform 58
Transform: AffineTransform_float_3_3
Parameters: 0.999999 -0.000474779 0.0017497 0.000480219 0.999993 -0.00355716 -0.0017473 0.00355783 0.999992 -0.219527 0.421835 -0.302152
FixedParameters: 0 0 0

#Transform 59
Transform: AffineTransform_float_3_3
Parameters: 0.999998 -0.000670708 0.00153288 0.000675292 0.999996 -0.00280097 -0.00153111 0.00280203 0.999995 -0.22718 0.369017 -0.288124
FixedParameters: 0 0 0

#Transform 60
Transform: AffineTransform_float_3_3
Parameters: 1 -0.000203661 0.00052652 0.00020434 0.999996 -0.00254389 -0.000526482 0.00254411 0.999996 -0.185273 0.369343 -0.304041
FixedParameters: 0 0 0

#Transform 61
Transform: AffineTransform_float_3_3
Parameters: 1 -0.000414449 0.000219045 0.00041555 0.999996 -0.00251891 -0.000217954 0.00251909 0.999997 -0.12087 0.369997 -0.325492
FixedParameters: 0 0 0

#Transform 62
Transform: AffineTransform_float_3_3
Parameters: 0.999996 -0.000605877 0.00255056 0.000604123 0.999999 0.000736543 -0.00255045 -0.000735457 0.999997 -0.255277 0.174369 -0.207044
FixedParameters: 0 0 0

#Transform 63
Transform: AffineTransform_float_3_3
Parameters: 0.999998 -0.000413503 0.00183634 0.000415497 0.999999 -0.000815238 -0.00183566 0.00081576 0.999998 -0.189087 0.287551 -0.29651
FixedParameters: 0 0 0

#Transform 64
Transform: AffineTransform_float_3_3
Parameters: 0.999999 -0.000412635 0.00145367 0.000415366 0.999998 -0.0016274 -0.00145333 0.0016276 0.999997 -0.19134 0.308839 -0.292158
FixedParameters: 0 0 0

#Transform 65
Transform: AffineTransform_float_3_3
Parameters: 0.999998 -0.000409766 0.0019561 0.000415232 0.999997 -0.00267519 -0.00195489 0.00267681 0.999994 -0.2159 0.346836 -0.232823
FixedParameters: 0 0 0

#Transform 66
Transform: AffineTransform_float_3_3
Parameters: 0.999999 -0.000411075 0.00141315 0.000414923 0.999996 -0.00277742 -0.00141185 0.00277858 0.999995 -0.189388 0.394789 -0.344906
FixedParameters: 0 0 0

#Transform 67
Transform: AffineTransform_float_3_3
Parameters: 0.999999 -0.000528679 0.00145657 0.000532322 0.999996 -0.00296723 -0.00145543 0.00296877 0.999994 -0.202591 0.398912 -0.353527
FixedParameters: 0 0 0

#Transform 68
Transform: AffineTransform_float_3_3
Parameters: 0.999997 -0.00110329 0.00244204 0.00110971 0.999995 -0.0027473 -0.00243896 0.0027497 0.999993 -0.252667 0.351681 -0.244839
FixedParameters: 0 0 0

#Transform 69
Transform: AffineTransform_float_3_3
Parameters: 0.999997 -0.00110398 0.00227693 0.00111002 0.999996 -0.00264448 -0.00227407 0.00264752 0.999994 -0.231468 0.364691 -0.265333
FixedParameters: 0 0 0

#Transform 70
Transform: AffineTransform_float_3_3
Parameters: 0.999999 -0.000997201 0.00146559 0.0010008 0.999996 -0.00259454 -0.00146241 0.00259546 0.999995 -0.165525 0.356596 -0.284208
FixedParameters: 0 0 0

#Transform 71
Transform: AffineTransform_float_3_3
Parameters: 0.999999 -0.000739738 0.00118005 0.000743262 0.999996 -0.00276612 -0.00117795 0.00276687 0.999995 -0.186053 0.352739 -0.212053
FixedParameters: 0 0 0

#Transform 72
Transform: AffineTransform_float_3_3
Parameters: 0.999999 -0.000266236 0.000877536 0.000267765 0.999998 -0.00201076 -0.000877463 0.00201123 0.999997 -0.124459 0.316551 -0.238001
FixedParameters: 0 0 0

#Transform 73
Transform: AffineTransform_float_3_3
Parameters: 1 -0.000145925 0.000592266 0.000147075 0.999999 -0.00181591 -0.000591734 0.00181609 0.999998 -0.12278 0.321077 -0.262293
FixedParameters: 0 0 0

#Transform 74
Transform: AffineTransform_float_3_3
Parameters: 1 0.000305357 0.000152287 -0.000305641 0.999997 -0.00233805 -0.000153715 0.00233795 0.999998 -0.0925081 0.380737 -0.329305
FixedParameters: 0 0 0

#Transform 75
Transform: AffineTransform_float_3_3
Parameters: 0.999999 -0.000322494 0.00118868 0.000325505 0.999997 -0.00210861 -0.00118732 0.00210938 0.999997 -0.157602 0.324923 -0.259136
FixedParameters: 0 0 0

#Transform 76
Transform: AffineTransform_float_3_3
Parameters: 0.999999 -0.000321137 0.00176471 0.000324862 0.999997 -0.00218943 -0.00176329 0.00218957 0.999996 -0.183646 0.287595 -0.106911
FixedParameters: 0 0 0

#Transform 77
Transform: AffineTransform_float_3_3
Parameters: 0.999998 -0.000689749 0.00194387 0.000695253 0.999996 -0.00270266 -0.00194213 0.00270335 0.999995 -0.198721 0.319061 -0.113295
FixedParameters: 0 0 0

#Transform 78
Transform: AffineTransform_float_3_3
Parameters: 1 -0.000101173 0.00104418 0.000102829 0.999999 -0.00174989 -0.00104482 0.00175011 0.999998 -0.101267 0.316971 -0.328134
FixedParameters: 0 0 0

#Transform 79
Transform: AffineTransform_float_3_3
Parameters: 0.999998 -0.0004065 0.00156065 0.000409499 0.999998 -0.00160136 -0.00156035 0.00160264 0.999998 -0.171325 0.297092 -0.27638
FixedParameters: 0 0 0

#Transform 80
Transform: AffineTransform_float_3_3
Parameters: 0.999999 0.000321629 0.00100548 -0.000320369 0.999998 -0.00162032 -0.00100652 0.00161968 0.999998 -0.110912 0.336057 -0.406605
FixedParameters: 0 0 0

#Transform 81
Transform: AffineTransform_float_3_3
Parameters: 1 0.000213912 0.00103561 -0.000212087 0.999999 -0.00184622 -0.00103639 0.00184578 0.999998 -0.11141 0.344949 -0.344211
FixedParameters: 0 0 0

#Transform 82
Transform: AffineTransform_float_3_3
Parameters: 0.999999 0.000142444 0.00131984 -0.000141556 1 -0.00109419 -0.00132016 0.00109381 0.999998 -0.151626 0.301278 -0.378258
FixedParameters: 0 0 0

#Transform 83
Transform: AffineTransform_float_3_3
Parameters: 1 0.000142628 0.00103778 -0.000141371 0.999999 -0.00156915 -0.00103822 0.00156885 0.999998 -0.110487 0.374964 -0.476961
FixedParameters: 0 0 0

#Transform 84
Transform: AffineTransform_float_3_3
Parameters: 0.999999 0.000142516 0.000967778 -0.000141485 0.999999 -0.00156614 -0.000967223 0.00156586 0.999999 -0.10621 0.35657 -0.477927
FixedParameters: 0 0 0

#Transform 85
Transform: AffineTransform_float_3_3
Parameters: 0.999999 0.000913095 6.67043e-05 -0.000912905 0.999998 -0.00141906 -6.72954e-05 0.00141894 0.999999 -0.0230763 0.366092 -0.458618
FixedParameters: 0 0 0

#Transform 86
Transform: AffineTransform_float_3_3
Parameters: 0.999999 -0.000736821 0.00133465 0.000738179 1 -0.000883016 -0.00133435 0.000883984 0.999998 -0.178904 0.236478 -0.192318
FixedParameters: 0 0 0

#Transform 87
Transform: AffineTransform_float_3_3
Parameters: 0.999999 0.000298343 0.000864538 -0.000297658 0.999999 -0.00155226 -0.000864463 0.00155274 0.999999 -0.0995473 0.370387 -0.442442
FixedParameters: 0 0 0

#Transform 88
Transform: AffineTransform_float_3_3
Parameters: 0.999999 -0.000317293 0.00132417 0.000317708 1 -0.00053458 -0.00132383 0.00053442 0.999999 -0.142393 0.202533 -0.162184
FixedParameters: 0 0 0

#Transform 89
Transform: AffineTransform_float_3_3
Parameters: 0.999999 0.000696211 0.000454676 -0.000695788 0.999999 -0.000465316 -0.000455324 0.000465683 1 -0.053648 0.298401 -0.465968
FixedParameters: 0 0 0

#Transform 90
Transform: AffineTransform_float_3_3
Parameters: 0.999999 -3.07616e-05 0.000870008 3.02384e-05 1 -0.000273974 -0.000869991 0.000274027 0.999999 -0.137453 0.249129 -0.297329
FixedParameters: 0 0 0

#Transform 91
Transform: AffineTransform_float_3_3
Parameters: 1 -0.000289573 0.000643743 0.000288426 0.999999 0.000890186 -0.000644257 -0.000889814 1 -0.15689 0.148592 -0.198078
FixedParameters: 0 0 0

#Transform 92
Transform: AffineTransform_float_3_3
Parameters: 1 4.10469e-05 0.00019399 -4.0953e-05 1 -0.000242008 -0.00019401 0.000241992 1 -0.0607516 0.25197 -0.368909
FixedParameters: 0 0 0

#Transform 93
Transform: AffineTransform_float_3_3
Parameters: 1 1.77932e-05 -0.000295012 -1.82068e-05 1 -0.000700994 0.000294987 0.000701005 0.999999 -0.0908903 0.296456 -0.426014
FixedParameters: 0 0 0

#Transform 94
Transform: AffineTransform_float_3_3
Parameters: 1 0.000117211 0.00049695 -0.000116789 1 -0.000424058 -0.000497049 0.000423942 1 -0.147106 0.278543 -0.428048
FixedParameters: 0 0 0

#Transform 95
Transform: AffineTransform_float_3_3
Parameters: 1 -0.000217635 0.000271293 0.000217364 0.999999 -0.00134494 -0.000270708 0.00134506 0.999999 -0.12858 0.330758 -0.448113
FixedParameters: 0 0 0

#Transform 96
Transform: AffineTransform_float_3_3
Parameters: 1 0.000208792 0.000584718 -0.000207208 0.999999 -0.00135312 -0.000585281 0.00135388 0.999999 -0.120849 0.369641 -0.57824
FixedParameters: 0 0 0

#Transform 97
Transform: AffineTransform_float_3_3
Parameters: 1 0.000648988 -4.71609e-05 -0.000649011 1 -0.000247969 4.6839e-05 0.00024803 1 -0.12095 0.312264 -0.528267
FixedParameters: 0 0 0

#Transform 98
Transform: AffineTransform_float_3_3
Parameters: 1 0.000327331 0.000264591 -0.000326668 0.999999 -0.00125109 -0.000265409 0.00125091 0.999999 -0.0933353 0.369194 -0.514708
FixedParameters: 0 0 0

#Transform 99
Transform: AffineTransform_float_3_3
Parameters: 0.999998 -0.000660247 0.00146489 0.000659753 1 0.000168967 -0.00146511 -0.000168033 0.999999 -0.208624 0.205874 -0.233216
FixedParameters: 0 0 0

#Transform 100
Transform: AffineTransform_float_3_3
Parameters: 0.999998 0.000133095 0.00198693 -0.000131907 1 -0.000550263 -0.00198707 0.000550736 0.999998 -0.215214 0.295726 -0.392216
FixedParameters: 0 0 0

#Transform 101
Transform: AffineTransform_float_3_3
Parameters: 0.999999 0.000473474 0.000730692 -0.000473525 0.999999 -0.000649346 -0.000731307 0.000648653 0.999999 -0.132906 0.32028 -0.459936
FixedParameters: 0 0 0

#Transform 102
Transform: AffineTransform_float_3_3
Parameters: 0.999999 0.000231461 0.000754858 -0.000230538 1 -0.000611174 -0.00075514 0.000610825 0.999999 -0.0874386 0.368635 -0.620909
FixedParameters: 0 0 0

#Transform 103
Transform: AffineTransform_float_3_3
Parameters: 1 -0.000122005 0.000638999 0.000121995 1 8.07795e-06 -0.000639001 -7.92204e-06 1 -0.104158 0.299353 -0.556822
FixedParameters: 0 0 0

#Transform 104
Transform: AffineTransform_float_3_3
Parameters: 1 -0.000153939 0.000664014 0.000154061 1 -9.18977e-05 -0.000664986 9.21024e-05 1 -0.12561 0.292741 -0.473755
FixedParameters: 0 0 0

#Transform 105
Transform: AffineTransform_float_3_3
Parameters: 1 0.000185873 0.000490048 -0.000186127 1 0.000259909 -0.000489951 -0.000260091 1 -0.106533 0.290084 -0.463155
FixedParameters: 0 0 0

#Transform 106
Transform: AffineTransform_float_3_3
Parameters: 1 4.01955e-06 0.000132999 -3.98045e-06 1 -0.000147001 -0.000133001 0.000146999 1 -0.0952923 0.305875 -0.524738
FixedParameters: 0 0 0

#Transform 107
Transform: AffineTransform_float_3_3
Parameters: 1 8.50682e-05 0.000126954 -8.49318e-05 1 -0.000537011 -0.000127046 0.000536989 1 -0.114774 0.359144 -0.605338
FixedParameters: 0 0 0

#Transform 108
Transform: AffineTransform_float_3_3
Parameters: 0.999999 -0.000279926 0.000741028 0.000280075 1 -0.000100792 -0.000740972 0.000100207 0.999999 -0.14413 0.318237 -0.530042
FixedParameters: 0 0 0

#Transform 109
Transform: AffineTransform_float_3_3
Parameters: 1 0.000612697 -0.00025872 -0.000613304 0.999999 -0.00117484 0.00025828 0.00117416 1 -0.0839866 0.384346 -0.556726
FixedParameters: 0 0 0

#Transform 110
Transform: AffineTransform_float_3_3
Parameters: 1 -4.12542e-05 -0.000296965 4.07457e-05 0.999999 -0.000856011 0.000297035 0.000855987 0.999999 -0.148648 0.300344 -0.336379
FixedParameters: 0 0 0

#Transform 111
Transform: AffineTransform_float_3_3
Parameters: 1 -9.9926e-05 0.000164045 0.000100074 1 -0.000450983 -0.000163955 0.000451016 1 -0.162742 0.279947 -0.351667
FixedParameters: 0 0 0

#Transform 112
Transform: AffineTransform_float_3_3
Parameters: 1 9.90113e-05 2.1949e-05 -9.89892e-05 1 -0.000515002 -2.1051e-05 0.000514998 1 -0.118759 0.361461 -0.611927
FixedParameters: 0 0 0

#Transform 113
Transform: AffineTransform_float_3_3
Parameters: 1 9.90583e-05 9.69405e-05 -9.89417e-05 1 -0.000601009 -9.70595e-05 0.00060099 1 -0.148528 0.319097 -0.473798
FixedParameters: 0 0 0

#Transform 114
Transform: AffineTransform_float_3_3
Parameters: 1 -0.000340359 -0.000423712 0.00033964 0.999999 -0.000848144 0.000424288 0.000847856 1 -0.0845668 0.317067 -0.443768
FixedParameters: 0 0 0

#Transform 115
Transform: AffineTransform_float_3_3
Parameters: 1 -0.000312047 -9.98527e-05 0.000311953 1 -0.000472031 0.000100147 0.000471969 1 -0.122475 0.299588 -0.371581
FixedParameters: 0 0 0

#Transform 116
Transform: AffineTransform_float_3_3
Parameters: 1 0.00040292 -0.000563057 -0.000403079 1 -0.000140773 0.000562943 0.000141227 1 -0.0354476 0.326786 -0.565181
FixedParameters: 0 0 0

#Transform 117
Transform: AffineTransform_float_3_3
Parameters: 1 9.86888e-05 -0.000655047 -9.83111e-05 1 -0.000474935 0.000654953 0.000475065 0.999999 -0.0848962 0.325111 -0.481665
FixedParameters: 0 0 0

#Transform 118
Transform: AffineTransform_float_3_3
Parameters: 1 7.6455e-06 -0.000387007 -8.35448e-06 0.999999 -0.000915996 0.000386992 0.000916002 0.999999 -0.119688 0.367599 -0.509837
FixedParameters: 0 0 0

#Transform 119
Transform: AffineTransform_float_3_3
Parameters: 0.999999 0.00113239 -0.000702603 -0.00113361 0.999996 -0.00229621 0.000700399 0.00229679 0.999997 -0.029512 0.464109 -0.725203
FixedParameters: 0 0 0

#Transform 120
Transform: AffineTransform_float_3_3
Parameters: 0.999999 0.00107346 -0.000962725 -0.00107554 0.999998 -0.00160497 0.000961275 0.00160603 0.999998 -0.0575146 0.448666 -0.680218
FixedParameters: 0 0 0

#Transform 121
Transform: AffineTransform_float_3_3
Parameters: 0.999999 0.00107391 -0.000935254 -0.00107509 0.999998 -0.001167 0.000933745 0.001168 0.999999 -0.118506 0.415167 -0.652747
FixedParameters: 0 0 0

#Transform 122
Transform: AffineTransform_float_3_3
Parameters: 1 0.000794261 -0.000911645 -0.00079574 1 -0.000810276 0.000911355 0.000811725 1 -0.132142 0.385112 -0.640402
FixedParameters: 0 0 0

#Transform 123
Transform: AffineTransform_float_3_3
Parameters: 0.999998 0.00107408 -0.0016306 -0.00107492 1 -0.000561248 0.0016304 0.000562752 0.999998 -0.0689335 0.385954 -0.600799
FixedParameters: 0 0 0

#Transform 124
Transform: AffineTransform_float_3_3
Parameters: 0.999998 0.000698579 -0.00145268 -0.000700421 1 -0.000977985 0.00145232 0.000979017 0.999999 -0.0224587 0.400131 -0.612267
FixedParameters: 0 0 0

#Transform 125
Transform: AffineTransform_float_3_3
Parameters: 0.999999 0.000585157 -0.00145874 -0.000587842 0.999999 -0.00126314 0.00145726 0.00126385 0.999998 -0.0513665 0.385731 -0.520655
FixedParameters: 0 0 0

#Transform 126
Transform: AffineTransform_float_3_3
Parameters: 1 0.000585409 -0.000941992 -0.000587592 0.999999 -0.00169045 0.000941009 0.00169055 0.999998 -0.101203 0.404997 -0.504213
FixedParameters: 0 0 0

#Transform 127
Transform: AffineTransform_float_3_3
Parameters: 0.999999 0.000334247 -0.00141265 -0.000337752 0.999998 -0.00194953 0.00141134 0.00194947 0.999997 -0.0628451 0.40905 -0.485319
FixedParameters: 0 0 0

#Transform 128
Transform: AffineTransform_float_3_3
Parameters: 0.999998 0.000532432 -0.00150991 -0.000534569 0.999999 -0.0017012 0.00150909 0.00170181 0.999998 -0.0816736 0.410949 -0.511242
FixedParameters: 0 0 0

#Transform 129
Transform: AffineTransform_float_3_3
Parameters: 0.999998 0.000709485 -0.00143325 -0.000711514 0.999998 -0.00175498 0.00143175 0.00175602 0.999998 -0.0642305 0.425206 -0.501153
FixedParameters: 0 0 0

#Transform 130
Transform: AffineTransform_float_3_3
Parameters: 0.999999 0.000408723 -0.000594879 -0.000409276 0.999997 -0.00214676 0.000594123 0.00214724 0.999998 -0.12466 0.45869 -0.490791
FixedParameters: 0 0 0

#Transform 131
Transform: AffineTransform_float_3_3
Parameters: 0.999999 9.56296e-05 -0.00143123 -9.9372e-05 0.999997 -0.00235486 0.00143177 0.00235514 0.999996 -0.0867852 0.455968 -0.480487
FixedParameters: 0 0 0

#Transform 132
Transform: AffineTransform_float_3_3
Parameters: 0.999999 0.000148061 -0.000912317 -0.000149941 0.999997 -0.00212586 0.000912683 0.00212514 0.999998 -0.103214 0.4418 -0.468677
FixedParameters: 0 0 0

#Transform 133
Transform: AffineTransform_float_3_3
Parameters: 0.999999 0.000553734 -0.00128841 -0.000557265 0.999996 -0.00253628 0.00128659 0.00253671 0.999996 -0.0834208 0.473311 -0.461253
FixedParameters: 0 0 0

#Transform 134
Transform: AffineTransform_float_3_3
Parameters: 0.999999 0.000208117 -0.00173047 -0.000211884 0.999998 -0.00224364 0.00173053 0.00224436 0.999996 -0.069978 0.448211 -0.502861
FixedParameters: 0 0 0

#Transform 135
Transform: AffineTransform_float_3_3
Parameters: 0.999998 0.000131263 -0.00167438 -0.000135738 0.999996 -0.00282878 0.00167462 0.00282922 0.999994 -0.0864156 0.479023 -0.541956
FixedParameters: 0 0 0

#Transform 136
Transform: AffineTransform_float_3_3
Parameters: 0.999999 8.55717e-05 -0.00138022 -8.94276e-05 0.999997 -0.00248388 0.00137978 0.00248412 0.999996 -0.0938138 0.464449 -0.524386
FixedParameters: 0 0 0

#Transform 137
Transform: AffineTransform_float_3_3
Parameters: 0.999999 -4.60849e-05 -0.0014229 4.29148e-05 0.999997 -0.00216806 0.0014231 0.00216794 0.999996 -0.0933111 0.452498 -0.499262
FixedParameters: 0 0 0

#Transform 138
Transform: AffineTransform_float_3_3
Parameters: 0.999999 4.53105e-05 -0.000811096 -4.76892e-05 0.999998 -0.00208296 0.000810903 0.00208304 0.999998 -0.0804388 0.424832 -0.411271
FixedParameters: 0 0 0

#Transform 139
Transform: AffineTransform_float_3_3
Parameters: 1 -2.37081e-05 -0.00103794 2.12918e-05 0.999996 -0.00260902 0.00103806 0.00260898 0.999996 -0.0597222 0.458112 -0.422158
FixedParameters: 0 0 0

#Transform 140
Transform: AffineTransform_float_3_3
Parameters: 1 9.42743e-05 -0.000629261 -9.6725e-05 0.999996 -0.00274294 0.000628737 0.00274306 0.999996 -0.0488056 0.466182 -0.465697
FixedParameters: 0 0 0

#Transform 141
Transform: AffineTransform_float_3_3
Parameters: 0.999999 5.2035e-05 -0.00086912 -5.39647e-05 0.999998 -0.00226096 0.00086888 0.00226105 0.999997 -0.0666832 0.414499 -0.395783
FixedParameters: 0 0 0

#Transform 142
Transform: AffineTransform_float_3_3
Parameters: 1 0.000164625 -0.000539421 -0.000166373 0.999996 -0.00254891 0.000538577 0.00254909 0.999996 -0.0717118 0.438369 -0.379433
FixedParameters: 0 0 0

#Transform 143
Transform: AffineTransform_float_3_3
Parameters: 0.999999 -0.000353644 -0.00066613 0.000352354 0.999997 -0.00246623 0.000667871 0.00246576 0.999996 -0.0758603 0.437206 -0.393518
FixedParameters: 0 0 0

#Transform 144
Transform: AffineTransform_float_3_3
Parameters: 0.999999 -0.000464702 -0.00073693 0.000463298 0.999997 -0.00230734 0.000738071 0.00230766 0.999997 -0.0694665 0.417717 -0.370971
FixedParameters: 0 0 0

#Transform 145
Transform: AffineTransform_float_3_3
Parameters: 1 -0.000461674 -0.000301972 0.000460326 0.999998 -0.00222814 0.000303026 0.00222786 0.999998 -0.0900741 0.418414 -0.349522
FixedParameters: 0 0 0

#Transform 146
Transform: AffineTransform_float_3_3
Parameters: 1 0.000169032 -0.000427384 -0.000169967 0.999998 -0.00226493 0.000426616 0.00226507 0.999998 -0.0434203 0.424315 -0.350672
FixedParameters: 0 0 0

#Transform 147
Transform: AffineTransform_float_3_3
Parameters: 1 -0.000208733 -0.000536329 0.000207268 0.999995 -0.00322911 0.000536672 0.00322989 0.999994 -0.0792764 0.472449 -0.409652
FixedParameters: 0 0 0

#Transform 148
Transform: AffineTransform_float_3_3
Parameters: 0.999999 -0.0003948 -0.000828671 0.000392199 0.999994 -0.00337633 0.000830328 0.00337567 0.999994 -0.0135629 0.500357 -0.444657
FixedParameters: 0 0 0

#Transform 149
Transform: AffineTransform_float_3_3
Parameters: 0.999999 -0.00124696 -0.000483972 0.00124404 0.999991 -0.0040356 0.000489023 0.00403439 0.999991 -0.0964341 0.505626 -0.420083
FixedParameters: 0 0 0

#Transform 150
Transform: AffineTransform_float_3_3
Parameters: 1 -0.000587902 -0.00090913 0.000584099 0.999994 -0.00318853 0.000910867 0.00318846 0.999994 -0.00968708 0.484583 -0.480307
FixedParameters: 0 0 0

#Transform 151
Transform: AffineTransform_float_3_3
Parameters: 0.999999 -0.000513919 -0.000599359 0.000512078 0.999995 -0.00319831 0.00060164 0.00319769 0.999994 -0.0727591 0.443211 -0.33988
FixedParameters: 0 0 0

#Transform 152
Transform: AffineTransform_float_3_3
Parameters: 1 -0.000317866 -0.00107716 0.000315134 0.999997 -0.00266034 0.00107784 0.00265966 0.999996 -0.0216489 0.445731 -0.369693
FixedParameters: 0 0 0

#Transform 153
Transform: AffineTransform_float_3_3
Parameters: 1 -0.000551766 -0.000707627 0.000550233 0.999996 -0.00249339 0.000709374 0.00249261 0.999996 -0.0386152 0.442113 -0.399684
FixedParameters: 0 0 0

#Transform 154
Transform: AffineTransform_float_3_3
Parameters: 1 -0.000377228 -0.000488053 0.000376771 0.999997 -0.00251518 0.000488949 0.00251481 0.999996 -0.0635147 0.445819 -0.38847
FixedParameters: 0 0 0

#Transform 155
Transform: AffineTransform_float_3_3
Parameters: 0.999999 0.000189959 -0.000907429 -0.000192042 0.999998 -0.00224983 0.00090757 0.00225017 0.999997 0.0166315 0.424386 -0.432724
FixedParameters: 0 0 0

#Transform 156
Transform: AffineTransform_float_3_3
Parameters: 1 0.000110994 -0.000505222 -0.000112005 0.999998 -0.00199094 0.000504778 0.00199106 0.999998 -0.0402229 0.393504 -0.409913
FixedParameters: 0 0 0

#Transform 157
Transform: AffineTransform_float_3_3
Parameters: 1 -0.000252579 0.000155685 0.000253419 0.999997 -0.00270796 -0.000154314 0.00270804 0.999997 -0.0570584 0.471296 -0.54634
FixedParameters: 0 0 0

#Transform 158
Transform: AffineTransform_float_3_3
Parameters: 0.999999 0.000602625 -0.00109531 -0.000604374 0.999997 -0.00216934 0.00109369 0.00216966 0.999997 -0.030254 0.451226 -0.521951
FixedParameters: 0 0 0

#Transform 159
Transform: AffineTransform_float_3_3
Parameters: 0.999999 -0.000626569 -0.000541188 0.000624431 0.999995 -0.00289534 0.00054281 0.00289566 0.999995 -0.0260346 0.467114 -0.519164
FixedParameters: 0 0 0

#Transform 160
Transform: AffineTransform_float_3_3
Parameters: 1 -0.000436984 -0.000969109 0.000435016 0.999998 -0.00204642 0.000969893 0.00204558 0.999998 0.0172297 0.440609 -0.555496
FixedParameters: 0 0 0

#Transform 161
Transform: AffineTransform_float_3_3
Parameters: 0.999999 -0.000603892 -0.000679322 0.000602105 0.999996 -0.00278241 0.000681678 0.00278259 0.999996 -0.0108962 0.45512 -0.558215
FixedParameters: 0 0 0

#Transform 162
Transform: AffineTransform_float_3_3
Parameters: 1 -0.000324095 -0.00106576 0.000319904 0.999992 -0.00384034 0.00106724 0.00383966 0.999992 -0.0219136 0.532891 -0.537869
FixedParameters: 0 0 0

#Transform 163
Transform: AffineTransform_float_3_3
Parameters: 0.999999 -0.000598342 -0.000787225 0.000595659 0.999996 -0.00297147 0.000788773 0.00297153 0.999996 -0.0225355 0.459599 -0.498721
FixedParameters: 0 0 0

#Transform 164
Transform: AffineTransform_float_3_3
Parameters: 0.999999 -0.000694473 -0.00113388 0.000691528 0.999995 -0.00305979 0.00113612 0.00305921 0.999994 -0.0193935 0.472681 -0.469824
FixedParameters: 0 0 0

#Transform 165
Transform: AffineTransform_float_3_3
Parameters: 0.999999 -0.000655571 -0.000576217 0.000653426 0.999996 -0.00272338 0.000578781 0.00272262 0.999996 -0.00490183 0.46085 -0.481272
FixedParameters: 0 0 0

#Transform 166
Transform: AffineTransform_float_3_3
Parameters: 1 -0.000359992 0.00010203 0.000360008 1 -8.19633e-05 -0.00010197 8.20367e-05 1 -0.0739247 0.323815 -0.453042
FixedParameters: 0 0 0

#Transform 167
Transform: AffineTransform_float_3_3
Parameters: 1 0.000350398 0.000291523 -0.000350602 0.999999 -0.0013631 -0.000292478 0.0013629 0.999999 -0.141106 0.390268 -0.378149
FixedParameters: 0 0 0

#Transform 168
Transform: AffineTransform_float_3_3
Parameters: 1 -0.000189597 -0.000203445 0.000188402 0.999995 -0.00292904 0.000204553 0.00292896 0.999995 -0.0715379 0.462527 -0.35016
FixedParameters: 0 0 0

#Transform 169
Transform: AffineTransform_float_3_3
Parameters: 1 0.000151446 -0.000660591 -0.000154555 0.999992 -0.0038669 0.000660407 0.0038671 0.999993 -0.0180987 0.520142 -0.421092
FixedParameters: 0 0 0

#Transform 170
Transform: AffineTransform_float_3_3
Parameters: 1 -0.000112963 1.33206e-05 0.000113036 0.999996 -0.002838 -1.26793e-05 0.002838 0.999996 -0.106467 0.448032 -0.319139
FixedParameters: 0 0 0

#Transform 171
Transform: AffineTransform_float_3_3
Parameters: 1 -2.9823e-05 -0.000522899 2.81766e-05 0.999994 -0.00348601 0.000523101 0.00348598 0.999994 -0.0338943 0.494791 -0.354863
FixedParameters: 0 0 0

#Transform 172
Transform: AffineTransform_float_3_3
Parameters: 0.999999 -0.000420997 -0.000660365 0.000420003 0.999999 -0.00151028 0.000660634 0.00150972 0.999998 -0.0451448 0.399346 -0.400512
FixedParameters: 0 0 0

#Transform 173
Transform: AffineTransform_float_3_3
Parameters: 0.999999 -0.000889138 -8.86219e-05 0.000888863 0.999999 -0.00155008 8.93778e-05 0.00154992 0.999999 -0.111922 0.376275 -0.431968
FixedParameters: 0 0 0

#Transform 174
Transform: AffineTransform_float_3_3
Parameters: 1 -0.000533774 0.000115053 0.000534226 0.999998 -0.00197194 -0.000113947 0.00197206 0.999998 -0.0724553 0.422906 -0.43482
FixedParameters: 0 0 0

#Transform 175
Transform: AffineTransform_float_3_3
Parameters: 1 -0.000939721 0.000745615 0.000941278 0.999998 -0.0017163 -0.000743385 0.0017177 0.999998 -0.107238 0.399367 -0.37868
FixedParameters: 0 0 0

#Transform 176
Transform: AffineTransform_float_3_3
Parameters: 1 -0.000602469 0.000820127 0.000604531 0.999998 -0.00186751 -0.000818872 0.00186849 0.999998 -0.0896446 0.397844 -0.376933
FixedParameters: 0 0 0

#Transform 177
Transform: AffineTransform_float_3_3
Parameters: 0.999999 -0.000716931 0.000681184 0.000719068 0.999995 -0.00304151 -0.000678816 0.00304149 0.999995 -0.0818449 0.47364 -0.392215
FixedParameters: 0 0 0

#Transform 178
Transform: AffineTransform_float_3_3
Parameters: 1 -0.000950371 0.000713176 0.000952629 0.999997 -0.00228732 -0.000710822 0.00228868 0.999997 -0.0976745 0.412156 -0.321162
FixedParameters: 0 0 0

#Transform 179
Transform: AffineTransform_float_3_3
Parameters: 0.999999 -0.000618626 0.000693125 0.000620373 0.999994 -0.00342957 -0.000690876 0.00342943 0.999994 -0.0762393 0.457337 -0.334394
FixedParameters: 0 0 0
