# transform file /out/sourcedata/freesurfer/sub-v2s8x29184_ses-1/mri/transforms/cc_up.lta
# created by oesteban on Sat Mar 14 01:35:06 2026

type      = 0 # LINEAR_VOX_TO_VOX
nxforms   = 1
mean      = 130.0000 140.0000 103.0000
sigma     = 10000.0000
1 4 4
9.982544779777527e-01 -5.497384071350098e-02 2.158738113939762e-02 4.770298480987549e+00 
5.496099218726158e-02 9.984878301620483e-01 1.188538502901793e-03 -2.972470283508301e+00 
-2.162007428705692e-02 0.000000000000000e+00 9.997662901878357e-01 3.679454803466797e+01 
0.000000000000000e+00 0.000000000000000e+00 0.000000000000000e+00 1.000000000000000e+00 
src volume info
valid = 1  # volume info valid
filename = /out/sourcedata/freesurfer/sub-v2s8x29184_ses-1/mri/norm.mgz
volume = 256 256 256
voxelsize = 1.000000000000000e+00 1.000000000000000e+00 1.000000000000000e+00
xras   = -1.000000000000000e+00 0.000000000000000e+00 0.000000000000000e+00
yras   = 0.000000000000000e+00 0.000000000000000e+00 -1.000000000000000e+00
zras   = 0.000000000000000e+00 1.000000000000000e+00 0.000000000000000e+00
cras   = 8.616912841796875e+00 1.000000000000000e+00 -3.337341308593750e+00
dst volume info
valid = 1  # volume info valid
filename = /out/sourcedata/freesurfer/sub-v2s8x29184_ses-1/mri/norm.mgz
volume = 256 256 256
voxelsize = 1.000000000000000e+00 1.000000000000000e+00 1.000000000000000e+00
xras   = -1.000000000000000e+00 0.000000000000000e+00 0.000000000000000e+00
yras   = 0.000000000000000e+00 0.000000000000000e+00 -1.000000000000000e+00
zras   = 0.000000000000000e+00 1.000000000000000e+00 0.000000000000000e+00
cras   = 8.616912841796875e+00 1.000000000000000e+00 -3.337341308593750e+00
