#Insight Transform File V1.0
#Transform 0
Transform: AffineTransform_float_3_3
Parameters: 1 0.000448978 0.000100096 -0.000449021 1 0.000213955 -9.99039e-05 -0.000214045 1 -0.0599064 -0.0808699 -0.368657
FixedParameters: 0 0 0

#Transform 1
Transform: AffineTransform_float_3_3
Parameters: 0.999999 0.000696986 -0.000299033 -0.000697014 1 -4.67916e-05 0.000298967 4.72084e-05 1 0.182482 0.113304 0.00416191
FixedParameters: 0 0 0

#Transform 2
Transform: AffineTransform_float_3_3
Parameters: 1 0.000372987 -5.90817e-05 -0.000373013 1 -0.000218978 5.89187e-05 0.000218022 1 0.0924242 0.165888 -4.88218e-05
FixedParameters: 0 0 0

#Transform 3
Transform: AffineTransform_float_3_3
Parameters: 1 0.000292994 -9.20182e-05 -0.000293006 1 -6.1973e-05 9.19818e-05 6.20269e-05 1 0.102896 0.137276 -0.000772046
FixedParameters: 0 0 0

#Transform 4
Transform: AffineTransform_float_3_3
Parameters: 1 0.000494019 -9.18997e-05 -0.000493981 1 0.000203045 9.21003e-05 -0.000202954 1 0.0950448 0.12532 0.00397713
FixedParameters: 0 0 0

#Transform 5
Transform: AffineTransform_float_3_3
Parameters: 0.999999 0.000866498 -0.00152572 -0.000866503 0.999999 0.000326322 0.00152628 -0.000325678 0.999999 0.250881 0.19256 -0.0546709
FixedParameters: 0 0 0

#Transform 6
Transform: AffineTransform_float_3_3
Parameters: 1 -0.000147908 0.000404034 0.000148092 1 -0.00022694 -0.000403966 0.00022706 1 0.0558358 0.166492 -0.00114762
FixedParameters: 0 0 0

#Transform 7
Transform: AffineTransform_float_3_3
Parameters: 0.999998 0.00175972 -0.000892584 -0.00175928 0.999998 0.000805572 0.000893417 -0.00080443 1 0.121586 0.0219358 0.164816
FixedParameters: 0 0 0

#Transform 8
Transform: AffineTransform_float_3_3
Parameters: 0.999999 0.00131313 0.000285027 -0.00131387 0.999995 0.00306563 -0.000280973 -0.00306637 0.999996 0.0453395 -0.0835712 0.0584055
FixedParameters: 0 0 0

#Transform 9
Transform: AffineTransform_float_3_3
Parameters: 0.999993 0.00289865 -0.00229166 -0.00289636 0.999995 0.00115665 0.00229534 -0.00115035 0.999996 0.230604 0.0866879 0.0950546
FixedParameters: 0 0 0

#Transform 10
Transform: AffineTransform_float_3_3
Parameters: 0.999999 0.00114345 -0.000601054 -0.00114455 0.999999 -0.000921313 0.000600945 0.000922688 1 0.0807161 0.221449 0.0387259
FixedParameters: 0 0 0

#Transform 11
Transform: AffineTransform_float_3_3
Parameters: 0.999999 0.00114291 -0.000619015 -0.00114409 0.999998 -0.00176129 0.000616985 0.00176271 0.999999 0.135966 0.284851 0.000719917
FixedParameters: 0 0 0

#Transform 12
Transform: AffineTransform_float_3_3
Parameters: 0.999999 0.000457835 0.000584346 -0.000457165 0.999999 -0.00142927 -0.000584654 0.00142873 0.999999 0.0298025 0.267575 -0.0140371
FixedParameters: 0 0 0

#Transform 13
Transform: AffineTransform_float_3_3
Parameters: 1 0.000163618 -0.000263238 -0.000164383 0.999999 -0.00145196 0.000263762 0.00145104 0.999999 0.126918 0.292933 -0.00756503
FixedParameters: 0 0 0

#Transform 14
Transform: AffineTransform_float_3_3
Parameters: 1 0.000318903 -5.5562e-05 -0.000319098 0.999999 -0.00176198 5.54379e-05 0.00176202 0.999999 0.0997076 0.310254 0.00440302
FixedParameters: 0 0 0

#Transform 15
Transform: AffineTransform_float_3_3
Parameters: 0.999999 0.00139205 -1.33938e-05 -0.00139195 0.999993 0.00330902 1.8606e-05 -0.00330897 0.999994 0.0487696 -0.0491356 0.072351
FixedParameters: 0 0 0

#Transform 16
Transform: AffineTransform_float_3_3
Parameters: 0.999999 0.000879818 0.000244654 -0.000880181 1 0.000743785 -0.000243345 -0.000744214 0.999999 0.0449847 0.0983469 0.0113863
FixedParameters: 0 0 0

#Transform 17
Transform: AffineTransform_float_3_3
Parameters: 0.999999 0.000861874 -0.0012397 -0.000860124 0.999998 0.00151207 0.0012413 -0.00151093 0.999998 0.172565 0.0807752 0.0359374
FixedParameters: 0 0 0

#Transform 18
Transform: AffineTransform_float_3_3
Parameters: 1 0.000887247 -0.000763713 -0.000886753 0.999999 0.000323677 0.000764287 -0.000323322 0.999999 0.100255 0.129267 0.0032929
FixedParameters: 0 0 0

#Transform 19
Transform: AffineTransform_float_3_3
Parameters: 1 -0.00026979 0.00102832 0.00027021 1 -0.00117672 -0.00102768 0.00117728 0.999999 0.0235287 0.280954 -0.0233341
FixedParameters: 0 0 0

#Transform 20
Transform: AffineTransform_float_3_3
Parameters: 0.999998 -0.000786573 0.00152622 0.000787426 0.999999 -0.000278798 -0.00152578 0.0002802 0.999999 0.0102637 0.185443 0.0332353
FixedParameters: 0 0 0

#Transform 21
Transform: AffineTransform_float_3_3
Parameters: 1 -0.00102609 -0.000139325 0.00102591 1 -0.000658143 0.000139675 0.000657857 1 0.0940617 0.164824 0.0461037
FixedParameters: 0 0 0

#Transform 22
Transform: AffineTransform_float_3_3
Parameters: 0.999999 -0.00120738 -0.000374779 0.00120762 0.999999 -0.00101145 0.000376222 0.00101155 1 0.111957 0.199463 0.0428315
FixedParameters: 0 0 0

#Transform 23
Transform: AffineTransform_float_3_3
Parameters: 1 -0.000309988 1.13469e-05 0.000310013 1 -0.001119 -1.16531e-05 0.001119 1 0.0739879 0.225415 0.0272103
FixedParameters: 0 0 0

#Transform 24
Transform: AffineTransform_float_3_3
Parameters: 0.999977 0.00281063 0.00620514 -0.00284637 0.999979 0.00569847 -0.00618985 -0.00571553 0.999964 -0.350625 -0.212554 0.217419
FixedParameters: 0 0 0

#Transform 25
Transform: AffineTransform_float_3_3
Parameters: 0.999998 0.00164916 0.00118359 -0.00165584 0.999982 0.00580405 -0.00117441 -0.00580595 0.999983 -0.0736672 -0.464152 1.06429
FixedParameters: 0 0 0

#Transform 26
Transform: AffineTransform_float_3_3
Parameters: 0.999996 0.00158839 0.00241302 -0.00160261 0.999983 0.00565016 -0.00240398 -0.00565384 0.999981 -0.134263 -0.376306 0.604655
FixedParameters: 0 0 0

#Transform 27
Transform: AffineTransform_float_3_3
Parameters: 0.999999 0.00136115 0.000551095 -0.00136185 0.999998 0.00153825 -0.000548904 -0.00153975 0.999998 -0.0623039 -0.00553526 0.327757
FixedParameters: 0 0 0

#Transform 28
Transform: AffineTransform_float_3_3
Parameters: 1 0.00110517 -0.000418202 -0.00110583 0.999998 -0.00199154 0.000415798 0.00199246 0.999998 0.0124622 0.246255 0.123419
FixedParameters: 0 0 0

#Transform 29
Transform: AffineTransform_float_3_3
Parameters: 0.999998 0.00179127 0.00105886 -0.00178973 0.999997 -0.0011979 -0.00106114 0.0011961 0.999998 -0.0844121 0.266658 0.113311
FixedParameters: 0 0 0

#Transform 30
Transform: AffineTransform_float_3_3
Parameters: 0.999998 0.00134964 0.0018844 -0.00134536 0.999997 -0.00193054 -0.0018866 0.00192846 0.999997 -0.168268 0.271873 0.147175
FixedParameters: 0 0 0

#Transform 31
Transform: AffineTransform_float_3_3
Parameters: 0.999997 0.000789824 0.00205468 -0.000789174 0.999999 -0.000402622 -0.00205532 0.000400377 0.999998 -0.130207 0.169317 0.142866
FixedParameters: 0 0 0

#Transform 32
Transform: AffineTransform_float_3_3
Parameters: 0.999998 2.35919e-05 0.00189801 -2.3408e-05 1 0.000214956 -0.001898 -0.000215045 0.999998 -0.123884 0.133998 0.140898
FixedParameters: 0 0 0

#Transform 33
Transform: AffineTransform_float_3_3
Parameters: 0.999999 2.88072e-05 0.00181997 -2.71927e-05 0.999999 -0.00099305 -0.00182003 0.000992949 0.999998 -0.130235 0.209832 0.110333
FixedParameters: 0 0 0

#Transform 34
Transform: AffineTransform_float_3_3
Parameters: 0.999999 -0.000217197 0.00135813 0.000217802 1 -0.000590705 -0.00135787 0.000591295 0.999999 -0.0699124 0.176737 0.118031
FixedParameters: 0 0 0

#Transform 35
Transform: AffineTransform_float_3_3
Parameters: 1 0.000568628 0.000906982 -0.000566372 0.999998 -0.00179452 -0.000908018 0.00179349 0.999998 -0.11867 0.26185 0.127145
FixedParameters: 0 0 0

#Transform 36
Transform: AffineTransform_float_3_3
Parameters: 0.999999 0.000706222 0.000546424 -0.000704779 0.999998 -0.00223339 -0.000547576 0.00223362 0.999998 -0.0661887 0.301148 0.137495
FixedParameters: 0 0 0

#Transform 37
Transform: AffineTransform_float_3_3
Parameters: 1 0.000450931 -4.1754e-05 -0.000451069 0.999998 -0.00167198 4.12458e-05 0.00167202 0.999998 -0.0389024 0.269755 0.102934
FixedParameters: 0 0 0

#Transform 38
Transform: AffineTransform_float_3_3
Parameters: 1 0.000158974 -4.11022e-05 -0.000159026 1 -0.000642993 4.08977e-05 0.000643006 1 -0.0480621 0.242882 0.0392228
FixedParameters: 0 0 0

#Transform 39
Transform: AffineTransform_float_3_3
Parameters: 1 0.000673961 -4.16322e-05 -0.000674039 1 -0.000937972 4.13677e-05 0.000938028 0.999999 -0.0393656 0.307059 0.00808002
FixedParameters: 0 0 0

#Transform 40
Transform: AffineTransform_float_3_3
Parameters: 0.999999 0.00073101 1.13684e-05 -0.00073099 1 -0.000864009 -1.16316e-05 0.000863992 0.999999 -0.0678474 0.303634 0.0245698
FixedParameters: 0 0 0

#Transform 41
Transform: AffineTransform_float_3_3
Parameters: 0.999999 0.000632633 -0.000687185 -0.000635365 0.999994 -0.00344856 0.000684812 0.00344943 0.999994 0.028596 0.421594 0.0624874
FixedParameters: 0 0 0

#Transform 42
Transform: AffineTransform_float_3_3
Parameters: 0.999997 0.0023033 -0.000713263 -0.0023037 0.999997 -0.00098136 0.000711739 0.000982642 1 -0.063751 0.217603 0.122074
FixedParameters: 0 0 0

#Transform 43
Transform: AffineTransform_float_3_3
Parameters: 0.999996 0.00237923 -0.00113152 -0.00237877 0.999997 0.000201692 0.00113248 -0.000199306 1 -0.0198362 0.133908 0.143151
FixedParameters: 0 0 0

#Transform 44
Transform: AffineTransform_float_3_3
Parameters: 0.999997 0.00234821 -0.000552116 -0.00234779 0.999997 0.000377297 0.000553884 -0.0003757 1 -0.0837822 0.1112 0.118539
FixedParameters: 0 0 0

#Transform 45
Transform: AffineTransform_float_3_3
Parameters: 0.999998 0.00168116 0.000401317 -0.00168084 0.999998 -0.000406675 -0.000401683 0.000406325 1 -0.0838523 0.182765 0.127523
FixedParameters: 0 0 0

#Transform 46
Transform: AffineTransform_float_3_3
Parameters: 0.999998 0.00176674 0.000862638 -0.00176926 0.999995 0.00262248 -0.000858363 -0.00262352 0.999996 -0.144075 0.0147972 0.178592
FixedParameters: 0 0 0

#Transform 47
Transform: AffineTransform_float_3_3
Parameters: 0.999999 0.00147708 -5.69808e-05 -0.00147692 0.999998 0.00136709 5.90189e-05 -0.00136691 0.999999 -0.0588447 0.0910668 0.156375
FixedParameters: 0 0 0

#Transform 48
Transform: AffineTransform_float_3_3
Parameters: 0.999999 0.00117825 -0.000469883 -0.00117875 0.999998 -0.00159745 0.000468117 0.00159855 0.999998 -0.0301303 0.249928 0.133008
FixedParameters: 0 0 0

#Transform 49
Transform: AffineTransform_float_3_3
Parameters: 1 0.00117915 -0.000170975 -0.00117885 0.999999 0.000869202 0.000171026 -0.000869799 0.999999 -0.0154945 0.0782356 0.280569
FixedParameters: 0 0 0

#Transform 50
Transform: AffineTransform_float_3_3
Parameters: 1 0.000573159 -0.000245628 -0.00057284 0.999999 0.00064914 0.000246372 -0.000648859 1 -0.0336294 0.106077 0.166549
FixedParameters: 0 0 0

#Transform 51
Transform: AffineTransform_float_3_3
Parameters: 0.999999 0.000572282 -0.000851482 -0.000572717 1 -0.000842513 0.000850517 0.000843488 1 0.0241646 0.217666 0.180526
FixedParameters: 0 0 0

#Transform 52
Transform: AffineTransform_float_3_3
Parameters: 0.999999 0.000571323 -0.000852126 -0.000572676 0.999998 -0.00196851 0.000850873 0.00196949 0.999997 0.00291364 0.292033 0.156541
FixedParameters: 0 0 0

#Transform 53
Transform: AffineTransform_float_3_3
Parameters: 1 -9.62235e-05 -0.000109804 9.57761e-05 0.999998 -0.00203401 0.000110195 0.00203399 0.999998 -0.0412229 0.306081 0.118805
FixedParameters: 0 0 0

#Transform 54
Transform: AffineTransform_float_3_3
Parameters: 0.999999 -9.48687e-05 0.000726148 9.51309e-05 0.999999 -0.00155793 -0.000725852 0.00155807 0.999998 -0.0532445 0.26984 0.134923
FixedParameters: 0 0 0

#Transform 55
Transform: AffineTransform_float_3_3
Parameters: 1 0.000329379 -0.000327626 -0.00032962 0.999998 -0.00189789 0.000326375 0.00189811 0.999998 -0.0391591 0.319737 0.0936923
FixedParameters: 0 0 0

#Transform 56
Transform: AffineTransform_float_3_3
Parameters: 0.999999 0.000855685 -0.000628793 -0.000856314 0.999998 -0.00209446 0.000626207 0.00209454 0.999997 -0.0170064 0.3193 0.114262
FixedParameters: 0 0 0

#Transform 57
Transform: AffineTransform_float_3_3
Parameters: 1 0.000968153 -0.000745406 -0.000969847 0.999997 -0.00248228 0.000742595 0.00248272 0.999996 -0.0340588 0.359554 0.158153
FixedParameters: 0 0 0

#Transform 58
Transform: AffineTransform_float_3_3
Parameters: 0.999993 0.00284197 -0.00211811 -0.00284803 0.999992 -0.00284898 0.00211088 0.00285502 0.999993 0.00758884 0.351267 0.135966
FixedParameters: 0 0 0

#Transform 59
Transform: AffineTransform_float_3_3
Parameters: 0.999988 0.00304799 -0.00367616 -0.00305201 0.999995 -0.0013588 0.00367184 0.00136921 0.999993 0.11599 0.220504 0.234214
FixedParameters: 0 0 0

#Transform 60
Transform: AffineTransform_float_3_3
Parameters: 0.999993 0.0021014 -0.00311211 -0.0021066 0.999996 -0.00147445 0.00310889 0.00148054 0.999994 0.128865 0.195714 0.239416
FixedParameters: 0 0 0

#Transform 61
Transform: AffineTransform_float_3_3
Parameters: 0.999998 0.00161948 -0.00102583 -0.00161952 0.999998 -0.00050834 0.00102418 0.00050966 1 -0.0170729 0.168742 0.221443
FixedParameters: 0 0 0

#Transform 62
Transform: AffineTransform_float_3_3
Parameters: 0.999999 0.00120701 -0.00101881 -0.00120599 0.999999 0.00099023 0.00102019 -0.00098877 0.999999 -0.00844023 0.0997361 0.176674
FixedParameters: 0 0 0

#Transform 63
Transform: AffineTransform_float_3_3
Parameters: 0.999998 0.00132801 -0.000925987 -0.00132799 0.999999 1.02297e-05 0.000926013 -8.77027e-06 1 -0.00617522 0.16749 0.219115
FixedParameters: 0 0 0

#Transform 64
Transform: AffineTransform_float_3_3
Parameters: 0.999999 0.0018209 9.10976e-05 -0.0018211 0.999997 0.00115184 -8.89039e-05 -0.00115116 1 -0.0697428 0.0757372 0.202564
FixedParameters: 0 0 0

#Transform 65
Transform: AffineTransform_float_3_3
Parameters: 0.999999 0.00113063 -0.000481532 -0.00113037 0.999998 0.00129954 0.000482469 -0.00129845 0.999999 -0.00294843 0.0690832 0.214209
FixedParameters: 0 0 0

#Transform 66
Transform: AffineTransform_float_3_3
Parameters: 1 0.00108381 -0.000298077 -0.00108219 0.999996 0.00269832 0.000300921 -0.00269768 0.999997 -0.00851908 -0.0108502 0.232538
FixedParameters: 0 0 0

#Transform 67
Transform: AffineTransform_float_3_3
Parameters: 0.999999 0.00123188 -0.000486262 -0.00123012 0.999992 0.0038496 0.000490739 -0.0038494 0.999992 -0.027296 -0.0771202 0.237442
FixedParameters: 0 0 0

#Transform 68
Transform: AffineTransform_float_3_3
Parameters: 0.999997 0.00182104 -0.00191918 -0.00181696 0.999996 0.00210449 0.00192282 -0.00210051 0.999996 0.0811984 0.0212808 0.295032
FixedParameters: 0 0 0

#Transform 69
Transform: AffineTransform_float_3_3
Parameters: 0.999994 0.00214961 -0.00268292 -0.00214139 0.999993 0.00283676 0.00268908 -0.00283124 0.999993 0.170054 0.00577542 0.195327
FixedParameters: 0 0 0

#Transform 70
Transform: AffineTransform_float_3_3
Parameters: 0.999996 0.0017713 -0.00193807 -0.00176669 0.999996 0.00222043 0.00194192 -0.00221757 0.999995 0.050095 0.0341689 0.19824
FixedParameters: 0 0 0

#Transform 71
Transform: AffineTransform_float_3_3
Parameters: 0.999997 0.00206959 -0.00171891 -0.00206241 0.999988 0.00440456 0.0017281 -0.00440144 0.999989 0.0619219 -0.0962874 0.316217
FixedParameters: 0 0 0

#Transform 72
Transform: AffineTransform_float_3_3
Parameters: 0.999991 0.00318516 -0.00288205 -0.00316684 0.999975 0.00628519 0.00290195 -0.00627582 0.999976 0.109275 -0.235494 0.441903
FixedParameters: 0 0 0

#Transform 73
Transform: AffineTransform_float_3_3
Parameters: 0.999994 0.00277427 -0.00210444 -0.00276673 0.99999 0.00345184 0.00211355 -0.00344516 0.999992 0.0275988 -0.038948 0.252121
FixedParameters: 0 0 0

#Transform 74
Transform: AffineTransform_float_3_3
Parameters: 0.999994 0.00250496 -0.00217386 -0.00249704 0.99999 0.00365745 0.00218214 -0.00365155 0.999991 0.0588897 -0.0071668 0.214986
FixedParameters: 0 0 0

#Transform 75
Transform: AffineTransform_float_3_3
Parameters: 0.999996 0.00238622 -0.00166353 -0.00238078 0.999993 0.00313397 0.00167146 -0.00313002 0.999993 -0.00217976 0.0145409 0.151084
FixedParameters: 0 0 0

#Transform 76
Transform: AffineTransform_float_3_3
Parameters: 0.999995 0.00232173 -0.00224603 -0.00231327 0.999992 0.00343921 0.00225396 -0.00343378 0.999991 0.054877 0.00388996 0.197069
FixedParameters: 0 0 0

#Transform 77
Transform: AffineTransform_float_3_3
Parameters: 0.999995 0.0023209 -0.00215358 -0.00231409 0.999992 0.003203 0.00216142 -0.003198 0.999992 0.0344344 0.000561491 0.249018
FixedParameters: 0 0 0

#Transform 78
Transform: AffineTransform_float_3_3
Parameters: 0.999996 0.00231962 -0.0017315 -0.00231338 0.999992 0.00323802 0.0017395 -0.00323398 0.999994 0.0286145 -0.0170089 0.214496
FixedParameters: 0 0 0

#Transform 79
Transform: AffineTransform_float_3_3
Parameters: 0.999999 0.00117639 -0.000629403 -0.00117561 0.999997 0.00220974 0.000632599 -0.00220926 0.999998 -0.0369457 0.025628 0.184628
FixedParameters: 0 0 0

#Transform 80
Transform: AffineTransform_float_3_3
Parameters: 0.999999 0.00152396 -0.00096191 -0.00152204 0.999997 0.00203047 0.000965091 -0.00202853 0.999998 -0.0176108 0.0907701 0.12786
FixedParameters: 0 0 0

#Transform 81
Transform: AffineTransform_float_3_3
Parameters: 0.999998 0.00196962 -0.000626939 -0.00196838 0.999995 0.00257124 0.000632061 -0.00256976 0.999996 -0.0342387 0.0508603 0.144719
FixedParameters: 0 0 0

#Transform 82
Transform: AffineTransform_float_3_3
Parameters: 0.999995 0.00242372 -0.00211045 -0.00241828 0.999994 0.00270612 0.00211755 -0.00270188 0.999994 0.0968211 0.0255721 0.152889
FixedParameters: 0 0 0

#Transform 83
Transform: AffineTransform_float_3_3
Parameters: 0.999996 0.00201613 -0.00205501 -0.00200987 0.999993 0.00298014 0.002061 -0.00297686 0.999994 0.055864 0.0110922 0.15696
FixedParameters: 0 0 0

#Transform 84
Transform: AffineTransform_float_3_3
Parameters: 0.999998 0.00161887 -0.00135377 -0.00161713 0.999997 0.00137819 0.00135623 -0.00137681 0.999998 -0.000842138 0.127155 0.147
FixedParameters: 0 0 0

#Transform 85
Transform: AffineTransform_float_3_3
Parameters: 0.999998 0.000897149 -0.00188055 -0.000891853 0.999996 0.00273668 0.00188245 -0.00273532 0.999994 0.0901027 0.0277604 0.178152
FixedParameters: 0 0 0

#Transform 86
Transform: AffineTransform_float_3_3
Parameters: 0.999998 0.00131605 -0.00163976 -0.00131195 0.999996 0.00246916 0.00164324 -0.00246684 0.999995 0.0238031 0.0580294 0.150736
FixedParameters: 0 0 0

#Transform 87
Transform: AffineTransform_float_3_3
Parameters: 0.999997 0.00154778 -0.00194299 -0.00154321 0.999997 0.001948 0.00194601 -0.00194499 0.999996 0.0273354 0.105815 0.136844
FixedParameters: 0 0 0

#Transform 88
Transform: AffineTransform_float_3_3
Parameters: 0.999996 0.00188514 -0.00178764 -0.00188186 0.999995 0.00231537 0.00179136 -0.00231163 0.999995 -0.00530636 0.0662352 0.261651
FixedParameters: 0 0 0

#Transform 89
Transform: AffineTransform_float_3_3
Parameters: 0.999996 0.00217374 -0.00187568 -0.00217026 0.999995 0.00199208 0.00188032 -0.00198892 0.999997 0.0363558 0.0838378 0.260585
FixedParameters: 0 0 0

#Transform 90
Transform: AffineTransform_float_3_3
Parameters: 0.999996 0.00218684 -0.00213105 -0.00218116 0.999995 0.00227066 0.00213595 -0.00226534 0.999995 0.0267742 0.0327694 0.265464
FixedParameters: 0 0 0

#Transform 91
Transform: AffineTransform_float_3_3
Parameters: 0.999996 0.00224612 -0.00178859 -0.00224488 0.999998 0.000630018 0.00179041 -0.000625981 0.999998 -0.0143512 0.12377 0.34158
FixedParameters: 0 0 0

#Transform 92
Transform: AffineTransform_float_3_3
Parameters: 0.999994 0.00241559 -0.00254644 -0.00241441 0.999997 0.00023515 0.00254756 -0.000229847 0.999996 0.0216032 0.12854 0.354114
FixedParameters: 0 0 0

#Transform 93
Transform: AffineTransform_float_3_3
Parameters: 0.99999 0.00293607 -0.00356437 -0.00292893 0.999993 0.00226746 0.00357164 -0.00225654 0.999991 0.0423154 0.0110812 0.395938
FixedParameters: 0 0 0

#Transform 94
Transform: AffineTransform_float_3_3
Parameters: 0.999987 0.00270903 -0.00417215 -0.00269997 0.999994 0.00216929 0.00417785 -0.00215771 0.999989 0.132723 0.0340718 0.379565
FixedParameters: 0 0 0

#Transform 95
Transform: AffineTransform_float_3_3
Parameters: 0.999991 0.00250573 -0.00339024 -0.00250227 0.999997 0.00110449 0.00339375 -0.00109551 0.999993 0.0423651 0.080522 0.29886
FixedParameters: 0 0 0

#Transform 96
Transform: AffineTransform_float_3_3
Parameters: 0.99999 0.00331804 -0.00316521 -0.00332296 0.999994 -0.0015625 0.00315979 0.0015735 0.999994 0.0335959 0.209973 0.38454
FixedParameters: 0 0 0

#Transform 97
Transform: AffineTransform_float_3_3
Parameters: 0.999986 0.0030106 -0.00423784 -0.0030154 0.999994 -0.00126824 0.00423416 0.00128076 0.99999 0.109928 0.184903 0.453713
FixedParameters: 0 0 0

#Transform 98
Transform: AffineTransform_float_3_3
Parameters: 0.999989 0.00331694 -0.00311406 -0.00331706 0.999994 -1.36706e-05 0.00311394 2.4329e-05 0.999995 0.0396872 0.088872 0.547622
FixedParameters: 0 0 0

#Transform 99
Transform: AffineTransform_float_3_3
Parameters: 0.999991 0.00247468 -0.00360354 -0.00247433 0.999997 0.000191918 0.00360447 -0.000183082 0.999994 0.031721 0.102418 0.388534
FixedParameters: 0 0 0

#Transform 100
Transform: AffineTransform_float_3_3
Parameters: 0.999994 0.00209657 -0.0026687 -0.00209943 0.999997 -0.0012844 0.0026653 0.00128959 0.999995 -0.039382 0.232091 0.318684
FixedParameters: 0 0 0

#Transform 101
Transform: AffineTransform_float_3_3
Parameters: 0.999992 0.00225501 -0.00307892 -0.00225898 0.999996 -0.00129105 0.00307608 0.00129794 0.999994 -0.0063661 0.242642 0.307697
FixedParameters: 0 0 0

#Transform 102
Transform: AffineTransform_float_3_3
Parameters: 0.999993 0.0028833 -0.00263606 -0.00288671 0.999995 -0.0014034 0.00263194 0.0014106 0.999995 -0.0437765 0.223904 0.405058
FixedParameters: 0 0 0

#Transform 103
Transform: AffineTransform_float_3_3
Parameters: 0.99999 0.00320164 -0.00330926 -0.00320436 0.999995 -0.00101041 0.00330575 0.0010206 0.999994 0.00755243 0.182587 0.445175
FixedParameters: 0 0 0

#Transform 104
Transform: AffineTransform_float_3_3
Parameters: 0.999991 0.00288817 -0.00316093 -0.00288683 0.999996 0.000374128 0.00316207 -0.000364871 0.999995 -0.00792766 0.0803079 0.444148
FixedParameters: 0 0 0

#Transform 105
Transform: AffineTransform_float_3_3
Parameters: 0.999993 0.00288664 -0.0020515 -0.00288635 0.999996 -0.00016908 0.0020505 0.00017592 0.999998 -0.0920825 0.154243 0.376996
FixedParameters: 0 0 0

#Transform 106
Transform: AffineTransform_float_3_3
Parameters: 0.999993 0.00288469 -0.00220003 -0.00288731 0.999996 -0.00104766 0.00219696 0.00105434 0.999997 -0.0843452 0.201042 0.406623
FixedParameters: 0 0 0

#Transform 107
Transform: AffineTransform_float_3_3
Parameters: 0.999992 0.00265838 -0.00322998 -0.00266162 0.999996 -0.00111641 0.00322702 0.00112559 0.999994 4.75041e-05 0.209026 0.437598
FixedParameters: 0 0 0

#Transform 108
Transform: AffineTransform_float_3_3
Parameters: 0.999992 0.00289039 -0.00280451 -0.00288661 0.999995 0.00121111 0.00280749 -0.0012029 0.999996 -0.000859543 0.0851206 0.457128
FixedParameters: 0 0 0

#Transform 109
Transform: AffineTransform_float_3_3
Parameters: 0.999989 0.00289182 -0.00367422 -0.00288718 0.999995 0.00131562 0.00367879 -0.00130538 0.999993 0.031123 0.0954982 0.342074
FixedParameters: 0 0 0

#Transform 110
Transform: AffineTransform_float_3_3
Parameters: 0.999984 0.00392086 -0.00389109 -0.00390514 0.999985 0.00381825 0.00390591 -0.00380374 0.999985 0.0350663 -0.0746722 0.497924
FixedParameters: 0 0 0

#Transform 111
Transform: AffineTransform_float_3_3
Parameters: 0.999985 0.00334568 -0.0041993 -0.00333632 0.999992 0.00231004 0.00420769 -0.00229595 0.999988 0.0372908 0.0261741 0.456974
FixedParameters: 0 0 0

#Transform 112
Transform: AffineTransform_float_3_3
Parameters: 0.99999 0.00303882 -0.00325124 -0.00303819 0.999996 0.00025588 0.00325176 -0.000246121 0.999994 -0.00216933 0.142173 0.388002
FixedParameters: 0 0 0

#Transform 113
Transform: AffineTransform_float_3_3
Parameters: 0.999989 0.00325443 -0.00339554 -0.00325556 0.999994 -0.000160947 0.00339546 0.000172052 0.999994 -0.0136103 0.1722 0.433576
FixedParameters: 0 0 0

#Transform 114
Transform: AffineTransform_float_3_3
Parameters: 0.999989 0.00304045 -0.00345785 -0.00303755 0.999995 0.000712511 0.00346015 -0.000702487 0.999994 -0.0213918 0.12452 0.415289
FixedParameters: 0 0 0

#Transform 115
Transform: AffineTransform_float_3_3
Parameters: 0.999987 0.00309434 -0.00420097 -0.00309667 0.999995 -0.000628 0.00419904 0.000641002 0.999991 0.0871764 0.193701 0.42821
FixedParameters: 0 0 0

#Transform 116
Transform: AffineTransform_float_3_3
Parameters: 0.999988 0.00303193 -0.00388275 -0.00303807 0.999994 -0.00155822 0.00387725 0.00156978 0.999991 0.0194286 0.260486 0.399674
FixedParameters: 0 0 0

#Transform 117
Transform: AffineTransform_float_3_3
Parameters: 0.999992 0.00303547 -0.00280574 -0.00303753 0.999995 -0.000898485 0.00280226 0.000906514 0.999995 -0.0438215 0.248344 0.322689
FixedParameters: 0 0 0

#Transform 118
Transform: AffineTransform_float_3_3
Parameters: 0.999992 0.002787 -0.00281794 -0.002794 0.999993 -0.00248215 0.00281106 0.00248985 0.999993 -0.0659163 0.349909 0.313149
FixedParameters: 0 0 0

#Transform 119
Transform: AffineTransform_float_3_3
Parameters: 0.99999 0.00314862 -0.00310845 -0.00315238 0.999994 -0.00140622 0.00310356 0.00141579 0.999994 -0.0370878 0.266817 0.370548
FixedParameters: 0 0 0

#Transform 120
Transform: AffineTransform_float_3_3
Parameters: 0.999983 0.00482797 -0.00307774 -0.00481503 0.99998 0.00420889 0.00309726 -0.00419412 0.999987 0.0260483 -0.059325 0.51826
FixedParameters: 0 0 0

#Transform 121
Transform: AffineTransform_float_3_3
Parameters: 0.999986 0.00418992 -0.00337881 -0.00417508 0.999983 0.00411616 0.00339618 -0.00410183 0.999986 -0.00928789 -0.0766961 0.490199
FixedParameters: 0 0 0

#Transform 122
Transform: AffineTransform_float_3_3
Parameters: 0.999985 0.00387163 -0.00371918 -0.00386636 0.999991 0.0012534 0.00372382 -0.0012386 0.999993 0.0406144 0.0856128 0.437103
FixedParameters: 0 0 0

#Transform 123
Transform: AffineTransform_float_3_3
Parameters: 0.999989 0.00322862 -0.00340136 -0.00322838 0.999995 -0.00010602 0.00340164 0.000116984 0.999994 0.0392538 0.182041 0.400918
FixedParameters: 0 0 0

#Transform 124
Transform: AffineTransform_float_3_3
Parameters: 0.999988 0.00344439 -0.00344661 -0.00344161 0.999994 0.00069987 0.00344939 -0.000687127 0.999994 -0.0179418 0.117754 0.440293
FixedParameters: 0 0 0

#Transform 125
Transform: AffineTransform_float_3_3
Parameters: 0.999987 0.00316864 -0.00400149 -0.00316835 0.999995 0.00016768 0.00400151 -0.000154323 0.999992 0.0561114 0.152342 0.391324
FixedParameters: 0 0 0

#Transform 126
Transform: AffineTransform_float_3_3
Parameters: 0.999987 0.00296105 -0.00419404 -0.00297095 0.999993 -0.00236857 0.00418696 0.00238143 0.999989 0.0353119 0.294486 0.466012
FixedParameters: 0 0 0

#Transform 127
Transform: AffineTransform_float_3_3
Parameters: 0.999988 0.00248435 -0.00420308 -0.00250364 0.999987 -0.00443653 0.00419192 0.00444747 0.999982 0.0666935 0.437294 0.459753
FixedParameters: 0 0 0

#Transform 128
Transform: AffineTransform_float_3_3
Parameters: 0.999991 0.00260397 -0.00339458 -0.00261903 0.999987 -0.00443015 0.00338342 0.00443885 0.999984 0.0040524 0.424626 0.419206
FixedParameters: 0 0 0

#Transform 129
Transform: AffineTransform_float_3_3
Parameters: 0.99999 0.00291427 -0.00337846 -0.00290873 0.999994 0.00156384 0.00338354 -0.00155415 0.999993 0.0344797 0.0577667 0.521349
FixedParameters: 0 0 0

#Transform 130
Transform: AffineTransform_float_3_3
Parameters: 0.99999 0.00300516 -0.00338197 -0.00300384 0.999996 0.000347163 0.00338303 -0.000336837 0.999994 -0.000351969 0.12248 0.467123
FixedParameters: 0 0 0

#Transform 131
Transform: AffineTransform_float_3_3
Parameters: 0.999988 0.00300915 -0.00397511 -0.00300385 0.999994 0.00130096 0.00397889 -0.00128804 0.999992 0.0345371 0.0555646 0.516327
FixedParameters: 0 0 0

#Transform 132
Transform: AffineTransform_float_3_3
Parameters: 0.999988 0.00300689 -0.00392079 -0.00300411 0.999995 0.000741788 0.00392321 -0.000730212 0.999992 0.044069 0.103571 0.474187
FixedParameters: 0 0 0

#Transform 133
Transform: AffineTransform_float_3_3
Parameters: 0.999987 0.00300479 -0.0039474 -0.00300321 0.999996 0.000205858 0.0039486 -0.000194138 0.999992 0.0462152 0.152936 0.421829
FixedParameters: 0 0 0

#Transform 134
Transform: AffineTransform_float_3_3
Parameters: 0.999986 0.00300026 -0.00421966 -0.00300374 0.999995 -0.000880337 0.00421733 0.000893665 0.99999 0.02719 0.226173 0.37917
FixedParameters: 0 0 0

#Transform 135
Transform: AffineTransform_float_3_3
Parameters: 0.999988 0.00272147 -0.00408669 -0.00272754 0.999996 -0.00134987 0.00408231 0.00136013 0.99999 0.0326582 0.242243 0.412922
FixedParameters: 0 0 0

#Transform 136
Transform: AffineTransform_float_3_3
Parameters: 0.999989 0.00236302 -0.00400372 -0.00237099 0.999995 -0.00199053 0.00399928 0.00199947 0.99999 0.00744912 0.302696 0.329721
FixedParameters: 0 0 0

#Transform 137
Transform: AffineTransform_float_3_3
Parameters: 0.999988 0.00257352 -0.0041449 -0.00258248 0.999994 -0.00228332 0.0041391 0.00229468 0.999989 0.0340325 0.320595 0.308984
FixedParameters: 0 0 0

#Transform 138
Transform: AffineTransform_float_3_3
Parameters: 0.999985 0.00250555 -0.00473854 -0.00251645 0.999995 -0.00220111 0.00473346 0.00221289 0.999987 0.0371901 0.313758 0.39012
FixedParameters: 0 0 0

#Transform 139
Transform: AffineTransform_float_3_3
Parameters: 0.999978 0.00300439 -0.00594681 -0.00300361 0.999996 7.38636e-05 0.0059472 -5.61336e-05 0.999983 0.156034 0.16448 0.478934
FixedParameters: 0 0 0

#Transform 140
Transform: AffineTransform_float_3_3
Parameters: 0.999985 0.00259786 -0.00469974 -0.00260114 0.999997 -0.000662785 0.00469826 0.000675215 0.999988 0.0397255 0.217321 0.369384
FixedParameters: 0 0 0

#Transform 141
Transform: AffineTransform_float_3_3
Parameters: 0.999987 0.00259066 -0.00455433 -0.00259934 0.999994 -0.00204719 0.00454868 0.00205881 0.999988 0.0581061 0.304178 0.324199
FixedParameters: 0 0 0

#Transform 142
Transform: AffineTransform_float_3_3
Parameters: 0.999989 0.00244146 -0.00417725 -0.00244754 0.999996 -0.00132179 0.00417376 0.00133221 0.999991 0.00862468 0.280322 0.30776
FixedParameters: 0 0 0

#Transform 143
Transform: AffineTransform_float_3_3
Parameters: 0.999984 0.0025801 -0.00506915 -0.0025979 0.999991 -0.00352689 0.00505985 0.00354011 0.999981 0.0892106 0.396694 0.359054
FixedParameters: 0 0 0

#Transform 144
Transform: AffineTransform_float_3_3
Parameters: 0.999987 0.00271381 -0.00427609 -0.00273918 0.999979 -0.00589436 0.00425991 0.00590663 0.999973 0.0827595 0.557443 0.335207
FixedParameters: 0 0 0

#Transform 145
Transform: AffineTransform_float_3_3
Parameters: 0.999989 0.00241186 -0.0041924 -0.00243514 0.999982 -0.00552285 0.0041796 0.00553314 0.999976 0.00756786 0.511229 0.386726
FixedParameters: 0 0 0

#Transform 146
Transform: AffineTransform_float_3_3
Parameters: 0.999991 0.00239211 -0.00329799 -0.00241388 0.999975 -0.0066481 0.00328202 0.00665591 0.999973 -0.0315239 0.555838 0.439142
FixedParameters: 0 0 0

#Transform 147
Transform: AffineTransform_float_3_3
Parameters: 0.999988 0.00252098 -0.00425193 -0.00254102 0.999985 -0.00470925 0.00424007 0.00471974 0.99998 0.0105039 0.427827 0.505
FixedParameters: 0 0 0

#Transform 148
Transform: AffineTransform_float_3_3
Parameters: 0.999994 0.00347146 -0.00113902 -0.00347754 0.999982 -0.00489807 0.00112197 0.00490193 0.999988 -0.174701 0.331021 0.836057
FixedParameters: 0 0 0

#Transform 149
Transform: AffineTransform_float_3_3
Parameters: 0.999996 0.00186639 -0.00210645 -0.00187762 0.999986 -0.00504707 0.00209755 0.00505094 0.999985 -0.193811 0.390354 0.621279
FixedParameters: 0 0 0

#Transform 150
Transform: AffineTransform_float_3_3
Parameters: 0.999938 0.00910972 0.00639096 -0.00946029 0.998323 0.0571081 -0.00586003 -0.057165 0.998348 -0.816991 -3.1387 1.60475
FixedParameters: 0 0 0

#Transform 151
Transform: AffineTransform_float_3_3
Parameters: 0.99995 0.00872049 0.00486152 -0.0089345 0.998912 0.0457809 -0.00445645 -0.0458222 0.998939 -0.712142 -2.48827 1.54824
FixedParameters: 0 0 0

#Transform 152
Transform: AffineTransform_float_3_3
Parameters: 0.999959 0.00833382 0.00359495 -0.00847217 0.999151 0.0403052 -0.00325605 -0.0403338 0.999181 -0.59294 -2.12532 1.45434
FixedParameters: 0 0 0

#Transform 153
Transform: AffineTransform_float_3_3
Parameters: 0.999959 0.00805657 0.00398181 -0.00820943 0.99916 0.0401489 -0.00365521 -0.0401801 0.999186 -0.660697 -2.09815 1.38446
FixedParameters: 0 0 0

#Transform 154
Transform: AffineTransform_float_3_3
Parameters: 0.99995 0.0094043 0.00343378 -0.00952767 0.999245 0.0376622 -0.0030762 -0.0376928 0.999284 -0.607946 -1.99803 1.46054
FixedParameters: 0 0 0

#Transform 155
Transform: AffineTransform_float_3_3
Parameters: 0.999947 0.00967425 0.00347864 -0.00979178 0.99933 0.0352798 -0.00313533 -0.0353122 0.999372 -0.628684 -1.84712 1.47756
FixedParameters: 0 0 0

#Transform 156
Transform: AffineTransform_float_3_3
Parameters: 0.999969 0.00757957 0.00237117 -0.00765543 0.999405 0.0336119 -0.00211482 -0.0336281 0.999432 -0.54298 -1.75233 1.38307
FixedParameters: 0 0 0

#Transform 157
Transform: AffineTransform_float_3_3
Parameters: 0.999971 0.00726148 0.00223307 -0.00733153 0.999432 0.0328866 -0.00199291 -0.0329014 0.999456 -0.527598 -1.70993 1.3971
FixedParameters: 0 0 0

#Transform 158
Transform: AffineTransform_float_3_3
Parameters: 0.999973 0.00695327 0.00246893 -0.00703073 0.999431 0.0330096 -0.00223808 -0.0330255 0.999452 -0.542728 -1.68614 1.28277
FixedParameters: 0 0 0

#Transform 159
Transform: AffineTransform_float_3_3
Parameters: 0.999975 0.00671694 0.00224012 -0.00678006 0.999529 0.0299336 -0.00203791 -0.0299484 0.99955 -0.551711 -1.50454 1.31143
FixedParameters: 0 0 0

#Transform 160
Transform: AffineTransform_float_3_3
Parameters: 0.999972 0.00711452 0.00225534 -0.00718648 0.999415 0.0334557 -0.00201564 -0.0334713 0.999437 -0.476441 -1.71446 1.42508
FixedParameters: 0 0 0

#Transform 161
Transform: AffineTransform_float_3_3
Parameters: 0.999972 0.00698285 0.00241087 -0.00704912 0.999565 0.0286158 -0.00220913 -0.0286322 0.999587 -0.565182 -1.4609 1.23363
FixedParameters: 0 0 0

#Transform 162
Transform: AffineTransform_float_3_3
Parameters: 0.999972 0.00719747 0.00200514 -0.00724753 0.999624 0.0264512 -0.00181388 -0.0264648 0.999648 -0.516579 -1.35783 1.30226
FixedParameters: 0 0 0

#Transform 163
Transform: AffineTransform_float_3_3
Parameters: 0.999973 0.00730395 0.000956032 -0.00732605 0.999647 0.0255607 -0.000768964 -0.0255673 0.999673 -0.411429 -1.29274 1.32391
FixedParameters: 0 0 0

#Transform 164
Transform: AffineTransform_float_3_3
Parameters: 0.999978 0.00650423 0.00132821 -0.00653377 0.999696 0.0238009 -0.0011728 -0.0238082 0.999716 -0.488653 -1.18457 1.21893
FixedParameters: 0 0 0

#Transform 165
Transform: AffineTransform_float_3_3
Parameters: 0.999978 0.00663762 0.000136356 -0.00663837 0.999714 0.0229476 1.6338e-05 -0.0229474 0.999736 -0.356126 -1.11566 1.15844
FixedParameters: 0 0 0

#Transform 166
Transform: AffineTransform_float_3_3
Parameters: 0.999982 0.00535547 0.00251806 -0.00539553 0.999852 0.0163737 -0.00242994 -0.0163873 0.999863 -0.540322 -0.752469 0.979622
FixedParameters: 0 0 0

#Transform 167
Transform: AffineTransform_float_3_3
Parameters: 0.999986 0.00517949 0.00125465 -0.00519752 0.999883 0.0143837 -0.00118035 -0.0143893 0.999896 -0.45924 -0.6464 0.990836
FixedParameters: 0 0 0

#Transform 168
Transform: AffineTransform_float_3_3
Parameters: 0.999988 0.0049717 0.000673271 -0.00497831 0.999923 0.0113078 -0.000617742 -0.0113102 0.999936 -0.440083 -0.497864 0.975944
FixedParameters: 0 0 0

#Transform 169
Transform: AffineTransform_float_3_3
Parameters: 0.999988 0.00498801 -0.000640374 -0.004979 0.999898 0.0133704 0.000706625 -0.0133667 0.999911 -0.302088 -0.611841 1.03147
FixedParameters: 0 0 0

#Transform 170
Transform: AffineTransform_float_3_3
Parameters: 0.999989 0.00470631 0.000262671 -0.00470868 0.999924 0.0113999 -0.000208332 -0.0114011 0.999935 -0.413437 -0.49393 0.908161
FixedParameters: 0 0 0

#Transform 171
Transform: AffineTransform_float_3_3
Parameters: 0.999988 0.00486169 -0.000129276 -0.00486032 0.99993 0.0108468 0.000181729 -0.0108463 0.999941 -0.382806 -0.460452 0.950655
FixedParameters: 0 0 0

#Transform 172
Transform: AffineTransform_float_3_3
Parameters: 0.99999 0.00445731 9.02222e-05 -0.0044577 0.999937 0.0103687 -4.37796e-05 -0.0103693 0.999946 -0.4024 -0.440982 0.976495
FixedParameters: 0 0 0

#Transform 173
Transform: AffineTransform_float_3_3
Parameters: 0.99999 0.00441717 -9.04978e-05 -0.00441683 0.999937 0.0103025 0.000136513 -0.0103025 0.999947 -0.36955 -0.450783 0.98915
FixedParameters: 0 0 0

#Transform 174
Transform: AffineTransform_float_3_3
Parameters: 0.999989 0.00453814 7.51084e-06 -0.00453786 0.999941 0.00980806 3.65091e-05 -0.00980793 0.999952 -0.379785 -0.415984 0.963536
FixedParameters: 0 0 0

#Transform 175
Transform: AffineTransform_float_3_3
Parameters: 0.999989 0.00472576 -4.95766e-05 -0.00472425 0.999937 0.0102473 9.74139e-05 -0.0102467 0.999947 -0.319869 -0.44817 0.984404
FixedParameters: 0 0 0

#Transform 176
Transform: AffineTransform_float_3_3
Parameters: 0.999993 0.00362732 0.000988081 -0.00363768 0.999932 0.0110315 -0.00094792 -0.0110355 0.999938 -0.440815 -0.48711 0.95213
FixedParameters: 0 0 0

#Transform 177
Transform: AffineTransform_float_3_3
Parameters: 0.999994 0.00346506 0.00119617 -0.00347794 0.999933 0.0109919 -0.00115783 -0.0109961 0.999939 -0.467331 -0.481897 0.947644
FixedParameters: 0 0 0

#Transform 178
Transform: AffineTransform_float_3_3
Parameters: 0.999993 0.00364181 0.000912684 -0.0036522 0.999928 0.0114278 -0.000871314 -0.0114313 0.999935 -0.459636 -0.504711 0.97762
FixedParameters: 0 0 0

#Transform 179
Transform: AffineTransform_float_3_3
Parameters: 0.999994 0.00351869 0.000224711 -0.0035213 0.99993 0.0112813 -0.000184287 -0.0112817 0.999937 -0.423223 -0.48988 0.992241
FixedParameters: 0 0 0
