#Insight Transform File V1.0
#Transform 0
Transform: AffineTransform_float_3_3
Parameters: 1 5.02045e-05 0.000362111 -5.07952e-05 0.999997 0.00219698 -0.000361889 -0.00219702 0.999998 -0.131597 -0.375953 -0.776034
FixedParameters: 0 0 0

#Transform 1
Transform: AffineTransform_float_3_3
Parameters: 0.999999 0.000954317 0.001495 -0.000959683 0.999994 0.00313457 -0.001492 -0.00313643 0.999994 -0.130115 -0.238205 0.143802
FixedParameters: 0 0 0

#Transform 2
Transform: AffineTransform_float_3_3
Parameters: 0.999997 0.00184151 0.00133205 -0.00184248 0.999997 0.00111455 -0.00132994 -0.00111745 0.999998 -0.140161 -0.0154159 -0.164593
FixedParameters: 0 0 0

#Transform 3
Transform: AffineTransform_float_3_3
Parameters: 0.999997 0.00194916 0.0010584 -0.00195084 0.999997 0.00174394 -0.0010546 -0.00174606 0.999998 -0.123708 -0.0931005 -0.0524804
FixedParameters: 0 0 0

#Transform 4
Transform: AffineTransform_float_3_3
Parameters: 0.999998 0.00189357 0.000471742 -0.00189443 0.999998 0.000919108 -0.000470259 -0.000919892 1 -0.0562148 -0.0293787 -0.0887961
FixedParameters: 0 0 0

#Transform 5
Transform: AffineTransform_float_3_3
Parameters: 0.999999 0.00142313 0.000357494 -0.00142387 0.999996 0.00245449 -0.000354505 -0.00245551 0.999997 -0.0543065 -0.127669 -0.117367
FixedParameters: 0 0 0

#Transform 6
Transform: AffineTransform_float_3_3
Parameters: 0.999998 0.0016491 0.000920622 -0.00164991 0.999998 0.000982483 -0.000919379 -0.000983518 0.999999 -0.117728 -0.0139728 -0.109286
FixedParameters: 0 0 0

#Transform 7
Transform: AffineTransform_float_3_3
Parameters: 0.999999 0.00119799 0.00132821 -0.00119601 0.999998 -0.00149859 -0.00132979 0.00149741 0.999998 -0.12299 0.0974201 -0.0217332
FixedParameters: 0 0 0

#Transform 8
Transform: AffineTransform_float_3_3
Parameters: 0.999999 0.00150472 -0.000150781 -0.00150528 0.999997 -0.00184778 0.00014822 0.00184723 0.999999 -0.0354186 0.120695 -0.0988858
FixedParameters: 0 0 0

#Transform 9
Transform: AffineTransform_float_3_3
Parameters: 0.999997 0.00212558 0.00109987 -0.00212442 0.999997 -0.000531338 -0.00110113 0.000529661 1 -0.140535 0.0549817 -0.10826
FixedParameters: 0 0 0

#Transform 10
Transform: AffineTransform_float_3_3
Parameters: 0.999997 0.00162549 0.00169666 -0.00162151 0.999996 -0.00205676 -0.00169934 0.00205424 0.999997 -0.155156 0.131207 -0.074712
FixedParameters: 0 0 0

#Transform 11
Transform: AffineTransform_float_3_3
Parameters: 0.999998 0.000753793 0.00143601 -0.000750207 0.999996 -0.00264008 -0.00143798 0.00263892 0.999995 -0.119383 0.246334 -0.251333
FixedParameters: 0 0 0

#Transform 12
Transform: AffineTransform_float_3_3
Parameters: 0.999999 0.00127799 0.000468023 -0.00127801 0.999999 1.74019e-05 -0.000467977 -1.85981e-05 1 -0.0539012 0.0279183 -0.12284
FixedParameters: 0 0 0

#Transform 13
Transform: AffineTransform_float_3_3
Parameters: 1 0.000935482 -0.000619783 -0.000936519 0.999999 -0.00083642 0.000619216 0.00083758 0.999999 0.0459587 0.0562089 -0.0881228
FixedParameters: 0 0 0

#Transform 14
Transform: AffineTransform_float_3_3
Parameters: 0.999999 0.000914002 3.69314e-05 -0.000913996 0.999999 -7.50338e-05 -3.70685e-05 7.49661e-05 1 -0.0044246 0.0312194 -0.0913518
FixedParameters: 0 0 0

#Transform 15
Transform: AffineTransform_float_3_3
Parameters: 0.999999 3.21022e-05 -0.00106494 -2.98976e-05 0.999998 0.00197403 0.00106506 -0.00197397 0.999998 0.0703776 -0.0918175 -0.0364737
FixedParameters: 0 0 0

#Transform 16
Transform: AffineTransform_float_3_3
Parameters: 1 -0.000228251 -0.00113656 0.00023075 0.999997 0.00241874 0.00113645 -0.00241926 0.999997 0.0742829 -0.137658 -0.00919321
FixedParameters: 0 0 0

#Transform 17
Transform: AffineTransform_float_3_3
Parameters: 1 0.000750294 -0.000434494 -0.000749707 1 0.000674326 0.000435505 -0.000673674 0.999999 0.0346013 -0.0332672 -0.0763401
FixedParameters: 0 0 0

#Transform 18
Transform: AffineTransform_float_3_3
Parameters: 0.999999 0.000801865 0.000214501 -0.000802134 0.999999 0.000624828 -0.000214499 -0.000625172 1 0.000478349 -0.0302319 -0.0752931
FixedParameters: 0 0 0

#Transform 19
Transform: AffineTransform_float_3_3
Parameters: 0.999999 0.000749961 0.000125229 -0.000750038 0.999999 0.000304906 -0.000124771 -0.000305094 1 0.00147682 0.0121406 -0.0748645
FixedParameters: 0 0 0

#Transform 20
Transform: AffineTransform_float_3_3
Parameters: 0.999999 0.000749992 4.61185e-05 -0.000750007 0.999999 0.000157965 -4.58815e-05 -0.000158034 1 0.00611502 -0.00274315 -0.0664514
FixedParameters: 0 0 0

#Transform 21
Transform: AffineTransform_float_3_3
Parameters: 1 -0.000383186 0.000213665 0.000382813 0.999999 0.000873081 -0.000214334 -0.000872917 0.999999 0.0332869 -0.0466677 -0.0757224
FixedParameters: 0 0 0

#Transform 22
Transform: AffineTransform_float_3_3
Parameters: 0.999999 -0.000782244 0.000400523 0.000781754 0.999999 0.000610313 -0.000401477 -0.000609686 0.999999 -0.0203957 -0.000738573 -0.0776729
FixedParameters: 0 0 0

#Transform 23
Transform: AffineTransform_float_3_3
Parameters: 1 -0.000251677 0.000402203 0.000252323 0.999999 -0.000804898 -0.000401797 0.000804101 0.999999 -0.0353465 0.052516 -0.0494234
FixedParameters: 0 0 0

#Transform 24
Transform: AffineTransform_float_3_3
Parameters: 0.999998 0.000909221 0.00129555 -0.000910779 1 0.000600821 -0.00129545 -0.000602179 0.999999 -0.0859067 -0.0286633 -0.0910277
FixedParameters: 0 0 0

#Transform 25
Transform: AffineTransform_float_3_3
Parameters: 0.999998 0.00148929 -0.00118413 -0.00148671 0.999997 0.00193176 0.00118687 -0.00193024 0.999998 0.0590038 -0.0560905 0.0310921
FixedParameters: 0 0 0

#Transform 26
Transform: AffineTransform_float_3_3
Parameters: 0.999999 0.00182536 -0.00033503 -0.00182464 0.999998 0.00107961 0.000336969 -0.00107839 1 -0.029179 0.027915 0.0734369
FixedParameters: 0 0 0

#Transform 27
Transform: AffineTransform_float_3_3
Parameters: 0.999999 0.000848656 -0.000215358 -0.000849343 0.999999 -0.00159982 0.000213641 0.00160018 0.999998 -0.0139964 0.150433 -0.0438731
FixedParameters: 0 0 0

#Transform 28
Transform: AffineTransform_float_3_3
Parameters: 0.999999 0.000754384 0.000163234 -0.000753616 0.999997 -0.00234212 -0.000164765 0.00234188 0.999997 -0.0294476 0.194407 0.00783856
FixedParameters: 0 0 0

#Transform 29
Transform: AffineTransform_float_3_3
Parameters: 0.999998 0.00178133 0.000798041 -0.00178067 0.999997 -0.00166242 -0.000800961 0.00166158 0.999999 -0.126379 0.155946 -0.00595224
FixedParameters: 0 0 0

#Transform 30
Transform: AffineTransform_float_3_3
Parameters: 1 0.000983208 -0.000320445 -0.000983796 0.999997 -0.00248569 0.000318556 0.00248532 0.999997 -0.0111687 0.197686 -0.0342879
FixedParameters: 0 0 0

#Transform 31
Transform: AffineTransform_float_3_3
Parameters: 0.999999 0.00152189 0.000974497 -0.00151811 0.999995 -0.00296249 -0.000979502 0.00296152 0.999995 -0.121439 0.232301 -0.0593009
FixedParameters: 0 0 0

#Transform 32
Transform: AffineTransform_float_3_3
Parameters: 0.999999 0.0010612 0.000783023 -0.0010598 0.999995 -0.00280883 -0.00078598 0.00280817 0.999995 -0.106168 0.230741 -0.0530254
FixedParameters: 0 0 0

#Transform 33
Transform: AffineTransform_float_3_3
Parameters: 0.999999 0.0010337 0.000740635 -0.0010323 0.999997 -0.00229077 -0.000742367 0.00229023 0.999997 -0.108351 0.191831 -0.0473803
FixedParameters: 0 0 0

#Transform 34
Transform: AffineTransform_float_3_3
Parameters: 0.999999 0.000494714 -0.00076149 -0.000496288 0.999996 -0.00300562 0.000760512 0.00300538 0.999995 0.0397492 0.233007 -0.0552228
FixedParameters: 0 0 0

#Transform 35
Transform: AffineTransform_float_3_3
Parameters: 0.999999 0.00049425 -0.000595457 -0.000495748 0.999995 -0.00294171 0.000593544 0.00294229 0.999996 0.0261193 0.229257 -0.0281391
FixedParameters: 0 0 0

#Transform 36
Transform: AffineTransform_float_3_3
Parameters: 0.999999 0.000498493 0.000798448 -0.000495505 0.999995 -0.0031194 -0.000800549 0.0031196 0.999995 -0.0592058 0.239656 0.00392323
FixedParameters: 0 0 0

#Transform 37
Transform: AffineTransform_float_3_3
Parameters: 1 0.000596363 0.000126298 -0.000595638 0.999995 -0.00285507 -0.000127701 0.00285492 0.999996 -0.0229588 0.20702 -0.00218243
FixedParameters: 0 0 0

#Transform 38
Transform: AffineTransform_float_3_3
Parameters: 1 0.00066466 0.000217998 -0.00066334 0.999995 -0.00301415 -0.00022 0.00301386 0.999996 -0.0215977 0.233708 -0.0120699
FixedParameters: 0 0 0

#Transform 39
Transform: AffineTransform_float_3_3
Parameters: 1 0.000497044 0.000345504 -0.000495955 0.999996 -0.00301417 -0.000347496 0.00301383 0.999996 -0.0293789 0.233485 -0.0453406
FixedParameters: 0 0 0

#Transform 40
Transform: AffineTransform_float_3_3
Parameters: 1 0.00049553 -0.000150555 -0.000495471 0.999995 -0.00313593 0.000149447 0.00313607 0.999995 0.0142291 0.240733 -0.0459439
FixedParameters: 0 0 0

#Transform 41
Transform: AffineTransform_float_3_3
Parameters: 1 0.000497171 0.000345321 -0.000495827 0.999994 -0.00338217 -0.000347679 0.00338183 0.999994 -0.0223163 0.25523 -0.048904
FixedParameters: 0 0 0

#Transform 42
Transform: AffineTransform_float_3_3
Parameters: 0.999999 0.000497747 0.000503278 -0.000496254 0.999994 -0.00346525 -0.000504722 0.00346475 0.999994 -0.0536041 0.262736 -0.0441689
FixedParameters: 0 0 0

#Transform 43
Transform: AffineTransform_float_3_3
Parameters: 1 0.000497329 0.000463578 -0.000495669 0.999996 -0.00286323 -0.000465421 0.00286377 0.999996 -0.0363418 0.224723 -0.0454874
FixedParameters: 0 0 0

#Transform 44
Transform: AffineTransform_float_3_3
Parameters: 1 0.00049694 0.000294419 -0.000496058 0.999995 -0.00318515 -0.000296581 0.00318485 0.999995 -0.0289211 0.243572 -0.0192331
FixedParameters: 0 0 0

#Transform 45
Transform: AffineTransform_float_3_3
Parameters: 1 5.5943e-06 0.000545986 -4.40565e-06 0.999995 -0.00292 -0.000546015 0.00292 0.999995 -0.0474524 0.235326 0.00130202
FixedParameters: 0 0 0

#Transform 46
Transform: AffineTransform_float_3_3
Parameters: 1 2.85975e-06 -0.000358011 -4.14021e-06 0.999995 -0.003185 0.000357989 0.003185 0.999995 0.00759247 0.255362 -0.0663288
FixedParameters: 0 0 0

#Transform 47
Transform: AffineTransform_float_3_3
Parameters: 1 4.92764e-06 0.000295986 -4.07231e-06 0.999995 -0.003134 -0.000296014 0.003134 0.999995 -0.053545 0.264998 -0.0264036
FixedParameters: 0 0 0

#Transform 48
Transform: AffineTransform_float_3_3
Parameters: 1 -0.000407174 -0.00105778 0.000403826 0.999996 -0.00299843 0.00105922 0.00299857 0.999995 0.0573034 0.26955 -0.0677205
FixedParameters: 0 0 0

#Transform 49
Transform: AffineTransform_float_3_3
Parameters: 0.999999 -9.88067e-05 -0.000838674 9.61921e-05 0.999995 -0.00334608 0.000839326 0.00334592 0.999994 0.0409263 0.292603 -0.046374
FixedParameters: 0 0 0

#Transform 50
Transform: AffineTransform_float_3_3
Parameters: 0.999999 -0.000543201 -0.000922121 0.0005398 0.999994 -0.0034675 0.000923877 0.0034675 0.999993 0.0412481 0.297178 -0.0847238
FixedParameters: 0 0 0

#Transform 51
Transform: AffineTransform_float_3_3
Parameters: 1 3.25129e-06 -0.000204013 -3.74866e-06 0.999994 -0.00367 0.000203988 0.00367 0.999993 0.00546075 0.335039 -0.107505
FixedParameters: 0 0 0

#Transform 52
Transform: AffineTransform_float_3_3
Parameters: 1 3.32616e-06 -0.000204012 -3.67379e-06 0.999994 -0.003303 0.000203989 0.003303 0.999994 -0.0152176 0.280703 -0.0676594
FixedParameters: 0 0 0

#Transform 53
Transform: AffineTransform_float_3_3
Parameters: 1 3.30862e-06 -0.000204012 -3.69134e-06 0.999995 -0.003389 0.000203989 0.003389 0.999994 -0.00800605 0.25808 -0.0315336
FixedParameters: 0 0 0

#Transform 54
Transform: AffineTransform_float_3_3
Parameters: 1 -0.000394927 0.000313357 0.000396072 0.999994 -0.00343088 -0.000311643 0.00343112 0.999994 -0.0468973 0.29031 -0.0735463
FixedParameters: 0 0 0

#Transform 55
Transform: AffineTransform_float_3_3
Parameters: 1 -0.000420831 0.000313574 0.000422166 0.999993 -0.00373587 -0.000311425 0.00373613 0.999993 -0.0520244 0.329554 -0.140029
FixedParameters: 0 0 0

#Transform 56
Transform: AffineTransform_float_3_3
Parameters: 1 -0.00059966 0.000350304 0.000601339 0.999993 -0.00383779 -0.000347694 0.00383821 0.999992 -0.0545554 0.326037 -0.0660087
FixedParameters: 0 0 0

#Transform 57
Transform: AffineTransform_float_3_3
Parameters: 1 -0.000446151 -4.03593e-05 0.00044585 0.999993 -0.00367802 4.16401e-05 0.00367798 0.999993 -0.00805718 0.31685 -0.0589151
FixedParameters: 0 0 0

#Transform 58
Transform: AffineTransform_float_3_3
Parameters: 1 3.83865e-06 -4.2015e-05 -4.16129e-06 0.999992 -0.003841 4.19843e-05 0.003841 0.999992 -0.0120568 0.327327 -0.0810045
FixedParameters: 0 0 0

#Transform 59
Transform: AffineTransform_float_3_3
Parameters: 1 -0.000421886 2.96637e-05 0.000422115 0.999992 -0.00394299 -2.83358e-05 0.00394301 0.999992 -0.0305902 0.308456 -0.0494601
FixedParameters: 0 0 0

#Transform 60
Transform: AffineTransform_float_3_3
Parameters: 1 3.26553e-06 -0.000208013 -3.73443e-06 0.999994 -0.003531 0.000207988 0.003531 0.999993 -0.0123268 0.273959 -0.0709478
FixedParameters: 0 0 0

#Transform 61
Transform: AffineTransform_float_3_3
Parameters: 1 -0.000208485 -0.000393216 0.000206516 0.999993 -0.00377308 0.000393782 0.00377292 0.999993 0.0087496 0.303999 -0.084707
FixedParameters: 0 0 0

#Transform 62
Transform: AffineTransform_float_3_3
Parameters: 1 0.00060187 0.000185195 -0.000601131 0.999989 -0.00466311 -0.000187805 0.00466289 0.999989 -0.0472293 0.3822 -0.125601
FixedParameters: 0 0 0

#Transform 63
Transform: AffineTransform_float_3_3
Parameters: 1 -0.000406643 -0.000161389 0.000405358 0.999992 -0.00396607 0.000162609 0.00396593 0.999992 -0.0289588 0.339304 -0.09401
FixedParameters: 0 0 0

#Transform 64
Transform: AffineTransform_float_3_3
Parameters: 1 -0.00040645 -0.000115428 0.000405552 0.999993 -0.00386905 0.00011657 0.00386896 0.999993 -0.0460038 0.32278 -0.0640047
FixedParameters: 0 0 0

#Transform 65
Transform: AffineTransform_float_3_3
Parameters: 1 -0.000251551 0.000400913 0.00025245 0.999994 -0.0036189 -0.000400089 0.0036191 0.999994 -0.07941 0.290443 -0.0636839
FixedParameters: 0 0 0

#Transform 66
Transform: AffineTransform_float_3_3
Parameters: 1 -0.000404608 0.000385467 0.000405394 0.999994 -0.00361885 -0.000384535 0.00361916 0.999994 -0.0692974 0.295642 -0.0637385
FixedParameters: 0 0 0

#Transform 67
Transform: AffineTransform_float_3_3
Parameters: 1 -0.000177124 0.000213729 0.000177877 0.999991 -0.00410396 -0.000213272 0.00410403 0.999991 -0.0541773 0.324667 -0.0360004
FixedParameters: 0 0 0

#Transform 68
Transform: AffineTransform_float_3_3
Parameters: 1 -6.37293e-05 0.000351233 6.42699e-05 0.999994 -0.00361898 -0.00035077 0.00361903 0.999994 -0.0724971 0.296132 -0.0538732
FixedParameters: 0 0 0

#Transform 69
Transform: AffineTransform_float_3_3
Parameters: 1 -0.000404078 0.000497567 0.00040592 0.999992 -0.0038688 -0.000495433 0.0038692 0.999993 -0.0714114 0.310318 -0.000460783
FixedParameters: 0 0 0

#Transform 70
Transform: AffineTransform_float_3_3
Parameters: 1 -0.000517513 0.000411876 0.000519488 0.999994 -0.00361879 -0.000410123 0.00361922 0.999994 -0.0478812 0.295462 -0.049047
FixedParameters: 0 0 0

#Transform 71
Transform: AffineTransform_float_3_3
Parameters: 1 -0.000905512 0.000689282 0.000907488 0.999993 -0.00361838 -0.00068572 0.00361962 0.999993 -0.0656211 0.294845 -0.057131
FixedParameters: 0 0 0

#Transform 72
Transform: AffineTransform_float_3_3
Parameters: 1 -0.000649674 8.35766e-05 0.000649324 0.999992 -0.00396495 -8.0426e-05 0.00396505 0.999992 -0.00955061 0.315587 -0.0230947
FixedParameters: 0 0 0

#Transform 73
Transform: AffineTransform_float_3_3
Parameters: 0.999999 -0.000908475 -0.000139949 0.000907524 0.999994 -0.00335913 0.000143049 0.00335887 0.999995 -0.00400297 0.253239 0.0483726
FixedParameters: 0 0 0

#Transform 74
Transform: AffineTransform_float_3_3
Parameters: 0.999999 -0.000907339 0.000179373 0.000907658 0.999992 -0.00371584 -0.000175628 0.00371616 0.999993 -0.0271769 0.29949 -0.0098628
FixedParameters: 0 0 0

#Transform 75
Transform: AffineTransform_float_3_3
Parameters: 0.999999 -0.000530538 -0.000477295 0.000529462 0.999994 -0.00321725 0.000478705 0.00321674 0.999994 0.0265448 0.258714 0.034361
FixedParameters: 0 0 0

#Transform 76
Transform: AffineTransform_float_3_3
Parameters: 0.999999 -8.15808e-05 -0.00132684 7.84188e-05 0.999998 -0.00194511 0.00132716 0.00194489 0.999997 0.0370404 0.282922 -0.0444316
FixedParameters: 0 0 0

#Transform 77
Transform: AffineTransform_float_3_3
Parameters: 1 0.000464132 0.000320365 -0.000462869 0.999993 -0.00352615 -0.000321634 0.00352585 0.999993 -0.107909 0.304303 -0.0674627
FixedParameters: 0 0 0

#Transform 78
Transform: AffineTransform_float_3_3
Parameters: 0.999999 0.000702044 0.00112749 -0.000697955 0.999994 -0.00358279 -0.00113051 0.00358221 0.999993 -0.164223 0.297352 -0.0562966
FixedParameters: 0 0 0

#Transform 79
Transform: AffineTransform_float_3_3
Parameters: 1 9.22755e-05 -0.000166404 -9.2727e-05 0.99999 -0.00435898 0.000166597 0.00435901 0.99999 -0.0540585 0.364969 -0.0519707
FixedParameters: 0 0 0

#Transform 80
Transform: AffineTransform_float_3_3
Parameters: 0.999999 -0.000975755 -0.000161501 0.000974242 0.999989 -0.00461216 0.000166495 0.00461184 0.99999 0.00759549 0.390426 -0.0460051
FixedParameters: 0 0 0

#Transform 81
Transform: AffineTransform_float_3_3
Parameters: 0.999999 -0.000800892 0.000248596 0.000802109 0.999989 -0.0044868 -0.000245403 0.0044872 0.99999 -0.0435335 0.368439 -0.0597184
FixedParameters: 0 0 0

#Transform 82
Transform: AffineTransform_float_3_3
Parameters: 0.999999 -0.0008559 0.000248814 0.0008571 0.999989 -0.00445279 -0.000245186 0.00445221 0.99999 -0.0358272 0.366217 -0.059738
FixedParameters: 0 0 0

#Transform 83
Transform: AffineTransform_float_3_3
Parameters: 1 -0.000986029 0.000248879 0.000986972 0.999992 -0.00393176 -0.000245121 0.00393224 0.999992 -0.0535965 0.314465 -0.0158305
FixedParameters: 0 0 0

#Transform 84
Transform: AffineTransform_float_3_3
Parameters: 1 -0.00110579 0.000275902 0.00110721 0.99999 -0.0044307 -0.000270097 0.0044313 0.99999 -0.0346965 0.343522 0.00482801
FixedParameters: 0 0 0

#Transform 85
Transform: AffineTransform_float_3_3
Parameters: 0.999997 0.00115734 0.00216238 -0.00114266 0.999978 -0.00662349 -0.00216961 0.00662051 0.999975 -0.263135 0.67195 -0.498079
FixedParameters: 0 0 0

#Transform 86
Transform: AffineTransform_float_3_3
Parameters: 1 -0.000401401 0.000102379 0.000401597 0.999983 -0.00592196 -9.96235e-05 0.00592205 0.999983 -0.0757142 0.45042 -0.0873381
FixedParameters: 0 0 0

#Transform 87
Transform: AffineTransform_float_3_3
Parameters: 0.999999 -0.000756248 0.000350802 0.000758753 0.999987 -0.00502174 -0.000347195 0.00502127 0.999988 -0.0810803 0.401618 -0.0357674
FixedParameters: 0 0 0

#Transform 88
Transform: AffineTransform_float_3_3
Parameters: 0.999999 -0.000512331 0.00049975 0.00051567 0.999985 -0.00535474 -0.000497245 0.00535525 0.999985 -0.0867364 0.407257 -0.0212235
FixedParameters: 0 0 0

#Transform 89
Transform: AffineTransform_float_3_3
Parameters: 0.999999 -0.000567785 0.000452791 0.000570216 0.999988 -0.00490674 -0.000450207 0.00490726 0.999988 -0.0768787 0.364674 -0.0204034
FixedParameters: 0 0 0

#Transform 90
Transform: AffineTransform_float_3_3
Parameters: 0.999999 -0.00101673 0.000739137 0.00101927 0.999994 -0.00308125 -0.000735862 0.00308275 0.999995 -0.102821 0.253341 0.0041053
FixedParameters: 0 0 0

#Transform 91
Transform: AffineTransform_float_3_3
Parameters: 0.999996 -0.00190779 -0.00217676 0.00191921 0.999983 0.00562185 0.00216624 -0.00562616 0.999982 0.136001 -0.269114 0.216194
FixedParameters: 0 0 0

#Transform 92
Transform: AffineTransform_float_3_3
Parameters: 0.999999 -0.000657205 -0.000432688 0.000657794 0.999999 -0.000475285 0.000432312 0.000474716 1 -0.00881697 0.111054 0.139479
FixedParameters: 0 0 0

#Transform 93
Transform: AffineTransform_float_3_3
Parameters: 1 -0.000656893 4.17277e-05 0.000657108 0.999997 -0.00262997 -4.02719e-05 0.00263003 0.999996 -0.0221328 0.226048 0.0669265
FixedParameters: 0 0 0

#Transform 94
Transform: AffineTransform_float_3_3
Parameters: 1 -0.00040787 -0.000344974 0.000407129 0.999996 -0.00251914 0.000346026 0.00251886 0.999997 -0.0329221 0.228869 0.0735418
FixedParameters: 0 0 0

#Transform 95
Transform: AffineTransform_float_3_3
Parameters: 1 0.000216801 0.000593345 -0.0002142 0.999996 -0.00303313 -0.000593652 0.00303287 0.999995 -0.0872189 0.261853 0.0741372
FixedParameters: 0 0 0

#Transform 96
Transform: AffineTransform_float_3_3
Parameters: 1 -0.000405564 0.000510144 0.000407435 0.999996 -0.00281679 -0.000508854 0.00281721 0.999996 -0.0833662 0.254777 0.0843097
FixedParameters: 0 0 0

#Transform 97
Transform: AffineTransform_float_3_3
Parameters: 1 1.09818e-05 -6.03334e-06 -1.10182e-05 0.999996 -0.003033 5.96661e-06 0.003033 0.999996 -0.0438485 0.270716 0.0302686
FixedParameters: 0 0 0

#Transform 98
Transform: AffineTransform_float_3_3
Parameters: 0.999999 -0.000892831 6.63099e-05 0.000893168 0.999997 -0.00258694 -6.36904e-05 0.00258606 0.999996 -0.0554354 0.239797 0.130838
FixedParameters: 0 0 0

#Transform 99
Transform: AffineTransform_float_3_3
Parameters: 0.999999 -0.00145887 -0.000384729 0.00145714 0.999997 -0.00224256 0.000387267 0.00224144 0.999997 -0.00131432 0.210756 0.0962791
FixedParameters: 0 0 0

#Transform 100
Transform: AffineTransform_float_3_3
Parameters: 0.999999 -0.000901675 -0.00103969 0.000899328 0.999997 -0.00256994 0.00104131 0.00256906 0.999996 0.0496839 0.222095 0.0955095
FixedParameters: 0 0 0

#Transform 101
Transform: AffineTransform_float_3_3
Parameters: 0.999999 -0.000900373 -0.000436175 0.000899626 0.999994 -0.00313939 0.000438827 0.00313961 0.999995 0.00593153 0.255821 0.0859214
FixedParameters: 0 0 0

#Transform 102
Transform: AffineTransform_float_3_3
Parameters: 1 -0.00114896 1.45837e-05 0.00114904 0.999995 -0.00311899 -1.14162e-05 0.00311902 0.999995 -0.010332 0.254052 0.0848316
FixedParameters: 0 0 0

#Transform 103
Transform: AffineTransform_float_3_3
Parameters: 0.999998 -0.00141689 -0.000936139 0.00141511 0.999997 -0.00202033 0.00093886 0.00201967 0.999997 0.040155 0.215345 0.101111
FixedParameters: 0 0 0

#Transform 104
Transform: AffineTransform_float_3_3
Parameters: 0.999996 -6.0797e-05 -0.00285919 6.9202e-05 0.999996 0.00286881 0.00285881 -0.00286918 0.999992 0.104655 0.00533603 0.115
FixedParameters: 0 0 0

#Transform 105
Transform: AffineTransform_float_3_3
Parameters: 0.999994 0.0027462 -0.00212044 -0.00275579 0.999987 -0.00415718 0.00210855 0.00416281 0.999989 0.0125015 0.454556 -0.106641
FixedParameters: 0 0 0

#Transform 106
Transform: AffineTransform_float_3_3
Parameters: 0.999999 0.00114228 -0.000787963 -0.00114472 0.999994 -0.0034651 0.000784038 0.0034659 0.999993 -0.0636357 0.327024 0.0331062
FixedParameters: 0 0 0

#Transform 107
Transform: AffineTransform_float_3_3
Parameters: 0.999999 -0.000149395 -0.00134752 0.000144606 0.999994 -0.0032612 0.00134748 0.0032608 0.999994 0.00835122 0.330458 0.0385165
FixedParameters: 0 0 0

#Transform 108
Transform: AffineTransform_float_3_3
Parameters: 1 -0.000236353 -0.000590063 0.000234647 0.999992 -0.00398414 0.00059094 0.00398486 0.999992 -0.027606 0.355472 0.0174461
FixedParameters: 0 0 0

#Transform 109
Transform: AffineTransform_float_3_3
Parameters: 0.999999 -0.000410392 -0.00118449 0.00040661 0.999993 -0.00370549 0.00118552 0.00370552 0.999993 0.0463866 0.335537 0.00623852
FixedParameters: 0 0 0

#Transform 110
Transform: AffineTransform_float_3_3
Parameters: 0.999999 -0.00071699 -0.00134535 0.000712011 0.999993 -0.00370596 0.00134765 0.00370504 0.999992 0.0552717 0.316246 0.0151513
FixedParameters: 0 0 0

#Transform 111
Transform: AffineTransform_float_3_3
Parameters: 0.999998 -0.00116128 -0.00174217 0.00115372 0.99999 -0.00417402 0.00174683 0.00417198 0.99999 0.0926193 0.351819 0.0538765
FixedParameters: 0 0 0

#Transform 112
Transform: AffineTransform_float_3_3
Parameters: 0.999998 -0.00115985 -0.00158473 0.00115415 0.999992 -0.00368783 0.00158927 0.00368516 0.999992 0.0693568 0.332695 0.0683092
FixedParameters: 0 0 0

#Transform 113
Transform: AffineTransform_float_3_3
Parameters: 1 -4.35224e-05 -0.000148848 4.2477e-05 0.999994 -0.00350801 0.00014915 0.00350799 0.999994 -0.0887363 0.344294 0.0333508
FixedParameters: 0 0 0

#Transform 114
Transform: AffineTransform_float_3_3
Parameters: 0.999999 -0.000595988 -0.000492604 0.000594009 0.999991 -0.00402729 0.000495396 0.0040267 0.999992 -0.0238083 0.352551 0.0485922
FixedParameters: 0 0 0

#Transform 115
Transform: AffineTransform_float_3_3
Parameters: 1 -0.000447057 -0.000390659 0.000444941 0.999986 -0.00524918 0.000393341 0.00524883 0.999986 -0.029396 0.412438 -0.0402861
FixedParameters: 0 0 0

#Transform 116
Transform: AffineTransform_float_3_3
Parameters: 0.999999 -0.00045036 -0.00125409 0.00044464 0.999991 -0.00427156 0.00125591 0.00427044 0.99999 0.0209661 0.369451 -0.0480661
FixedParameters: 0 0 0

#Transform 117
Transform: AffineTransform_float_3_3
Parameters: 0.999997 -0.00117806 -0.00219169 0.00116994 0.999992 -0.00367357 0.00219631 0.00367142 0.999991 0.118445 0.329103 0.033962
FixedParameters: 0 0 0

#Transform 118
Transform: AffineTransform_float_3_3
Parameters: 0.999998 -0.000970821 -0.00130168 0.00096518 0.999989 -0.00446626 0.00130532 0.00446474 0.999989 0.0395496 0.399286 0.0394266
FixedParameters: 0 0 0

#Transform 119
Transform: AffineTransform_float_3_3
Parameters: 0.999999 -0.000414569 -0.000801653 0.000410428 0.999983 -0.00569233 0.000804349 0.00569167 0.999984 -0.00693067 0.438065 -0.0379737
FixedParameters: 0 0 0

#Transform 120
Transform: AffineTransform_float_3_3
Parameters: 0.999998 -0.000570008 -0.00186357 0.00056199 0.99999 -0.00429505 0.00186643 0.00429394 0.999989 0.0819828 0.369034 0.0212871
FixedParameters: 0 0 0

#Transform 121
Transform: AffineTransform_float_3_3
Parameters: 1 -0.000515806 -0.00103814 0.000510195 0.999985 -0.00558553 0.00104087 0.00558447 0.999984 0.0473787 0.403104 -0.00523882
FixedParameters: 0 0 0

#Transform 122
Transform: AffineTransform_float_3_3
Parameters: 0.999997 1.82764e-05 0.00246094 5.277e-06 0.999956 -0.00945802 -0.00246106 0.00945799 0.999952 -0.213773 0.686225 -0.122999
FixedParameters: 0 0 0

#Transform 123
Transform: AffineTransform_float_3_3
Parameters: 0.999988 -0.00235863 -0.00432021 0.00230738 0.999927 -0.0119161 0.00434779 0.0119059 0.999919 0.276173 0.86838 -0.103529
FixedParameters: 0 0 0

#Transform 124
Transform: AffineTransform_float_3_3
Parameters: 0.999945 -0.00466506 -0.00941536 0.00457795 0.999947 -0.00924661 0.00945763 0.00920338 0.999913 0.625566 0.668472 0.0139639
FixedParameters: 0 0 0

#Transform 125
Transform: AffineTransform_float_3_3
Parameters: 0.999978 -0.00369706 -0.00550334 0.00365094 0.999959 -0.00835528 0.00553466 0.00833472 0.99995 0.35838 0.595011 0.00271261
FixedParameters: 0 0 0

#Transform 126
Transform: AffineTransform_float_3_3
Parameters: 0.999974 -0.00367225 -0.00609076 0.00362475 0.999964 -0.00775028 0.00611924 0.00772773 0.999952 0.38196 0.559105 0.0332442
FixedParameters: 0 0 0

#Transform 127
Transform: AffineTransform_float_3_3
Parameters: 0.999976 -0.00366957 -0.00579501 0.00362442 0.999964 -0.00768418 0.00582298 0.00766281 0.999953 0.358038 0.55546 0.00201924
FixedParameters: 0 0 0

#Transform 128
Transform: AffineTransform_float_3_3
Parameters: 0.999978 -0.0036683 -0.00565112 0.0036247 0.999964 -0.00765466 0.00567887 0.00763334 0.999954 0.365779 0.553872 -0.0132725
FixedParameters: 0 0 0

#Transform 129
Transform: AffineTransform_float_3_3
Parameters: 0.999978 -0.00366657 -0.00551961 0.00362442 0.999965 -0.00752318 0.00554739 0.00750283 0.999957 0.357965 0.546031 -0.00541376
FixedParameters: 0 0 0

#Transform 130
Transform: AffineTransform_float_3_3
Parameters: 0.99998 -0.00357311 -0.00524457 0.00353389 0.999966 -0.00744668 0.00527143 0.00742831 0.999958 0.341729 0.541504 0.0205641
FixedParameters: 0 0 0

#Transform 131
Transform: AffineTransform_float_3_3
Parameters: 1 0.00103682 0.00015875 -0.00103618 0.999986 -0.00506617 -0.000164251 0.00506583 0.999987 -0.156293 0.501532 -0.00799743
FixedParameters: 0 0 0

#Transform 132
Transform: AffineTransform_float_3_3
Parameters: 0.999999 0.000914775 -0.00086265 -0.000921221 0.999974 -0.00724422 0.000855349 0.00724479 0.999974 -0.0443922 0.610474 0.0113411
FixedParameters: 0 0 0

#Transform 133
Transform: AffineTransform_float_3_3
Parameters: 0.999999 -0.000259213 -0.00184119 0.000245788 0.999974 -0.00717346 0.00184281 0.00717253 0.999972 0.0504266 0.567048 -0.0382184
FixedParameters: 0 0 0

#Transform 134
Transform: AffineTransform_float_3_3
Parameters: 0.999992 -0.0018184 -0.00371969 0.0017926 0.999975 -0.00682073 0.00373231 0.00681327 0.99997 0.214503 0.571819 -0.00795384
FixedParameters: 0 0 0

#Transform 135
Transform: AffineTransform_float_3_3
Parameters: 0.999992 -0.00133577 -0.00372286 0.00131023 0.999975 -0.00691493 0.00373215 0.00691007 0.999969 0.212111 0.556185 0.0108819
FixedParameters: 0 0 0

#Transform 136
Transform: AffineTransform_float_3_3
Parameters: 0.999994 -0.00132718 -0.00301148 0.00130982 0.999983 -0.00570098 0.00301851 0.00569703 0.999979 0.166322 0.450578 0.0476814
FixedParameters: 0 0 0

#Transform 137
Transform: AffineTransform_float_3_3
Parameters: 0.999995 -0.00172878 -0.00241348 0.00171322 0.99998 -0.00611216 0.00242451 0.00610784 0.999979 0.123803 0.47401 0.0645124
FixedParameters: 0 0 0

#Transform 138
Transform: AffineTransform_float_3_3
Parameters: 0.999996 -0.00238821 -0.00191588 0.00237579 0.999977 -0.00635158 0.00193012 0.00634642 0.999978 0.110847 0.468528 0.0624337
FixedParameters: 0 0 0

#Transform 139
Transform: AffineTransform_float_3_3
Parameters: 0.999995 -0.00202702 -0.00242138 0.00200699 0.999964 -0.0082409 0.00243762 0.0082361 0.999963 0.152337 0.604149 -0.00675926
FixedParameters: 0 0 0

#Transform 140
Transform: AffineTransform_float_3_3
Parameters: 0.999993 -0.00245288 -0.0025713 0.00243111 0.999961 -0.0084783 0.0025927 0.00847169 0.999961 0.160516 0.623934 -0.00744916
FixedParameters: 0 0 0

#Transform 141
Transform: AffineTransform_float_3_3
Parameters: 0.999996 -0.0019572 -0.00201627 0.0019438 0.999977 -0.00652894 0.00202873 0.00652505 0.999976 0.128642 0.506587 -0.000109885
FixedParameters: 0 0 0

#Transform 142
Transform: AffineTransform_float_3_3
Parameters: 0.999997 -0.00166463 -0.00141205 0.00165637 0.999984 -0.00538935 0.00142094 0.00538665 0.999984 0.0761261 0.439426 0.0213596
FixedParameters: 0 0 0

#Transform 143
Transform: AffineTransform_float_3_3
Parameters: 0.999997 -0.00176182 -0.00182561 0.00175118 0.999981 -0.00591421 0.00183539 0.00591078 0.999981 0.100248 0.470322 0.00581769
FixedParameters: 0 0 0

#Transform 144
Transform: AffineTransform_float_3_3
Parameters: 0.999997 -0.00175911 -0.00179015 0.00174789 0.99998 -0.00618715 0.00180085 0.00618486 0.99998 0.0982287 0.486369 0.0163092
FixedParameters: 0 0 0

#Transform 145
Transform: AffineTransform_float_3_3
Parameters: 0.999997 -0.0016657 -0.00146014 0.0016573 0.999981 -0.00593844 0.00146987 0.00593657 0.999982 0.0619255 0.486469 0.061723
FixedParameters: 0 0 0

#Transform 146
Transform: AffineTransform_float_3_3
Parameters: 0.999997 -0.00166615 -0.00145962 0.00165684 0.999979 -0.00625044 0.00147038 0.00624757 0.99998 0.0787648 0.489952 0.0637319
FixedParameters: 0 0 0

#Transform 147
Transform: AffineTransform_float_3_3
Parameters: 0.999996 -0.00166851 -0.00195423 0.00165649 0.999982 -0.00587726 0.00196377 0.00587374 0.999981 0.111825 0.467832 0.0742943
FixedParameters: 0 0 0

#Transform 148
Transform: AffineTransform_float_3_3
Parameters: 0.999997 -0.00191527 -0.00157902 0.00190673 0.999984 -0.00522203 0.00158898 0.00521897 0.999985 0.0848876 0.410712 0.0845282
FixedParameters: 0 0 0

#Transform 149
Transform: AffineTransform_float_3_3
Parameters: 0.999997 -0.00166579 -0.00205791 0.00165721 0.999989 -0.00426742 0.00206409 0.00426357 0.999989 0.114171 0.372876 0.102055
FixedParameters: 0 0 0

#Transform 150
Transform: AffineTransform_float_3_3
Parameters: 0.999995 -0.00166537 -0.00259565 0.00165663 0.999994 -0.00322332 0.00260135 0.00321869 0.999992 0.148322 0.273964 0.104369
FixedParameters: 0 0 0

#Transform 151
Transform: AffineTransform_float_3_3
Parameters: 0.999996 -0.00166553 -0.0020481 0.00165647 0.99999 -0.00415741 0.0020549 0.00415459 0.99999 0.122005 0.349675 0.0888591
FixedParameters: 0 0 0

#Transform 152
Transform: AffineTransform_float_3_3
Parameters: 0.999998 -0.00123577 -0.00190069 0.00122524 0.999986 -0.00512934 0.00190731 0.00512766 0.999985 0.107066 0.407326 0.0630343
FixedParameters: 0 0 0

#Transform 153
Transform: AffineTransform_float_3_3
Parameters: 0.999997 -0.00178486 -0.00171184 0.00177614 0.999988 -0.00458305 0.00172016 0.00457994 0.999988 0.0988921 0.360708 0.104696
FixedParameters: 0 0 0

#Transform 154
Transform: AffineTransform_float_3_3
Parameters: 0.999999 -0.00107125 -0.00141203 0.00106175 0.999978 -0.00653651 0.00141897 0.00653449 0.999977 0.0722264 0.484135 -0.00822424
FixedParameters: 0 0 0

#Transform 155
Transform: AffineTransform_float_3_3
Parameters: 1 0.000947815 0.000100601 -0.000946183 0.999969 -0.0078101 -0.000108393 0.0078099 0.999969 -0.0711869 0.712561 -0.22051
FixedParameters: 0 0 0

#Transform 156
Transform: AffineTransform_float_3_3
Parameters: 1 -0.000113928 -0.000143267 0.000113073 0.999979 -0.00646402 0.000143734 0.00646399 0.999979 -0.0352934 0.495018 0.0721614
FixedParameters: 0 0 0

#Transform 157
Transform: AffineTransform_float_3_3
Parameters: 0.999997 -0.000938254 -0.00195216 0.000925746 0.99998 -0.00626882 0.00195784 0.00626718 0.999979 0.118643 0.492939 0.081918
FixedParameters: 0 0 0

#Transform 158
Transform: AffineTransform_float_3_3
Parameters: 0.999998 -0.00150611 -0.00125451 0.00149888 0.999983 -0.00565289 0.00126349 0.00565111 0.999983 0.0677889 0.45885 0.0881168
FixedParameters: 0 0 0

#Transform 159
Transform: AffineTransform_float_3_3
Parameters: 0.999998 -0.00172618 0.000146062 0.00172682 0.999981 -0.00582775 -0.00013594 0.00582724 0.999983 -0.0339886 0.432682 0.10524
FixedParameters: 0 0 0

#Transform 160
Transform: AffineTransform_float_3_3
Parameters: 0.99999 -0.00365709 0.00235333 0.00367191 0.999973 -0.00636342 -0.00232966 0.00637258 0.999977 -0.151683 0.51453 0.00182627
FixedParameters: 0 0 0

#Transform 161
Transform: AffineTransform_float_3_3
Parameters: 0.999993 -0.00324969 0.00180304 0.00326331 0.999962 -0.00799116 -0.00177697 0.00799682 0.999966 -0.118912 0.602105 0.0207627
FixedParameters: 0 0 0

#Transform 162
Transform: AffineTransform_float_3_3
Parameters: 0.999993 -0.00279886 0.00247409 0.00281314 0.999979 -0.00573108 -0.00245791 0.00573791 0.99998 -0.194782 0.468698 0.118796
FixedParameters: 0 0 0

#Transform 163
Transform: AffineTransform_float_3_3
Parameters: 0.999994 -0.00348731 0.000494317 0.00349068 0.999978 -0.0055363 -0.00047468 0.00553768 0.999984 0.000212858 0.446057 0.12796
FixedParameters: 0 0 0

#Transform 164
Transform: AffineTransform_float_3_3
Parameters: 0.999989 -0.00399299 0.00243121 0.00400101 0.999986 -0.00330031 -0.00241779 0.00330969 0.999991 -0.117255 0.28945 0.164634
FixedParameters: 0 0 0

#Transform 165
Transform: AffineTransform_float_3_3
Parameters: 0.999995 -0.00324079 0.000952405 0.00324721 0.999973 -0.00659694 -0.000930593 0.00660005 0.999978 -0.028791 0.485712 0.0705409
FixedParameters: 0 0 0

#Transform 166
Transform: AffineTransform_float_3_3
Parameters: 0.999995 -0.00316823 0.000636236 0.00317277 0.999966 -0.00764302 -0.000611765 0.00764497 0.99997 -0.0101366 0.547554 0.0466469
FixedParameters: 0 0 0

#Transform 167
Transform: AffineTransform_float_3_3
Parameters: 0.999991 -0.00431037 0.000808097 0.00431563 0.999974 -0.00581757 -0.000782902 0.00582043 0.999983 0.0188371 0.47856 0.124759
FixedParameters: 0 0 0

#Transform 168
Transform: AffineTransform_float_3_3
Parameters: 0.999992 -0.0036265 -0.00196235 0.0036305 0.999991 0.0022969 0.00195365 -0.0023041 0.999996 0.183998 -0.0908468 0.360467
FixedParameters: 0 0 0

#Transform 169
Transform: AffineTransform_float_3_3
Parameters: 0.99999 -0.00440371 0.000417633 0.0044033 0.999989 0.00167385 -0.000425368 -0.00167214 0.999998 -0.00528741 -0.0160375 0.300126
FixedParameters: 0 0 0

#Transform 170
Transform: AffineTransform_float_3_3
Parameters: 0.999984 -0.005626 -0.000893679 0.00562499 0.999983 -0.00112604 0.00089932 0.00112096 0.999999 0.120117 0.177338 0.296494
FixedParameters: 0 0 0

#Transform 171
Transform: AffineTransform_float_3_3
Parameters: 0.999985 -0.00532215 0.000511369 0.00532284 0.999986 0.000307726 -0.000513632 -0.000305271 1 0.0223071 0.08124 0.291084
FixedParameters: 0 0 0

#Transform 172
Transform: AffineTransform_float_3_3
Parameters: 0.999986 -0.00535845 -0.00067747 0.00535756 0.999986 -0.000660639 0.000681532 0.000657358 0.999999 0.108279 0.110149 0.278719
FixedParameters: 0 0 0

#Transform 173
Transform: AffineTransform_float_3_3
Parameters: 0.999988 -0.00466404 -0.00140896 0.00466095 0.999987 -0.00215659 0.00141904 0.00214941 0.999996 0.162867 0.213325 0.232057
FixedParameters: 0 0 0

#Transform 174
Transform: AffineTransform_float_3_3
Parameters: 0.999988 -0.00447355 -0.0020129 0.00446345 0.999979 -0.00472504 0.00203409 0.00471596 0.999987 0.205231 0.394467 0.139111
FixedParameters: 0 0 0

#Transform 175
Transform: AffineTransform_float_3_3
Parameters: 0.999988 -0.00473987 -0.0012588 0.00473513 0.999982 -0.00384401 0.0012772 0.00383799 0.999992 0.151864 0.330494 0.196339
FixedParameters: 0 0 0

#Transform 176
Transform: AffineTransform_float_3_3
Parameters: 0.999991 -0.00397876 -0.00135478 0.00397824 0.999992 -0.000560395 0.00135622 0.000554609 0.999999 0.164884 0.119389 0.275191
FixedParameters: 0 0 0

#Transform 177
Transform: AffineTransform_float_3_3
Parameters: 0.99999 -0.00432019 0.000159499 0.0043208 0.999976 -0.00543836 -0.000136504 0.00543864 0.999985 0.0624257 0.438985 0.147808
FixedParameters: 0 0 0

#Transform 178
Transform: AffineTransform_float_3_3
Parameters: 0.999993 -0.00369091 -0.00132471 0.00368109 0.999966 -0.00740693 0.00135229 0.00740206 0.999971 0.157929 0.570645 0.0495571
FixedParameters: 0 0 0

#Transform 179
Transform: AffineTransform_float_3_3
Parameters: 0.999991 -0.00354736 -0.00241046 0.00353464 0.999979 -0.00552257 0.00243054 0.00551343 0.999982 0.205865 0.483191 0.114197
FixedParameters: 0 0 0
