#Insight Transform File V1.0
#Transform 0
Transform: AffineTransform_float_3_3
Parameters: 0.999999 -0.000153855 -0.000900854 0.000153146 0.999999 -0.000948138 0.000901145 0.000948861 0.999999 -0.000934703 -0.0158543 0.377262
FixedParameters: 0 0 0

#Transform 1
Transform: AffineTransform_float_3_3
Parameters: 0.999999 0.000625215 0.000415677 -0.000624784 0.999999 -0.00051726 -0.000416323 0.00051674 1 -0.00892387 0.0864009 -0.0723358
FixedParameters: 0 0 0

#Transform 2
Transform: AffineTransform_float_3_3
Parameters: 0.999999 0.000625733 0.00055217 -0.000624267 0.999999 -0.00132735 -0.000552829 0.00132665 0.999999 -0.0154571 0.17149 -0.207155
FixedParameters: 0 0 0

#Transform 3
Transform: AffineTransform_float_3_3
Parameters: 0.999999 0.00062624 0.000551596 -0.00062476 0.999998 -0.00224435 -0.000553404 0.00224466 0.999998 -0.0120636 0.234181 -0.192059
FixedParameters: 0 0 0

#Transform 4
Transform: AffineTransform_float_3_3
Parameters: 0.999999 0.000626391 0.00062561 -0.000624608 0.999998 -0.00222139 -0.000627389 0.00222061 0.999998 -0.0159654 0.238242 -0.275498
FixedParameters: 0 0 0

#Transform 5
Transform: AffineTransform_float_3_3
Parameters: 1 0.000851094 0.000551315 -0.000849905 0.999997 -0.00198147 -0.000553686 0.00198153 0.999998 -0.0160184 0.227425 -0.234298
FixedParameters: 0 0 0

#Transform 6
Transform: AffineTransform_float_3_3
Parameters: 1 0.00106606 0.000550961 -0.00106494 0.999997 -0.00191359 -0.000553039 0.00191341 0.999998 -0.0382287 0.235632 -0.279305
FixedParameters: 0 0 0

#Transform 7
Transform: AffineTransform_float_3_3
Parameters: 1 0.000956195 0.000550933 -0.000954806 0.999997 -0.00216353 -0.000553067 0.00216347 0.999997 -0.0334481 0.249298 -0.297899
FixedParameters: 0 0 0

#Transform 8
Transform: AffineTransform_float_3_3
Parameters: 0.999999 0.00110055 0.000622261 -0.00109945 0.999997 -0.00249069 -0.00062474 0.00249031 0.999996 -0.0504882 0.273719 -0.284722
FixedParameters: 0 0 0

#Transform 9
Transform: AffineTransform_float_3_3
Parameters: 0.999999 0.0012666 0.000638847 -0.0012654 0.999996 -0.00249081 -0.000642153 0.00249019 0.999996 -0.0517752 0.274283 -0.298401
FixedParameters: 0 0 0

#Transform 10
Transform: AffineTransform_float_3_3
Parameters: 0.999999 0.00105626 0.000824108 -0.00105374 0.999995 -0.00274087 -0.000826891 0.00274013 0.999996 -0.0673462 0.285569 -0.29708
FixedParameters: 0 0 0

#Transform 11
Transform: AffineTransform_float_3_3
Parameters: 0.999998 0.00134435 0.000857319 -0.00134164 0.999996 -0.00274115 -0.00086168 0.00273985 0.999996 -0.0632101 0.293512 -0.309791
FixedParameters: 0 0 0

#Transform 12
Transform: AffineTransform_float_3_3
Parameters: 0.999998 0.00136634 0.000803036 -0.00136366 0.999995 -0.0029041 -0.000806963 0.0029039 0.999995 -0.0761001 0.302187 -0.304627
FixedParameters: 0 0 0

#Transform 13
Transform: AffineTransform_float_3_3
Parameters: 0.999999 0.00143184 0.000630845 -0.00143016 0.999995 -0.0029039 -0.000635155 0.00290309 0.999995 -0.0632905 0.305095 -0.312307
FixedParameters: 0 0 0

#Transform 14
Transform: AffineTransform_float_3_3
Parameters: 0.999999 0.00143193 0.000545955 -0.00143007 0.999993 -0.00352578 -0.000551044 0.00352421 0.999993 -0.0642405 0.336822 -0.3373
FixedParameters: 0 0 0

#Transform 15
Transform: AffineTransform_float_3_3
Parameters: 0.999998 0.00143247 0.000779486 -0.00142954 0.999994 -0.00315412 -0.000783513 0.00315388 0.999994 -0.0770354 0.316954 -0.328213
FixedParameters: 0 0 0

#Transform 16
Transform: AffineTransform_float_3_3
Parameters: 0.999999 0.00113429 0.000860681 -0.00113071 0.999992 -0.00381398 -0.000865319 0.00381302 0.999993 -0.0807967 0.352345 -0.34863
FixedParameters: 0 0 0

#Transform 17
Transform: AffineTransform_float_3_3
Parameters: 0.999999 0.00128951 0.00086126 -0.00128649 0.999995 -0.00290411 -0.00086474 0.00290389 0.999996 -0.0828124 0.299651 -0.301362
FixedParameters: 0 0 0

#Transform 18
Transform: AffineTransform_float_3_3
Parameters: 0.999999 0.00111807 0.00111092 -0.00111393 0.999992 -0.00365424 -0.00111508 0.00365276 0.999992 -0.105403 0.334606 -0.313701
FixedParameters: 0 0 0

#Transform 19
Transform: AffineTransform_float_3_3
Parameters: 0.999999 0.000847234 0.00111254 -0.000844765 0.999996 -0.00290394 -0.00111546 0.00290306 0.999995 -0.0830466 0.292687 -0.297328
FixedParameters: 0 0 0

#Transform 20
Transform: AffineTransform_float_3_3
Parameters: 0.999999 0.000910732 0.00093936 -0.00090727 0.999996 -0.00290386 -0.000941639 0.00290315 0.999996 -0.0912615 0.300692 -0.330462
FixedParameters: 0 0 0

#Transform 21
Transform: AffineTransform_float_3_3
Parameters: 0.999999 0.000910739 0.0010376 -0.000907263 0.999996 -0.00263694 -0.0010394 0.00263606 0.999996 -0.0949171 0.293399 -0.315105
FixedParameters: 0 0 0

#Transform 22
Transform: AffineTransform_float_3_3
Parameters: 0.999999 0.000910581 0.00102371 -0.00090742 0.999996 -0.00251893 -0.00102529 0.00251807 0.999997 -0.104421 0.290381 -0.312002
FixedParameters: 0 0 0

#Transform 23
Transform: AffineTransform_float_3_3
Parameters: 1 0.000910121 0.000750435 -0.000907877 0.999995 -0.00282168 -0.000753565 0.00282131 0.999995 -0.0642175 0.309666 -0.30141
FixedParameters: 0 0 0

#Transform 24
Transform: AffineTransform_float_3_3
Parameters: 0.999999 0.000910734 0.00102057 -0.000907265 0.999996 -0.00267593 -0.00102343 0.00267507 0.999996 -0.100432 0.292756 -0.307256
FixedParameters: 0 0 0

#Transform 25
Transform: AffineTransform_float_3_3
Parameters: 0.999999 0.00114865 0.000648083 -0.00114735 0.999996 -0.00254174 -0.000650918 0.00254125 0.999996 -0.0646437 0.292034 -0.295744
FixedParameters: 0 0 0

#Transform 26
Transform: AffineTransform_float_3_3
Parameters: 0.999999 0.000910432 0.000875478 -0.00090757 0.999995 -0.0027738 -0.000877521 0.0027732 0.999996 -0.0929234 0.302386 -0.299678
FixedParameters: 0 0 0

#Transform 27
Transform: AffineTransform_float_3_3
Parameters: 0.999999 0.000910992 0.00107948 -0.000908006 0.999996 -0.00276898 -0.00108252 0.00276801 0.999995 -0.102982 0.317448 -0.281833
FixedParameters: 0 0 0

#Transform 28
Transform: AffineTransform_float_3_3
Parameters: 0.999999 0.000910548 0.00104679 -0.000907451 0.999996 -0.00243195 -0.00104921 0.00243105 0.999997 -0.101754 0.285512 -0.28572
FixedParameters: 0 0 0

#Transform 29
Transform: AffineTransform_float_3_3
Parameters: 0.999999 0.000910667 0.00118896 -0.000907332 0.999997 -0.00224208 -0.00119104 0.00224092 0.999997 -0.11151 0.273658 -0.290058
FixedParameters: 0 0 0

#Transform 30
Transform: AffineTransform_float_3_3
Parameters: 0.999999 0.000910471 0.00118911 -0.000907529 0.999998 -0.00207708 -0.00119089 0.00207592 0.999997 -0.117753 0.277069 -0.273299
FixedParameters: 0 0 0

#Transform 31
Transform: AffineTransform_float_3_3
Parameters: 0.999999 0.000911649 0.00118821 -0.000907351 0.999995 -0.00306808 -0.00119079 0.00306692 0.999994 -0.121373 0.319685 -0.308478
FixedParameters: 0 0 0

#Transform 32
Transform: AffineTransform_float_3_3
Parameters: 0.999998 0.00110017 0.00118899 -0.00109883 0.999997 -0.00182731 -0.00119101 0.00182569 0.999997 -0.126532 0.265868 -0.2865
FixedParameters: 0 0 0

#Transform 33
Transform: AffineTransform_float_3_3
Parameters: 0.999999 0.00127138 0.00130168 -0.00126962 0.999998 -0.00182766 -0.00130332 0.00182535 0.999997 -0.132306 0.258546 -0.263355
FixedParameters: 0 0 0

#Transform 34
Transform: AffineTransform_float_3_3
Parameters: 0.999999 0.0011429 0.00141747 -0.0011411 0.999999 -0.00134262 -0.00141853 0.00134138 0.999998 -0.147617 0.242997 -0.263651
FixedParameters: 0 0 0

#Transform 35
Transform: AffineTransform_float_3_3
Parameters: 0.999998 0.00128068 0.00116816 -0.00127932 0.999998 -0.0014385 -0.00116984 0.0014375 0.999999 -0.134325 0.259037 -0.270419
FixedParameters: 0 0 0

#Transform 36
Transform: AffineTransform_float_3_3
Parameters: 0.999998 0.00090996 0.00131364 -0.000908041 0.999999 -0.0014912 -0.00131536 0.00149081 0.999998 -0.128249 0.271049 -0.25689
FixedParameters: 0 0 0

#Transform 37
Transform: AffineTransform_float_3_3
Parameters: 0.999998 0.00125602 0.0012039 -0.00125398 0.999998 -0.00167451 -0.0012051 0.00167249 0.999998 -0.136366 0.260361 -0.257135
FixedParameters: 0 0 0

#Transform 38
Transform: AffineTransform_float_3_3
Parameters: 0.999999 0.0013192 0.00122263 -0.0013168 0.999997 -0.00179661 -0.00122537 0.00179538 0.999997 -0.134823 0.27279 -0.274687
FixedParameters: 0 0 0

#Transform 39
Transform: AffineTransform_float_3_3
Parameters: 0.999997 0.00147398 0.00165635 -0.00147102 0.999998 -0.00179744 -0.00165965 0.00179556 0.999997 -0.166324 0.276874 -0.294466
FixedParameters: 0 0 0

#Transform 40
Transform: AffineTransform_float_3_3
Parameters: 0.999998 0.00123009 0.00165597 -0.00122591 0.999996 -0.00247003 -0.00165903 0.00246796 0.999995 -0.162427 0.297956 -0.265837
FixedParameters: 0 0 0

#Transform 41
Transform: AffineTransform_float_3_3
Parameters: 0.999998 0.00147119 0.00121916 -0.0014678 0.999995 -0.00261579 -0.00122384 0.0026142 0.999996 -0.143538 0.305747 -0.314044
FixedParameters: 0 0 0

#Transform 42
Transform: AffineTransform_float_3_3
Parameters: 0.999998 0.00164714 0.00122011 -0.00164486 0.999997 -0.00175601 -0.00122289 0.00175399 0.999997 -0.140242 0.275899 -0.277125
FixedParameters: 0 0 0

#Transform 43
Transform: AffineTransform_float_3_3
Parameters: 0.999999 0.0014153 0.00113113 -0.0014137 0.999997 -0.0020306 -0.00113387 0.0020284 0.999998 -0.135852 0.277737 -0.285405
FixedParameters: 0 0 0

#Transform 44
Transform: AffineTransform_float_3_3
Parameters: 0.999997 0.00126233 0.00173486 -0.00125767 0.999996 -0.00249419 -0.00173714 0.00249181 0.999996 -0.177393 0.299207 -0.288203
FixedParameters: 0 0 0

#Transform 45
Transform: AffineTransform_float_3_3
Parameters: 0.999998 0.00114517 0.00158371 -0.00114183 0.999998 -0.00199981 -0.00158529 0.00199819 0.999996 -0.154268 0.275531 -0.26357
FixedParameters: 0 0 0

#Transform 46
Transform: AffineTransform_float_3_3
Parameters: 0.999997 0.00127908 0.001735 -0.00127492 0.999997 -0.00235122 -0.001738 0.00234878 0.999995 -0.177475 0.283304 -0.271707
FixedParameters: 0 0 0

#Transform 47
Transform: AffineTransform_float_3_3
Parameters: 0.999997 0.00179786 0.00127698 -0.00179514 0.999996 -0.0022403 -0.00128102 0.0022387 0.999996 -0.144954 0.273157 -0.27009
FixedParameters: 0 0 0

#Transform 48
Transform: AffineTransform_float_3_3
Parameters: 0.999998 0.00165179 0.00127998 -0.00165121 0.999999 -0.000618115 -0.00128102 0.000615886 0.999999 -0.14637 0.242073 -0.224582
FixedParameters: 0 0 0

#Transform 49
Transform: AffineTransform_float_3_3
Parameters: 0.999997 0.00179591 0.00127972 -0.00179509 0.999998 -0.000713299 -0.00128128 0.000710701 0.999999 -0.157531 0.235483 -0.195748
FixedParameters: 0 0 0

#Transform 50
Transform: AffineTransform_float_3_3
Parameters: 0.999998 0.001474 0.00127985 -0.001473 0.999998 -0.000780886 -0.00128115 0.000779113 0.999999 -0.156022 0.248513 -0.205883
FixedParameters: 0 0 0

#Transform 51
Transform: AffineTransform_float_3_3
Parameters: 0.999997 0.00179576 0.00152511 -0.00179524 0.999999 -0.000499739 -0.0015259 0.000497261 0.999998 -0.181591 0.225199 -0.228971
FixedParameters: 0 0 0

#Transform 52
Transform: AffineTransform_float_3_3
Parameters: 0.999997 0.0016633 0.00136141 -0.0016617 0.999998 -0.000957264 -0.00136359 0.000955734 0.999998 -0.169566 0.250842 -0.217937
FixedParameters: 0 0 0

#Transform 53
Transform: AffineTransform_float_3_3
Parameters: 0.999998 0.00170548 0.00155629 -0.00170353 0.999998 -0.00158966 -0.00155871 0.00158735 0.999997 -0.182767 0.273335 -0.261993
FixedParameters: 0 0 0

#Transform 54
Transform: AffineTransform_float_3_3
Parameters: 0.999997 0.00165715 0.00135917 -0.00165385 0.999996 -0.00231425 -0.00136383 0.00231175 0.999997 -0.173482 0.28791 -0.260993
FixedParameters: 0 0 0

#Transform 55
Transform: AffineTransform_float_3_3
Parameters: 0.999997 0.00179718 0.0016256 -0.00179482 0.999998 -0.00133992 -0.0016274 0.00133708 0.999998 -0.190811 0.248888 -0.253229
FixedParameters: 0 0 0

#Transform 56
Transform: AffineTransform_float_3_3
Parameters: 0.999997 0.00179577 0.00159214 -0.00179523 0.999999 -0.00048286 -0.00159286 0.000479141 0.999998 -0.195178 0.229814 -0.21291
FixedParameters: 0 0 0

#Transform 57
Transform: AffineTransform_float_3_3
Parameters: 0.999998 0.0017967 0.00136075 -0.0017953 0.999997 -0.00125245 -0.00136325 0.00124955 0.999999 -0.173807 0.257639 -0.218078
FixedParameters: 0 0 0

#Transform 58
Transform: AffineTransform_float_3_3
Parameters: 0.999997 0.00179613 0.00154169 -0.00179488 0.999998 -0.000730769 -0.00154331 0.00072823 0.999998 -0.1974 0.229492 -0.214
FixedParameters: 0 0 0

#Transform 59
Transform: AffineTransform_float_3_3
Parameters: 0.999997 0.00179666 0.0017603 -0.00179534 0.999998 -0.000946163 -0.0017617 0.000942838 0.999998 -0.195747 0.238454 -0.236433
FixedParameters: 0 0 0

#Transform 60
Transform: AffineTransform_float_3_3
Parameters: 0.999996 0.00165858 0.00219256 -0.00165742 0.999998 -0.000265635 -0.00219244 0.000262364 0.999997 -0.234479 0.215659 -0.205712
FixedParameters: 0 0 0

#Transform 61
Transform: AffineTransform_float_3_3
Parameters: 0.999996 0.00179685 0.00209642 -0.00179515 0.999998 -0.000884767 -0.00209759 0.000881235 0.999998 -0.229347 0.250912 -0.190941
FixedParameters: 0 0 0

#Transform 62
Transform: AffineTransform_float_3_3
Parameters: 0.999996 0.00179646 0.00213277 -0.00179454 0.999998 -0.00068483 -0.00213423 0.000681169 0.999998 -0.249567 0.241505 -0.186216
FixedParameters: 0 0 0

#Transform 63
Transform: AffineTransform_float_3_3
Parameters: 0.999997 0.00179647 0.00202069 -0.00179453 0.999998 -0.000729629 -0.00202231 0.00072637 0.999997 -0.233529 0.243625 -0.20301
FixedParameters: 0 0 0

#Transform 64
Transform: AffineTransform_float_3_3
Parameters: 0.999996 0.00179589 0.00223429 -0.00179511 0.999999 -0.000400013 -0.00223472 0.000395989 0.999998 -0.25102 0.227985 -0.199134
FixedParameters: 0 0 0

#Transform 65
Transform: AffineTransform_float_3_3
Parameters: 0.999996 0.0016922 0.00217006 -0.0016908 0.999999 -0.000555672 -0.00217094 0.000552329 0.999998 -0.231285 0.235015 -0.174004
FixedParameters: 0 0 0

#Transform 66
Transform: AffineTransform_float_3_3
Parameters: 0.999996 0.00179609 0.00225914 -0.00179491 0.999999 -0.000483057 -0.00225986 0.000478943 0.999998 -0.253573 0.218598 -0.195625
FixedParameters: 0 0 0

#Transform 67
Transform: AffineTransform_float_3_3
Parameters: 0.999996 0.00179568 0.00221645 -0.00179532 0.999999 -0.000308981 -0.00221755 0.000305019 0.999998 -0.250259 0.206662 -0.178727
FixedParameters: 0 0 0

#Transform 68
Transform: AffineTransform_float_3_3
Parameters: 0.999996 0.00151773 0.00239054 -0.00151727 0.999999 -0.000306628 -0.00239046 0.000303373 0.999997 -0.259299 0.217937 -0.188878
FixedParameters: 0 0 0

#Transform 69
Transform: AffineTransform_float_3_3
Parameters: 0.999996 0.00169356 0.00226858 -0.00169243 0.999998 -0.00025084 -0.00226942 0.000247158 0.999998 -0.255257 0.212672 -0.174491
FixedParameters: 0 0 0

#Transform 70
Transform: AffineTransform_float_3_3
Parameters: 0.999997 0.00141799 0.0023224 -0.00141701 0.999999 -0.000426292 -0.0023226 0.000423708 0.999997 -0.242428 0.229186 -0.166816
FixedParameters: 0 0 0

#Transform 71
Transform: AffineTransform_float_3_3
Parameters: 0.999996 0.001391 0.00236141 -0.00139 0.999999 -0.000426284 -0.00236159 0.000423717 0.999997 -0.245972 0.226807 -0.192338
FixedParameters: 0 0 0

#Transform 72
Transform: AffineTransform_float_3_3
Parameters: 0.999996 0.00179604 0.00242824 -0.00179497 0.999999 -0.000427361 -0.00242877 0.00042364 0.999997 -0.252855 0.22801 -0.165632
FixedParameters: 0 0 0

#Transform 73
Transform: AffineTransform_float_3_3
Parameters: 0.999995 0.00156802 0.00248109 -0.00156498 0.999998 -0.00121789 -0.0024829 0.00121411 0.999996 -0.261436 0.264696 -0.199911
FixedParameters: 0 0 0

#Transform 74
Transform: AffineTransform_float_3_3
Parameters: 0.999996 0.0013537 0.0024305 -0.0013513 0.999998 -0.00111129 -0.0024315 0.00110771 0.999997 -0.252731 0.251466 -0.190628
FixedParameters: 0 0 0

#Transform 75
Transform: AffineTransform_float_3_3
Parameters: 0.999996 0.00156751 0.00236334 -0.00156449 0.999998 -0.0010637 -0.00236566 0.0010603 0.999996 -0.257559 0.241656 -0.201071
FixedParameters: 0 0 0

#Transform 76
Transform: AffineTransform_float_3_3
Parameters: 0.999995 0.00138244 0.00269526 -0.00138155 0.999999 -0.000537726 -0.00269574 0.000534276 0.999996 -0.27273 0.222033 -0.171358
FixedParameters: 0 0 0

#Transform 77
Transform: AffineTransform_float_3_3
Parameters: 0.999996 0.00155107 0.00226295 -0.00155093 0.999999 -3.45098e-05 -0.00226305 3.049e-05 0.999998 -0.23416 0.208812 -0.13071
FixedParameters: 0 0 0

#Transform 78
Transform: AffineTransform_float_3_3
Parameters: 0.999997 0.00159112 0.00183889 -0.00159088 0.999998 -6.89257e-05 -0.00183911 6.60739e-05 0.999999 -0.210177 0.210515 -0.140392
FixedParameters: 0 0 0

#Transform 79
Transform: AffineTransform_float_3_3
Parameters: 0.999996 0.00141188 0.00235727 -0.00141412 0.999998 0.000895669 -0.00235673 -0.00089933 0.999997 -0.243004 0.164487 -0.127985
FixedParameters: 0 0 0

#Transform 80
Transform: AffineTransform_float_3_3
Parameters: 0.999997 0.00154482 0.00223582 -0.00154618 0.999998 0.000525545 -0.00223519 -0.000528455 0.999998 -0.232188 0.178522 -0.129811
FixedParameters: 0 0 0

#Transform 81
Transform: AffineTransform_float_3_3
Parameters: 0.999997 0.00105525 0.00212538 -0.00105375 1 -0.000588241 -0.00212562 0.000585759 0.999997 -0.214678 0.233494 -0.15653
FixedParameters: 0 0 0

#Transform 82
Transform: AffineTransform_float_3_3
Parameters: 0.999997 0.00125761 0.00216522 -0.00125839 0.999999 0.000177276 -0.00216477 -0.000179723 0.999997 -0.223961 0.198019 -0.109235
FixedParameters: 0 0 0

#Transform 83
Transform: AffineTransform_float_3_3
Parameters: 0.999997 0.00125608 0.00204418 -0.00125792 0.999999 0.000938432 -0.00204282 -0.000941569 0.999998 -0.217052 0.162119 -0.120109
FixedParameters: 0 0 0

#Transform 84
Transform: AffineTransform_float_3_3
Parameters: 0.999996 0.00153137 0.0020812 -0.00153263 0.999998 0.000782812 -0.0020798 -0.000786187 0.999997 -0.230368 0.177515 -0.135958
FixedParameters: 0 0 0

#Transform 85
Transform: AffineTransform_float_3_3
Parameters: 0.999997 0.00138689 0.00195608 -0.00138711 0.999999 5.72869e-05 -0.00195592 -5.97128e-05 0.999998 -0.227901 0.204032 -0.146767
FixedParameters: 0 0 0

#Transform 86
Transform: AffineTransform_float_3_3
Parameters: 0.999997 0.00145482 0.00206183 -0.00145618 0.999999 0.000568999 -0.00206117 -0.000572 0.999997 -0.215226 0.180079 -0.130337
FixedParameters: 0 0 0

#Transform 87
Transform: AffineTransform_float_3_3
Parameters: 0.999997 0.00165482 0.00178724 -0.00165418 0.999998 -0.000459958 -0.00178776 0.000457043 0.999999 -0.207875 0.219342 -0.163176
FixedParameters: 0 0 0

#Transform 88
Transform: AffineTransform_float_3_3
Parameters: 0.999997 0.00139599 0.00190627 -0.00139501 0.999999 -0.000521661 -0.00190673 0.00051934 0.999998 -0.205427 0.231523 -0.162605
FixedParameters: 0 0 0

#Transform 89
Transform: AffineTransform_float_3_3
Parameters: 0.999996 0.0013466 0.00217487 -0.0013484 0.999999 0.00064207 -0.00217313 -0.000644929 0.999998 -0.23266 0.183351 -0.131997
FixedParameters: 0 0 0

#Transform 90
Transform: AffineTransform_float_3_3
Parameters: 0.999998 0.00125657 0.00187097 -0.00125844 0.999999 0.000766647 -0.00187004 -0.000768352 0.999998 -0.219465 0.178021 -0.129305
FixedParameters: 0 0 0

#Transform 91
Transform: AffineTransform_float_3_3
Parameters: 0.999997 0.00156401 0.00187766 -0.00156599 0.999998 0.00105806 -0.00187534 -0.00106094 0.999997 -0.220147 0.182836 -0.140861
FixedParameters: 0 0 0

#Transform 92
Transform: AffineTransform_float_3_3
Parameters: 0.999997 0.00164065 0.00210284 -0.00164335 0.999998 0.00111755 -0.00210116 -0.00112145 0.999997 -0.235525 0.194368 -0.13996
FixedParameters: 0 0 0

#Transform 93
Transform: AffineTransform_float_3_3
Parameters: 0.999997 0.00125696 0.00212562 -0.00125804 0.999999 0.000489327 -0.00212538 -0.000491673 0.999997 -0.23321 0.216255 -0.129863
FixedParameters: 0 0 0

#Transform 94
Transform: AffineTransform_float_3_3
Parameters: 0.999998 0.00125946 0.00185101 -0.00125854 0.999999 -0.000790331 -0.00185199 0.000787669 0.999998 -0.208751 0.268054 -0.160472
FixedParameters: 0 0 0

#Transform 95
Transform: AffineTransform_float_3_3
Parameters: 0.999997 0.00125797 0.00174202 -0.00125803 0.999999 1.58085e-05 -0.00174198 -1.81914e-05 0.999998 -0.214651 0.239478 -0.143484
FixedParameters: 0 0 0

#Transform 96
Transform: AffineTransform_float_3_3
Parameters: 0.999997 0.00140473 0.00227017 -0.00140427 0.999999 0.000117813 -0.00226983 -0.000121189 0.999998 -0.245406 0.251919 -0.133908
FixedParameters: 0 0 0

#Transform 97
Transform: AffineTransform_float_3_3
Parameters: 0.999997 0.0012582 0.0024319 -0.0012588 0.999999 -8.50616e-05 -0.00243211 8.19402e-05 0.999997 -0.258023 0.252438 -0.137883
FixedParameters: 0 0 0

#Transform 98
Transform: AffineTransform_float_3_3
Parameters: 0.999997 0.00125865 0.00240966 -0.00125835 0.999999 -0.000273033 -0.00240934 0.000269969 0.999997 -0.265381 0.262034 -0.122341
FixedParameters: 0 0 0

#Transform 99
Transform: AffineTransform_float_3_3
Parameters: 0.999997 0.00125878 0.00204752 -0.00125822 0.999999 -0.000382577 -0.00204748 0.000379424 0.999998 -0.233589 0.248987 -0.141727
FixedParameters: 0 0 0

#Transform 100
Transform: AffineTransform_float_3_3
Parameters: 0.999997 0.0012589 0.00234452 -0.00125811 0.999999 -0.000382951 -0.00234548 0.000380049 0.999997 -0.262291 0.259017 -0.123061
FixedParameters: 0 0 0

#Transform 101
Transform: AffineTransform_float_3_3
Parameters: 0.999996 0.00125886 0.00226652 -0.00125814 0.999999 -0.000382853 -0.00226648 0.000379148 0.999998 -0.252683 0.259028 -0.149538
FixedParameters: 0 0 0

#Transform 102
Transform: AffineTransform_float_3_3
Parameters: 0.999996 0.00125939 0.00226823 -0.00125861 0.999999 -0.000615857 -0.00226977 0.000613144 0.999997 -0.245028 0.270049 -0.128536
FixedParameters: 0 0 0

#Transform 103
Transform: AffineTransform_float_3_3
Parameters: 0.999996 0.0015249 0.00235542 -0.0015241 0.999999 -0.000383591 -0.00235658 0.000379408 0.999997 -0.263747 0.259821 -0.122964
FixedParameters: 0 0 0

#Transform 104
Transform: AffineTransform_float_3_3
Parameters: 0.999997 0.00138953 0.00210499 -0.00138847 0.999999 -0.000729925 -0.00210601 0.000727075 0.999997 -0.241538 0.265792 -0.166339
FixedParameters: 0 0 0

#Transform 105
Transform: AffineTransform_float_3_3
Parameters: 0.999996 0.00139083 0.00217619 -0.00138817 0.999998 -0.00130203 -0.00217781 0.00129898 0.999997 -0.245916 0.296793 -0.186207
FixedParameters: 0 0 0

#Transform 106
Transform: AffineTransform_float_3_3
Parameters: 0.999997 0.00129246 0.00230819 -0.00129154 0.999999 -0.000632983 -0.00230882 0.000630018 0.999997 -0.260679 0.270981 -0.138629
FixedParameters: 0 0 0

#Transform 107
Transform: AffineTransform_float_3_3
Parameters: 0.999997 0.00138937 0.00225916 -0.00138763 0.999999 -0.000606137 -0.00225984 0.000602862 0.999998 -0.261228 0.257837 -0.134823
FixedParameters: 0 0 0

#Transform 108
Transform: AffineTransform_float_3_3
Parameters: 0.999996 0.0013894 0.00224413 -0.0013876 0.999999 -0.000626116 -0.00224487 0.000622883 0.999998 -0.255018 0.252887 -0.168576
FixedParameters: 0 0 0

#Transform 109
Transform: AffineTransform_float_3_3
Parameters: 0.999996 0.0013885 0.00253573 -0.0013885 0.999999 -0.000198522 -0.00253627 0.000194479 0.999997 -0.271848 0.232531 -0.135183
FixedParameters: 0 0 0

#Transform 110
Transform: AffineTransform_float_3_3
Parameters: 0.999997 0.00139017 0.00191042 -0.00138783 0.999999 -0.00113766 -0.00191258 0.00113435 0.999998 -0.219174 0.276917 -0.169886
FixedParameters: 0 0 0

#Transform 111
Transform: AffineTransform_float_3_3
Parameters: 0.999996 0.00138854 0.00216965 -0.00138846 0.999999 -0.000250013 -0.00217034 0.000246987 0.999997 -0.259522 0.23499 -0.142074
FixedParameters: 0 0 0

#Transform 112
Transform: AffineTransform_float_3_3
Parameters: 0.999997 0.00138893 0.00200435 -0.00138807 0.999999 -0.000466783 -0.00200465 0.000464217 0.999998 -0.244086 0.245279 -0.134369
FixedParameters: 0 0 0

#Transform 113
Transform: AffineTransform_float_3_3
Parameters: 0.999996 0.00138788 0.00240807 -0.00138812 0.999999 4.76575e-05 -0.00240793 -5.13421e-05 0.999997 -0.256367 0.254394 -0.119217
FixedParameters: 0 0 0

#Transform 114
Transform: AffineTransform_float_3_3
Parameters: 0.999997 0.00138789 0.00227607 -0.00138811 0.999999 4.78408e-05 -0.00227593 -5.11589e-05 0.999998 -0.262558 0.237388 -0.113173
FixedParameters: 0 0 0

#Transform 115
Transform: AffineTransform_float_3_3
Parameters: 0.999996 0.00141343 0.00215772 -0.00141257 0.999999 -0.000202049 -0.00215828 0.00019895 0.999997 -0.243032 0.245769 -0.158206
FixedParameters: 0 0 0

#Transform 116
Transform: AffineTransform_float_3_3
Parameters: 0.999997 0.00124037 0.00215836 -0.00124163 0.999999 0.000289321 -0.00215764 -0.000291677 0.999997 -0.254649 0.22923 -0.149691
FixedParameters: 0 0 0

#Transform 117
Transform: AffineTransform_float_3_3
Parameters: 0.999997 0.00124013 0.0021585 -0.00124187 0.999999 0.000402321 -0.0021585 -0.000405678 0.999997 -0.252499 0.243562 -0.101753
FixedParameters: 0 0 0

#Transform 118
Transform: AffineTransform_float_3_3
Parameters: 0.999997 0.00124388 0.00215634 -0.00124112 0.999999 -0.00133868 -0.00215766 0.00133532 0.999997 -0.252442 0.304226 -0.186365
FixedParameters: 0 0 0

#Transform 119
Transform: AffineTransform_float_3_3
Parameters: 0.999996 0.00143013 0.00215857 -0.00143087 0.999999 0.000400913 -0.00215842 -0.000404088 0.999997 -0.260217 0.226124 -0.123653
FixedParameters: 0 0 0

#Transform 120
Transform: AffineTransform_float_3_3
Parameters: 0.999996 0.00144871 0.00215886 -0.00144928 0.999999 0.000593873 -0.00215814 -0.000597129 0.999998 -0.254777 0.223074 -0.137955
FixedParameters: 0 0 0

#Transform 121
Transform: AffineTransform_float_3_3
Parameters: 0.999997 0.00144914 0.00226955 -0.00144986 0.999999 0.000378711 -0.00226945 -0.00038229 0.999998 -0.268838 0.223188 -0.141217
FixedParameters: 0 0 0

#Transform 122
Transform: AffineTransform_float_3_3
Parameters: 0.999998 0.00144954 0.00147146 -0.00144946 0.999999 0.000313868 -0.00147154 -0.000316134 0.999999 -0.229071 0.185737 -0.059425
FixedParameters: 0 0 0

#Transform 123
Transform: AffineTransform_float_3_3
Parameters: 0.999993 0.00181172 0.00332907 -0.00181028 0.999998 -0.000519031 -0.00332993 0.000512971 0.999995 -0.360114 0.224649 -0.142761
FixedParameters: 0 0 0

#Transform 124
Transform: AffineTransform_float_3_3
Parameters: 0.999994 0.00194929 0.00278871 -0.00194572 0.999998 -0.00118043 -0.00279129 0.00117457 0.999996 -0.367038 0.28719 -0.138899
FixedParameters: 0 0 0

#Transform 125
Transform: AffineTransform_float_3_3
Parameters: 0.999992 0.00204499 0.00337959 -0.00204102 0.999997 -0.00118191 -0.00338141 0.00117509 0.999993 -0.388627 0.314846 -0.158902
FixedParameters: 0 0 0

#Transform 126
Transform: AffineTransform_float_3_3
Parameters: 0.999992 0.00199105 0.00326293 -0.00198595 0.999997 -0.00154949 -0.00326608 0.00154351 0.999994 -0.401674 0.340045 -0.173522
FixedParameters: 0 0 0

#Transform 127
Transform: AffineTransform_float_3_3
Parameters: 0.999993 0.00204671 0.00334952 -0.00204129 0.999997 -0.00170785 -0.00335249 0.00170115 0.999993 -0.393848 0.350602 -0.184511
FixedParameters: 0 0 0

#Transform 128
Transform: AffineTransform_float_3_3
Parameters: 0.999992 0.00205238 0.00325886 -0.00204062 0.999992 -0.00349267 -0.00326514 0.00348632 0.999988 -0.405229 0.414374 -0.25272
FixedParameters: 0 0 0

#Transform 129
Transform: AffineTransform_float_3_3
Parameters: 0.999992 0.00204657 0.00326852 -0.00204043 0.999997 -0.00170768 -0.00327148 0.00170032 0.999993 -0.395376 0.339784 -0.184619
FixedParameters: 0 0 0

#Transform 130
Transform: AffineTransform_float_3_3
Parameters: 0.999992 0.00222341 0.00332539 -0.00221759 0.999996 -0.00163039 -0.00332961 0.00162361 0.999993 -0.405026 0.336711 -0.184358
FixedParameters: 0 0 0

#Transform 131
Transform: AffineTransform_float_3_3
Parameters: 0.999992 0.00218696 0.00337079 -0.00218204 0.999996 -0.00147337 -0.00337421 0.00146663 0.999993 -0.404948 0.329169 -0.167308
FixedParameters: 0 0 0

#Transform 132
Transform: AffineTransform_float_3_3
Parameters: 0.999992 0.0023006 0.00328208 -0.0022944 0.999996 -0.00170854 -0.00328592 0.00170045 0.999993 -0.401086 0.340598 -0.1743
FixedParameters: 0 0 0

#Transform 133
Transform: AffineTransform_float_3_3
Parameters: 0.999993 0.00207389 0.00305732 -0.00206411 0.999992 -0.00323333 -0.00306469 0.00322767 0.99999 -0.387387 0.393826 -0.213686
FixedParameters: 0 0 0

#Transform 134
Transform: AffineTransform_float_3_3
Parameters: 0.999993 0.00210625 0.00309039 -0.00209775 0.999994 -0.0026695 -0.0030966 0.0026635 0.999991 -0.378388 0.375465 -0.184742
FixedParameters: 0 0 0

#Transform 135
Transform: AffineTransform_float_3_3
Parameters: 0.999993 0.00170056 0.00326011 -0.00169544 0.999997 -0.00170654 -0.00326289 0.00170046 0.999993 -0.383605 0.328703 -0.17349
FixedParameters: 0 0 0

#Transform 136
Transform: AffineTransform_float_3_3
Parameters: 0.999994 0.00169992 0.00302824 -0.00169507 0.999997 -0.00162814 -0.00303176 0.00162286 0.999994 -0.371629 0.311435 -0.15264
FixedParameters: 0 0 0

#Transform 137
Transform: AffineTransform_float_3_3
Parameters: 0.999994 0.00188187 0.00286246 -0.00187813 0.999998 -0.00135338 -0.00286454 0.00134862 0.999995 -0.356893 0.307381 -0.143347
FixedParameters: 0 0 0

#Transform 138
Transform: AffineTransform_float_3_3
Parameters: 0.999994 0.00166351 0.00301752 -0.00165949 0.999998 -0.00149702 -0.00302048 0.00149199 0.999995 -0.363179 0.310752 -0.140804
FixedParameters: 0 0 0

#Transform 139
Transform: AffineTransform_float_3_3
Parameters: 0.999994 0.00190982 0.00263068 -0.00190718 0.999998 -0.000695021 -0.00263232 0.000689977 0.999997 -0.355186 0.291557 -0.116021
FixedParameters: 0 0 0

#Transform 140
Transform: AffineTransform_float_3_3
Parameters: 0.999993 0.00165443 0.00313772 -0.00165257 0.999999 -0.00077819 -0.00313928 0.000772811 0.999995 -0.379957 0.294611 -0.142234
FixedParameters: 0 0 0

#Transform 141
Transform: AffineTransform_float_3_3
Parameters: 0.999995 0.00165822 0.00244079 -0.00165178 0.999996 -0.00254704 -0.00244521 0.00254296 0.999994 -0.359326 0.349024 -0.163345
FixedParameters: 0 0 0

#Transform 142
Transform: AffineTransform_float_3_3
Parameters: 0.999994 0.00165728 0.00282591 -0.00165172 0.999997 -0.00186868 -0.00282909 0.00186432 0.999995 -0.366393 0.346333 -0.16428
FixedParameters: 0 0 0

#Transform 143
Transform: AffineTransform_float_3_3
Parameters: 0.999994 0.00181483 0.00269709 -0.00180917 0.999996 -0.00216189 -0.00270091 0.00215711 0.999994 -0.355886 0.333758 -0.175146
FixedParameters: 0 0 0

#Transform 144
Transform: AffineTransform_float_3_3
Parameters: 0.999994 0.00172609 0.00281049 -0.00172191 0.999998 -0.00145585 -0.0028125 0.00145115 0.999995 -0.35335 0.318613 -0.142506
FixedParameters: 0 0 0

#Transform 145
Transform: AffineTransform_float_3_3
Parameters: 0.999995 0.00148402 0.00283185 -0.00147798 0.999996 -0.00212719 -0.00283515 0.0021228 0.999993 -0.350598 0.355407 -0.161709
FixedParameters: 0 0 0

#Transform 146
Transform: AffineTransform_float_3_3
Parameters: 0.999994 0.00165859 0.00284975 -0.00165341 0.999996 -0.00196372 -0.00285225 0.00195928 0.999994 -0.357286 0.347617 -0.166384
FixedParameters: 0 0 0

#Transform 147
Transform: AffineTransform_float_3_3
Parameters: 0.999995 0.00141576 0.00284665 -0.00140824 0.999996 -0.00237502 -0.00285035 0.00237198 0.999993 -0.368111 0.3696 -0.182952
FixedParameters: 0 0 0

#Transform 148
Transform: AffineTransform_float_3_3
Parameters: 0.999995 0.00155163 0.00283784 -0.00154437 0.999995 -0.0026874 -0.00284216 0.00268361 0.999993 -0.37778 0.377093 -0.182227
FixedParameters: 0 0 0

#Transform 149
Transform: AffineTransform_float_3_3
Parameters: 0.999994 0.00155058 0.00293753 -0.00154441 0.999997 -0.00224255 -0.00294147 0.00223745 0.999993 -0.38248 0.365908 -0.171988
FixedParameters: 0 0 0

#Transform 150
Transform: AffineTransform_float_3_3
Parameters: 0.999995 0.00154974 0.00300505 -0.00154426 0.999997 -0.00191165 -0.00300795 0.00190635 0.999993 -0.370766 0.360243 -0.149505
FixedParameters: 0 0 0

#Transform 151
Transform: AffineTransform_float_3_3
Parameters: 0.999994 0.00151557 0.00318088 -0.00150843 0.999996 -0.00206681 -0.00318412 0.00206219 0.999993 -0.367805 0.357597 -0.169392
FixedParameters: 0 0 0

#Transform 152
Transform: AffineTransform_float_3_3
Parameters: 0.999995 0.00161527 0.00291053 -0.00160973 0.999997 -0.0021547 -0.00291447 0.00215031 0.999994 -0.353075 0.356609 -0.159906
FixedParameters: 0 0 0

#Transform 153
Transform: AffineTransform_float_3_3
Parameters: 0.999995 0.00161444 0.00298006 -0.00160856 0.999997 -0.0018278 -0.00298294 0.00182319 0.999994 -0.359948 0.346471 -0.158196
FixedParameters: 0 0 0

#Transform 154
Transform: AffineTransform_float_3_3
Parameters: 0.999995 0.00167799 0.00288652 -0.001672 0.999996 -0.00207784 -0.00289048 0.00207316 0.999993 -0.358146 0.368549 -0.152913
FixedParameters: 0 0 0

#Transform 155
Transform: AffineTransform_float_3_3
Parameters: 0.999994 0.00172643 0.0028431 -0.00172057 0.999996 -0.00226291 -0.0028469 0.0022581 0.999994 -0.368468 0.36901 -0.152909
FixedParameters: 0 0 0

#Transform 156
Transform: AffineTransform_float_3_3
Parameters: 0.999994 0.00165349 0.0028943 -0.00164651 0.999996 -0.00224278 -0.00289869 0.00223722 0.999994 -0.35127 0.376182 -0.157012
FixedParameters: 0 0 0

#Transform 157
Transform: AffineTransform_float_3_3
Parameters: 0.999995 0.00175392 0.0026978 -0.00174907 0.999997 -0.00182773 -0.00270119 0.00182227 0.999994 -0.347976 0.356892 -0.140976
FixedParameters: 0 0 0

#Transform 158
Transform: AffineTransform_float_3_3
Parameters: 0.999996 0.00176579 0.00246687 -0.00176021 0.999995 -0.00234835 -0.00247014 0.00234365 0.999994 -0.329578 0.381481 -0.144104
FixedParameters: 0 0 0

#Transform 159
Transform: AffineTransform_float_3_3
Parameters: 0.999996 0.00175062 0.00252781 -0.00174638 0.999997 -0.00182742 -0.00253119 0.00182258 0.999995 -0.33263 0.356797 -0.128009
FixedParameters: 0 0 0

#Transform 160
Transform: AffineTransform_float_3_3
Parameters: 0.999995 0.00156365 0.00250672 -0.00156034 0.999997 -0.00145992 -0.00250927 0.00145508 0.999996 -0.34447 0.332797 -0.120767
FixedParameters: 0 0 0

#Transform 161
Transform: AffineTransform_float_3_3
Parameters: 0.999994 0.00149846 0.00290722 -0.00149553 0.999998 -0.00119335 -0.00290978 0.00118865 0.999995 -0.347044 0.326103 -0.132469
FixedParameters: 0 0 0

#Transform 162
Transform: AffineTransform_float_3_3
Parameters: 0.999996 0.00139366 0.00252198 -0.00139034 0.999998 -0.00145151 -0.00252402 0.00144849 0.999996 -0.343905 0.324745 -0.127556
FixedParameters: 0 0 0

#Transform 163
Transform: AffineTransform_float_3_3
Parameters: 0.999994 0.00162015 0.0028199 -0.00161285 0.999996 -0.00253756 -0.0028241 0.00253244 0.999993 -0.351733 0.371999 -0.175466
FixedParameters: 0 0 0

#Transform 164
Transform: AffineTransform_float_3_3
Parameters: 0.999994 0.0013112 0.0030429 -0.0013048 0.999997 -0.00236698 -0.00304609 0.00236302 0.999992 -0.368752 0.361622 -0.177575
FixedParameters: 0 0 0

#Transform 165
Transform: AffineTransform_float_3_3
Parameters: 0.999995 0.00148072 0.00271535 -0.00147428 0.999996 -0.00247402 -0.00271865 0.00246999 0.999994 -0.363494 0.372261 -0.168111
FixedParameters: 0 0 0

#Transform 166
Transform: AffineTransform_float_3_3
Parameters: 0.999995 0.00130955 0.00284946 -0.00130445 0.999998 -0.00194773 -0.00285254 0.00194427 0.999994 -0.365322 0.352249 -0.151283
FixedParameters: 0 0 0

#Transform 167
Transform: AffineTransform_float_3_3
Parameters: 0.999994 0.00151534 0.00288921 -0.00150966 0.999997 -0.00184837 -0.00289179 0.00184463 0.999994 -0.369716 0.341737 -0.15068
FixedParameters: 0 0 0

#Transform 168
Transform: AffineTransform_float_3_3
Parameters: 0.999996 0.00142029 0.00266625 -0.00141771 0.999998 -0.00123579 -0.00266875 0.00123122 0.999995 -0.350117 0.317858 -0.123322
FixedParameters: 0 0 0

#Transform 169
Transform: AffineTransform_float_3_3
Parameters: 0.999994 0.00142187 0.00291763 -0.00141712 0.999997 -0.00167214 -0.00292037 0.00166786 0.999995 -0.352916 0.338649 -0.145503
FixedParameters: 0 0 0

#Transform 170
Transform: AffineTransform_float_3_3
Parameters: 0.999996 0.00142216 0.00250207 -0.00141784 0.999997 -0.00206456 -0.00250493 0.00206045 0.999994 -0.348721 0.367016 -0.140259
FixedParameters: 0 0 0

#Transform 171
Transform: AffineTransform_float_3_3
Parameters: 0.999996 0.00142 0.0024993 -0.001417 0.999999 -0.00119955 -0.0025017 0.00119645 0.999996 -0.347744 0.326247 -0.123117
FixedParameters: 0 0 0

#Transform 172
Transform: AffineTransform_float_3_3
Parameters: 0.999995 0.00169858 0.00262368 -0.00169442 0.999997 -0.00136745 -0.00262632 0.00136354 0.999995 -0.368049 0.342812 -0.128392
FixedParameters: 0 0 0

#Transform 173
Transform: AffineTransform_float_3_3
Parameters: 0.999995 0.00142093 0.00256182 -0.00141707 0.999998 -0.00153364 -0.00256417 0.00153036 0.999995 -0.359957 0.332093 -0.126291
FixedParameters: 0 0 0

#Transform 174
Transform: AffineTransform_float_3_3
Parameters: 0.999995 0.00143001 0.00273343 -0.00142699 0.999999 -0.00110191 -0.00273557 0.00109809 0.999995 -0.35461 0.324432 -0.117905
FixedParameters: 0 0 0

#Transform 175
Transform: AffineTransform_float_3_3
Parameters: 0.999995 0.00136307 0.0026679 -0.00135692 0.999996 -0.00227763 -0.00267109 0.00227437 0.999994 -0.360085 0.36021 -0.149428
FixedParameters: 0 0 0

#Transform 176
Transform: AffineTransform_float_3_3
Parameters: 0.999995 0.00136977 0.00277815 -0.00136624 0.999998 -0.0013568 -0.00277986 0.0013532 0.999995 -0.339736 0.333472 -0.118678
FixedParameters: 0 0 0

#Transform 177
Transform: AffineTransform_float_3_3
Parameters: 0.999996 0.00136265 0.00257607 -0.00135935 0.999998 -0.00141651 -0.00257792 0.00141349 0.999995 -0.340302 0.336329 -0.116402
FixedParameters: 0 0 0

#Transform 178
Transform: AffineTransform_float_3_3
Parameters: 0.999997 0.00130756 0.00209841 -0.00130444 0.999999 -0.00122174 -0.00210059 0.00121926 0.999997 -0.329282 0.331004 -0.0943004
FixedParameters: 0 0 0

#Transform 179
Transform: AffineTransform_float_3_3
Parameters: 0.999996 0.00170468 0.00218514 -0.00170133 0.999997 -0.00168272 -0.00218786 0.00167928 0.999996 -0.328011 0.341851 -0.112482
FixedParameters: 0 0 0
