# transform file /out/sourcedata/freesurfer/sub-v2s8x29200_ses-1/mri/transforms/cc_up.lta
# created by oesteban on Sat Mar 14 02:15:57 2026

type      = 0 # LINEAR_VOX_TO_VOX
nxforms   = 1
mean      = 128.0000 132.0000 114.0000
sigma     = 10000.0000
1 4 4
9.968249797821045e-01 -2.206665091216564e-02 -7.650393992662430e-02 1.162138271331787e+01 
2.200194820761681e-02 9.997564554214478e-01 -1.688597025349736e-03 1.240376663208008e+01 
7.652257382869720e-02 1.164153079491470e-10 9.970677495002747e-01 4.539379596710205e+00 
0.000000000000000e+00 0.000000000000000e+00 0.000000000000000e+00 1.000000000000000e+00 
src volume info
valid = 1  # volume info valid
filename = /out/sourcedata/freesurfer/sub-v2s8x29200_ses-1/mri/norm.mgz
volume = 256 256 256
voxelsize = 1.000000000000000e+00 1.000000000000000e+00 1.000000000000000e+00
xras   = -1.000000000000000e+00 0.000000000000000e+00 0.000000000000000e+00
yras   = 0.000000000000000e+00 0.000000000000000e+00 -1.000000000000000e+00
zras   = 0.000000000000000e+00 1.000000000000000e+00 0.000000000000000e+00
cras   = -2.226921081542969e+00 1.000000000000000e+00 2.771072387695312e-01
dst volume info
valid = 1  # volume info valid
filename = /out/sourcedata/freesurfer/sub-v2s8x29200_ses-1/mri/norm.mgz
volume = 256 256 256
voxelsize = 1.000000000000000e+00 1.000000000000000e+00 1.000000000000000e+00
xras   = -1.000000000000000e+00 0.000000000000000e+00 0.000000000000000e+00
yras   = 0.000000000000000e+00 0.000000000000000e+00 -1.000000000000000e+00
zras   = 0.000000000000000e+00 1.000000000000000e+00 0.000000000000000e+00
cras   = -2.226921081542969e+00 1.000000000000000e+00 2.771072387695312e-01
