#Insight Transform File V1.0
#Transform 0
Transform: AffineTransform_float_3_3
Parameters: 1 0.000205891 -0.000123183 -0.000206109 0.999999 -0.000886974 0.000122817 0.000887025 0.999999 -0.0524015 -0.0211837 0.376485
FixedParameters: 0 0 0

#Transform 1
Transform: AffineTransform_float_3_3
Parameters: 1 0.000291 1.8624e-08 -0.000291 1 6.4e-05 1.8624e-08 -6.4e-05 1 0.0149258 0.091476 -0.0421495
FixedParameters: 0 0 0

#Transform 2
Transform: AffineTransform_float_3_3
Parameters: 1 6.58621e-05 0.000338027 -6.51383e-05 1 0.000407978 -0.000338973 -0.000408022 1 0.000732936 0.134794 -0.0883455
FixedParameters: 0 0 0

#Transform 3
Transform: AffineTransform_float_3_3
Parameters: 1 0.000248997 0.000191004 -0.000249003 1 1.49524e-05 -0.000190996 -1.50476e-05 1 -0.020254 0.141364 -0.0653263
FixedParameters: 0 0 0

#Transform 4
Transform: AffineTransform_float_3_3
Parameters: 1 6.60249e-05 0.000116986 -6.59751e-05 1 -0.000213008 -0.000117014 0.000212992 1 0.00146672 0.159261 -0.0981593
FixedParameters: 0 0 0

#Transform 5
Transform: AffineTransform_float_3_3
Parameters: 1 6.59452e-05 -0.000128028 -6.60548e-05 1 -0.000427991 0.000127972 0.000428008 1 0.0245625 0.196343 -0.164616
FixedParameters: 0 0 0

#Transform 6
Transform: AffineTransform_float_3_3
Parameters: 1 6.59652e-05 -0.000139016 -6.60347e-05 1 -0.000249991 0.000138983 0.000250009 1 0.00914556 0.209285 -0.224084
FixedParameters: 0 0 0

#Transform 7
Transform: AffineTransform_float_3_3
Parameters: 1 -0.000333025 -3.87872e-05 0.000332976 0.999999 -0.000639013 3.82128e-05 0.000638987 1 0.010521 0.215091 -0.191194
FixedParameters: 0 0 0

#Transform 8
Transform: AffineTransform_float_3_3
Parameters: 1 -0.000336433 -0.000335566 0.000335566 0.999999 -0.00129011 0.000336433 0.00128989 0.999999 0.0286197 0.24063 -0.230041
FixedParameters: 0 0 0

#Transform 9
Transform: AffineTransform_float_3_3
Parameters: 1 -0.000503843 0.000327241 0.000503156 1 -0.000478835 -0.000326759 0.000479165 1 0.00335805 0.210224 -0.181765
FixedParameters: 0 0 0

#Transform 10
Transform: AffineTransform_float_3_3
Parameters: 1 -0.000355985 0.000119045 0.000356015 1 -0.000125958 -0.000118955 0.000126042 1 0.0287233 0.21304 -0.173749
FixedParameters: 0 0 0

#Transform 11
Transform: AffineTransform_float_3_3
Parameters: 0.999999 -0.000824914 0.000508137 0.000825084 0.999999 -0.000166581 -0.000507862 0.000167419 1 0.0165279 0.216876 -0.185208
FixedParameters: 0 0 0

#Transform 12
Transform: AffineTransform_float_3_3
Parameters: 0.999999 -0.000780804 0.000452338 0.000781195 0.999999 -0.000432647 -0.000451662 0.000432353 1 -0.00339877 0.201323 -0.140029
FixedParameters: 0 0 0

#Transform 13
Transform: AffineTransform_float_3_3
Parameters: 0.999999 -0.000780949 0.000303129 0.000781049 0.999999 -0.000164763 -0.000302871 0.000165237 1 0.0320911 0.246446 -0.225213
FixedParameters: 0 0 0

#Transform 14
Transform: AffineTransform_float_3_3
Parameters: 0.999999 -0.000780827 0.000468289 0.000781172 0.999999 -0.000369634 -0.000467711 0.000369365 1 -0.00236118 0.231023 -0.202749
FixedParameters: 0 0 0

#Transform 15
Transform: AffineTransform_float_3_3
Parameters: 1 -0.000531008 2.38258e-05 0.000530992 1 0.000328013 -2.41742e-05 -0.000327987 1 0.0135058 0.264324 -0.307696
FixedParameters: 0 0 0

#Transform 16
Transform: AffineTransform_float_3_3
Parameters: 0.999999 -0.000605559 -0.000412648 0.000606441 0.999999 0.00106875 0.000412352 -0.00106925 1 0.0407765 0.277931 -0.39334
FixedParameters: 0 0 0

#Transform 17
Transform: AffineTransform_float_3_3
Parameters: 0.999999 -0.000701521 -0.000463247 0.000703477 0.999994 0.00319967 0.000460752 -0.00319932 0.999995 0.0340548 0.218966 -0.382007
FixedParameters: 0 0 0

#Transform 18
Transform: AffineTransform_float_3_3
Parameters: 0.999999 -0.000779472 -0.000463578 0.000780525 0.999994 0.00330364 0.000460424 -0.00330436 0.999995 0.0597929 0.29904 -0.518764
FixedParameters: 0 0 0

#Transform 19
Transform: AffineTransform_float_3_3
Parameters: 0.999999 -0.00121116 -0.000289547 0.00121184 0.999995 0.00292765 0.000285454 -0.00292735 0.999995 0.0309146 0.230201 -0.336587
FixedParameters: 0 0 0

#Transform 20
Transform: AffineTransform_float_3_3
Parameters: 0.999999 -0.00172506 0.000497342 0.00172394 0.999997 0.00212186 -0.000500659 -0.00212114 0.999997 0.00318439 0.236814 -0.30756
FixedParameters: 0 0 0

#Transform 21
Transform: AffineTransform_float_3_3
Parameters: 0.999998 -0.00198272 0.000421604 0.00198227 0.999996 0.00171384 -0.000425398 -0.00171316 0.999999 0.0349944 0.273745 -0.391228
FixedParameters: 0 0 0

#Transform 22
Transform: AffineTransform_float_3_3
Parameters: 0.999998 -0.00198377 0.00111385 0.00198223 0.999997 0.00158921 -0.00111715 -0.00158779 0.999998 0.0292946 0.319745 -0.490741
FixedParameters: 0 0 0

#Transform 23
Transform: AffineTransform_float_3_3
Parameters: 0.999993 -0.0025872 0.00273397 0.00258379 0.999996 0.00117507 -0.00273703 -0.00116793 0.999995 -0.030376 0.328664 -0.476989
FixedParameters: 0 0 0

#Transform 24
Transform: AffineTransform_float_3_3
Parameters: 0.999996 -0.00212341 0.00222981 0.00211859 0.999996 0.00197873 -0.00223419 -0.00197427 0.999996 -0.0270781 0.3035 -0.462504
FixedParameters: 0 0 0

#Transform 25
Transform: AffineTransform_float_3_3
Parameters: 0.999994 -0.0025893 0.00232311 0.0025837 0.999994 0.00228002 -0.00232889 -0.00227398 0.999994 0.0160165 0.323051 -0.545591
FixedParameters: 0 0 0

#Transform 26
Transform: AffineTransform_float_3_3
Parameters: 0.999991 -0.00213859 0.00367953 0.0021164 0.99998 0.00586284 -0.00369246 -0.00585515 0.999976 -0.0523483 0.353182 -0.865423
FixedParameters: 0 0 0

#Transform 27
Transform: AffineTransform_float_3_3
Parameters: 0.999987 -0.00328217 0.00403533 0.00326884 0.99999 0.00326423 -0.00404567 -0.00325176 0.999986 0.0713423 0.37685 -0.645392
FixedParameters: 0 0 0

#Transform 28
Transform: AffineTransform_float_3_3
Parameters: 0.999997 -0.00240377 0.00116012 0.00239823 0.999985 0.0049518 -0.00117189 -0.0049482 0.999987 0.111761 0.265135 -0.478994
FixedParameters: 0 0 0

#Transform 29
Transform: AffineTransform_float_3_3
Parameters: 0.999997 -0.00241267 0.00110643 0.00240534 0.999974 0.00688169 -0.00112258 -0.00687932 0.999975 0.0302674 0.187068 -0.442788
FixedParameters: 0 0 0

#Transform 30
Transform: AffineTransform_float_3_3
Parameters: 0.999998 -0.00222894 9.74601e-05 0.00222807 0.999959 0.00876824 -0.00011654 -0.00876776 0.999961 0.0808502 0.24821 -0.695395
FixedParameters: 0 0 0

#Transform 31
Transform: AffineTransform_float_3_3
Parameters: 0.999996 -0.00184947 0.00179032 0.00184253 0.999989 0.00416431 -0.00179768 -0.00416069 0.999989 -0.00269574 0.241726 -0.405676
FixedParameters: 0 0 0

#Transform 32
Transform: AffineTransform_float_3_3
Parameters: 0.999993 -0.0020754 0.00316212 0.0020716 0.999997 0.00139456 -0.00316589 -0.00138844 0.999994 -0.00413605 0.292666 -0.408731
FixedParameters: 0 0 0

#Transform 33
Transform: AffineTransform_float_3_3
Parameters: 0.99999 -0.00157076 0.00417759 0.00156624 0.999999 0.000902552 -0.00417941 -0.000896444 0.999991 -0.0634652 0.300182 -0.387935
FixedParameters: 0 0 0

#Transform 34
Transform: AffineTransform_float_3_3
Parameters: 0.999988 -0.00164686 0.00476536 0.00164514 0.999998 0.000393844 -0.00476564 -0.000386156 0.999988 -0.122949 0.286096 -0.295541
FixedParameters: 0 0 0

#Transform 35
Transform: AffineTransform_float_3_3
Parameters: 0.999994 -0.00209796 0.00301625 0.00209404 0.999997 0.00131432 -0.00301875 -0.00130768 0.999994 -0.0616211 0.228241 -0.242429
FixedParameters: 0 0 0

#Transform 36
Transform: AffineTransform_float_3_3
Parameters: 0.99999 -0.00235704 0.00397183 0.00234996 0.999995 0.00177635 -0.00397617 -0.00176765 0.99999 -0.0604257 0.2986 -0.442462
FixedParameters: 0 0 0

#Transform 37
Transform: AffineTransform_float_3_3
Parameters: 0.999995 -0.0019394 0.00256517 0.0019326 0.999995 0.00249597 -0.00256983 -0.00249103 0.999993 -0.0489492 0.199866 -0.227463
FixedParameters: 0 0 0

#Transform 38
Transform: AffineTransform_float_3_3
Parameters: 0.999993 -0.00187397 0.00321447 0.00186103 0.99999 0.00403301 -0.00322253 -0.00402699 0.999986 -0.0390556 0.260905 -0.459118
FixedParameters: 0 0 0

#Transform 39
Transform: AffineTransform_float_3_3
Parameters: 0.999996 -0.00168515 0.00204495 0.00167985 0.999994 0.00300645 -0.00204906 -0.00300256 0.999994 -0.0199285 0.213075 -0.2321
FixedParameters: 0 0 0

#Transform 40
Transform: AffineTransform_float_3_3
Parameters: 0.999999 -0.00125538 0.000939495 0.00125262 0.999993 0.00359418 -0.000943507 -0.00359282 0.999993 -0.00638989 0.167149 -0.215945
FixedParameters: 0 0 0

#Transform 41
Transform: AffineTransform_float_3_3
Parameters: 0.999996 -0.00171532 0.00231306 0.00170968 0.999996 0.00230196 -0.00231694 -0.00229803 0.999994 0.018828 0.202559 -0.1725
FixedParameters: 0 0 0

#Transform 42
Transform: AffineTransform_float_3_3
Parameters: 0.999993 -0.00256554 0.00278382 0.00256146 0.999996 0.00163414 -0.00278818 -0.00162686 0.999995 0.00764471 0.168935 -0.123999
FixedParameters: 0 0 0

#Transform 43
Transform: AffineTransform_float_3_3
Parameters: 0.99999 -0.00229771 0.00383699 0.00229129 0.999996 0.00175181 -0.00384101 -0.00174319 0.999991 -0.0399371 0.22432 -0.278809
FixedParameters: 0 0 0

#Transform 44
Transform: AffineTransform_float_3_3
Parameters: 0.999993 -0.0022457 0.00278201 0.00224229 0.999996 0.00133425 -0.00278499 -0.00132775 0.999995 0.0312118 0.204391 -0.161421
FixedParameters: 0 0 0

#Transform 45
Transform: AffineTransform_float_3_3
Parameters: 0.999994 -0.00223395 0.00287849 0.00223206 0.999998 0.000678429 -0.00288051 -0.000672569 0.999995 0.0327738 0.17423 -0.0664715
FixedParameters: 0 0 0

#Transform 46
Transform: AffineTransform_float_3_3
Parameters: 0.99998 -0.00363609 0.00515064 0.00363691 0.999994 -0.000167271 -0.00514935 0.000186727 0.999986 0.011954 0.189763 -0.119202
FixedParameters: 0 0 0

#Transform 47
Transform: AffineTransform_float_3_3
Parameters: 0.999987 -0.00367496 0.00366305 0.00366204 0.999987 0.00353746 -0.00367695 -0.00352354 0.999987 0.0578574 0.181519 -0.250486
FixedParameters: 0 0 0

#Transform 48
Transform: AffineTransform_float_3_3
Parameters: 0.999996 -0.00257393 0.00113463 0.00256807 0.999983 0.00519993 -0.00114836 -0.00519606 0.999986 0.11822 0.166113 -0.285425
FixedParameters: 0 0 0

#Transform 49
Transform: AffineTransform_float_3_3
Parameters: 0.999998 -0.00200263 0.000194947 0.00200137 0.999966 0.0080194 -0.000211055 -0.00801859 0.999968 0.126416 0.0742887 -0.242688
FixedParameters: 0 0 0

#Transform 50
Transform: AffineTransform_float_3_3
Parameters: 0.999997 -0.00249162 0.000126258 0.00249038 0.999986 0.00471333 -0.000137738 -0.00471267 0.999989 0.204598 0.131344 -0.20338
FixedParameters: 0 0 0

#Transform 51
Transform: AffineTransform_float_3_3
Parameters: 0.999996 -0.00254965 0.00102911 0.00254335 0.999982 0.00545564 -0.00104289 -0.00545336 0.999984 0.158302 0.131077 -0.222584
FixedParameters: 0 0 0

#Transform 52
Transform: AffineTransform_float_3_3
Parameters: 0.999996 -0.00250147 0.00141443 0.00248853 0.999953 0.00944856 -0.00143757 -0.00944545 0.999955 0.0501821 0.0573085 -0.255349
FixedParameters: 0 0 0

#Transform 53
Transform: AffineTransform_float_3_3
Parameters: 0.999995 -0.0026259 0.0020533 0.0026041 0.999941 0.0105964 -0.0020817 -0.0105906 0.999941 0.0383424 0.0888172 -0.378653
FixedParameters: 0 0 0

#Transform 54
Transform: AffineTransform_float_3_3
Parameters: 0.999993 -0.00346357 0.00186474 0.00344644 0.999951 0.0093405 -0.00189726 -0.0093345 0.999954 0.071484 0.147012 -0.390439
FixedParameters: 0 0 0

#Transform 55
Transform: AffineTransform_float_3_3
Parameters: 0.999994 -0.00340944 0.00131061 0.00339756 0.999957 0.00863551 -0.00134038 -0.00863049 0.999962 0.0629192 0.0895571 -0.263236
FixedParameters: 0 0 0

#Transform 56
Transform: AffineTransform_float_3_3
Parameters: 0.999989 -0.00314158 0.00333064 0.00310742 0.999945 0.0100395 -0.00336235 -0.0100295 0.999944 0.164714 0.106056 -0.286908
FixedParameters: 0 0 0

#Transform 57
Transform: AffineTransform_float_3_3
Parameters: 0.999995 -0.00292383 0.000975345 0.00291117 0.999913 0.0129079 -0.00101266 -0.0129051 0.999916 0.161658 -0.122171 0.042965
FixedParameters: 0 0 0

#Transform 58
Transform: AffineTransform_float_3_3
Parameters: 0.999992 -0.00341366 0.00186423 0.00339533 0.999945 0.00992241 -0.00189877 -0.00991559 0.999949 0.0322839 0.0338875 -0.158932
FixedParameters: 0 0 0

#Transform 59
Transform: AffineTransform_float_3_3
Parameters: 0.999987 -0.00380035 0.00318091 0.00376964 0.999945 0.00980511 -0.00321809 -0.00979289 0.999947 -0.0410778 0.0619289 -0.202587
FixedParameters: 0 0 0

#Transform 60
Transform: AffineTransform_float_3_3
Parameters: 0.999986 -0.00409472 0.00334192 0.00406528 0.999952 0.00885071 -0.00337809 -0.00883729 0.999955 -0.0456135 0.0767613 -0.171341
FixedParameters: 0 0 0

#Transform 61
Transform: AffineTransform_float_3_3
Parameters: 0.999985 -0.00416861 0.00357764 0.0041374 0.999955 0.00852093 -0.00361236 -0.00850607 0.999958 -0.0497091 0.0641825 -0.148382
FixedParameters: 0 0 0

#Transform 62
Transform: AffineTransform_float_3_3
Parameters: 0.999984 -0.00422822 0.00362721 0.00419878 0.999959 0.00802636 -0.00366078 -0.00801065 0.999961 -0.0359393 0.0873153 -0.173881
FixedParameters: 0 0 0

#Transform 63
Transform: AffineTransform_float_3_3
Parameters: 0.999983 -0.00450615 0.00373188 0.00447584 0.999957 0.00804983 -0.00376811 -0.00803315 0.99996 0.00365521 0.111703 -0.220211
FixedParameters: 0 0 0

#Transform 64
Transform: AffineTransform_float_3_3
Parameters: 0.99998 -0.00502508 0.003873 0.00499391 0.999955 0.0079945 -0.003913 -0.0079755 0.999961 -0.0274345 0.126297 -0.241825
FixedParameters: 0 0 0

#Transform 65
Transform: AffineTransform_float_3_3
Parameters: 0.99998 -0.0051469 0.0037083 0.00512109 0.999962 0.00696213 -0.00374369 -0.00694287 0.999969 0.0135431 0.144206 -0.193673
FixedParameters: 0 0 0

#Transform 66
Transform: AffineTransform_float_3_3
Parameters: 0.999981 -0.00524965 0.00326266 0.00522534 0.999958 0.0075192 -0.00330234 -0.00750181 0.999967 0.0549275 0.14328 -0.237499
FixedParameters: 0 0 0

#Transform 67
Transform: AffineTransform_float_3_3
Parameters: 0.999992 -0.00401446 1.08441e-05 0.00401453 0.99991 0.0127431 -6.21621e-05 -0.0127428 0.999919 0.102044 0.216483 -0.481879
FixedParameters: 0 0 0

#Transform 68
Transform: AffineTransform_float_3_3
Parameters: 0.999991 -0.00349551 -0.0022999 0.00352449 0.999915 0.012503 0.0022561 -0.012511 0.999919 0.178687 0.309051 -0.606939
FixedParameters: 0 0 0

#Transform 69
Transform: AffineTransform_float_3_3
Parameters: 0.999992 -0.00311646 -0.00244814 0.00315954 0.99984 0.0175684 0.00239285 -0.0175766 0.999842 0.230035 0.252925 -0.654583
FixedParameters: 0 0 0

#Transform 70
Transform: AffineTransform_float_3_3
Parameters: 0.999994 -0.00249374 -0.00243007 0.00253527 0.99985 0.017125 0.00238793 -0.0171311 0.999851 0.171578 0.0591899 -0.267378
FixedParameters: 0 0 0

#Transform 71
Transform: AffineTransform_float_3_3
Parameters: 0.999993 -0.00309552 -0.00216027 0.00312948 0.999865 0.0161454 0.00210974 -0.0161516 0.999868 0.143428 0.0239258 -0.160525
FixedParameters: 0 0 0

#Transform 72
Transform: AffineTransform_float_3_3
Parameters: 0.999993 -0.00385272 -0.000257057 0.00385628 0.99989 0.0142831 0.000201936 -0.0142849 0.999898 0.120921 0.0412663 -0.131947
FixedParameters: 0 0 0

#Transform 73
Transform: AffineTransform_float_3_3
Parameters: 0.999992 -0.00393092 0.000493542 0.00392308 0.999877 0.0151411 -0.000552459 -0.0151389 0.999885 0.102438 0.0246645 -0.156551
FixedParameters: 0 0 0

#Transform 74
Transform: AffineTransform_float_3_3
Parameters: 0.999993 -0.00373642 0.000595639 0.00372759 0.999879 0.0151033 -0.000651371 -0.0151017 0.999886 0.0872683 -0.0151569 -0.0748139
FixedParameters: 0 0 0

#Transform 75
Transform: AffineTransform_float_3_3
Parameters: 0.999994 -0.00362029 -0.000128816 0.0036227 0.999838 0.0176216 6.41736e-05 -0.0176213 0.999844 0.0711908 -0.102062 0.0448456
FixedParameters: 0 0 0

#Transform 76
Transform: AffineTransform_float_3_3
Parameters: 0.999995 -0.00318308 3.73827e-05 0.00318191 0.999853 0.0168462 -9.16152e-05 -0.0168458 0.999858 0.0785861 -0.043261 -0.0225802
FixedParameters: 0 0 0

#Transform 77
Transform: AffineTransform_float_3_3
Parameters: 0.999994 -0.00323752 -0.00052791 0.00324548 0.999852 0.0169364 0.0004731 -0.0169376 0.999857 0.101648 -0.0851835 0.0623778
FixedParameters: 0 0 0

#Transform 78
Transform: AffineTransform_float_3_3
Parameters: 0.999992 -0.00381387 0.000332427 0.00380814 0.999862 0.0161564 -0.000393573 -0.0161546 0.999869 0.0818582 -0.0827575 0.068818
FixedParameters: 0 0 0

#Transform 79
Transform: AffineTransform_float_3_3
Parameters: 0.999991 -0.00384816 0.00176769 0.00381686 0.999843 0.0173029 -0.0018333 -0.0172961 0.999848 0.0332187 -0.00455785 -0.180194
FixedParameters: 0 0 0

#Transform 80
Transform: AffineTransform_float_3_3
Parameters: 0.999992 -0.00387404 0.00147847 0.00384996 0.999865 0.0159328 -0.00153953 -0.0159272 0.999872 0.0926012 -0.0650584 0.00797248
FixedParameters: 0 0 0

#Transform 81
Transform: AffineTransform_float_3_3
Parameters: 0.99999 -0.00352428 0.00250279 0.00348071 0.999841 0.0174819 -0.00256423 -0.0174731 0.999844 0.00983464 -0.0292578 -0.130928
FixedParameters: 0 0 0

#Transform 82
Transform: AffineTransform_float_3_3
Parameters: 0.999991 -0.00313943 0.00263666 0.00308656 0.999794 0.0200293 -0.00269935 -0.0200207 0.999796 0.00211454 -0.108072 -0.0587433
FixedParameters: 0 0 0

#Transform 83
Transform: AffineTransform_float_3_3
Parameters: 0.99999 -0.00316811 0.00312028 0.0031019 0.999776 0.0209669 -0.00318572 -0.0209571 0.999776 -0.00662013 -0.063077 -0.235142
FixedParameters: 0 0 0

#Transform 84
Transform: AffineTransform_float_3_3
Parameters: 0.999991 -0.00337529 0.0025324 0.0033177 0.999746 0.0222936 -0.0026076 -0.0222854 0.999749 0.0044259 -0.175014 0.0330524
FixedParameters: 0 0 0

#Transform 85
Transform: AffineTransform_float_3_3
Parameters: 0.999994 -0.00267446 0.00229399 0.00261954 0.999722 0.0234252 -0.002356 -0.0234188 0.999723 0.017921 -0.202989 0.0647216
FixedParameters: 0 0 0

#Transform 86
Transform: AffineTransform_float_3_3
Parameters: 0.999997 -0.00179657 0.00203648 0.00174542 0.999696 0.0245686 -0.00208051 -0.0245653 0.999696 -0.0496362 -0.237837 0.0710398
FixedParameters: 0 0 0

#Transform 87
Transform: AffineTransform_float_3_3
Parameters: 0.999999 -0.000383832 0.00124419 0.000354172 0.999715 0.0238895 -0.00125282 -0.0238885 0.999714 -0.0479265 -0.240485 0.0767423
FixedParameters: 0 0 0

#Transform 88
Transform: AffineTransform_float_3_3
Parameters: 0.999999 0.00129253 -0.000259373 -0.00128646 0.999717 0.0237524 0.000290638 -0.0237516 0.999718 -0.0858755 -0.278146 0.117793
FixedParameters: 0 0 0

#Transform 89
Transform: AffineTransform_float_3_3
Parameters: 0.999994 0.00321478 -0.00145333 -0.00317823 0.999708 0.0239818 0.00152965 -0.0239772 0.999712 -0.101404 -0.306203 0.157509
FixedParameters: 0 0 0

#Transform 90
Transform: AffineTransform_float_3_3
Parameters: 0.999992 0.0040304 -0.00112153 -0.00400162 0.999698 0.0242667 0.00121846 -0.0242623 0.999705 -0.162658 -0.321578 0.186447
FixedParameters: 0 0 0

#Transform 91
Transform: AffineTransform_float_3_3
Parameters: 0.999992 0.00367938 -0.0019443 -0.00363063 0.999686 0.0248173 0.00203472 -0.0248097 0.99969 -0.0925944 -0.3056 0.177962
FixedParameters: 0 0 0

#Transform 92
Transform: AffineTransform_float_3_3
Parameters: 0.999988 0.00282833 -0.00385523 -0.00273467 0.999708 0.0240028 0.00392175 -0.0239922 0.999704 0.0574104 -0.274017 0.154468
FixedParameters: 0 0 0

#Transform 93
Transform: AffineTransform_float_3_3
Parameters: 0.999987 0.00207603 -0.00465 -0.00196497 0.999716 0.0237554 0.00469799 -0.0237456 0.999707 0.150466 -0.248217 0.158851
FixedParameters: 0 0 0

#Transform 94
Transform: AffineTransform_float_3_3
Parameters: 0.999989 0.00246612 -0.00411824 -0.00236689 0.999711 0.023902 0.00417576 -0.023892 0.999706 0.101778 -0.290837 0.187887
FixedParameters: 0 0 0

#Transform 95
Transform: AffineTransform_float_3_3
Parameters: 0.999987 0.00247328 -0.00448602 -0.00236772 0.99972 0.0235449 0.00454299 -0.0235341 0.999712 0.114996 -0.28928 0.202218
FixedParameters: 0 0 0

#Transform 96
Transform: AffineTransform_float_3_3
Parameters: 0.99999 0.00201842 -0.00393952 -0.0019246 0.99972 0.0235738 0.00398547 -0.0235662 0.999715 0.131031 -0.270887 0.167613
FixedParameters: 0 0 0

#Transform 97
Transform: AffineTransform_float_3_3
Parameters: 0.999993 0.00131542 -0.00364901 -0.00123758 0.999776 0.0211377 0.00367598 -0.0211323 0.99977 0.109956 -0.234953 0.151423
FixedParameters: 0 0 0

#Transform 98
Transform: AffineTransform_float_3_3
Parameters: 0.999994 0.00130414 -0.00299382 -0.00123487 0.999735 0.0229828 0.00302218 -0.0229782 0.999732 0.116029 -0.271987 0.176918
FixedParameters: 0 0 0

#Transform 99
Transform: AffineTransform_float_3_3
Parameters: 0.999996 -0.00236767 -0.00104856 0.00238932 0.99978 0.0208326 0.000998439 -0.0208344 0.999783 0.191066 -0.237308 0.188542
FixedParameters: 0 0 0

#Transform 100
Transform: AffineTransform_float_3_3
Parameters: 0.999982 -0.00595827 -0.000908465 0.00597273 0.999834 0.0171719 0.000806539 -0.0171771 0.999852 0.3487 -0.0820398 0.0857601
FixedParameters: 0 0 0

#Transform 101
Transform: AffineTransform_float_3_3
Parameters: 0.999986 -0.00462003 -0.00264504 0.00465497 0.9999 0.0133709 0.00258296 -0.0133831 0.999907 0.34238 -0.012646 0.0830245
FixedParameters: 0 0 0

#Transform 102
Transform: AffineTransform_float_3_3
Parameters: 0.999984 -0.00553058 -0.00134005 0.00554842 0.999896 0.0133638 0.00126594 -0.0133712 0.99991 0.299409 0.00856339 0.0199674
FixedParameters: 0 0 0

#Transform 103
Transform: AffineTransform_float_3_3
Parameters: 0.999983 -0.00575073 -0.000728357 0.00576028 0.999893 0.013438 0.000651641 -0.013442 0.99991 0.27888 0.0126344 0.0367306
FixedParameters: 0 0 0

#Transform 104
Transform: AffineTransform_float_3_3
Parameters: 0.999982 -0.00601027 -9.42071e-05 0.00601172 0.99989 0.0135097 1.27811e-05 -0.0135103 0.999908 0.257915 0.0121431 -0.00899753
FixedParameters: 0 0 0

#Transform 105
Transform: AffineTransform_float_3_3
Parameters: 0.99998 -0.0063179 0.000587428 0.00631009 0.9999 0.012604 -0.000667574 -0.0126 0.999921 0.200577 -0.00140134 0.0112174
FixedParameters: 0 0 0

#Transform 106
Transform: AffineTransform_float_3_3
Parameters: 0.999975 -0.00696266 0.00126023 0.00694535 0.999895 0.0127691 -0.00134876 -0.0127599 0.999917 0.191542 0.0405743 -0.0148167
FixedParameters: 0 0 0

#Transform 107
Transform: AffineTransform_float_3_3
Parameters: 0.999977 -0.00676332 0.0008382 0.00675168 0.999894 0.012847 -0.000924796 -0.012841 0.999917 0.21352 0.0198753 0.015491
FixedParameters: 0 0 0

#Transform 108
Transform: AffineTransform_float_3_3
Parameters: 0.999973 -0.00724473 0.00119595 0.00723027 0.999903 0.011893 -0.00128205 -0.011884 0.999928 0.212537 0.0433847 -0.0135994
FixedParameters: 0 0 0

#Transform 109
Transform: AffineTransform_float_3_3
Parameters: 0.999972 -0.00737131 0.00163844 0.00735169 0.999907 0.0114924 -0.00172356 -0.0114806 0.999932 0.187305 0.044722 -0.0139809
FixedParameters: 0 0 0

#Transform 110
Transform: AffineTransform_float_3_3
Parameters: 0.999969 -0.00766718 0.00139147 0.00764983 0.9999 0.011956 -0.00148253 -0.011945 0.999927 0.203161 0.0338103 -0.00423276
FixedParameters: 0 0 0

#Transform 111
Transform: AffineTransform_float_3_3
Parameters: 0.99997 -0.00759181 0.00161237 0.00757218 0.9999 0.0119586 -0.00170363 -0.0119464 0.999927 0.213853 0.0374599 0.00464217
FixedParameters: 0 0 0

#Transform 112
Transform: AffineTransform_float_3_3
Parameters: 0.999975 -0.00707395 0.00114383 0.00705905 0.999906 0.0117724 -0.00122716 -0.0117646 0.99993 0.199291 0.000736429 0.0562063
FixedParameters: 0 0 0

#Transform 113
Transform: AffineTransform_float_3_3
Parameters: 0.999973 -0.00738918 0.000923593 0.00737782 0.999906 0.0115701 -0.00100941 -0.0115639 0.999932 0.260579 0.0375995 0.0385724
FixedParameters: 0 0 0

#Transform 114
Transform: AffineTransform_float_3_3
Parameters: 0.999974 -0.00724783 0.000754552 0.00723818 0.999912 0.0111088 -0.000834441 -0.0111032 0.999938 0.216215 0.0200441 0.0350326
FixedParameters: 0 0 0

#Transform 115
Transform: AffineTransform_float_3_3
Parameters: 0.999975 -0.00713447 0.00074197 0.00712553 0.999902 0.0120686 -0.00082804 -0.0120634 0.999927 0.209457 0.0242907 0.0141556
FixedParameters: 0 0 0

#Transform 116
Transform: AffineTransform_float_3_3
Parameters: 0.999972 -0.00730801 0.00160126 0.007288 0.9999 0.012165 -0.00168974 -0.012153 0.999924 0.181283 0.0314908 -0.0312328
FixedParameters: 0 0 0

#Transform 117
Transform: AffineTransform_float_3_3
Parameters: 0.999975 -0.00702526 0.000912133 0.00701275 0.999894 0.0128057 -0.00100186 -0.0127993 0.999917 0.177217 0.00236138 0.0161572
FixedParameters: 0 0 0

#Transform 118
Transform: AffineTransform_float_3_3
Parameters: 0.999971 -0.00747944 0.000974909 0.00746655 0.999886 0.0131297 -0.00107309 -0.0131214 0.999914 0.182094 0.0127059 -0.0174249
FixedParameters: 0 0 0

#Transform 119
Transform: AffineTransform_float_3_3
Parameters: 0.999976 -0.00684819 0.00101145 0.00683481 0.999899 0.0125072 -0.00109755 -0.0124998 0.999922 0.172298 0.0338729 -0.0599487
FixedParameters: 0 0 0

#Transform 120
Transform: AffineTransform_float_3_3
Parameters: 0.999974 -0.00708214 0.000606432 0.00707385 0.999896 0.0125146 -0.000695561 -0.0125094 0.999921 0.221888 0.0727816 -0.0866536
FixedParameters: 0 0 0

#Transform 121
Transform: AffineTransform_float_3_3
Parameters: 0.999977 -0.00673828 0.000786412 0.00672873 0.999901 0.0124166 -0.000869599 -0.0124114 0.999922 0.20824 0.0653493 -0.0883819
FixedParameters: 0 0 0

#Transform 122
Transform: AffineTransform_float_3_3
Parameters: 0.999972 -0.00735016 0.00125432 0.00733284 0.999887 0.0131736 -0.00135169 -0.0131644 0.999913 0.172659 0.0867622 -0.125985
FixedParameters: 0 0 0

#Transform 123
Transform: AffineTransform_float_3_3
Parameters: 0.999971 -0.00751486 0.00138664 0.00749814 0.99991 0.0111087 -0.00147034 -0.0110973 0.999938 0.148702 0.0623403 -0.0213802
FixedParameters: 0 0 0

#Transform 124
Transform: AffineTransform_float_3_3
Parameters: 0.999971 -0.00700914 0.0030435 0.00698387 0.99994 0.00851451 -0.00310251 -0.00849351 0.999959 0.0578803 0.0387658 0.0858169
FixedParameters: 0 0 0

#Transform 125
Transform: AffineTransform_float_3_3
Parameters: 0.999963 -0.00756973 0.004263 0.00752627 0.999922 0.00995147 -0.00433799 -0.00991854 0.999942 0.0705105 0.0949215 -0.0614439
FixedParameters: 0 0 0

#Transform 126
Transform: AffineTransform_float_3_3
Parameters: 0.999972 -0.0070573 0.00273715 0.00703171 0.99993 0.00949952 -0.00280385 -0.00947949 0.999951 0.137192 -0.0170965 0.163419
FixedParameters: 0 0 0

#Transform 127
Transform: AffineTransform_float_3_3
Parameters: 0.999967 -0.00779794 0.00202812 0.00777706 0.999919 0.0101361 -0.00210687 -0.0101199 0.999946 0.221486 0.0441025 -0.00582425
FixedParameters: 0 0 0

#Transform 128
Transform: AffineTransform_float_3_3
Parameters: 0.999975 -0.00703814 0.000892388 0.00703086 0.999945 0.00776647 -0.000946615 -0.00776054 0.99997 0.218773 0.0496805 0.0509855
FixedParameters: 0 0 0

#Transform 129
Transform: AffineTransform_float_3_3
Parameters: 0.99997 -0.00770402 0.000571973 0.00769898 0.999936 0.00831565 -0.000636022 -0.00831035 0.999966 0.219978 0.110962 -0.0958512
FixedParameters: 0 0 0

#Transform 130
Transform: AffineTransform_float_3_3
Parameters: 0.999972 -0.00741347 0.000110836 0.00741251 0.999922 0.0100051 -0.000185168 -0.0100039 0.99995 0.203774 0.117794 -0.154667
FixedParameters: 0 0 0

#Transform 131
Transform: AffineTransform_float_3_3
Parameters: 0.999971 -0.00754755 0.00113919 0.00753745 0.999931 0.00899485 -0.00120682 -0.00898615 0.999959 0.150866 0.0711017 -0.0187318
FixedParameters: 0 0 0

#Transform 132
Transform: AffineTransform_float_3_3
Parameters: 0.999964 -0.00811241 0.00217917 0.00809459 0.999936 0.00788492 -0.00224282 -0.00786708 0.999966 0.131738 0.086055 0.0170205
FixedParameters: 0 0 0

#Transform 133
Transform: AffineTransform_float_3_3
Parameters: 0.999964 -0.00808089 0.00262042 0.00805911 0.999934 0.00826042 -0.00268657 -0.00823859 0.999962 0.153086 0.0804106 0.0188194
FixedParameters: 0 0 0

#Transform 134
Transform: AffineTransform_float_3_3
Parameters: 0.99997 -0.0075768 0.00200388 0.00755921 0.999933 0.00874442 -0.00206912 -0.00872859 0.99996 0.182455 0.00695665 0.102615
FixedParameters: 0 0 0

#Transform 135
Transform: AffineTransform_float_3_3
Parameters: 0.999971 -0.00747823 0.00177826 0.00746578 0.999946 0.00733249 -0.00183274 -0.00731851 0.999971 0.234833 0.0271972 0.102104
FixedParameters: 0 0 0

#Transform 136
Transform: AffineTransform_float_3_3
Parameters: 0.999967 -0.00763603 0.00297557 0.00761099 0.999937 0.00833193 -0.00303843 -0.00830908 0.999961 0.208745 -0.00624708 0.171424
FixedParameters: 0 0 0

#Transform 137
Transform: AffineTransform_float_3_3
Parameters: 0.999972 -0.00733962 0.00187859 0.00731337 0.999885 0.0133011 -0.0019764 -0.0132869 0.99991 0.278146 -0.179134 0.324673
FixedParameters: 0 0 0

#Transform 138
Transform: AffineTransform_float_3_3
Parameters: 0.999966 -0.00777358 0.00282079 0.00774042 0.999906 0.0113822 -0.00290921 -0.0113598 0.999931 0.159332 -0.0912058 0.198632
FixedParameters: 0 0 0

#Transform 139
Transform: AffineTransform_float_3_3
Parameters: 0.999968 -0.00752419 0.002763 0.00748981 0.999894 0.0125321 -0.00285701 -0.0125109 0.999917 0.173704 -0.157089 0.310491
FixedParameters: 0 0 0

#Transform 140
Transform: AffineTransform_float_3_3
Parameters: 0.999964 -0.0081966 0.00249403 0.00816242 0.999875 0.0135769 -0.00260498 -0.0135561 0.999904 0.164462 -0.135248 0.216591
FixedParameters: 0 0 0

#Transform 141
Transform: AffineTransform_float_3_3
Parameters: 0.999979 -0.00653289 0.000799598 0.00652211 0.999895 0.0129325 -0.000884408 -0.0129275 0.999916 0.158964 -0.0823045 0.14809
FixedParameters: 0 0 0

#Transform 142
Transform: AffineTransform_float_3_3
Parameters: 0.999991 -0.003098 -0.00292312 0.003128 0.999942 0.0103139 0.00289088 -0.010323 0.999942 0.262173 0.0600985 0.0284975
FixedParameters: 0 0 0

#Transform 143
Transform: AffineTransform_float_3_3
Parameters: 0.999988 -0.00469888 -0.000755639 0.00470611 0.999942 0.00970355 0.000710356 -0.00970744 0.999952 0.191134 -0.0578669 0.193094
FixedParameters: 0 0 0

#Transform 144
Transform: AffineTransform_float_3_3
Parameters: 0.999982 -0.00580238 0.00106871 0.0057896 0.999909 0.0121304 -0.00113929 -0.0121236 0.999926 0.223222 -0.100068 0.232746
FixedParameters: 0 0 0

#Transform 145
Transform: AffineTransform_float_3_3
Parameters: 0.99998 -0.00584525 0.00233813 0.00581075 0.999879 0.0143959 -0.00242186 -0.0143821 0.999893 0.197528 -0.190619 0.30884
FixedParameters: 0 0 0

#Transform 146
Transform: AffineTransform_float_3_3
Parameters: 0.999987 -0.00509376 0.000129984 0.00509125 0.999858 0.0161049 -0.00021202 -0.0161041 0.999871 0.199675 -0.289922 0.486024
FixedParameters: 0 0 0

#Transform 147
Transform: AffineTransform_float_3_3
Parameters: 0.999982 -0.00593781 0.00100985 0.00592619 0.999919 0.0113222 -0.00107715 -0.0113168 0.999936 0.236083 -0.11706 0.322712
FixedParameters: 0 0 0

#Transform 148
Transform: AffineTransform_float_3_3
Parameters: 0.99998 -0.00595926 0.0018551 0.00593872 0.999924 0.0107452 -0.00191989 -0.0107338 0.99994 0.173324 -0.121374 0.300829
FixedParameters: 0 0 0

#Transform 149
Transform: AffineTransform_float_3_3
Parameters: 0.999986 -0.00541688 0.000322517 0.00541212 0.999893 0.0135719 -0.000396485 -0.0135701 0.999908 0.175504 -0.287214 0.539212
FixedParameters: 0 0 0

#Transform 150
Transform: AffineTransform_float_3_3
Parameters: 0.999984 -0.00549322 0.0015041 0.00547079 0.999882 0.0143965 -0.0015829 -0.0143885 0.999895 0.182977 -0.183175 0.281793
FixedParameters: 0 0 0

#Transform 151
Transform: AffineTransform_float_3_3
Parameters: 0.999986 -0.00536694 0.000688988 0.00535307 0.999808 0.018846 -0.000790015 -0.018842 0.999822 0.159286 -0.292472 0.337856
FixedParameters: 0 0 0

#Transform 152
Transform: AffineTransform_float_3_3
Parameters: 0.999986 -0.00530586 -0.000424367 0.00531314 0.999803 0.019089 0.00032363 -0.019091 0.999817 0.182687 -0.246947 0.296538
FixedParameters: 0 0 0

#Transform 153
Transform: AffineTransform_float_3_3
Parameters: 0.999985 -0.00404842 -0.00369018 0.00410658 0.999868 0.0157331 0.00362581 -0.0157479 0.99987 0.211438 -0.0806547 0.167125
FixedParameters: 0 0 0

#Transform 154
Transform: AffineTransform_float_3_3
Parameters: 0.999985 -0.00521745 -0.0011581 0.00523454 0.999863 0.0157052 0.00107591 -0.0157108 0.999876 0.121799 -0.210323 0.370994
FixedParameters: 0 0 0

#Transform 155
Transform: AffineTransform_float_3_3
Parameters: 0.999985 -0.00538517 0.000149969 0.00538182 0.999852 0.016351 -0.000238028 -0.01635 0.999867 0.131774 -0.232622 0.349764
FixedParameters: 0 0 0

#Transform 156
Transform: AffineTransform_float_3_3
Parameters: 0.999987 -0.00467914 0.00211131 0.00463986 0.999824 0.018179 -0.00219569 -0.018169 0.999832 0.252088 -0.0984379 0.029458
FixedParameters: 0 0 0

#Transform 157
Transform: AffineTransform_float_3_3
Parameters: 0.999984 -0.00549787 0.000797219 0.00548112 0.999788 0.0198167 -0.00090578 -0.0198113 0.999804 0.159579 -0.200645 0.237134
FixedParameters: 0 0 0

#Transform 158
Transform: AffineTransform_float_3_3
Parameters: 0.99998 -0.00608633 0.00208989 0.00605468 0.999874 0.014685 -0.00217811 -0.014672 0.99989 0.0666745 -0.110559 0.201998
FixedParameters: 0 0 0

#Transform 159
Transform: AffineTransform_float_3_3
Parameters: 0.999977 -0.0066613 0.000649853 0.00665069 0.999869 0.0147467 -0.000748138 -0.0147413 0.999891 0.126788 -0.138774 0.254293
FixedParameters: 0 0 0

#Transform 160
Transform: AffineTransform_float_3_3
Parameters: 0.999975 -0.00696489 0.00102839 0.00694712 0.99984 0.0164785 -0.00114261 -0.0164714 0.999863 0.119408 -0.18335 0.180423
FixedParameters: 0 0 0

#Transform 161
Transform: AffineTransform_float_3_3
Parameters: 0.999976 -0.00636968 0.00271425 0.00631932 0.999819 0.0179356 -0.00282775 -0.0179184 0.999836 0.132482 -0.177175 0.0945335
FixedParameters: 0 0 0

#Transform 162
Transform: AffineTransform_float_3_3
Parameters: 0.999972 -0.00653153 0.00368509 0.00646347 0.999812 0.0183123 -0.00380392 -0.0182877 0.999825 0.0444673 -0.0905832 -0.0022938
FixedParameters: 0 0 0

#Transform 163
Transform: AffineTransform_float_3_3
Parameters: 0.999967 -0.00685197 0.004529 0.00676703 0.999805 0.0185173 -0.004655 -0.0184857 0.999819 -0.0090805 -0.0872258 0.00691406
FixedParameters: 0 0 0

#Transform 164
Transform: AffineTransform_float_3_3
Parameters: 0.999974 -0.0060413 0.00379718 0.0059627 0.999776 0.0203052 -0.00391881 -0.0202818 0.999786 0.0825127 -0.203949 0.22317
FixedParameters: 0 0 0

#Transform 165
Transform: AffineTransform_float_3_3
Parameters: 0.999968 -0.00751398 0.00247691 0.00746601 0.999794 0.0188441 -0.00261809 -0.0188249 0.99982 0.123929 -0.149957 0.158917
FixedParameters: 0 0 0

#Transform 166
Transform: AffineTransform_float_3_3
Parameters: 0.999969 -0.00739752 0.00291427 0.00733249 0.99974 0.02156 -0.00307273 -0.0215379 0.999764 0.139067 -0.237724 0.233849
FixedParameters: 0 0 0

#Transform 167
Transform: AffineTransform_float_3_3
Parameters: 0.999967 -0.00751337 0.0032522 0.00744364 0.999755 0.0208419 -0.00340778 -0.0208161 0.999777 0.0468364 -0.187019 0.138597
FixedParameters: 0 0 0

#Transform 168
Transform: AffineTransform_float_3_3
Parameters: 0.999964 -0.00784134 0.00344703 0.00777666 0.999797 0.0185775 -0.00359198 -0.0185495 0.999822 0.0592968 -0.158153 0.210193
FixedParameters: 0 0 0

#Transform 169
Transform: AffineTransform_float_3_3
Parameters: 0.999973 -0.00590728 -0.00438293 0.00590472 0.999983 -0.000532895 0.00438607 0.000507104 0.999991 0.357145 0.392182 -0.345304
FixedParameters: 0 0 0

#Transform 170
Transform: AffineTransform_float_3_3
Parameters: 0.999963 -0.00620748 -0.00591549 0.00622652 0.999976 0.00311728 0.00589551 -0.00315371 0.999977 0.512531 0.141478 0.08531
FixedParameters: 0 0 0

#Transform 171
Transform: AffineTransform_float_3_3
Parameters: 0.999987 -0.00508666 -0.00121787 0.00510433 0.999879 0.014689 0.00114213 -0.014695 0.999892 0.384279 -0.208084 0.35954
FixedParameters: 0 0 0

#Transform 172
Transform: AffineTransform_float_3_3
Parameters: 0.999987 -0.00492979 -0.00079836 0.0049422 0.999835 0.0174913 0.000711655 -0.0174947 0.999846 0.269075 -0.297096 0.39823
FixedParameters: 0 0 0

#Transform 173
Transform: AffineTransform_float_3_3
Parameters: 0.999985 -0.00541957 0.000396674 0.00541343 0.999872 0.0150154 -0.000478336 -0.0150136 0.999887 0.165142 -0.111368 0.176044
FixedParameters: 0 0 0

#Transform 174
Transform: AffineTransform_float_3_3
Parameters: 0.999983 -0.0056997 -0.000252145 0.0057033 0.999856 0.0159848 0.000160855 -0.0159852 0.999872 0.179761 -0.188789 0.247611
FixedParameters: 0 0 0

#Transform 175
Transform: AffineTransform_float_3_3
Parameters: 0.999979 -0.00644513 -3.91283e-05 0.00644587 0.999868 0.0149141 -5.71408e-05 -0.0149139 0.999889 0.194493 -0.152243 0.221384
FixedParameters: 0 0 0

#Transform 176
Transform: AffineTransform_float_3_3
Parameters: 0.999977 -0.0067625 0.000295491 0.0067565 0.999853 0.0157564 -0.000402505 -0.0157546 0.999876 0.237671 -0.171731 0.236408
FixedParameters: 0 0 0

#Transform 177
Transform: AffineTransform_float_3_3
Parameters: 0.999979 -0.00600843 0.00242715 0.00598156 0.99992 0.0111577 -0.00249385 -0.0111422 0.999935 0.117654 -0.10917 0.20355
FixedParameters: 0 0 0

#Transform 178
Transform: AffineTransform_float_3_3
Parameters: 0.999969 -0.00627782 0.00489494 0.00624318 0.999956 0.00689378 -0.00493806 -0.00686322 0.999965 0.043719 -0.0456014 0.208333
FixedParameters: 0 0 0

#Transform 179
Transform: AffineTransform_float_3_3
Parameters: 0.999979 -0.00625981 0.00178703 0.0062402 0.999922 0.0108814 -0.00185498 -0.0108706 0.999939 0.167749 -0.117094 0.287565
FixedParameters: 0 0 0
