#Insight Transform File V1.0
#Transform 0
Transform: AffineTransform_float_3_3
Parameters: 1 -0.000226922 -0.000311057 0.000227078 1 0.000251929 0.000310943 -0.000252071 1 0.0870512 -0.057557 -0.327875
FixedParameters: 0 0 0

#Transform 1
Transform: AffineTransform_float_3_3
Parameters: 0.999999 0.0007 -0.000250998 -0.000699999 1 2.1757e-06 0.000251001 -1.8243e-06 1 0.03893 0.0745798 0.000920795
FixedParameters: 0 0 0

#Transform 2
Transform: AffineTransform_float_3_3
Parameters: 1 0.000550011 0.000149958 -0.000549988 1 -7.70825e-05 -0.000150042 7.69175e-05 1 -0.00136872 0.140651 0.00379246
FixedParameters: 0 0 0

#Transform 3
Transform: AffineTransform_float_3_3
Parameters: 0.999999 0.000768053 0.000206799 -0.000767945 0.999999 -0.000261159 -0.0002072 0.000260841 1 -0.0218591 0.153845 0.0064464
FixedParameters: 0 0 0

#Transform 4
Transform: AffineTransform_float_3_3
Parameters: 0.999999 0.00091001 0.000100905 -0.000909989 0.999999 -0.000104092 -0.000100095 0.000103909 1 -0.0171163 0.166552 -0.00230615
FixedParameters: 0 0 0

#Transform 5
Transform: AffineTransform_float_3_3
Parameters: 1 0.000550021 0.000252955 -0.000549979 1 -8.21391e-05 -0.000253045 8.18608e-05 1 -0.00253976 0.16919 -0.00142516
FixedParameters: 0 0 0

#Transform 6
Transform: AffineTransform_float_3_3
Parameters: 0.999999 0.00081603 0.000373933 -0.000815969 0.999999 -8.23051e-05 -0.000374067 8.16947e-05 1 -0.0364477 0.185233 -0.0109299
FixedParameters: 0 0 0

#Transform 7
Transform: AffineTransform_float_3_3
Parameters: 0.999999 0.000647031 0.000376947 -0.000646969 1 -8.22439e-05 -0.000377053 8.1756e-05 1 -0.0416279 0.170788 -0.00425812
FixedParameters: 0 0 0

#Transform 8
Transform: AffineTransform_float_3_3
Parameters: 0.999998 0.00146456 -0.0012955 -0.00146444 0.999999 -0.000337103 0.00129451 0.000338897 0.999999 0.113451 0.264365 -0.140901
FixedParameters: 0 0 0

#Transform 9
Transform: AffineTransform_float_3_3
Parameters: 0.999999 0.000844029 -0.000258904 -0.00084497 0.999999 0.000114219 0.000259097 -0.000114781 1 -0.00255566 0.156607 -0.0104493
FixedParameters: 0 0 0

#Transform 10
Transform: AffineTransform_float_3_3
Parameters: 0.999999 0.000855031 -0.00019586 -0.000854967 0.999999 0.000163167 0.000196139 -0.000162832 1 -0.00863583 0.11751 -0.00250323
FixedParameters: 0 0 0

#Transform 11
Transform: AffineTransform_float_3_3
Parameters: 0.999999 0.000816054 -0.000195773 -0.000815945 0.999999 0.00027816 0.000196227 -0.00027784 1 -0.00860649 0.11728 0.000305562
FixedParameters: 0 0 0

#Transform 12
Transform: AffineTransform_float_3_3
Parameters: 0.999999 0.000896011 -5.38019e-05 -0.000895988 0.999999 0.000221048 5.3198e-05 -0.000220952 1 -0.0153691 0.137786 0.000109505
FixedParameters: 0 0 0

#Transform 13
Transform: AffineTransform_float_3_3
Parameters: 1 0.000645032 -0.000195895 -0.000644968 1 0.000163126 0.000196105 -0.000162874 1 -0.00796638 0.153314 -0.00799294
FixedParameters: 0 0 0

#Transform 14
Transform: AffineTransform_float_3_3
Parameters: 1 0.00117007 -4.00846e-05 -0.00116993 0.999998 0.00163705 4.19152e-05 -0.00163695 0.999998 0.0485729 0.128533 -0.0851638
FixedParameters: 0 0 0

#Transform 15
Transform: AffineTransform_float_3_3
Parameters: 0.999998 0.000873148 -0.00136572 -0.000867853 0.999992 0.00376619 0.00136828 -0.00376481 0.999992 0.148827 0.135127 -0.277521
FixedParameters: 0 0 0

#Transform 16
Transform: AffineTransform_float_3_3
Parameters: 0.999999 0.000283733 -0.000794383 -0.000281267 0.999997 0.00218122 0.000794615 -0.00218078 0.999998 0.0436002 0.0404945 -0.00869584
FixedParameters: 0 0 0

#Transform 17
Transform: AffineTransform_float_3_3
Parameters: 0.999998 0.000901126 -0.00175842 -0.000899875 1 0.000640584 0.00175858 -0.000639417 0.999998 0.100536 0.196153 -0.0678838
FixedParameters: 0 0 0

#Transform 18
Transform: AffineTransform_float_3_3
Parameters: 0.999998 0.000386491 -0.00158588 -0.00038551 1 0.000309612 0.00158512 -0.000309388 0.999998 0.0999562 0.217797 -0.0589581
FixedParameters: 0 0 0

#Transform 19
Transform: AffineTransform_float_3_3
Parameters: 0.999999 -0.00013037 -0.00081294 0.00012963 1 -0.000455105 0.000813058 0.000454894 0.999999 0.0560664 0.232206 -0.00417593
FixedParameters: 0 0 0

#Transform 20
Transform: AffineTransform_float_3_3
Parameters: 1 -0.000435299 -0.000327603 0.000434702 1 -0.000912143 0.000327396 0.000911858 0.999999 0.0257921 0.232293 -0.00771318
FixedParameters: 0 0 0

#Transform 21
Transform: AffineTransform_float_3_3
Parameters: 0.999999 -0.000667424 -0.000262927 0.000666576 0.999999 -0.00160818 0.000264072 0.00160782 0.999998 0.0338431 0.235225 0.0058123
FixedParameters: 0 0 0

#Transform 22
Transform: AffineTransform_float_3_3
Parameters: 1 -0.000646817 0.000853897 0.000648183 0.999999 -0.00138545 -0.000853102 0.00138655 0.999998 -0.0387422 0.188265 0.0967087
FixedParameters: 0 0 0

#Transform 23
Transform: AffineTransform_float_3_3
Parameters: 0.999998 -0.000862936 0.00138966 0.000864065 1 -0.0007658 -0.00138934 0.0007662 0.999998 -0.0495759 0.0739905 0.22869
FixedParameters: 0 0 0

#Transform 24
Transform: AffineTransform_float_3_3
Parameters: 0.999998 -0.00135232 0.0013067 0.00135268 0.999999 -0.000517233 -0.0013063 0.000519767 0.999999 -0.0419316 0.054105 0.242486
FixedParameters: 0 0 0

#Transform 25
Transform: AffineTransform_float_3_3
Parameters: 0.999999 -0.00123001 0.000225933 0.00122999 0.999999 5.42779e-05 -0.000226066 -5.3722e-05 1 0.0160181 -0.00182884 0.257244
FixedParameters: 0 0 0

#Transform 26
Transform: AffineTransform_float_3_3
Parameters: 1 -0.000912384 0.000727519 0.000912617 1 0.000527664 -0.000728481 -0.000526336 0.999999 -0.0211265 -0.0424862 0.30514
FixedParameters: 0 0 0

#Transform 27
Transform: AffineTransform_float_3_3
Parameters: 1 -0.000910363 0.000754562 0.000909637 0.999999 0.000481686 -0.000754438 -0.000481313 0.999999 -0.0333037 -0.0389384 0.352549
FixedParameters: 0 0 0

#Transform 28
Transform: AffineTransform_float_3_3
Parameters: 1 -0.00087416 0.000726807 0.00087384 0.999999 0.000220635 -0.000727193 -0.000220364 0.999999 -0.0318732 -0.0283239 0.322552
FixedParameters: 0 0 0

#Transform 29
Transform: AffineTransform_float_3_3
Parameters: 0.999999 -0.00107506 0.00115294 0.00107494 1 5.52394e-05 -0.00115306 -5.37605e-05 1 -0.0557913 -0.0302607 0.33132
FixedParameters: 0 0 0

#Transform 30
Transform: AffineTransform_float_3_3
Parameters: 1 -0.000872034 0.000626953 0.000871966 0.999999 5.45467e-05 -0.000627047 -5.34532e-05 1 -0.00317288 -0.0157209 0.359494
FixedParameters: 0 0 0

#Transform 31
Transform: AffineTransform_float_3_3
Parameters: 0.999999 -0.000649132 0.000562846 0.000648867 1 0.000236365 -0.000563153 -0.000235634 1 -0.0277556 -0.0203676 0.400307
FixedParameters: 0 0 0

#Transform 32
Transform: AffineTransform_float_3_3
Parameters: 1 -0.000892034 0.000638952 0.000891965 0.999999 5.45699e-05 -0.000639048 -5.34299e-05 1 -0.0196261 -0.0309477 0.335003
FixedParameters: 0 0 0

#Transform 33
Transform: AffineTransform_float_3_3
Parameters: 1 -0.000333447 0.000452672 0.000332553 1 0.000986152 -0.000453328 -0.00098585 1 -0.029825 -0.0881805 0.396296
FixedParameters: 0 0 0

#Transform 34
Transform: AffineTransform_float_3_3
Parameters: 0.999999 -0.00069021 0.000584752 0.00068979 0.999999 0.000359403 -0.000584248 -0.000359597 1 -0.0186782 -0.0435024 0.339917
FixedParameters: 0 0 0

#Transform 35
Transform: AffineTransform_float_3_3
Parameters: 1 -0.000692992 -0.000134037 0.000693007 1 5.39071e-05 0.000133963 -5.40928e-05 1 0.0328662 -0.0118295 0.323115
FixedParameters: 0 0 0

#Transform 36
Transform: AffineTransform_float_3_3
Parameters: 1 -0.000661002 -6.82483e-06 0.000660998 0.999999 -0.000265004 7.17516e-06 0.000264995 1 0.0247594 0.00814539 0.301135
FixedParameters: 0 0 0

#Transform 37
Transform: AffineTransform_float_3_3
Parameters: 0.999999 -0.000807009 -2.26659e-05 0.00080699 0.999999 -0.000414018 2.33341e-05 0.000413981 1 0.0358227 0.0247568 0.266605
FixedParameters: 0 0 0

#Transform 38
Transform: AffineTransform_float_3_3
Parameters: 0.999998 -0.00169498 0.000121195 0.00169501 0.999998 -0.000114795 -0.000120805 0.000115205 1 0.0431321 0.000542047 0.258008
FixedParameters: 0 0 0

#Transform 39
Transform: AffineTransform_float_3_3
Parameters: 0.999999 -0.00172559 -0.000302333 0.00172541 0.999997 0.00135148 0.000299667 -0.00135252 0.999999 0.196868 0.0540881 -0.00596685
FixedParameters: 0 0 0

#Transform 40
Transform: AffineTransform_float_3_3
Parameters: 0.999996 -0.000432799 -0.00257822 0.000439202 0.999996 0.00279288 0.00257778 -0.00279412 0.999993 0.206744 0.106437 -0.171756
FixedParameters: 0 0 0

#Transform 41
Transform: AffineTransform_float_3_3
Parameters: 0.999999 -0.00108955 -0.000777453 0.00109245 0.999995 0.00316515 0.000773546 -0.00316585 0.999994 0.0675376 0.0251878 -0.029615
FixedParameters: 0 0 0

#Transform 42
Transform: AffineTransform_float_3_3
Parameters: 0.999999 -0.00121117 -0.000819717 0.00121283 0.999997 0.00224101 0.000817284 -0.00224199 0.999997 0.0786755 0.059916 -0.0370199
FixedParameters: 0 0 0

#Transform 43
Transform: AffineTransform_float_3_3
Parameters: 1 -0.00104171 -0.000501685 0.00104229 0.999996 0.00257548 0.000498316 -0.00257652 0.999996 0.0584774 0.0112114 -0.0103305
FixedParameters: 0 0 0

#Transform 44
Transform: AffineTransform_float_3_3
Parameters: 0.999999 -0.00112599 -0.000607739 0.00112801 0.999994 0.00331732 0.000604262 -0.00331768 0.999995 0.0483844 -0.0317227 0.0123289
FixedParameters: 0 0 0

#Transform 45
Transform: AffineTransform_float_3_3
Parameters: 0.999998 -0.00157677 -0.000663334 0.00157823 0.999993 0.00337996 0.000657668 -0.00338104 0.999994 0.0638835 -0.0522945 0.0563885
FixedParameters: 0 0 0

#Transform 46
Transform: AffineTransform_float_3_3
Parameters: 0.999999 -0.00111474 -0.000675091 0.00111626 0.999997 0.00187425 0.000672909 -0.00187475 0.999998 0.080958 0.0452846 0.0196959
FixedParameters: 0 0 0

#Transform 47
Transform: AffineTransform_float_3_3
Parameters: 0.999999 -0.0013212 -0.000335176 0.0013218 0.999996 0.00240256 0.000332824 -0.00240344 0.999997 0.043897 -0.016831 0.0660242
FixedParameters: 0 0 0

#Transform 48
Transform: AffineTransform_float_3_3
Parameters: 0.999999 -0.000906639 -0.00114247 0.000911364 0.999993 0.00382296 0.00113952 -0.00382404 0.999992 0.0698002 -0.130364 0.135135
FixedParameters: 0 0 0

#Transform 49
Transform: AffineTransform_float_3_3
Parameters: 1 -0.00102063 -0.000356936 0.00102237 0.999992 0.00385364 0.000353064 -0.00385336 0.999993 0.0244886 -0.148789 0.154084
FixedParameters: 0 0 0

#Transform 50
Transform: AffineTransform_float_3_3
Parameters: 0.999998 -0.00111835 -0.00114259 0.00112165 0.999994 0.00320172 0.00113941 -0.00320328 0.999994 0.0798065 -0.111273 0.132612
FixedParameters: 0 0 0

#Transform 51
Transform: AffineTransform_float_3_3
Parameters: 0.999999 -0.0010266 -0.000783159 0.0010294 0.999994 0.0030732 0.00077984 -0.0030738 0.999995 0.0596491 -0.0934858 0.0970715
FixedParameters: 0 0 0

#Transform 52
Transform: AffineTransform_float_3_3
Parameters: 0.999999 -0.000888373 -0.00114027 0.000889626 0.999998 0.00142699 0.00113873 -0.00142801 0.999999 0.138453 0.0906738 -0.0185491
FixedParameters: 0 0 0

#Transform 53
Transform: AffineTransform_float_3_3
Parameters: 0.999998 -0.00141451 -0.000910885 0.00141749 0.999995 0.00274371 0.000907112 -0.00274529 0.999996 0.0703674 -0.0679759 0.0858995
FixedParameters: 0 0 0

#Transform 54
Transform: AffineTransform_float_3_3
Parameters: 0.999999 -0.00129086 -0.000390789 0.00129214 0.999995 0.0029335 0.00038721 -0.0029345 0.999995 0.0175392 -0.099258 0.113578
FixedParameters: 0 0 0

#Transform 55
Transform: AffineTransform_float_3_3
Parameters: 0.999999 -0.00103415 -0.000750943 0.00103685 0.999992 0.00380623 0.000747059 -0.00380678 0.999993 0.0492028 -0.160434 0.172487
FixedParameters: 0 0 0

#Transform 56
Transform: AffineTransform_float_3_3
Parameters: 0.999999 -0.00123794 -2.34948e-05 0.00123706 0.999995 0.00282297 1.95078e-05 -0.00282303 0.999996 0.010295 -0.0902386 0.139053
FixedParameters: 0 0 0

#Transform 57
Transform: AffineTransform_float_3_3
Parameters: 0.999999 -0.00129217 5.18795e-05 0.00129183 0.999994 0.00318907 -5.51199e-05 -0.00318893 0.999995 0.00170002 -0.082255 0.160979
FixedParameters: 0 0 0

#Transform 58
Transform: AffineTransform_float_3_3
Parameters: 0.999999 -0.00129074 -0.000469479 0.00129226 0.999995 0.0026934 0.000466521 -0.0026936 0.999997 0.0414721 -0.0572427 0.109435
FixedParameters: 0 0 0

#Transform 59
Transform: AffineTransform_float_3_3
Parameters: 0.999999 -0.0012889 -0.000871608 0.0012921 0.999993 0.00356988 0.000867392 -0.00357112 0.999993 0.0796421 -0.134595 0.13396
FixedParameters: 0 0 0

#Transform 60
Transform: AffineTransform_float_3_3
Parameters: 0.999999 -0.00123848 -0.000158112 0.00123852 0.999993 0.0033198 0.000153889 -0.00332019 0.999994 0.0227964 -0.132348 0.141592
FixedParameters: 0 0 0

#Transform 61
Transform: AffineTransform_float_3_3
Parameters: 0.999999 -0.00129022 -0.000470917 0.00129178 0.999992 0.00380839 0.000466084 -0.0038086 0.999992 0.0328756 -0.177918 0.187667
FixedParameters: 0 0 0

#Transform 62
Transform: AffineTransform_float_3_3
Parameters: 1 -0.00111903 5.75556e-06 0.00111897 0.999992 0.00379301 -1.02443e-05 -0.00379299 0.999993 0.0048803 -0.177757 0.185559
FixedParameters: 0 0 0

#Transform 63
Transform: AffineTransform_float_3_3
Parameters: 0.999999 -0.00129068 -0.000358789 0.00129232 0.999993 0.00370854 0.000353209 -0.00370946 0.999993 0.0701339 -0.121219 0.0630819
FixedParameters: 0 0 0

#Transform 64
Transform: AffineTransform_float_3_3
Parameters: 0.999997 -0.00176972 -0.00131208 0.00177228 0.999997 0.00173968 0.00130892 -0.00174232 0.999997 0.144882 0.121453 -0.10646
FixedParameters: 0 0 0

#Transform 65
Transform: AffineTransform_float_3_3
Parameters: 0.999997 -0.00235015 -0.000671967 0.00235085 0.999996 0.00126142 0.000669034 -0.00126258 0.999999 0.0940034 0.112288 -0.0379338
FixedParameters: 0 0 0

#Transform 66
Transform: AffineTransform_float_3_3
Parameters: 0.999994 -0.0029748 -0.0014794 0.0029752 0.999995 0.000133599 0.0014796 -0.000137402 0.999999 0.155838 0.210219 -0.0348925
FixedParameters: 0 0 0

#Transform 67
Transform: AffineTransform_float_3_3
Parameters: 0.999999 -0.00113935 -0.000591144 0.00114165 0.999989 0.00450933 0.000585857 -0.00451067 0.999989 0.0696366 -0.228588 0.288904
FixedParameters: 0 0 0

#Transform 68
Transform: AffineTransform_float_3_3
Parameters: 0.999998 -0.00156432 -0.000333963 0.00156668 0.999986 0.00508748 0.000326032 -0.00508852 0.999987 0.0395573 -0.236104 0.226159
FixedParameters: 0 0 0

#Transform 69
Transform: AffineTransform_float_3_3
Parameters: 0.999998 -0.00160826 -0.000422674 0.00160974 0.99999 0.00414733 0.000416327 -0.00414768 0.999992 0.0480484 -0.171403 0.201145
FixedParameters: 0 0 0

#Transform 70
Transform: AffineTransform_float_3_3
Parameters: 0.999998 -0.00204176 -0.00027536 0.00204224 0.999988 0.00458245 0.000265643 -0.00458356 0.99999 0.0414588 -0.203133 0.2331
FixedParameters: 0 0 0

#Transform 71
Transform: AffineTransform_float_3_3
Parameters: 0.999999 -0.00176383 -0.000278528 0.00176518 0.99999 0.00426652 0.000271472 -0.00426649 0.999991 0.0507252 -0.203021 0.252343
FixedParameters: 0 0 0

#Transform 72
Transform: AffineTransform_float_3_3
Parameters: 0.999998 -0.00174693 -0.000232204 0.00174807 0.999988 0.0046946 0.000223795 -0.0046954 0.999989 0.0402902 -0.228149 0.257379
FixedParameters: 0 0 0

#Transform 73
Transform: AffineTransform_float_3_3
Parameters: 0.999999 -0.00147585 -0.000251819 0.00147714 0.999988 0.00461864 0.000244179 -0.00461937 0.99999 0.0363867 -0.224918 0.252029
FixedParameters: 0 0 0

#Transform 74
Transform: AffineTransform_float_3_3
Parameters: 0.999999 -0.00140866 -0.000309192 0.00140934 0.99999 0.00439357 0.00030281 -0.00439443 0.999991 0.0360774 -0.231408 0.241072
FixedParameters: 0 0 0

#Transform 75
Transform: AffineTransform_float_3_3
Parameters: 0.999999 -0.00143551 -0.000338369 0.00143648 0.999989 0.00443452 0.000331634 -0.00443448 0.99999 0.0324051 -0.240107 0.261398
FixedParameters: 0 0 0

#Transform 76
Transform: AffineTransform_float_3_3
Parameters: 0.999999 -0.00143575 -0.000287331 0.00143726 0.99999 0.00440759 0.000281669 -0.00440741 0.99999 0.0263079 -0.237264 0.260089
FixedParameters: 0 0 0

#Transform 77
Transform: AffineTransform_float_3_3
Parameters: 0.999998 -0.00143353 -0.000824064 0.00143647 0.99999 0.00422482 0.000817937 -0.00422618 0.99999 0.079862 -0.225732 0.236854
FixedParameters: 0 0 0

#Transform 78
Transform: AffineTransform_float_3_3
Parameters: 0.999998 -0.00184575 -0.000696667 0.00184925 0.999988 0.00469072 0.000688331 -0.00469228 0.999989 0.0743089 -0.25908 0.277914
FixedParameters: 0 0 0

#Transform 79
Transform: AffineTransform_float_3_3
Parameters: 0.999997 -0.00184466 -0.00105363 0.00184934 0.99999 0.00413006 0.00104637 -0.00413194 0.999991 0.0929213 -0.2085 0.312833
FixedParameters: 0 0 0

#Transform 80
Transform: AffineTransform_float_3_3
Parameters: 0.999998 -0.00144599 -0.000694294 0.001449 0.99999 0.004348 0.000687706 -0.004349 0.999991 0.0599682 -0.229315 0.321113
FixedParameters: 0 0 0

#Transform 81
Transform: AffineTransform_float_3_3
Parameters: 0.999999 -0.00184882 -5.27762e-05 0.00184918 0.999991 0.00366491 4.5223e-05 -0.00366509 0.999994 0.0245745 -0.183573 0.292995
FixedParameters: 0 0 0

#Transform 82
Transform: AffineTransform_float_3_3
Parameters: 0.999999 -0.00141793 -0.000275564 0.00141907 0.999992 0.00392262 0.000270436 -0.00392239 0.999993 0.0785141 -0.161746 0.161826
FixedParameters: 0 0 0

#Transform 83
Transform: AffineTransform_float_3_3
Parameters: 0.999998 -0.000608013 -0.00157255 0.000611985 0.999996 0.00253604 0.00157045 -0.00253696 0.999995 0.191512 0.0209083 0.00219925
FixedParameters: 0 0 0

#Transform 84
Transform: AffineTransform_float_3_3
Parameters: 0.999997 -0.000922393 -0.00233542 0.000930608 0.999993 0.00368684 0.00233258 -0.00368916 0.999991 0.172415 -0.137806 0.180377
FixedParameters: 0 0 0

#Transform 85
Transform: AffineTransform_float_3_3
Parameters: 0.999997 -0.000753055 -0.00204157 0.000759943 0.999994 0.00340346 0.00203842 -0.00340454 0.999992 0.158625 -0.122276 0.164532
FixedParameters: 0 0 0

#Transform 86
Transform: AffineTransform_float_3_3
Parameters: 0.999997 -0.00156166 -0.00199576 0.00156834 0.999992 0.00368088 0.00199024 -0.00368412 0.999991 0.158969 -0.132488 0.161528
FixedParameters: 0 0 0

#Transform 87
Transform: AffineTransform_float_3_3
Parameters: 0.999997 -0.00140465 -0.00159074 0.00140935 0.999994 0.00336877 0.00158626 -0.00337124 0.999993 0.141413 -0.113243 0.147261
FixedParameters: 0 0 0

#Transform 88
Transform: AffineTransform_float_3_3
Parameters: 0.999997 -0.00156314 -0.00175025 0.00156886 0.999993 0.00335026 0.00174475 -0.00335274 0.999993 0.124863 -0.102314 0.166656
FixedParameters: 0 0 0

#Transform 89
Transform: AffineTransform_float_3_3
Parameters: 0.999997 -0.00101972 -0.00218488 0.00102828 0.999993 0.00378977 0.00218112 -0.00379224 0.999991 0.163376 -0.14262 0.172895
FixedParameters: 0 0 0

#Transform 90
Transform: AffineTransform_float_3_3
Parameters: 0.999997 -0.00126764 -0.00198173 0.00127536 0.999993 0.00371648 0.00197727 -0.00371952 0.999991 0.129568 -0.137931 0.200545
FixedParameters: 0 0 0

#Transform 91
Transform: AffineTransform_float_3_3
Parameters: 0.999997 -0.00123915 -0.00174987 0.00124585 0.999991 0.00391683 0.00174513 -0.00391917 0.999991 0.104335 -0.147238 0.226861
FixedParameters: 0 0 0

#Transform 92
Transform: AffineTransform_float_3_3
Parameters: 0.999998 -0.00104104 -0.00174856 0.00104696 0.999993 0.00341217 0.00174444 -0.00341382 0.999992 0.136738 -0.13436 0.178944
FixedParameters: 0 0 0

#Transform 93
Transform: AffineTransform_float_3_3
Parameters: 0.999999 -0.00131972 -0.00132428 0.00132429 0.999994 0.00323825 0.00132072 -0.00323975 0.999994 0.0772281 -0.129936 0.207712
FixedParameters: 0 0 0

#Transform 94
Transform: AffineTransform_float_3_3
Parameters: 0.999998 -0.00137607 -0.00178736 0.00138293 0.999992 0.00388154 0.00178165 -0.00388346 0.999991 0.113757 -0.170166 0.243991
FixedParameters: 0 0 0

#Transform 95
Transform: AffineTransform_float_3_3
Parameters: 0.999997 -0.00125256 -0.00203722 0.00126044 0.99999 0.00414944 0.00203179 -0.00415156 0.99999 0.121581 -0.204597 0.269014
FixedParameters: 0 0 0

#Transform 96
Transform: AffineTransform_float_3_3
Parameters: 0.999998 -0.001333 -0.0014068 0.001337 0.999995 0.00284612 0.0014032 -0.00284788 0.999995 0.0900799 -0.115726 0.23588
FixedParameters: 0 0 0

#Transform 97
Transform: AffineTransform_float_3_3
Parameters: 0.999998 -0.00156481 -0.00133692 0.00156919 0.999994 0.00313691 0.00133208 -0.00313909 0.999994 0.0720194 -0.137604 0.274917
FixedParameters: 0 0 0

#Transform 98
Transform: AffineTransform_float_3_3
Parameters: 0.999999 -0.00156468 -0.0010137 0.00156832 0.999989 0.00427642 0.0010073 -0.00427858 0.999991 0.060009 -0.232417 0.369219
FixedParameters: 0 0 0

#Transform 99
Transform: AffineTransform_float_3_3
Parameters: 0.999999 -0.00115794 -0.00139821 0.00116306 0.999993 0.00362338 0.00139379 -0.00362562 0.999993 0.12794 -0.164827 0.254175
FixedParameters: 0 0 0

#Transform 100
Transform: AffineTransform_float_3_3
Parameters: 0.999997 -0.00155852 -0.00214864 0.00156848 0.999987 0.00488565 0.00214036 -0.00488835 0.999986 0.154405 -0.209495 0.279588
FixedParameters: 0 0 0

#Transform 101
Transform: AffineTransform_float_3_3
Parameters: 0.999998 -0.00156859 -0.00113556 0.00156841 0.999998 0.00035722 0.00113544 -0.000358782 1 0.0785832 0.065145 0.0628446
FixedParameters: 0 0 0

#Transform 102
Transform: AffineTransform_float_3_3
Parameters: 0.999998 -0.00156428 -0.00115045 0.00156872 0.999991 0.0041142 0.00114455 -0.0041158 0.999991 0.15217 0.151628 -0.311222
FixedParameters: 0 0 0

#Transform 103
Transform: AffineTransform_float_3_3
Parameters: 0.999997 -0.00182336 -0.00168042 0.00183263 0.999985 0.00515194 0.00167058 -0.00515506 0.999986 0.206183 0.330595 -0.925726
FixedParameters: 0 0 0

#Transform 104
Transform: AffineTransform_float_3_3
Parameters: 0.999996 -0.00244807 -0.000819927 0.00245392 0.99997 0.00731301 0.000801073 -0.00731499 0.999973 0.125372 -0.0175751 -0.345825
FixedParameters: 0 0 0

#Transform 105
Transform: AffineTransform_float_3_3
Parameters: 0.999996 -0.00285806 -0.00050589 0.00286094 0.999979 0.00590558 0.000489113 -0.00590643 0.999983 0.100841 -0.0568946 -0.082103
FixedParameters: 0 0 0

#Transform 106
Transform: AffineTransform_float_3_3
Parameters: 0.999994 -0.00348002 -0.000174788 0.00348098 0.999976 0.00597243 0.000154213 -0.00597257 0.999982 0.0911493 -0.140495 0.00695351
FixedParameters: 0 0 0

#Transform 107
Transform: AffineTransform_float_3_3
Parameters: 0.999997 -0.00267444 -9.77517e-05 0.00267556 0.999977 0.00626276 8.12443e-05 -0.00626324 0.999981 0.0326697 -0.133283 0.00168969
FixedParameters: 0 0 0

#Transform 108
Transform: AffineTransform_float_3_3
Parameters: 0.999996 -0.002588 0.000155128 0.002587 0.999978 0.00613442 -0.000170871 -0.00613358 0.999981 -0.00566549 -0.118551 0.0635758
FixedParameters: 0 0 0

#Transform 109
Transform: AffineTransform_float_3_3
Parameters: 0.999998 -0.00203015 2.60809e-05 0.00202985 0.999986 0.00488606 -3.59182e-05 -0.00488594 0.999988 0.0331379 -0.0775704 0.0712623
FixedParameters: 0 0 0

#Transform 110
Transform: AffineTransform_float_3_3
Parameters: 0.999998 -0.00201116 -0.000167426 0.00201184 0.999985 0.00518268 0.000157574 -0.00518333 0.999987 0.0432245 -0.14159 0.105974
FixedParameters: 0 0 0

#Transform 111
Transform: AffineTransform_float_3_3
Parameters: 0.999998 -0.001824 -0.00107029 0.00183 0.999983 0.00563005 0.00105971 -0.00563195 0.999983 0.0721621 -0.169766 0.150003
FixedParameters: 0 0 0

#Transform 112
Transform: AffineTransform_float_3_3
Parameters: 0.999999 -0.00171656 -0.000481784 0.00171844 0.999986 0.00511318 0.000473217 -0.00511482 0.999987 0.0320886 -0.172383 0.132246
FixedParameters: 0 0 0

#Transform 113
Transform: AffineTransform_float_3_3
Parameters: 0.999998 -0.00160731 6.81084e-05 0.00160669 0.999989 0.00428811 -7.48901e-05 -0.00428788 0.999991 0.00742459 -0.123109 0.123014
FixedParameters: 0 0 0

#Transform 114
Transform: AffineTransform_float_3_3
Parameters: 0.999998 -0.00159323 -0.00018573 0.00159477 0.99999 0.00422271 0.000178268 -0.00422229 0.999991 0.0221508 -0.130869 0.141144
FixedParameters: 0 0 0

#Transform 115
Transform: AffineTransform_float_3_3
Parameters: 0.999999 -0.0013965 0.000119268 0.0013955 0.99999 0.00410517 -0.000125729 -0.00410483 0.999991 0.00413352 -0.131515 0.146853
FixedParameters: 0 0 0

#Transform 116
Transform: AffineTransform_float_3_3
Parameters: 0.999999 -0.00128136 -0.000359903 0.00128264 0.999988 0.00460354 0.0003541 -0.00460346 0.99999 0.041137 -0.174515 0.229066
FixedParameters: 0 0 0

#Transform 117
Transform: AffineTransform_float_3_3
Parameters: 0.999999 -0.00105787 -0.000769713 0.00106213 0.999985 0.00538919 0.000764287 -0.00538981 0.999985 0.0335141 -0.250114 0.288548
FixedParameters: 0 0 0

#Transform 118
Transform: AffineTransform_float_3_3
Parameters: 0.999999 -0.00124982 -3.99496e-05 0.00125018 0.999988 0.00475995 3.40495e-05 -0.00476004 0.999988 -0.019345 -0.217824 0.250388
FixedParameters: 0 0 0

#Transform 119
Transform: AffineTransform_float_3_3
Parameters: 0.999999 -0.00129044 -0.000290015 0.00129256 0.999985 0.00543263 0.000282983 -0.00543237 0.999985 0.011027 -0.238708 0.287492
FixedParameters: 0 0 0

#Transform 120
Transform: AffineTransform_float_3_3
Parameters: 0.999998 -0.00159069 0.000120159 0.00158931 0.999984 0.0055592 -0.000128837 -0.00555881 0.999985 -0.0261714 -0.243549 0.276485
FixedParameters: 0 0 0

#Transform 121
Transform: AffineTransform_float_3_3
Parameters: 1 -0.00100867 0.000123653 0.00100833 0.999986 0.00530313 -0.000128349 -0.00530288 0.999986 -0.0252117 -0.240432 0.256029
FixedParameters: 0 0 0

#Transform 122
Transform: AffineTransform_float_3_3
Parameters: 0.999999 -0.00149695 -0.000383104 0.00149905 0.999984 0.00540944 0.000374895 -0.00541057 0.999986 0.0220911 -0.232111 0.278097
FixedParameters: 0 0 0

#Transform 123
Transform: AffineTransform_float_3_3
Parameters: 0.999999 -0.00139146 -0.000104482 0.00139154 0.999984 0.00537586 9.75203e-05 -0.00537614 0.999985 -0.00263427 -0.265067 0.278312
FixedParameters: 0 0 0

#Transform 124
Transform: AffineTransform_float_3_3
Parameters: 1 -0.00120446 -9.32501e-05 0.00120554 0.999981 0.00601789 8.57466e-05 -0.00601811 0.999982 -0.0217337 -0.32664 0.367336
FixedParameters: 0 0 0

#Transform 125
Transform: AffineTransform_float_3_3
Parameters: 0.999999 -0.00173586 -3.33169e-05 0.00173614 0.999987 0.00479095 2.46842e-05 -0.00479005 0.999989 -0.00748378 -0.245218 0.337148
FixedParameters: 0 0 0

#Transform 126
Transform: AffineTransform_float_3_3
Parameters: 0.999998 -0.00162906 -0.000484983 0.00163194 0.99998 0.00612222 0.000475016 -0.00612378 0.999981 0.0143828 -0.329588 0.323743
FixedParameters: 0 0 0

#Transform 127
Transform: AffineTransform_float_3_3
Parameters: 0.999999 -0.00119882 -0.0013047 0.00120518 0.999988 0.00474543 0.00129929 -0.00474756 0.999988 0.127778 -0.0216553 -0.0457532
FixedParameters: 0 0 0

#Transform 128
Transform: AffineTransform_float_3_3
Parameters: 0.999999 -0.000935032 -0.0011584 0.000937967 0.999997 0.00256392 0.0011556 -0.00256508 0.999996 0.0628791 0.146114 -0.148287
FixedParameters: 0 0 0

#Transform 129
Transform: AffineTransform_float_3_3
Parameters: 0.999999 -0.00121807 -0.000211446 0.00121893 0.99999 0.00446875 0.000205556 -0.00446825 0.99999 -0.000883295 -0.140864 0.11978
FixedParameters: 0 0 0

#Transform 130
Transform: AffineTransform_float_3_3
Parameters: 0.999996 -0.00242708 -0.000967301 0.00242791 0.999996 0.000946654 0.0009647 -0.000948344 0.999999 0.0815596 0.0489104 0.0523685
FixedParameters: 0 0 0

#Transform 131
Transform: AffineTransform_float_3_3
Parameters: 0.999994 -0.00270489 -0.00211331 0.00270211 0.999996 -0.00136772 0.00211669 0.00136128 0.999997 0.219941 0.177111 0.0652415
FixedParameters: 0 0 0

#Transform 132
Transform: AffineTransform_float_3_3
Parameters: 0.999995 -0.000949087 -0.00283534 0.00095891 0.999994 0.0034963 0.00283166 -0.0034997 0.99999 0.223599 -0.100155 0.179765
FixedParameters: 0 0 0

#Transform 133
Transform: AffineTransform_float_3_3
Parameters: 0.999997 -0.00137606 -0.00167324 0.00137994 0.999997 0.0023537 0.00166975 -0.0023563 0.999996 0.0893387 -0.048717 0.197666
FixedParameters: 0 0 0

#Transform 134
Transform: AffineTransform_float_3_3
Parameters: 0.999998 -0.00141921 -0.00152647 0.00142379 0.999994 0.00314183 0.00152253 -0.00314417 0.999994 0.0788214 -0.124541 0.276356
FixedParameters: 0 0 0

#Transform 135
Transform: AffineTransform_float_3_3
Parameters: 0.999998 -0.00184494 -0.000446406 0.00184606 0.999996 0.00238718 0.000441594 -0.00238782 0.999997 0.0177963 -0.108908 0.335493
FixedParameters: 0 0 0

#Transform 136
Transform: AffineTransform_float_3_3
Parameters: 0.999998 -0.00125958 -0.00120049 0.00126141 0.999998 0.00117949 0.00119851 -0.00118051 0.999998 0.0942744 0.026576 0.143946
FixedParameters: 0 0 0

#Transform 137
Transform: AffineTransform_float_3_3
Parameters: 0.999997 -0.00149837 -0.00161325 0.00150363 0.999993 0.00349658 0.00160775 -0.00349842 0.999992 0.0776419 -0.108568 0.184495
FixedParameters: 0 0 0

#Transform 138
Transform: AffineTransform_float_3_3
Parameters: 0.999998 -0.00146273 -0.00141841 0.00146627 0.999995 0.00301193 0.00141459 -0.00301408 0.999995 0.067222 -0.0974487 0.178911
FixedParameters: 0 0 0

#Transform 139
Transform: AffineTransform_float_3_3
Parameters: 0.999998 -0.00146397 -0.00136625 0.00146603 0.999997 0.002218 0.00136375 -0.00222 0.999996 0.0771802 -0.0501082 0.177254
FixedParameters: 0 0 0

#Transform 140
Transform: AffineTransform_float_3_3
Parameters: 0.999997 -0.000925089 -0.00196726 0.00093191 0.999994 0.00351518 0.00196373 -0.00351683 0.999992 0.174179 -0.0396105 0.0904369
FixedParameters: 0 0 0

#Transform 141
Transform: AffineTransform_float_3_3
Parameters: 0.999992 -0.000614577 -0.00379419 0.000634424 0.999986 0.00512063 0.0037908 -0.00512236 0.999979 0.304387 0.163948 -0.400655
FixedParameters: 0 0 0

#Transform 142
Transform: AffineTransform_float_3_3
Parameters: 0.999997 -0.00113707 -0.00209133 0.00114493 0.999992 0.00379462 0.00208767 -0.00379738 0.99999 0.12498 0.164696 -0.259661
FixedParameters: 0 0 0

#Transform 143
Transform: AffineTransform_float_3_3
Parameters: 0.999999 -0.00135639 -0.000711997 0.00135861 0.999993 0.00368004 0.000707004 -0.00368096 0.999993 0.0396512 0.086724 -0.140585
FixedParameters: 0 0 0

#Transform 144
Transform: AffineTransform_float_3_3
Parameters: 0.999998 -0.00135447 -0.00102302 0.00135852 0.999989 0.00443562 0.00101698 -0.00443738 0.999989 0.0641774 0.0278022 -0.15329
FixedParameters: 0 0 0

#Transform 145
Transform: AffineTransform_float_3_3
Parameters: 0.999998 -0.0013493 -0.00179434 0.0013587 0.999985 0.00541858 0.00178666 -0.00542042 0.999983 0.0949111 -0.0300391 -0.139484
FixedParameters: 0 0 0

#Transform 146
Transform: AffineTransform_float_3_3
Parameters: 0.999997 -0.00177176 -0.00174444 0.00178125 0.999985 0.00531091 0.00173556 -0.0053131 0.999985 0.0953564 -0.00518726 -0.1063
FixedParameters: 0 0 0

#Transform 147
Transform: AffineTransform_float_3_3
Parameters: 0.999998 -0.00190126 -0.000750985 0.00190475 0.999992 0.00367058 0.000744011 -0.00367242 0.999993 0.0338561 0.057208 -0.0880804
FixedParameters: 0 0 0

#Transform 148
Transform: AffineTransform_float_3_3
Parameters: 0.999997 -0.00222019 -0.00141434 0.00222781 0.999982 0.00554487 0.00140167 -0.00554813 0.999983 0.0931402 -0.121752 0.0667819
FixedParameters: 0 0 0

#Transform 149
Transform: AffineTransform_float_3_3
Parameters: 0.999997 -0.00146212 -0.00205463 0.00146988 0.999991 0.00383999 0.00204937 -0.00384301 0.99999 0.155177 -0.0207937 0.0138937
FixedParameters: 0 0 0

#Transform 150
Transform: AffineTransform_float_3_3
Parameters: 0.999998 -0.00150947 -0.00138813 0.00151653 0.999987 0.0047149 0.00138086 -0.00471709 0.999988 0.0812453 -0.130892 0.101573
FixedParameters: 0 0 0

#Transform 151
Transform: AffineTransform_float_3_3
Parameters: 0.999999 -0.00133463 -0.00038874 0.00133637 0.999993 0.00354948 0.000384258 -0.00355051 0.999993 0.0304565 -0.0549407 0.108839
FixedParameters: 0 0 0

#Transform 152
Transform: AffineTransform_float_3_3
Parameters: 0.999999 -0.00133062 -0.00108861 0.00133638 0.999987 0.00495355 0.00108239 -0.00495445 0.999987 0.0812425 -0.176522 0.202714
FixedParameters: 0 0 0

#Transform 153
Transform: AffineTransform_float_3_3
Parameters: 0.999997 -0.00188141 -0.00152194 0.00188759 0.999992 0.00368014 0.00151506 -0.00368286 0.999992 0.0991959 -0.0827392 0.163374
FixedParameters: 0 0 0

#Transform 154
Transform: AffineTransform_float_3_3
Parameters: 0.999999 -0.00133319 -0.000552819 0.00133681 0.999986 0.00510927 0.000546177 -0.00510973 0.999987 0.0209913 -0.236289 0.297587
FixedParameters: 0 0 0

#Transform 155
Transform: AffineTransform_float_3_3
Parameters: 0.999998 -0.00147716 -0.000745648 0.00148084 0.999985 0.0051699 0.000738353 -0.0051711 0.999987 0.0406843 -0.244113 0.296476
FixedParameters: 0 0 0

#Transform 156
Transform: AffineTransform_float_3_3
Parameters: 0.999999 -0.00133496 -0.000249606 0.00133604 0.999991 0.00419767 0.000244393 -0.00419833 0.999991 0.0213689 -0.171018 0.268516
FixedParameters: 0 0 0

#Transform 157
Transform: AffineTransform_float_3_3
Parameters: 0.999999 -0.00184824 0.000135802 0.00184776 0.999997 0.00173025 -0.000139197 -0.00172974 0.999998 0.00182585 -0.0314572 0.267451
FixedParameters: 0 0 0

#Transform 158
Transform: AffineTransform_float_3_3
Parameters: 0.999999 -0.0011879 -0.000302399 0.0011881 0.999999 0.000335641 0.000301602 -0.000335359 1 0.0457349 0.00456138 0.334971
FixedParameters: 0 0 0

#Transform 159
Transform: AffineTransform_float_3_3
Parameters: 1 -0.000593696 -0.00084163 0.000596305 0.999996 0.0027395 0.000840369 -0.0027405 0.999996 0.0503623 -0.0782943 0.304468
FixedParameters: 0 0 0

#Transform 160
Transform: AffineTransform_float_3_3
Parameters: 0.999999 -0.000502892 -0.000877787 0.000506108 0.999993 0.00354356 0.000876212 -0.00354444 0.999994 0.0380246 -0.137712 0.359304
FixedParameters: 0 0 0

#Transform 161
Transform: AffineTransform_float_3_3
Parameters: 1 -0.000661157 -0.00102649 0.000664845 0.999993 0.00374832 0.00102452 -0.00374868 0.999993 0.0413007 -0.147619 0.297006
FixedParameters: 0 0 0

#Transform 162
Transform: AffineTransform_float_3_3
Parameters: 0.999999 -0.00069473 -0.000381322 0.000695269 0.999994 0.00333974 0.00037868 -0.00334027 0.999995 0.00359879 -0.133569 0.289584
FixedParameters: 0 0 0

#Transform 163
Transform: AffineTransform_float_3_3
Parameters: 1 -0.00105543 0.00011927 0.00105457 0.999993 0.00353513 -0.00012273 -0.00353587 0.999993 -0.0235924 -0.149847 0.315375
FixedParameters: 0 0 0

#Transform 164
Transform: AffineTransform_float_3_3
Parameters: 0.999999 -0.00145667 -0.000486053 0.00145933 0.999987 0.0048373 0.000478945 -0.00483871 0.999988 0.00823233 -0.229118 0.401594
FixedParameters: 0 0 0

#Transform 165
Transform: AffineTransform_float_3_3
Parameters: 0.999997 -0.00163908 -0.00137389 0.00164392 0.999992 0.00358675 0.00136811 -0.00358925 0.999992 0.0989042 -0.129109 0.306174
FixedParameters: 0 0 0

#Transform 166
Transform: AffineTransform_float_3_3
Parameters: 0.999998 -0.00142177 -0.00124983 0.00142624 0.999993 0.00339323 0.00124517 -0.00339478 0.999994 0.0694145 -0.105835 0.210916
FixedParameters: 0 0 0

#Transform 167
Transform: AffineTransform_float_3_3
Parameters: 0.999999 -0.00157212 -0.000766925 0.00157487 0.999991 0.0037648 0.000760075 -0.0037662 0.999992 0.0582342 -0.0975443 0.224015
FixedParameters: 0 0 0

#Transform 168
Transform: AffineTransform_float_3_3
Parameters: 0.999997 -0.000754232 -0.00232321 0.000760769 0.999996 0.00291424 0.00232079 -0.00291576 0.999993 0.128625 -0.0671684 0.171326
FixedParameters: 0 0 0

#Transform 169
Transform: AffineTransform_float_3_3
Parameters: 0.999998 -0.00113831 -0.00125402 0.00114669 0.999981 0.00614858 0.00124697 -0.00614943 0.999981 0.0675843 -0.32732 0.448456
FixedParameters: 0 0 0

#Transform 170
Transform: AffineTransform_float_3_3
Parameters: 0.999998 -0.00126442 -0.00100678 0.00126858 0.999989 0.00456173 0.00100122 -0.00456327 0.999989 0.0705988 -0.169062 0.244935
FixedParameters: 0 0 0

#Transform 171
Transform: AffineTransform_float_3_3
Parameters: 0.999998 -0.00162159 -0.000334894 0.00162241 0.999989 0.00424946 0.000328107 -0.00425054 0.999991 0.00240308 -0.130695 0.161807
FixedParameters: 0 0 0

#Transform 172
Transform: AffineTransform_float_3_3
Parameters: 0.999998 -0.00166002 -0.00089442 0.00166398 0.999988 0.00446352 0.000887581 -0.00446448 0.999989 0.0457377 -0.130991 0.176971
FixedParameters: 0 0 0

#Transform 173
Transform: AffineTransform_float_3_3
Parameters: 0.999999 -0.00145539 -0.000377274 0.00145661 0.999989 0.00430845 0.000370728 -0.00430854 0.99999 0.0257292 -0.131634 0.206094
FixedParameters: 0 0 0

#Transform 174
Transform: AffineTransform_float_3_3
Parameters: 0.999998 -0.00188097 -0.000932167 0.00188502 0.999989 0.00433625 0.000923834 -0.00433775 0.99999 0.0680315 -0.134816 0.215999
FixedParameters: 0 0 0

#Transform 175
Transform: AffineTransform_float_3_3
Parameters: 0.999998 -0.00188614 0.000224624 0.00188486 0.999986 0.00497243 -0.000233374 -0.00497157 0.999987 -0.021391 -0.215905 0.294197
FixedParameters: 0 0 0

#Transform 176
Transform: AffineTransform_float_3_3
Parameters: 0.999998 -0.00188509 1.23881e-05 0.00188492 0.999985 0.00509903 -2.16114e-05 -0.00509897 0.999987 -0.0104288 -0.209106 0.277427
FixedParameters: 0 0 0

#Transform 177
Transform: AffineTransform_float_3_3
Parameters: 0.999997 -0.00234894 0.000627414 0.00234506 0.999978 0.00621549 -0.000641585 -0.00621351 0.99998 -0.0340944 -0.297139 0.362246
FixedParameters: 0 0 0

#Transform 178
Transform: AffineTransform_float_3_3
Parameters: 0.999997 -0.00241183 0.000323642 0.00241017 0.999981 0.00554079 -0.000337359 -0.0055402 0.999984 -0.0157927 -0.248359 0.342116
FixedParameters: 0 0 0

#Transform 179
Transform: AffineTransform_float_3_3
Parameters: 0.999996 -0.00281016 -0.000302613 0.00281184 0.999977 0.00626518 0.000284388 -0.00626583 0.999981 0.0338499 -0.271537 0.339606
FixedParameters: 0 0 0
