#Insight Transform File V1.0
#Transform 0
Transform: AffineTransform_float_3_3
Parameters: 1 -0.000126052 -7.49128e-05 0.000125948 1 -0.000692009 7.50872e-05 0.00069199 1 0.0706052 -0.0373688 -0.364648
FixedParameters: 0 0 0

#Transform 1
Transform: AffineTransform_float_3_3
Parameters: 1 0.00109194 0.000360177 -0.00109206 1 0.000161607 -0.000359824 -0.000161393 1 -0.0461958 0.0815519 -0.0168669
FixedParameters: 0 0 0

#Transform 2
Transform: AffineTransform_float_3_3
Parameters: 0.999999 0.00127821 0.00036626 -0.00127779 0.999999 -0.000579468 -0.000366741 0.000579532 1 -0.0468719 0.205213 -0.0801335
FixedParameters: 0 0 0

#Transform 3
Transform: AffineTransform_float_3_3
Parameters: 0.999999 0.00127802 0.000133783 -0.00127798 0.999999 -0.000170171 -0.000134217 0.000169829 1 -0.0328706 0.196925 -0.0777858
FixedParameters: 0 0 0

#Transform 4
Transform: AffineTransform_float_3_3
Parameters: 0.999999 0.00127827 0.000177056 -0.00127773 0.999998 -0.00152123 -0.000178945 0.00152177 0.999999 -0.0354664 0.280687 -0.0614042
FixedParameters: 0 0 0

#Transform 5
Transform: AffineTransform_float_3_3
Parameters: 1 0.0009474 0.000309779 -0.000946601 0.999998 -0.00128929 -0.00031022 0.00128871 0.999999 -0.0432127 0.259957 -0.0595225
FixedParameters: 0 0 0

#Transform 6
Transform: AffineTransform_float_3_3
Parameters: 0.999999 0.00127823 0.000172337 -0.00127778 0.999999 -0.00130122 -0.000173662 0.00130078 0.999999 -0.0351803 0.263293 -0.0501575
FixedParameters: 0 0 0

#Transform 7
Transform: AffineTransform_float_3_3
Parameters: 0.999999 0.00127863 0.000426112 -0.00127737 0.999998 -0.00147755 -0.000428887 0.00147645 0.999999 -0.0505359 0.266647 -0.0716992
FixedParameters: 0 0 0

#Transform 8
Transform: AffineTransform_float_3_3
Parameters: 0.999999 0.000700296 0.000174817 -0.000699703 0.999999 -0.00168912 -0.000176182 0.00168888 0.999998 -0.0350923 0.268111 -0.0552747
FixedParameters: 0 0 0

#Transform 9
Transform: AffineTransform_float_3_3
Parameters: 0.999999 0.000773741 0.00040559 -0.000773258 0.999998 -0.00182331 -0.000407411 0.00182369 0.999999 -0.0489953 0.280796 -0.0515532
FixedParameters: 0 0 0

#Transform 10
Transform: AffineTransform_float_3_3
Parameters: 1 0.000584398 0.000217934 -0.000584601 0.999998 -0.00182413 -0.000219067 0.00182387 0.999999 -0.0409004 0.281105 -0.0540391
FixedParameters: 0 0 0

#Transform 11
Transform: AffineTransform_float_3_3
Parameters: 0.999999 0.000856369 0.00022359 -0.000855631 0.999999 -0.00164719 -0.000224409 0.00164681 0.999998 -0.0293323 0.279839 -0.0357832
FixedParameters: 0 0 0

#Transform 12
Transform: AffineTransform_float_3_3
Parameters: 0.999999 0.00127823 0.000129777 -0.00127777 0.999997 -0.00173917 -0.000132222 0.00173883 0.999998 -0.0357191 0.279707 -0.0484344
FixedParameters: 0 0 0

#Transform 13
Transform: AffineTransform_float_3_3
Parameters: 0.999999 0.00147748 0.000476525 -0.00147752 0.999999 -0.000998706 -0.000477476 0.000998297 1 -0.0678192 0.238691 -0.0229387
FixedParameters: 0 0 0

#Transform 14
Transform: AffineTransform_float_3_3
Parameters: 0.999999 0.00117931 0.000665443 -0.00117869 0.999999 -0.000472785 -0.000666556 0.000471214 0.999999 -0.0575761 0.162088 -0.0122111
FixedParameters: 0 0 0

#Transform 15
Transform: AffineTransform_float_3_3
Parameters: 0.999998 0.00196147 0.000240185 -0.00196053 0.999996 -0.00194548 -0.000243813 0.00194453 0.999998 -0.0425626 0.272829 -0.0469833
FixedParameters: 0 0 0

#Transform 16
Transform: AffineTransform_float_3_3
Parameters: 0.999997 0.00222373 0.000366574 -0.00222326 0.999995 -0.00199082 -0.000371426 0.00199018 0.999998 -0.0955554 0.283996 -0.0385468
FixedParameters: 0 0 0

#Transform 17
Transform: AffineTransform_float_3_3
Parameters: 0.999998 0.00208723 0.000110707 -0.00208677 0.999995 -0.00205723 -0.000114292 0.00205677 0.999998 -0.0865107 0.29809 -0.0518541
FixedParameters: 0 0 0

#Transform 18
Transform: AffineTransform_float_3_3
Parameters: 0.999998 0.00223995 -2.70063e-05 -0.00224006 0.999995 -0.00223495 2.19935e-05 0.00223506 0.999998 -0.0591937 0.317075 -0.0583342
FixedParameters: 0 0 0

#Transform 19
Transform: AffineTransform_float_3_3
Parameters: 0.999999 0.00177103 8.29262e-06 -0.00177097 0.999995 -0.00265802 -1.27073e-05 0.00265798 0.999997 -0.077539 0.344013 -0.0618227
FixedParameters: 0 0 0

#Transform 20
Transform: AffineTransform_float_3_3
Parameters: 0.999998 0.00199112 5.04683e-05 -0.00199088 0.999996 -0.00227611 -5.55313e-05 0.0022759 0.999998 -0.0677606 0.310264 -0.0416317
FixedParameters: 0 0 0

#Transform 21
Transform: AffineTransform_float_3_3
Parameters: 0.999999 0.00147689 -4.1069e-05 -0.00147711 0.999995 -0.00275494 3.69307e-05 0.00275506 0.999996 -0.0589693 0.347275 -0.0551469
FixedParameters: 0 0 0

#Transform 22
Transform: AffineTransform_float_3_3
Parameters: 0.999999 0.00144096 -1.49699e-05 -0.00144104 0.999995 -0.00275498 1.103e-05 0.00275502 0.999996 -0.0593197 0.350755 -0.0473431
FixedParameters: 0 0 0

#Transform 23
Transform: AffineTransform_float_3_3
Parameters: 0.999999 0.00121961 -0.000144361 -0.00122039 0.999996 -0.00275483 0.000140638 0.00275518 0.999996 -0.0584081 0.351366 -0.054098
FixedParameters: 0 0 0

#Transform 24
Transform: AffineTransform_float_3_3
Parameters: 0.999999 0.00138173 -9.59548e-05 -0.00138227 0.999995 -0.00286187 9.20442e-05 0.00286213 0.999996 -0.0453204 0.350545 -0.0465707
FixedParameters: 0 0 0

#Transform 25
Transform: AffineTransform_float_3_3
Parameters: 1 0.000409498 -0.000153348 -0.000410501 0.999994 -0.00328893 0.000151651 0.00328906 0.999994 0.00755641 0.385982 -0.0713698
FixedParameters: 0 0 0

#Transform 26
Transform: AffineTransform_float_3_3
Parameters: 1 0.000675128 3.45799e-05 -0.000675874 0.999994 -0.00358503 -3.64232e-05 0.00358498 0.999994 -0.0223692 0.405971 -0.0742414
FixedParameters: 0 0 0

#Transform 27
Transform: AffineTransform_float_3_3
Parameters: 0.999999 0.000733785 -6.25657e-05 -0.000734215 0.999993 -0.00349595 6.04335e-05 0.00349604 0.999994 -0.0129037 0.397466 -0.0661554
FixedParameters: 0 0 0

#Transform 28
Transform: AffineTransform_float_3_3
Parameters: 1 0.000388987 0.000334856 -0.000388012 0.999995 -0.00294413 -0.000336144 0.00294387 0.999995 -0.0424311 0.355213 -0.0521613
FixedParameters: 0 0 0

#Transform 29
Transform: AffineTransform_float_3_3
Parameters: 1 0.000550343 0.000104205 -0.000549657 0.999994 -0.00326306 -0.000105794 0.00326294 0.999994 -0.0151846 0.383986 -0.0540472
FixedParameters: 0 0 0

#Transform 30
Transform: AffineTransform_float_3_3
Parameters: 1 0.000678103 2.97258e-05 -0.000678896 0.999994 -0.00335402 -3.22772e-05 0.00335398 0.999995 -0.0166319 0.392229 -0.05412
FixedParameters: 0 0 0

#Transform 31
Transform: AffineTransform_float_3_3
Parameters: 1 0.000451955 -1.44599e-05 -0.000452046 0.999994 -0.00322999 1.354e-05 0.00323 0.999995 -0.0129381 0.376175 -0.0449282
FixedParameters: 0 0 0

#Transform 32
Transform: AffineTransform_float_3_3
Parameters: 1 0.000566093 2.60432e-05 -0.000565907 0.999994 -0.00345701 -2.79565e-05 0.00345698 0.999994 -0.0141934 0.395562 -0.0521606
FixedParameters: 0 0 0

#Transform 33
Transform: AffineTransform_float_3_3
Parameters: 0.999999 0.000718063 1.98516e-05 -0.000717937 0.999996 -0.00299201 -2.21481e-05 0.00299198 0.999995 -0.0287403 0.360019 -0.043276
FixedParameters: 0 0 0

#Transform 34
Transform: AffineTransform_float_3_3
Parameters: 0.999999 0.00079944 -0.000165725 -0.000800561 0.999994 -0.00340687 0.000163274 0.00340613 0.999994 -0.0119516 0.399948 -0.0714982
FixedParameters: 0 0 0

#Transform 35
Transform: AffineTransform_float_3_3
Parameters: 1 0.000705874 -3.55851e-05 -0.000706123 0.999993 -0.00366198 3.24144e-05 0.00366203 0.999994 -0.0254552 0.422245 -0.0781273
FixedParameters: 0 0 0

#Transform 36
Transform: AffineTransform_float_3_3
Parameters: 1 0.000407329 9.66226e-05 -0.000407673 0.999994 -0.00338304 -9.73797e-05 0.00338296 0.999995 -0.0231446 0.398584 -0.0520788
FixedParameters: 0 0 0

#Transform 37
Transform: AffineTransform_float_3_3
Parameters: 1 0.00051391 -2.49191e-05 -0.000514086 0.999993 -0.00373399 2.20806e-05 0.00373401 0.999993 -0.0160359 0.431874 -0.0674763
FixedParameters: 0 0 0

#Transform 38
Transform: AffineTransform_float_3_3
Parameters: 1 0.000210177 0.000335265 -0.000208821 0.999994 -0.00350607 -0.000336734 0.00350693 0.999994 -0.0475394 0.403666 -0.0532724
FixedParameters: 0 0 0

#Transform 39
Transform: AffineTransform_float_3_3
Parameters: 1 0.00023132 0.000335092 -0.000230676 0.999992 -0.00393508 -0.00033691 0.00393492 0.999992 -0.0422159 0.439144 -0.0611808
FixedParameters: 0 0 0

#Transform 40
Transform: AffineTransform_float_3_3
Parameters: 1 0.000237332 0.00033506 -0.000235664 0.999992 -0.00397008 -0.000336938 0.00396992 0.999992 -0.0475624 0.440208 -0.0644695
FixedParameters: 0 0 0

#Transform 41
Transform: AffineTransform_float_3_3
Parameters: 1 4.83423e-05 0.000335809 -4.6657e-05 0.999992 -0.00399602 -0.000336189 0.00399598 0.999992 -0.0505385 0.43353 -0.0393787
FixedParameters: 0 0 0

#Transform 42
Transform: AffineTransform_float_3_3
Parameters: 1 -0.000201732 -0.000195246 0.000201265 0.999993 -0.00374304 0.000196755 0.00374296 0.999993 -0.00537821 0.435748 -0.0753699
FixedParameters: 0 0 0

#Transform 43
Transform: AffineTransform_float_3_3
Parameters: 1 0.000413231 -0.000217467 -0.000413771 0.999993 -0.00354791 0.000216533 0.00354809 0.999993 -0.00773173 0.467064 -0.139557
FixedParameters: 0 0 0

#Transform 44
Transform: AffineTransform_float_3_3
Parameters: 0.999999 0.000711019 -0.000244865 -0.00071198 0.999991 -0.00402682 0.000242135 0.00402717 0.999992 -0.00635609 0.484795 -0.141769
FixedParameters: 0 0 0

#Transform 45
Transform: AffineTransform_float_3_3
Parameters: 1 0.000143028 7.48472e-06 -0.000142974 0.999993 -0.003603 -7.51518e-06 0.003603 0.999993 -0.0277133 0.454755 -0.117684
FixedParameters: 0 0 0

#Transform 46
Transform: AffineTransform_float_3_3
Parameters: 1 0.000144854 -4.34894e-05 -0.000145148 0.999995 -0.003377 4.35101e-05 0.00337701 0.999995 -0.0246658 0.42742 -0.0825043
FixedParameters: 0 0 0

#Transform 47
Transform: AffineTransform_float_3_3
Parameters: 1 0.00054712 -0.000243982 -0.00054788 0.999994 -0.00361987 0.000242018 0.00362014 0.999994 -0.00275089 0.458794 -0.103063
FixedParameters: 0 0 0

#Transform 48
Transform: AffineTransform_float_3_3
Parameters: 0.999999 0.000799552 -0.000243477 -0.000800449 0.999998 -0.00184681 0.000242523 0.00184619 0.999999 -0.0171193 0.355594 -0.0981052
FixedParameters: 0 0 0

#Transform 49
Transform: AffineTransform_float_3_3
Parameters: 1 0.000388279 -0.000243155 -0.00038872 0.999995 -0.0029719 0.000241846 0.00297209 0.999995 -0.0059617 0.425189 -0.113825
FixedParameters: 0 0 0

#Transform 50
Transform: AffineTransform_float_3_3
Parameters: 1 6.52436e-05 0.000108854 -6.47561e-05 0.999998 -0.00223601 -0.000109145 0.002236 0.999998 -0.0383679 0.367883 -0.068628
FixedParameters: 0 0 0

#Transform 51
Transform: AffineTransform_float_3_3
Parameters: 1 2.34327e-05 -0.000242056 -2.45672e-05 0.999998 -0.002344 0.000241943 0.00234401 0.999997 -0.0125514 0.374478 -0.0719727
FixedParameters: 0 0 0

#Transform 52
Transform: AffineTransform_float_3_3
Parameters: 1 0.000555251 -0.000243713 -0.00055675 0.999995 -0.00308287 0.000242285 0.00308314 0.999995 -0.0127101 0.436215 -0.0949952
FixedParameters: 0 0 0

#Transform 53
Transform: AffineTransform_float_3_3
Parameters: 1 0.000585315 -0.000243651 -0.000585685 0.999996 -0.00281886 0.00024235 0.00281914 0.999996 -0.0219309 0.383498 -0.0551703
FixedParameters: 0 0 0

#Transform 54
Transform: AffineTransform_float_3_3
Parameters: 0.999999 0.000761247 -0.000244357 -0.000761754 0.999995 -0.00309482 0.000242643 0.00309519 0.999995 -0.0242256 0.370556 -0.0448158
FixedParameters: 0 0 0

#Transform 55
Transform: AffineTransform_float_3_3
Parameters: 1 0.000522334 -0.000243435 -0.000522668 0.999996 -0.00274487 0.000242566 0.00274513 0.999996 -0.0129074 0.362671 -0.0602184
FixedParameters: 0 0 0

#Transform 56
Transform: AffineTransform_float_3_3
Parameters: 1 -9.79733e-05 8.32071e-06 9.80256e-05 0.999994 -0.003273 -7.6792e-06 0.003273 0.999994 -0.0232144 0.406354 -0.0655344
FixedParameters: 0 0 0

#Transform 57
Transform: AffineTransform_float_3_3
Parameters: 1 0.000112104 3.56734e-05 -0.000111895 0.999995 -0.002915 -3.63263e-05 0.00291499 0.999996 -0.032581 0.374219 -0.0528818
FixedParameters: 0 0 0

#Transform 58
Transform: AffineTransform_float_3_3
Parameters: 1 -7.67574e-05 7.42516e-05 7.72418e-05 0.999994 -0.00327299 -7.37476e-05 0.003273 0.999994 -0.0117746 0.400148 -0.0547006
FixedParameters: 0 0 0

#Transform 59
Transform: AffineTransform_float_3_3
Parameters: 1 -0.000383376 0.000212132 0.000383624 0.999995 -0.00294992 -0.000210869 0.00295008 0.999995 -0.0398434 0.371628 -0.0455664
FixedParameters: 0 0 0

#Transform 60
Transform: AffineTransform_float_3_3
Parameters: 1 -0.00014297 8.51103e-06 0.000143028 0.999993 -0.003574 -7.48886e-06 0.003574 0.999993 -0.00883173 0.424587 -0.0559408
FixedParameters: 0 0 0

#Transform 61
Transform: AffineTransform_float_3_3
Parameters: 1 -0.000493127 -3.52683e-05 0.000492874 0.999993 -0.00351202 3.67312e-05 0.00351198 0.999994 -0.0225995 0.42799 -0.0578516
FixedParameters: 0 0 0

#Transform 62
Transform: AffineTransform_float_3_3
Parameters: 1 -0.000448966 9.71601e-06 0.000449031 0.999992 -0.00382199 -7.28385e-06 0.003822 0.999992 -0.0246172 0.440525 -0.0632228
FixedParameters: 0 0 0

#Transform 63
Transform: AffineTransform_float_3_3
Parameters: 1 -0.000399588 0.000129279 0.000400411 0.999995 -0.00319995 -0.000127719 0.00320005 0.999995 -0.0289016 0.411525 -0.0589756
FixedParameters: 0 0 0

#Transform 64
Transform: AffineTransform_float_3_3
Parameters: 1 4.07277e-05 -0.000674141 -4.32718e-05 0.999995 -0.00337097 0.000673858 0.00337103 0.999994 0.0620702 0.484048 -0.17066
FixedParameters: 0 0 0

#Transform 65
Transform: AffineTransform_float_3_3
Parameters: 1 -0.000169284 -0.000671428 0.000167718 0.999994 -0.00340011 0.000671574 0.00339989 0.999994 0.0446371 0.479625 -0.163806
FixedParameters: 0 0 0

#Transform 66
Transform: AffineTransform_float_3_3
Parameters: 0.999998 0.00191568 -0.00126253 -0.00191732 0.999997 -0.00184059 0.00125947 0.00184342 0.999998 0.0385301 0.40667 -0.183246
FixedParameters: 0 0 0

#Transform 67
Transform: AffineTransform_float_3_3
Parameters: 0.999989 0.0040847 -0.00234725 -0.00409429 0.999983 -0.00396843 0.00233075 0.00397857 0.99999 0.11539 0.582272 -0.35244
FixedParameters: 0 0 0

#Transform 68
Transform: AffineTransform_float_3_3
Parameters: 0.99999 0.00358818 -0.00264051 -0.00360081 0.999981 -0.00486554 0.00262249 0.00487546 0.999984 0.110925 0.628663 -0.270177
FixedParameters: 0 0 0

#Transform 69
Transform: AffineTransform_float_3_3
Parameters: 0.999994 0.00274516 -0.00173446 -0.00275284 0.999986 -0.00453125 0.00172254 0.00453575 0.999988 0.0249175 0.603775 -0.220835
FixedParameters: 0 0 0

#Transform 70
Transform: AffineTransform_float_3_3
Parameters: 0.999994 0.00316869 -0.00150039 -0.00317431 0.999986 -0.00422026 0.00148661 0.00422474 0.99999 0.0215198 0.583643 -0.193498
FixedParameters: 0 0 0

#Transform 71
Transform: AffineTransform_float_3_3
Parameters: 0.999996 0.0025884 -0.00149672 -0.00259459 0.999989 -0.00374913 0.00148628 0.00375286 0.999992 0.0216044 0.52418 -0.157143
FixedParameters: 0 0 0

#Transform 72
Transform: AffineTransform_float_3_3
Parameters: 0.999994 0.00289036 -0.00149986 -0.00289764 0.999986 -0.00444368 0.00148713 0.00444832 0.999989 0.00597336 0.583925 -0.194904
FixedParameters: 0 0 0

#Transform 73
Transform: AffineTransform_float_3_3
Parameters: 0.999996 0.00242437 -0.00149778 -0.00243163 0.999987 -0.00443738 0.00148722 0.00444162 0.999989 0.0155238 0.577075 -0.183316
FixedParameters: 0 0 0

#Transform 74
Transform: AffineTransform_float_3_3
Parameters: 0.999995 0.00258514 -0.00182461 -0.00259386 0.999985 -0.00486829 0.00181239 0.00487271 0.999987 0.0431571 0.602649 -0.181824
FixedParameters: 0 0 0

#Transform 75
Transform: AffineTransform_float_3_3
Parameters: 0.999997 0.00216368 -0.00149763 -0.00217032 0.999985 -0.00490276 0.00148637 0.00490623 0.999987 0.0236111 0.605962 -0.184654
FixedParameters: 0 0 0

#Transform 76
Transform: AffineTransform_float_3_3
Parameters: 0.999996 0.00231731 -0.00149741 -0.00232469 0.999988 -0.00448254 0.00148659 0.00448546 0.999989 0.0167028 0.560279 -0.148672
FixedParameters: 0 0 0

#Transform 77
Transform: AffineTransform_float_3_3
Parameters: 0.999996 0.00237396 -0.00149821 -0.00238104 0.999986 -0.00471545 0.00148678 0.00471955 0.999988 0.0274611 0.590214 -0.163566
FixedParameters: 0 0 0

#Transform 78
Transform: AffineTransform_float_3_3
Parameters: 0.999996 0.0025869 -0.00162436 -0.0025941 0.999987 -0.00438281 0.00161364 0.0043872 0.999989 0.0195892 0.566099 -0.159385
FixedParameters: 0 0 0

#Transform 79
Transform: AffineTransform_float_3_3
Parameters: 0.999996 0.00258664 -0.00159003 -0.00259436 0.999986 -0.0046419 0.00157797 0.0046461 0.999988 0.00398887 0.588996 -0.17596
FixedParameters: 0 0 0

#Transform 80
Transform: AffineTransform_float_3_3
Parameters: 0.999996 0.00258716 -0.00131059 -0.00259384 0.999983 -0.00524462 0.00129741 0.00524738 0.999986 -0.00721272 0.625289 -0.183587
FixedParameters: 0 0 0

#Transform 81
Transform: AffineTransform_float_3_3
Parameters: 0.999996 0.00243543 -0.00130434 -0.00244157 0.999984 -0.00505984 0.00129266 0.00506217 0.999987 -0.00605231 0.601948 -0.183287
FixedParameters: 0 0 0

#Transform 82
Transform: AffineTransform_float_3_3
Parameters: 0.999997 0.00259011 -0.000828248 -0.00259388 0.999985 -0.00472387 0.000815753 0.00472613 0.999989 -0.0419332 0.577836 -0.16291
FixedParameters: 0 0 0

#Transform 83
Transform: AffineTransform_float_3_3
Parameters: 0.999996 0.00258842 -0.00110813 -0.00259458 0.999984 -0.00506614 0.00109487 0.00506885 0.999986 -0.00670622 0.590001 -0.168136
FixedParameters: 0 0 0

#Transform 84
Transform: AffineTransform_float_3_3
Parameters: 0.999997 0.00218415 -0.00110662 -0.00218985 0.999983 -0.00531259 0.00109538 0.00531541 0.999986 -0.0140273 0.612533 -0.164778
FixedParameters: 0 0 0

#Transform 85
Transform: AffineTransform_float_3_3
Parameters: 0.999998 0.00194606 -0.00110553 -0.00195294 0.999983 -0.00539885 0.00109547 0.00540114 0.999985 -0.00890306 0.611671 -0.148401
FixedParameters: 0 0 0

#Transform 86
Transform: AffineTransform_float_3_3
Parameters: 0.999998 0.00196459 -0.00110646 -0.00197041 0.999981 -0.00582384 0.00109454 0.00582617 0.999983 -0.000493245 0.662495 -0.198032
FixedParameters: 0 0 0

#Transform 87
Transform: AffineTransform_float_3_3
Parameters: 0.999993 0.00325486 -0.00170952 -0.00326415 0.99998 -0.00537246 0.00169248 0.00537755 0.999984 0.0260627 0.660002 -0.254769
FixedParameters: 0 0 0

#Transform 88
Transform: AffineTransform_float_3_3
Parameters: 0.999976 -0.00661507 -0.00167191 0.00661193 0.999977 -0.0018331 0.00168409 0.0018219 0.999997 0.255521 0.505904 -0.370728
FixedParameters: 0 0 0

#Transform 89
Transform: AffineTransform_float_3_3
Parameters: 0.999996 -0.00160048 -0.00211661 0.00159252 0.99999 -0.00400138 0.00212338 0.00399761 0.99999 0.110247 0.541842 -0.0937147
FixedParameters: 0 0 0

#Transform 90
Transform: AffineTransform_float_3_3
Parameters: 0.999998 -0.00108195 -0.00167289 0.00107405 0.999988 -0.00474281 0.00167811 0.0047412 0.999988 0.0529986 0.576911 -0.120667
FixedParameters: 0 0 0

#Transform 91
Transform: AffineTransform_float_3_3
Parameters: 0.999999 -0.000772617 -0.00157829 0.00076538 0.999988 -0.00482122 0.00158271 0.00481979 0.999987 0.0471154 0.580621 -0.102796
FixedParameters: 0 0 0

#Transform 92
Transform: AffineTransform_float_3_3
Parameters: 0.999998 -0.0010498 -0.00157684 0.0010412 0.999988 -0.00493665 0.00158216 0.00493535 0.999986 0.0383556 0.578316 -0.10077
FixedParameters: 0 0 0

#Transform 93
Transform: AffineTransform_float_3_3
Parameters: 0.999998 -0.000911566 -0.00139674 0.000905432 0.999988 -0.00469427 0.00140127 0.00469373 0.999988 0.0239891 0.559355 -0.103231
FixedParameters: 0 0 0

#Transform 94
Transform: AffineTransform_float_3_3
Parameters: 0.999999 -0.000955908 -0.00154012 0.000948093 0.999987 -0.00512747 0.00154488 0.00512553 0.999985 0.0396845 0.599663 -0.126366
FixedParameters: 0 0 0

#Transform 95
Transform: AffineTransform_float_3_3
Parameters: 0.999999 -0.000773331 -0.00165012 0.00076567 0.999987 -0.00504327 0.00165388 0.00504173 0.999986 0.00846751 0.594124 -0.126414
FixedParameters: 0 0 0

#Transform 96
Transform: AffineTransform_float_3_3
Parameters: 0.999999 -0.000589097 -0.00164477 0.000579907 0.999984 -0.00552596 0.00164723 0.00552504 0.999984 0.034597 0.622678 -0.116384
FixedParameters: 0 0 0

#Transform 97
Transform: AffineTransform_float_3_3
Parameters: 0.999998 -0.00077492 -0.00187393 0.000765078 0.999985 -0.00528944 0.00187807 0.00528756 0.999985 0.038318 0.605745 -0.0983709
FixedParameters: 0 0 0

#Transform 98
Transform: AffineTransform_float_3_3
Parameters: 0.999999 -0.000773581 -0.00155677 0.000765418 0.999984 -0.0055052 0.00156124 0.0055038 0.999983 0.0291033 0.621856 -0.09932
FixedParameters: 0 0 0

#Transform 99
Transform: AffineTransform_float_3_3
Parameters: 0.999999 -0.000774118 -0.00159561 0.000765882 0.999984 -0.00570624 0.0016004 0.00570578 0.999983 0.0314324 0.633926 -0.0993246
FixedParameters: 0 0 0

#Transform 100
Transform: AffineTransform_float_3_3
Parameters: 0.999998 -0.000669485 -0.00154535 0.000661516 0.999984 -0.00548503 0.00154865 0.00548397 0.999984 0.0162702 0.620226 -0.0826356
FixedParameters: 0 0 0

#Transform 101
Transform: AffineTransform_float_3_3
Parameters: 0.999999 -0.000569071 -0.00176979 0.000558927 0.999983 -0.005686 0.00177321 0.005685 0.999983 0.0343722 0.632242 -0.110481
FixedParameters: 0 0 0

#Transform 102
Transform: AffineTransform_float_3_3
Parameters: 0.999998 -0.000484335 -0.0015995 0.000475668 0.999987 -0.00520677 0.0016015 0.00520623 0.999985 0.00666838 0.580131 -0.0851446
FixedParameters: 0 0 0

#Transform 103
Transform: AffineTransform_float_3_3
Parameters: 0.999998 -0.000116874 -0.00174637 0.000107128 0.999984 -0.0056532 0.00174663 0.00565281 0.999983 0.00251984 0.622797 -0.0952319
FixedParameters: 0 0 0

#Transform 104
Transform: AffineTransform_float_3_3
Parameters: 0.999998 -0.000117447 -0.00187537 0.000106549 0.999984 -0.00557021 0.00187662 0.00556979 0.999982 -0.00253724 0.618591 -0.0886686
FixedParameters: 0 0 0

#Transform 105
Transform: AffineTransform_float_3_3
Parameters: 0.999999 0.000239471 -0.00154734 -0.000248526 0.999985 -0.00551362 0.00154565 0.00551437 0.999983 -0.0307198 0.591634 -0.0523434
FixedParameters: 0 0 0

#Transform 106
Transform: AffineTransform_float_3_3
Parameters: 0.999997 0.000576071 -0.00209603 -0.00058693 0.999986 -0.00521778 0.00209297 0.00521822 0.999984 -0.00313882 0.572814 -0.0660667
FixedParameters: 0 0 0

#Transform 107
Transform: AffineTransform_float_3_3
Parameters: 0.999999 0.000278741 -0.00171353 -0.000288258 0.999986 -0.00540652 0.00171147 0.00540649 0.999984 -0.0217037 0.618144 -0.0865303
FixedParameters: 0 0 0

#Transform 108
Transform: AffineTransform_float_3_3
Parameters: 0.999999 0.000300756 -0.00179675 -0.000311245 0.999983 -0.00570345 0.00179525 0.00570455 0.999982 -0.0154717 0.640201 -0.0805505
FixedParameters: 0 0 0

#Transform 109
Transform: AffineTransform_float_3_3
Parameters: 0.999999 0.000367352 -0.00182018 -0.000378646 0.999983 -0.00585232 0.00181782 0.00585368 0.999981 -0.0339313 0.648959 -0.0823929
FixedParameters: 0 0 0

#Transform 110
Transform: AffineTransform_float_3_3
Parameters: 0.999999 0.000439686 -0.00179456 -0.000450311 0.999984 -0.0057512 0.00179144 0.0057518 0.999982 -0.0258125 0.632573 -0.0694305
FixedParameters: 0 0 0

#Transform 111
Transform: AffineTransform_float_3_3
Parameters: 0.999998 0.000491724 -0.00203326 -0.000505274 0.999979 -0.00653399 0.00202974 0.00653501 0.999976 -0.0182268 0.689679 -0.0982637
FixedParameters: 0 0 0

#Transform 112
Transform: AffineTransform_float_3_3
Parameters: 0.999997 0.000911891 -0.00218694 -0.000926109 0.999978 -0.00645899 0.00218106 0.006461 0.999976 -0.0334915 0.678257 -0.0830104
FixedParameters: 0 0 0

#Transform 113
Transform: AffineTransform_float_3_3
Parameters: 0.999996 0.00154335 -0.00228795 -0.00155765 0.999978 -0.00641646 0.00227805 0.00641954 0.999977 -0.0276432 0.679496 -0.0949646
FixedParameters: 0 0 0

#Transform 114
Transform: AffineTransform_float_3_3
Parameters: 0.999996 0.00152889 -0.00208269 -0.00154211 0.999979 -0.00630781 0.00207231 0.00631119 0.999978 -0.0521475 0.653823 -0.0774885
FixedParameters: 0 0 0

#Transform 115
Transform: AffineTransform_float_3_3
Parameters: 0.999997 0.00134851 -0.00198554 -0.0013605 0.999979 -0.00630532 0.00197746 0.00630769 0.999978 -0.0618519 0.654156 -0.0718625
FixedParameters: 0 0 0

#Transform 116
Transform: AffineTransform_float_3_3
Parameters: 0.999996 0.00157178 -0.00203328 -0.00158522 0.999977 -0.00651479 0.00202371 0.0065172 0.999976 -0.0434384 0.687254 -0.109925
FixedParameters: 0 0 0

#Transform 117
Transform: AffineTransform_float_3_3
Parameters: 0.999997 0.00134807 -0.00197987 -0.00136093 0.999977 -0.00654532 0.00197013 0.00654767 0.999976 -0.0607531 0.689576 -0.104267
FixedParameters: 0 0 0

#Transform 118
Transform: AffineTransform_float_3_3
Parameters: 0.999996 0.00134645 -0.0022169 -0.00136055 0.999978 -0.00657401 0.0022081 0.006577 0.999976 -0.0402489 0.686677 -0.100691
FixedParameters: 0 0 0

#Transform 119
Transform: AffineTransform_float_3_3
Parameters: 0.999997 0.0014986 -0.00199736 -0.0015104 0.999979 -0.006221 0.00198864 0.00622399 0.999978 -0.062125 0.661159 -0.0925608
FixedParameters: 0 0 0

#Transform 120
Transform: AffineTransform_float_3_3
Parameters: 0.999997 0.0018455 -0.00198072 -0.00185849 0.999979 -0.00632634 0.00196828 0.00633066 0.999978 -0.0683205 0.668108 -0.0925623
FixedParameters: 0 0 0

#Transform 121
Transform: AffineTransform_float_3_3
Parameters: 0.999996 0.00166024 -0.0019927 -0.00167376 0.999978 -0.00641669 0.0019823 0.00642032 0.999978 -0.0668315 0.668739 -0.0836951
FixedParameters: 0 0 0

#Transform 122
Transform: AffineTransform_float_3_3
Parameters: 0.999996 0.00166037 -0.00202741 -0.00167363 0.999979 -0.00624363 0.00201659 0.00624737 0.999979 -0.0597465 0.645314 -0.0861652
FixedParameters: 0 0 0

#Transform 123
Transform: AffineTransform_float_3_3
Parameters: 0.999997 0.00144284 -0.00209114 -0.00145616 0.999979 -0.00630598 0.00208186 0.00630902 0.999978 -0.0459974 0.662588 -0.10138
FixedParameters: 0 0 0

#Transform 124
Transform: AffineTransform_float_3_3
Parameters: 0.999997 0.00188146 -0.00198496 -0.00189354 0.999978 -0.00633327 0.00197304 0.00633674 0.999978 -0.0714199 0.6543 -0.0837842
FixedParameters: 0 0 0

#Transform 125
Transform: AffineTransform_float_3_3
Parameters: 0.999996 0.00201231 -0.00209523 -0.00202569 0.999976 -0.00655078 0.00208277 0.00655522 0.999977 -0.0563462 0.679431 -0.105016
FixedParameters: 0 0 0

#Transform 126
Transform: AffineTransform_float_3_3
Parameters: 0.999997 0.00170651 -0.00208495 -0.0017205 0.999974 -0.00697044 0.00207306 0.00697357 0.999974 -0.0599162 0.693359 -0.105156
FixedParameters: 0 0 0

#Transform 127
Transform: AffineTransform_float_3_3
Parameters: 0.999997 0.00193915 -0.00157247 -0.00194985 0.999974 -0.00692495 0.00155953 0.00692805 0.999975 -0.0862395 0.685802 -0.0901325
FixedParameters: 0 0 0

#Transform 128
Transform: AffineTransform_float_3_3
Parameters: 0.999996 0.00211256 -0.00157311 -0.00212344 0.999975 -0.00666168 0.00155988 0.00666532 0.999977 -0.0633309 0.673494 -0.0934804
FixedParameters: 0 0 0

#Transform 129
Transform: AffineTransform_float_3_3
Parameters: 0.999993 0.00355172 -0.000718499 -0.00355628 0.999976 -0.00604848 0.000697495 0.00605152 0.999981 -0.0308044 0.571273 -0.0306135
FixedParameters: 0 0 0

#Transform 130
Transform: AffineTransform_float_3_3
Parameters: 0.99999 0.00424613 -0.000721461 -0.00425287 0.999956 -0.00834401 0.000685531 0.00834699 0.999965 -0.127021 0.751374 -0.0368657
FixedParameters: 0 0 0

#Transform 131
Transform: AffineTransform_float_3_3
Parameters: 0.999993 0.00358573 -0.000971437 -0.00359127 0.999972 -0.00652856 0.000947567 0.00653245 0.999978 -0.0902992 0.669796 -0.0993516
FixedParameters: 0 0 0

#Transform 132
Transform: AffineTransform_float_3_3
Parameters: 0.999997 0.00212202 -0.000241753 -0.00212298 0.999989 -0.00412349 0.000233248 0.0041235 0.999991 -0.140691 0.455288 0.0218001
FixedParameters: 0 0 0

#Transform 133
Transform: AffineTransform_float_3_3
Parameters: 0.999999 0.00179833 -0.000238108 -0.00179867 0.999995 -0.00283958 0.000232894 0.00283942 0.999996 -0.178806 0.364972 -0.0178838
FixedParameters: 0 0 0

#Transform 134
Transform: AffineTransform_float_3_3
Parameters: 0.999996 0.00264483 0.000222307 -0.00264316 0.99999 -0.0036656 -0.000232691 0.0036654 0.999994 -0.233338 0.471063 -0.0466595
FixedParameters: 0 0 0

#Transform 135
Transform: AffineTransform_float_3_3
Parameters: 0.999996 0.00254627 -0.00017024 -0.00254773 0.999987 -0.00441358 0.000159758 0.00441342 0.99999 -0.155548 0.548388 -0.0807539
FixedParameters: 0 0 0

#Transform 136
Transform: AffineTransform_float_3_3
Parameters: 0.999997 0.00246807 -0.000355621 -0.00246992 0.999981 -0.00551614 0.00034138 0.00551686 0.999984 -0.162686 0.63764 -0.100141
FixedParameters: 0 0 0

#Transform 137
Transform: AffineTransform_float_3_3
Parameters: 0.999997 0.00197273 -0.00089471 -0.00197727 0.999981 -0.00592725 0.000883294 0.00592876 0.999982 -0.143678 0.645673 -0.095213
FixedParameters: 0 0 0

#Transform 138
Transform: AffineTransform_float_3_3
Parameters: 0.999998 0.00156216 -0.000457808 -0.00156484 0.999979 -0.00627229 0.000447194 0.00627271 0.99998 -0.172646 0.667682 -0.0899451
FixedParameters: 0 0 0

#Transform 139
Transform: AffineTransform_float_3_3
Parameters: 0.999998 0.00221295 -0.000487099 -0.00221606 0.999978 -0.00636594 0.000473901 0.00636706 0.999979 -0.147294 0.671402 -0.0996766
FixedParameters: 0 0 0

#Transform 140
Transform: AffineTransform_float_3_3
Parameters: 0.999998 0.00217137 -0.000301955 -0.00217363 0.999983 -0.00550336 0.00029004 0.00550464 0.999985 -0.164019 0.60818 -0.0910825
FixedParameters: 0 0 0

#Transform 141
Transform: AffineTransform_float_3_3
Parameters: 0.999998 -0.0010375 -0.0016537 0.00102851 0.999987 -0.00512971 0.0016583 0.00512829 0.999986 -0.0518873 0.61028 -0.210413
FixedParameters: 0 0 0

#Transform 142
Transform: AffineTransform_float_3_3
Parameters: 0.999997 0.000186177 -0.0025133 -0.00020282 0.999977 -0.00669451 0.0025117 0.00669549 0.999975 -0.0487455 0.742206 -0.240728
FixedParameters: 0 0 0

#Transform 143
Transform: AffineTransform_float_3_3
Parameters: 0.999997 0.000716803 -0.00223827 -0.000730195 0.999983 -0.00590038 0.00223373 0.00590262 0.99998 -0.0930474 0.669771 -0.199637
FixedParameters: 0 0 0

#Transform 144
Transform: AffineTransform_float_3_3
Parameters: 0.999998 0.00093881 -0.00206405 -0.000952191 0.999979 -0.00639905 0.00205795 0.00640095 0.999978 -0.107035 0.69437 -0.181548
FixedParameters: 0 0 0

#Transform 145
Transform: AffineTransform_float_3_3
Parameters: 0.999997 0.00157783 -0.00198872 -0.00159017 0.99998 -0.00613286 0.00197928 0.00613614 0.999979 -0.132126 0.676389 -0.164866
FixedParameters: 0 0 0

#Transform 146
Transform: AffineTransform_float_3_3
Parameters: 0.999997 0.00170047 -0.00161814 -0.00171153 0.999977 -0.00652925 0.00160686 0.00653275 0.999978 -0.14452 0.715818 -0.165981
FixedParameters: 0 0 0

#Transform 147
Transform: AffineTransform_float_3_3
Parameters: 0.999995 0.00204821 -0.00213332 -0.00206179 0.999977 -0.00648163 0.00211968 0.00648537 0.999976 -0.116316 0.707684 -0.164368
FixedParameters: 0 0 0

#Transform 148
Transform: AffineTransform_float_3_3
Parameters: 0.999996 0.00205154 -0.00162033 -0.00206146 0.999977 -0.00647968 0.00160667 0.00648332 0.999977 -0.162311 0.695922 -0.168619
FixedParameters: 0 0 0

#Transform 149
Transform: AffineTransform_float_3_3
Parameters: 0.999996 0.00205013 -0.00183635 -0.00206187 0.999977 -0.00648824 0.00182266 0.00649176 0.999978 -0.170488 0.703828 -0.150785
FixedParameters: 0 0 0

#Transform 150
Transform: AffineTransform_float_3_3
Parameters: 0.999994 0.00283073 -0.00204847 -0.00284427 0.999975 -0.00650521 0.00202953 0.00651078 0.999976 -0.172424 0.71053 -0.156397
FixedParameters: 0 0 0

#Transform 151
Transform: AffineTransform_float_3_3
Parameters: 0.999994 0.00267691 -0.00190353 -0.00269008 0.999972 -0.00690392 0.00188547 0.00690908 0.999975 -0.188323 0.740458 -0.158861
FixedParameters: 0 0 0

#Transform 152
Transform: AffineTransform_float_3_3
Parameters: 0.999995 0.00244395 -0.00162375 -0.00245504 0.999973 -0.00683704 0.00160625 0.00684095 0.999976 -0.205217 0.716155 -0.143715
FixedParameters: 0 0 0

#Transform 153
Transform: AffineTransform_float_3_3
Parameters: 0.999997 0.0023362 -0.00142618 -0.0023468 0.999974 -0.00690968 0.00140981 0.00691332 0.999975 -0.206292 0.720756 -0.144202
FixedParameters: 0 0 0

#Transform 154
Transform: AffineTransform_float_3_3
Parameters: 0.999996 0.00229801 -0.00169934 -0.00230999 0.999972 -0.00708911 0.00168266 0.0070929 0.999974 -0.194651 0.740473 -0.143415
FixedParameters: 0 0 0

#Transform 155
Transform: AffineTransform_float_3_3
Parameters: 0.999995 0.00248175 -0.00162431 -0.00249324 0.999972 -0.00695798 0.00160669 0.00696202 0.999975 -0.188501 0.726662 -0.143636
FixedParameters: 0 0 0

#Transform 156
Transform: AffineTransform_float_3_3
Parameters: 0.999996 0.00236216 -0.00162435 -0.00237483 0.999971 -0.00732417 0.00160664 0.00732783 0.999972 -0.193304 0.755574 -0.156327
FixedParameters: 0 0 0

#Transform 157
Transform: AffineTransform_float_3_3
Parameters: 0.999995 0.00242404 -0.00162498 -0.00243596 0.999969 -0.00739807 0.00160702 0.00740193 0.999972 -0.184419 0.750036 -0.147815
FixedParameters: 0 0 0

#Transform 158
Transform: AffineTransform_float_3_3
Parameters: 0.999996 0.00235048 -0.0016238 -0.00236151 0.999972 -0.0071282 0.0016062 0.00713181 0.999974 -0.199441 0.733993 -0.143659
FixedParameters: 0 0 0

#Transform 159
Transform: AffineTransform_float_3_3
Parameters: 0.999995 0.00294174 -0.00162934 -0.00295326 0.999967 -0.00757623 0.00160667 0.00758077 0.99997 -0.193479 0.768589 -0.162656
FixedParameters: 0 0 0

#Transform 160
Transform: AffineTransform_float_3_3
Parameters: 0.999996 0.00239582 -0.0016251 -0.00240718 0.999968 -0.00753312 0.00160691 0.00753688 0.999971 -0.205369 0.76396 -0.143608
FixedParameters: 0 0 0

#Transform 161
Transform: AffineTransform_float_3_3
Parameters: 0.999995 0.00265522 -0.00162803 -0.00266778 0.999965 -0.0078997 0.00160697 0.00790431 0.999968 -0.198364 0.779438 -0.143625
FixedParameters: 0 0 0

#Transform 162
Transform: AffineTransform_float_3_3
Parameters: 0.999996 0.00256129 -0.00162718 -0.00257371 0.999966 -0.00785585 0.00160683 0.00786015 0.999968 -0.207254 0.766954 -0.143714
FixedParameters: 0 0 0

#Transform 163
Transform: AffineTransform_float_3_3
Parameters: 0.999993 0.00321388 -0.00163307 -0.00322711 0.999962 -0.00809378 0.00160692 0.00809922 0.999966 -0.221984 0.789399 -0.13646
FixedParameters: 0 0 0

#Transform 164
Transform: AffineTransform_float_3_3
Parameters: 0.999994 0.00318664 -0.00163333 -0.00320036 0.999961 -0.00824282 0.00160667 0.00824817 0.999964 -0.228587 0.793587 -0.143609
FixedParameters: 0 0 0

#Transform 165
Transform: AffineTransform_float_3_3
Parameters: 0.999994 0.00297598 -0.00163098 -0.00298902 0.999963 -0.00803718 0.00160702 0.00804283 0.999967 -0.230431 0.775391 -0.122812
FixedParameters: 0 0 0

#Transform 166
Transform: AffineTransform_float_3_3
Parameters: 0.999993 0.00314937 -0.00163355 -0.00316362 0.999959 -0.00840988 0.00160644 0.00841511 0.999964 -0.225717 0.808715 -0.139752
FixedParameters: 0 0 0

#Transform 167
Transform: AffineTransform_float_3_3
Parameters: 0.999992 0.0035036 -0.00194385 -0.00352039 0.999957 -0.00849722 0.00191314 0.00850377 0.999962 -0.217035 0.812877 -0.134886
FixedParameters: 0 0 0

#Transform 168
Transform: AffineTransform_float_3_3
Parameters: 0.999993 0.00339656 -0.00163729 -0.00341143 0.999954 -0.00889548 0.00160671 0.00890152 0.999959 -0.22638 0.837286 -0.144066
FixedParameters: 0 0 0

#Transform 169
Transform: AffineTransform_float_3_3
Parameters: 0.999992 0.00367509 -0.00163857 -0.00368891 0.999957 -0.00857003 0.00160643 0.00857598 0.999962 -0.227113 0.808228 -0.116411
FixedParameters: 0 0 0

#Transform 170
Transform: AffineTransform_float_3_3
Parameters: 0.999992 0.00384306 -0.00152754 -0.00385693 0.99995 -0.00922719 0.00149146 0.00923381 0.999957 -0.223465 0.855612 -0.113843
FixedParameters: 0 0 0

#Transform 171
Transform: AffineTransform_float_3_3
Parameters: 0.999989 0.00435143 -0.00164869 -0.00436756 0.999945 -0.0095609 0.0016063 0.00956809 0.999953 -0.225018 0.874142 -0.109094
FixedParameters: 0 0 0

#Transform 172
Transform: AffineTransform_float_3_3
Parameters: 0.999991 0.00413352 -0.00153945 -0.00414749 0.999946 -0.00952471 0.00150055 0.0095313 0.999954 -0.226157 0.872971 -0.142156
FixedParameters: 0 0 0

#Transform 173
Transform: AffineTransform_float_3_3
Parameters: 0.99999 0.00412485 -0.00139646 -0.00413814 0.999946 -0.00954831 0.00135654 0.00955369 0.999954 -0.227642 0.873848 -0.0943787
FixedParameters: 0 0 0

#Transform 174
Transform: AffineTransform_float_3_3
Parameters: 0.99999 0.00406472 -0.00156525 -0.00408027 0.999943 -0.00988071 0.00152474 0.00988729 0.99995 -0.20616 0.894163 -0.10766
FixedParameters: 0 0 0

#Transform 175
Transform: AffineTransform_float_3_3
Parameters: 0.999992 0.00384408 -0.00164237 -0.00385992 0.999951 -0.00917975 0.00160662 0.00918626 0.999957 -0.210721 0.842986 -0.108914
FixedParameters: 0 0 0

#Transform 176
Transform: AffineTransform_float_3_3
Parameters: 0.999992 0.00392163 -0.000826839 -0.00392738 0.999962 -0.00785582 0.000796165 0.00785919 0.999969 -0.196577 0.735772 -0.0373998
FixedParameters: 0 0 0

#Transform 177
Transform: AffineTransform_float_3_3
Parameters: 0.999994 0.00330197 -0.000256545 -0.00330303 0.999986 -0.00410117 0.000243455 0.00410183 0.999991 -0.237932 0.439915 0.0433706
FixedParameters: 0 0 0

#Transform 178
Transform: AffineTransform_float_3_3
Parameters: 0.999989 0.00458712 -0.00071632 -0.00459089 0.999974 -0.00551578 0.00069168 0.00551924 0.999985 -0.240431 0.567892 -0.00408833
FixedParameters: 0 0 0

#Transform 179
Transform: AffineTransform_float_3_3
Parameters: 0.999988 0.0048651 -0.000696783 -0.00486889 0.999972 -0.00570667 0.000668215 0.00571032 0.999983 -0.271453 0.587419 -0.0228344
FixedParameters: 0 0 0
