#Insight Transform File V1.0
#Transform 0
Transform: AffineTransform_float_3_3
Parameters: 1 0.000217012 -0.000358993 -0.000216988 1 3.40779e-05 0.000359007 -3.39221e-05 1 0.0619753 -0.0726056 -0.346729
FixedParameters: 0 0 0

#Transform 1
Transform: AffineTransform_float_3_3
Parameters: 1 9.69614e-05 0.000259014 -9.70386e-05 1 0.000148975 -0.000258986 -0.000149025 1 0.0168147 0.0943446 -0.00400636
FixedParameters: 0 0 0

#Transform 2
Transform: AffineTransform_float_3_3
Parameters: 1 0.000953964 0.000354097 -0.000954036 0.999999 0.000101662 -0.000353903 -0.000102338 1 -0.0396171 0.100308 0.000636546
FixedParameters: 0 0 0

#Transform 3
Transform: AffineTransform_float_3_3
Parameters: 1 7.70787e-05 0.000449986 -7.69212e-05 1 -0.000175035 -0.000450013 0.000174965 1 -0.00478827 0.130323 -0.000327281
FixedParameters: 0 0 0

#Transform 4
Transform: AffineTransform_float_3_3
Parameters: 1 7.7002e-05 0.000292999 -7.69979e-05 1 -7.02256e-06 -0.000293001 6.97744e-06 1 0.0125021 0.117134 0.000131973
FixedParameters: 0 0 0

#Transform 5
Transform: AffineTransform_float_3_3
Parameters: 0.999997 -0.000194278 0.00248413 0.000195721 0.999999 -0.000692516 -0.00248386 0.000693484 0.999996 -0.117503 0.152338 -0.032702
FixedParameters: 0 0 0

#Transform 6
Transform: AffineTransform_float_3_3
Parameters: 0.999998 -0.000553064 0.00181037 0.000550937 0.999999 0.00114 -0.00181063 -0.001139 0.999997 -0.0549896 0.0922725 -0.00256574
FixedParameters: 0 0 0

#Transform 7
Transform: AffineTransform_float_3_3
Parameters: 1 -0.000310977 0.00114374 0.000310025 0.999999 0.000853355 -0.00114327 -0.000853645 0.999999 -0.0296506 0.104698 -0.00928682
FixedParameters: 0 0 0

#Transform 8
Transform: AffineTransform_float_3_3
Parameters: 0.999999 -0.000419063 0.00128165 0.000417935 0.999999 0.000830536 -0.00128235 -0.000829463 0.999999 -0.045366 0.0844766 -0.00110789
FixedParameters: 0 0 0

#Transform 9
Transform: AffineTransform_float_3_3
Parameters: 1 -0.000419733 0.000951678 0.000419268 0.999999 0.000769399 -0.000952324 -0.000769601 1 -0.0288745 0.0870892 0.00578872
FixedParameters: 0 0 0

#Transform 10
Transform: AffineTransform_float_3_3
Parameters: 0.999999 2.75196e-05 0.000806016 -2.74803e-05 1 0.000595978 -0.000805983 -0.000596022 0.999999 -0.0563933 0.12906 0.00975143
FixedParameters: 0 0 0

#Transform 11
Transform: AffineTransform_float_3_3
Parameters: 1 0.000373812 0.000503139 -0.000374187 1 0.000372812 -0.00050286 -0.000373188 1 -0.0297891 0.128509 0.0123564
FixedParameters: 0 0 0

#Transform 12
Transform: AffineTransform_float_3_3
Parameters: 1 -0.00101152 -0.000239048 0.00101248 0.999998 0.00202376 0.000236951 -0.00202424 0.999998 0.0282779 0.0369234 0.0435601
FixedParameters: 0 0 0

#Transform 13
Transform: AffineTransform_float_3_3
Parameters: 0.999999 -0.000566987 0.000521929 0.000566012 0.999998 0.0018903 -0.00052307 -0.0018897 0.999998 -0.0161398 0.0400963 0.0530541
FixedParameters: 0 0 0

#Transform 14
Transform: AffineTransform_float_3_3
Parameters: 0.999998 -0.000470242 0.00186193 0.000465758 0.999998 0.00227787 -0.00186307 -0.00227713 0.999995 -0.0959955 -0.00384592 0.0545852
FixedParameters: 0 0 0

#Transform 15
Transform: AffineTransform_float_3_3
Parameters: 1 -0.000112394 -0.000203336 0.000113605 0.999995 0.00298197 0.000202662 -0.00298202 0.999995 0.0289821 0.0710373 -0.189702
FixedParameters: 0 0 0

#Transform 16
Transform: AffineTransform_float_3_3
Parameters: 1 -0.000157415 -0.000198466 0.000158587 0.999995 0.00295297 0.000198532 -0.00295303 0.999995 0.0276198 0.0760008 -0.175618
FixedParameters: 0 0 0

#Transform 17
Transform: AffineTransform_float_3_3
Parameters: 0.999999 -0.000452484 0.000558802 0.000451516 0.999997 0.00265225 -0.000560199 -0.00265175 0.999997 -0.00155894 0.0794254 -0.132298
FixedParameters: 0 0 0

#Transform 18
Transform: AffineTransform_float_3_3
Parameters: 0.999999 -0.000473446 0.000558778 0.000471552 0.999996 0.00258626 -0.000560221 -0.00258574 0.999997 0.0121906 0.0799539 -0.117156
FixedParameters: 0 0 0

#Transform 19
Transform: AffineTransform_float_3_3
Parameters: 0.999999 0.000625266 0.000810341 -0.000626733 0.999997 0.00214149 -0.00080866 -0.00214151 0.999998 -0.093561 0.100903 -0.0832961
FixedParameters: 0 0 0

#Transform 20
Transform: AffineTransform_float_3_3
Parameters: 0.999999 -0.000355947 0.000762558 0.000355052 0.999999 0.00124227 -0.000763441 -0.00124173 0.999999 -0.0298848 0.11086 -0.0703798
FixedParameters: 0 0 0

#Transform 21
Transform: AffineTransform_float_3_3
Parameters: 1 -0.00059356 -0.000364472 0.000592442 0.99999 -0.00426522 0.00036653 0.00426478 0.999991 0.0398793 0.418439 -0.214333
FixedParameters: 0 0 0

#Transform 22
Transform: AffineTransform_float_3_3
Parameters: 0.999999 0.000300135 -0.0009732 -0.000303864 0.999992 -0.00397371 0.000971799 0.00397429 0.999991 0.0521523 0.471266 -0.55361
FixedParameters: 0 0 0

#Transform 23
Transform: AffineTransform_float_3_3
Parameters: 1 0.000687447 -0.000975937 -0.000693555 0.999984 -0.00570233 0.000972061 0.00570268 0.999984 0.0827043 0.556642 -0.554828
FixedParameters: 0 0 0

#Transform 24
Transform: AffineTransform_float_3_3
Parameters: 1 0.000642629 -0.000872238 -0.000647371 0.999987 -0.00502144 0.000868761 0.00502156 0.999987 0.066218 0.481297 -0.394214
FixedParameters: 0 0 0

#Transform 25
Transform: AffineTransform_float_3_3
Parameters: 0.999999 -0.000445458 -0.00138394 0.000438541 0.999989 -0.00466361 0.00138606 0.00466239 0.999988 0.0754579 0.526598 -0.409754
FixedParameters: 0 0 0

#Transform 26
Transform: AffineTransform_float_3_3
Parameters: 0.999997 -0.00166334 0.00167068 0.00167366 0.999978 -0.00639922 -0.00166032 0.00640178 0.999978 0.00515172 0.761394 -0.775277
FixedParameters: 0 0 0

#Transform 27
Transform: AffineTransform_float_3_3
Parameters: 0.999998 -0.00134422 -0.000852633 0.00133577 0.999941 -0.0107251 0.000867375 0.0107238 0.999942 0.11643 0.838474 -1.31435
FixedParameters: 0 0 0

#Transform 28
Transform: AffineTransform_float_3_3
Parameters: 1 9.53087e-05 0.000501567 -9.36893e-05 0.99999 -0.00460105 -0.000502436 0.00460096 0.99999 0.00622508 0.631929 -1.05827
FixedParameters: 0 0 0

#Transform 29
Transform: AffineTransform_float_3_3
Parameters: 1 -0.000398434 -0.00109633 0.000390568 0.999977 -0.00677343 0.00109867 0.00677256 0.999976 0.102224 0.732073 -1.21141
FixedParameters: 0 0 0

#Transform 30
Transform: AffineTransform_float_3_3
Parameters: 1 -0.000846709 -0.000470386 0.000843287 0.999969 -0.0078294 0.000477617 0.0078286 0.999969 0.0871415 0.778923 -1.30603
FixedParameters: 0 0 0

#Transform 31
Transform: AffineTransform_float_3_3
Parameters: 0.999999 -0.000991124 -0.000932534 0.00098488 0.999978 -0.00654493 0.000938466 0.00654408 0.999978 0.107989 0.738857 -1.27174
FixedParameters: 0 0 0

#Transform 32
Transform: AffineTransform_float_3_3
Parameters: 0.999999 -0.00101766 -0.000932865 0.00101235 0.999981 -0.00604595 0.000938138 0.00604505 0.999982 0.108233 0.711159 -1.25429
FixedParameters: 0 0 0

#Transform 33
Transform: AffineTransform_float_3_3
Parameters: 0.999999 -0.00103213 -0.000702979 0.00102787 0.999983 -0.00584573 0.00070902 0.00584427 0.999982 0.0896078 0.701108 -1.25668
FixedParameters: 0 0 0

#Transform 34
Transform: AffineTransform_float_3_3
Parameters: 0.999999 -0.000981905 -0.000932823 0.0009761 0.999979 -0.00630991 0.000938177 0.00630908 0.999979 0.103615 0.719176 -1.2629
FixedParameters: 0 0 0

#Transform 35
Transform: AffineTransform_float_3_3
Parameters: 0.999999 -0.000907971 -0.0011043 0.00090103 0.99998 -0.006297 0.00110969 0.00629599 0.999979 0.108714 0.726478 -1.23357
FixedParameters: 0 0 0

#Transform 36
Transform: AffineTransform_float_3_3
Parameters: 0.999999 -4.99967e-06 -0.000801984 2.32e-10 0.99998 -0.006234 0.000802016 0.006234 0.99998 0.0487655 0.72104 -1.16942
FixedParameters: 0 0 0

#Transform 37
Transform: AffineTransform_float_3_3
Parameters: 0.999999 -0.000287713 -0.00126227 0.00028029 0.999982 -0.00610536 0.00126373 0.00610564 0.99998 0.0875437 0.701145 -1.1847
FixedParameters: 0 0 0

#Transform 38
Transform: AffineTransform_float_3_3
Parameters: 0.999998 -8.50501e-05 -0.00164651 7.49528e-05 0.999982 -0.00610313 0.00164649 0.00610287 0.99998 0.104539 0.704153 -1.20204
FixedParameters: 0 0 0

#Transform 39
Transform: AffineTransform_float_3_3
Parameters: 0.999998 -0.00064638 -0.00151144 0.000638623 0.999985 -0.00553798 0.00151456 0.00553703 0.999984 0.113142 0.691625 -1.1627
FixedParameters: 0 0 0

#Transform 40
Transform: AffineTransform_float_3_3
Parameters: 0.999998 -0.00144759 -0.00180073 0.00144141 0.999993 -0.00365361 0.00180628 0.00365139 0.999991 0.135416 0.619114 -1.09404
FixedParameters: 0 0 0

#Transform 41
Transform: AffineTransform_float_3_3
Parameters: 0.999999 -0.000516773 -0.001738 0.000510228 0.999993 -0.00389489 0.00174 0.00389411 0.999991 0.108729 0.637946 -1.0845
FixedParameters: 0 0 0

#Transform 42
Transform: AffineTransform_float_3_3
Parameters: 0.999999 -0.000274377 -0.00148402 0.000268624 0.999994 -0.00362141 0.00148498 0.0036216 0.999993 0.0829236 0.622159 -1.03088
FixedParameters: 0 0 0

#Transform 43
Transform: AffineTransform_float_3_3
Parameters: 0.999998 -0.000277028 -0.00190685 0.000268971 0.999991 -0.00420952 0.00190815 0.00420848 0.99999 0.0717492 0.626252 -0.928441
FixedParameters: 0 0 0

#Transform 44
Transform: AffineTransform_float_3_3
Parameters: 0.999997 0.000125859 -0.00213056 -0.000135143 0.999991 -0.00429072 0.00213044 0.00429127 0.999988 0.0929115 0.650234 -1.01234
FixedParameters: 0 0 0

#Transform 45
Transform: AffineTransform_float_3_3
Parameters: 0.999996 -0.000199532 -0.00262222 0.000189466 0.999992 -0.00401551 0.00262378 0.00401549 0.999989 0.113029 0.649915 -1.04888
FixedParameters: 0 0 0

#Transform 46
Transform: AffineTransform_float_3_3
Parameters: 0.999998 9.65378e-06 -0.00188009 -2.13456e-05 0.999982 -0.00603497 0.00187991 0.00603503 0.99998 0.073955 0.71895 -1.14493
FixedParameters: 0 0 0

#Transform 47
Transform: AffineTransform_float_3_3
Parameters: 0.999999 -0.00019844 -0.00178698 0.00018956 0.999986 -0.00528135 0.00178803 0.00528066 0.999985 0.0901052 0.683741 -1.10724
FixedParameters: 0 0 0

#Transform 48
Transform: AffineTransform_float_3_3
Parameters: 0.999998 0.000143015 -0.00191369 -0.000151986 0.999989 -0.00469572 0.00191331 0.00469628 0.999987 0.0759117 0.65699 -1.09064
FixedParameters: 0 0 0

#Transform 49
Transform: AffineTransform_float_3_3
Parameters: 0.999998 -0.00012643 -0.00225034 0.000114571 0.999984 -0.00552327 0.00225067 0.00552273 0.999982 0.0820798 0.714949 -1.15642
FixedParameters: 0 0 0

#Transform 50
Transform: AffineTransform_float_3_3
Parameters: 0.999999 -0.000264514 -0.00154206 0.000259487 0.999993 -0.0035744 0.00154294 0.0035746 0.999993 0.0724611 0.631945 -1.02103
FixedParameters: 0 0 0

#Transform 51
Transform: AffineTransform_float_3_3
Parameters: 0.999999 0.000221422 -0.00154366 -0.000225575 0.999995 -0.00296566 0.00154234 0.00296635 0.999995 0.0456509 0.624371 -0.983022
FixedParameters: 0 0 0

#Transform 52
Transform: AffineTransform_float_3_3
Parameters: 0.999998 -0.00024875 -0.00195628 0.00024325 0.999995 -0.00293948 0.00195672 0.00293852 0.999994 0.086035 0.618215 -0.981367
FixedParameters: 0 0 0

#Transform 53
Transform: AffineTransform_float_3_3
Parameters: 0.999999 6.29062e-05 -0.00152417 -6.70932e-05 0.999997 -0.0026859 0.00152383 0.0026861 0.999995 0.0434372 0.608923 -0.967598
FixedParameters: 0 0 0

#Transform 54
Transform: AffineTransform_float_3_3
Parameters: 0.999998 6.73751e-06 -0.00195703 -1.22643e-05 0.999995 -0.00320098 0.00195697 0.00320002 0.999993 0.0640138 0.634481 -1.02908
FixedParameters: 0 0 0

#Transform 55
Transform: AffineTransform_float_3_3
Parameters: 0.999999 -2.01425e-05 -0.00178194 1.38573e-05 0.999994 -0.00344703 0.00178206 0.00344697 0.999993 0.0609552 0.633421 -1.04178
FixedParameters: 0 0 0

#Transform 56
Transform: AffineTransform_float_3_3
Parameters: 0.999998 -0.000126717 -0.00193057 0.000120285 0.999994 -0.00347924 0.00193043 0.00347876 0.999992 0.0899056 0.634761 -1.02686
FixedParameters: 0 0 0

#Transform 57
Transform: AffineTransform_float_3_3
Parameters: 0.999998 -0.000134717 -0.00190854 0.000127281 0.999994 -0.00351925 0.00190946 0.00351875 0.999992 0.0801895 0.632606 -1.00193
FixedParameters: 0 0 0

#Transform 58
Transform: AffineTransform_float_3_3
Parameters: 0.999999 -0.000230932 -0.00183339 0.000226068 0.999997 -0.00269042 0.00183361 0.00268958 0.999994 0.0683718 0.57389 -0.928227
FixedParameters: 0 0 0

#Transform 59
Transform: AffineTransform_float_3_3
Parameters: 0.999998 -0.000121695 -0.00190965 0.000116304 0.999995 -0.00298223 0.00191036 0.00298177 0.999993 0.0574427 0.587741 -0.946197
FixedParameters: 0 0 0

#Transform 60
Transform: AffineTransform_float_3_3
Parameters: 0.999999 0.000235797 -0.00131876 -0.000240205 0.999995 -0.00318869 0.00131824 0.00318831 0.999994 0.00162107 0.607943 -0.953456
FixedParameters: 0 0 0

#Transform 61
Transform: AffineTransform_float_3_3
Parameters: 0.999999 -5.49305e-05 -0.00174477 4.70683e-05 0.999989 -0.00454509 0.00174523 0.00454491 0.999988 0.055373 0.640316 -1.01661
FixedParameters: 0 0 0

#Transform 62
Transform: AffineTransform_float_3_3
Parameters: 0.999997 -2.06262e-06 -0.002135 -5.0626e-06 0.999995 -0.003308 0.00213499 0.00330801 0.999992 0.066154 0.605298 -0.94133
FixedParameters: 0 0 0

#Transform 63
Transform: AffineTransform_float_3_3
Parameters: 0.999999 -3.87624e-05 -0.00186287 3.22406e-05 0.999994 -0.00363007 0.00186213 0.00362993 0.999991 0.0652954 0.62978 -0.994202
FixedParameters: 0 0 0

#Transform 64
Transform: AffineTransform_float_3_3
Parameters: 0.999999 -6.23753e-05 -0.00179679 5.56256e-05 0.999993 -0.0035471 0.00179721 0.00354789 0.999992 0.0588886 0.623071 -0.998046
FixedParameters: 0 0 0

#Transform 65
Transform: AffineTransform_float_3_3
Parameters: 0.999998 -0.000234485 -0.00229615 0.000225516 0.999993 -0.00369453 0.00229685 0.00369447 0.99999 0.0864511 0.624747 -1.02196
FixedParameters: 0 0 0

#Transform 66
Transform: AffineTransform_float_3_3
Parameters: 0.999998 -0.000117606 -0.00189854 0.000110395 0.999992 -0.00400622 0.00189846 0.00400578 0.99999 0.0626395 0.638179 -1.0312
FixedParameters: 0 0 0

#Transform 67
Transform: AffineTransform_float_3_3
Parameters: 0.999998 -0.000436039 -0.00183434 0.000428959 0.999992 -0.00383579 0.00183666 0.0038352 0.999991 0.0540541 0.638821 -1.00735
FixedParameters: 0 0 0

#Transform 68
Transform: AffineTransform_float_3_3
Parameters: 0.999999 4.01679e-05 -0.00183616 -4.68314e-05 0.999993 -0.00372092 0.00183584 0.00372108 0.999992 0.0463683 0.6447 -1.01951
FixedParameters: 0 0 0

#Transform 69
Transform: AffineTransform_float_3_3
Parameters: 0.999997 0.000147588 -0.00252557 -0.000156413 0.999993 -0.00372662 0.00252543 0.00372738 0.99999 0.0660888 0.652266 -1.01887
FixedParameters: 0 0 0

#Transform 70
Transform: AffineTransform_float_3_3
Parameters: 0.999997 7.80647e-05 -0.00240634 -8.79335e-05 0.999992 -0.0041288 0.00240566 0.0041292 0.999988 0.0620057 0.676543 -1.02554
FixedParameters: 0 0 0

#Transform 71
Transform: AffineTransform_float_3_3
Parameters: 0.999997 8.12677e-05 -0.00237035 -9.07303e-05 0.999991 -0.00410579 0.00236965 0.0041062 0.999989 0.0715875 0.653565 -1.0267
FixedParameters: 0 0 0

#Transform 72
Transform: AffineTransform_float_3_3
Parameters: 0.999998 7.15941e-05 -0.00228928 -8.04069e-05 0.999994 -0.00367283 0.00228872 0.00367217 0.99999 0.0526954 0.654022 -0.966386
FixedParameters: 0 0 0

#Transform 73
Transform: AffineTransform_float_3_3
Parameters: 0.999998 -2.93542e-05 -0.00160988 2.16497e-05 0.999989 -0.00456804 0.00160912 0.00456796 0.999989 0.0420499 0.674431 -0.951177
FixedParameters: 0 0 0

#Transform 74
Transform: AffineTransform_float_3_3
Parameters: 0.999999 0.000151095 -0.00126772 -0.000156901 0.999989 -0.00465881 0.00126628 0.0046592 0.999989 0.0256506 0.678989 -0.978225
FixedParameters: 0 0 0

#Transform 75
Transform: AffineTransform_float_3_3
Parameters: 0.999997 -0.000414804 -0.00247338 0.000405197 0.999992 -0.00396302 0.00247462 0.00396199 0.999989 0.0833494 0.653555 -0.973093
FixedParameters: 0 0 0

#Transform 76
Transform: AffineTransform_float_3_3
Parameters: 0.999997 -0.00040202 -0.00250141 0.000391977 0.999992 -0.00400499 0.00250359 0.00400401 0.999989 0.0846186 0.664338 -0.992108
FixedParameters: 0 0 0

#Transform 77
Transform: AffineTransform_float_3_3
Parameters: 0.999998 5.98425e-05 -0.00174326 -6.71561e-05 0.999991 -0.00410589 0.00174274 0.00410611 0.99999 0.0479574 0.670711 -0.998716
FixedParameters: 0 0 0

#Transform 78
Transform: AffineTransform_float_3_3
Parameters: 0.999998 0.000786594 -0.00185103 -0.000796404 0.999987 -0.00508554 0.00184697 0.00508746 0.999986 0.00855516 0.69933 -0.964383
FixedParameters: 0 0 0

#Transform 79
Transform: AffineTransform_float_3_3
Parameters: 0.999998 -0.000197891 -0.001719 0.000189108 0.999986 -0.00517133 0.00172 0.00517067 0.999985 0.0382104 0.672553 -0.984294
FixedParameters: 0 0 0

#Transform 80
Transform: AffineTransform_float_3_3
Parameters: 0.999998 -0.000404227 -0.00207641 0.000396775 0.999992 -0.00396083 0.00207759 0.00396017 0.99999 0.0457047 0.62637 -0.91823
FixedParameters: 0 0 0

#Transform 81
Transform: AffineTransform_float_3_3
Parameters: 1 0.000483397 -0.00112312 -0.000486603 0.999997 -0.00231845 0.00112187 0.00231954 0.999996 -0.0268885 0.552838 -0.866735
FixedParameters: 0 0 0

#Transform 82
Transform: AffineTransform_float_3_3
Parameters: 0.999998 0.000123477 -0.00230547 -0.000131526 0.999993 -0.00369771 0.00230553 0.0036973 0.999991 0.0479456 0.620668 -0.942641
FixedParameters: 0 0 0

#Transform 83
Transform: AffineTransform_float_3_3
Parameters: 0.999998 0.000151004 -0.00170645 -0.000155994 0.999995 -0.00292774 0.00170555 0.00292826 0.999995 0.0304965 0.598275 -0.969473
FixedParameters: 0 0 0

#Transform 84
Transform: AffineTransform_float_3_3
Parameters: 0.999999 -1.52073e-05 -0.00148196 1.07925e-05 0.999996 -0.00283902 0.00148204 0.00283898 0.999995 -0.0051618 0.600698 -0.950181
FixedParameters: 0 0 0

#Transform 85
Transform: AffineTransform_float_3_3
Parameters: 0.999997 -0.00105846 -0.0024395 0.00105454 0.999999 -0.00141758 0.0024415 0.00141442 0.999996 0.0684174 0.532423 -0.917496
FixedParameters: 0 0 0

#Transform 86
Transform: AffineTransform_float_3_3
Parameters: 0.999998 -0.000625841 -0.00192543 0.000620159 0.999996 -0.0025142 0.00192656 0.0025128 0.999995 0.0270272 0.578773 -0.89989
FixedParameters: 0 0 0

#Transform 87
Transform: AffineTransform_float_3_3
Parameters: 0.999997 -0.000254394 -0.00242665 0.000251604 0.999999 -0.00139961 0.00242735 0.00139839 0.999996 0.0255997 0.516607 -0.783016
FixedParameters: 0 0 0

#Transform 88
Transform: AffineTransform_float_3_3
Parameters: 0.999998 0.000455639 -0.00229307 -0.000460361 0.999997 -0.00233795 0.00229193 0.00233905 0.999994 0.0150208 0.53574 -0.802848
FixedParameters: 0 0 0

#Transform 89
Transform: AffineTransform_float_3_3
Parameters: 0.999998 0.000274952 -0.00206281 -0.000281049 0.999995 -0.00293242 0.00206218 0.00293257 0.999993 0.000279962 0.60128 -0.814464
FixedParameters: 0 0 0

#Transform 90
Transform: AffineTransform_float_3_3
Parameters: 0.999999 0.000398559 -0.00182398 -0.000403442 0.999997 -0.00243527 0.00182302 0.00243573 0.999996 -0.0171527 0.588858 -0.84343
FixedParameters: 0 0 0

#Transform 91
Transform: AffineTransform_float_3_3
Parameters: 0.999997 -0.000626945 -0.00242447 0.000621055 0.999997 -0.00245151 0.00242653 0.00245049 0.999994 0.0415127 0.583319 -0.854952
FixedParameters: 0 0 0

#Transform 92
Transform: AffineTransform_float_3_3
Parameters: 0.999997 -0.000237351 -0.00265927 0.000229648 0.999995 -0.00313962 0.00266073 0.00313938 0.999991 0.0636562 0.609266 -0.891088
FixedParameters: 0 0 0

#Transform 93
Transform: AffineTransform_float_3_3
Parameters: 0.999997 -0.000118466 -0.00235359 0.000110534 0.999993 -0.00359627 0.00235441 0.00359673 0.999991 0.052943 0.627739 -0.901335
FixedParameters: 0 0 0

#Transform 94
Transform: AffineTransform_float_3_3
Parameters: 0.999997 -0.000271143 -0.00215311 0.000263859 0.999995 -0.00331658 0.00215389 0.00331643 0.999992 0.040169 0.626314 -0.87419
FixedParameters: 0 0 0

#Transform 95
Transform: AffineTransform_float_3_3
Parameters: 0.999998 -0.000236405 -0.00200403 0.000227595 0.999991 -0.00419347 0.00200497 0.00419254 0.999989 0.0326872 0.657839 -0.900676
FixedParameters: 0 0 0

#Transform 96
Transform: AffineTransform_float_3_3
Parameters: 0.999996 -0.000395162 -0.00252558 0.000385837 0.999994 -0.00362699 0.00252742 0.00362602 0.99999 0.0428701 0.615306 -0.878305
FixedParameters: 0 0 0

#Transform 97
Transform: AffineTransform_float_3_3
Parameters: 0.999998 -0.00062243 -0.00202783 0.000611569 0.999987 -0.00514025 0.00203117 0.00513875 0.999984 0.00204835 0.652979 -0.913442
FixedParameters: 0 0 0

#Transform 98
Transform: AffineTransform_float_3_3
Parameters: 0.999997 -0.00023874 -0.00212604 0.000230262 0.999992 -0.0041095 0.00212696 0.0041095 0.99999 0.0386421 0.62017 -0.839819
FixedParameters: 0 0 0

#Transform 99
Transform: AffineTransform_float_3_3
Parameters: 0.999998 0.000128743 -0.00202354 -0.000137256 0.999991 -0.00408173 0.00202246 0.00408127 0.999989 0.0106759 0.624248 -0.811511
FixedParameters: 0 0 0

#Transform 100
Transform: AffineTransform_float_3_3
Parameters: 0.999997 -0.000337032 -0.00241629 0.000316971 0.999965 -0.00828579 0.00241871 0.0082852 0.999963 0.0477242 0.806146 -0.959138
FixedParameters: 0 0 0

#Transform 101
Transform: AffineTransform_float_3_3
Parameters: 0.999999 -0.000393387 -0.00136217 0.000386608 0.999989 -0.00468653 0.00136483 0.00468547 0.999988 0.000646813 0.676558 -0.912267
FixedParameters: 0 0 0

#Transform 102
Transform: AffineTransform_float_3_3
Parameters: 0.999996 -0.00114434 -0.00277673 0.00112867 0.999984 -0.00551816 0.00278227 0.00551484 0.999981 0.0896057 0.69226 -0.918514
FixedParameters: 0 0 0

#Transform 103
Transform: AffineTransform_float_3_3
Parameters: 0.999995 -0.00118143 -0.00291099 0.00116458 0.999982 -0.00598042 0.00291802 0.00597758 0.999978 0.0988841 0.704124 -0.941727
FixedParameters: 0 0 0

#Transform 104
Transform: AffineTransform_float_3_3
Parameters: 0.999998 -0.000862801 -0.00150442 0.000853195 0.999979 -0.00650329 0.00151058 0.00650171 0.999977 0.0281658 0.742004 -0.944295
FixedParameters: 0 0 0

#Transform 105
Transform: AffineTransform_float_3_3
Parameters: 1 -0.000448556 -0.00038605 0.000446445 0.999978 -0.00659518 0.000388953 0.00659483 0.999978 -0.0646508 0.749306 -0.953805
FixedParameters: 0 0 0

#Transform 106
Transform: AffineTransform_float_3_3
Parameters: 0.999999 -0.000603845 -0.00113739 0.000597158 0.999982 -0.00600868 0.00114061 0.00600832 0.999982 0.0117884 0.719744 -0.926138
FixedParameters: 0 0 0

#Transform 107
Transform: AffineTransform_float_3_3
Parameters: 0.999998 -0.000515134 -0.00199591 0.000502866 0.999982 -0.00607502 0.00199909 0.00607398 0.999979 0.0473229 0.721697 -0.906387
FixedParameters: 0 0 0

#Transform 108
Transform: AffineTransform_float_3_3
Parameters: 0.999998 -0.000669539 -0.00178672 0.000658459 0.999979 -0.00645119 0.00179128 0.00644981 0.999977 0.04013 0.726336 -0.915823
FixedParameters: 0 0 0

#Transform 109
Transform: AffineTransform_float_3_3
Parameters: 0.999998 -0.000797565 -0.00186409 0.000786435 0.99998 -0.00619648 0.00186891 0.00619552 0.999979 0.0414228 0.721027 -0.920946
FixedParameters: 0 0 0

#Transform 110
Transform: AffineTransform_float_3_3
Parameters: 0.999998 -0.000433774 -0.00192038 0.000422223 0.999981 -0.00612683 0.00192362 0.00612618 0.99998 0.0496272 0.711521 -0.905512
FixedParameters: 0 0 0

#Transform 111
Transform: AffineTransform_float_3_3
Parameters: 0.999998 -0.000765115 -0.00181736 0.000753886 0.999981 -0.00610938 0.00182164 0.00610762 0.999979 0.0374285 0.719279 -0.9046
FixedParameters: 0 0 0

#Transform 112
Transform: AffineTransform_float_3_3
Parameters: 0.999998 -0.000770469 -0.0021422 0.000757532 0.99998 -0.00628164 0.0021468 0.00627936 0.999978 0.0504176 0.730935 -0.924218
FixedParameters: 0 0 0

#Transform 113
Transform: AffineTransform_float_3_3
Parameters: 0.999997 -0.000987855 -0.00188836 0.000977147 0.999983 -0.00574086 0.00189364 0.00573914 0.999981 0.0490631 0.70965 -0.907923
FixedParameters: 0 0 0

#Transform 114
Transform: AffineTransform_float_3_3
Parameters: 0.999997 -0.0010104 -0.00192056 0.0009996 0.999985 -0.00540693 0.00192643 0.00540506 0.999983 0.0405432 0.690337 -0.920726
FixedParameters: 0 0 0

#Transform 115
Transform: AffineTransform_float_3_3
Parameters: 0.999997 -0.000991629 -0.00195114 0.000982367 0.999988 -0.00492993 0.00195687 0.00492807 0.999986 0.0510602 0.681087 -0.92006
FixedParameters: 0 0 0

#Transform 116
Transform: AffineTransform_float_3_3
Parameters: 0.999997 -0.000997663 -0.00217714 0.000986339 0.999988 -0.00489316 0.00218185 0.00489084 0.999985 0.0412534 0.683637 -0.939818
FixedParameters: 0 0 0

#Transform 117
Transform: AffineTransform_float_3_3
Parameters: 0.999996 -0.00101214 -0.00260555 0.000997854 0.999985 -0.00542362 0.00261145 0.00542138 0.999982 0.0793238 0.699333 -0.931776
FixedParameters: 0 0 0

#Transform 118
Transform: AffineTransform_float_3_3
Parameters: 0.999997 -0.000838283 -0.0022685 0.00082572 0.999985 -0.00540989 0.0022725 0.00540811 0.999983 0.0630696 0.694488 -0.910106
FixedParameters: 0 0 0

#Transform 119
Transform: AffineTransform_float_3_3
Parameters: 0.999998 -0.000741674 -0.00216269 0.000729323 0.999982 -0.00585559 0.00216731 0.0058534 0.99998 0.0577624 0.715728 -0.90612
FixedParameters: 0 0 0

#Transform 120
Transform: AffineTransform_float_3_3
Parameters: 0.999998 -0.000769323 -0.00172587 0.000759676 0.999985 -0.00539632 0.00173012 0.00539468 0.999984 0.0376977 0.690527 -0.881466
FixedParameters: 0 0 0

#Transform 121
Transform: AffineTransform_float_3_3
Parameters: 0.999998 -0.000778326 -0.00216797 0.000766675 0.999986 -0.00521968 0.00217203 0.00521832 0.999984 0.0582503 0.680345 -0.900449
FixedParameters: 0 0 0

#Transform 122
Transform: AffineTransform_float_3_3
Parameters: 0.999998 -0.000805191 -0.00216788 0.00079381 0.999987 -0.00515774 0.00217212 0.00515627 0.999985 0.0583326 0.674472 -0.899712
FixedParameters: 0 0 0

#Transform 123
Transform: AffineTransform_float_3_3
Parameters: 0.999997 -0.000784365 -0.002017 0.000773634 0.999986 -0.00513457 0.002021 0.00513342 0.999985 0.0511274 0.665282 -0.85589
FixedParameters: 0 0 0

#Transform 124
Transform: AffineTransform_float_3_3
Parameters: 0.999998 0.000172135 -0.00158476 -0.000178863 0.99999 -0.00433372 0.00158324 0.00433328 0.99999 -0.0291915 0.652927 -0.829162
FixedParameters: 0 0 0

#Transform 125
Transform: AffineTransform_float_3_3
Parameters: 0.999998 -0.00024551 -0.00158285 0.000237495 0.999988 -0.00474238 0.00158314 0.00474262 0.999988 0.000865643 0.643606 -0.8201
FixedParameters: 0 0 0

#Transform 126
Transform: AffineTransform_float_3_3
Parameters: 0.999998 -0.000321559 -0.00158248 0.000313443 0.999988 -0.0047745 0.00158351 0.0047745 0.999988 0.0231639 0.648669 -0.79225
FixedParameters: 0 0 0

#Transform 127
Transform: AffineTransform_float_3_3
Parameters: 0.999998 4.5149e-05 -0.00158424 -5.28497e-05 0.999987 -0.00495592 0.00158376 0.00495608 0.999987 0.00514555 0.657373 -0.79642
FixedParameters: 0 0 0

#Transform 128
Transform: AffineTransform_float_3_3
Parameters: 0.999998 -0.000216358 -0.00158101 0.000209643 0.999989 -0.00465234 0.00158199 0.00465266 0.999988 0.00597743 0.678668 -0.806888
FixedParameters: 0 0 0

#Transform 129
Transform: AffineTransform_float_3_3
Parameters: 0.999999 -0.000521821 -0.0013141 0.00051718 0.999993 -0.00366569 0.00131591 0.00366532 0.999993 -0.0217266 0.647532 -0.778203
FixedParameters: 0 0 0

#Transform 130
Transform: AffineTransform_float_3_3
Parameters: 0.999998 -0.000815188 -0.0021906 0.000806811 0.999991 -0.00419178 0.0021944 0.00419022 0.999989 0.0364631 0.638306 -0.82607
FixedParameters: 0 0 0

#Transform 131
Transform: AffineTransform_float_3_3
Parameters: 0.999999 -0.000723931 -0.0016998 0.000713067 0.999982 -0.00583622 0.00170419 0.00583477 0.999981 -0.0132031 0.699524 -0.884931
FixedParameters: 0 0 0

#Transform 132
Transform: AffineTransform_float_3_3
Parameters: 0.999997 -0.000316091 -0.00261934 0.00030191 0.999986 -0.00537881 0.00262066 0.00537719 0.999982 0.0507999 0.686898 -0.853468
FixedParameters: 0 0 0

#Transform 133
Transform: AffineTransform_float_3_3
Parameters: 0.999999 -0.000310979 -0.0017144 0.000302019 0.999987 -0.00523453 0.00171661 0.00523447 0.999985 0.020751 0.703023 -0.847331
FixedParameters: 0 0 0

#Transform 134
Transform: AffineTransform_float_3_3
Parameters: 0.999999 0.00169181 0.000785691 -0.0017172 0.999446 0.0332517 -0.000729302 -0.0332533 0.999446 -0.0746197 -0.6141 -0.340675
FixedParameters: 0 0 0

#Transform 135
Transform: AffineTransform_float_3_3
Parameters: 0.999999 -0.000661749 -0.000452833 0.000662251 0.999996 0.0027677 0.000451168 -0.0027683 0.999996 0.00195576 0.33499 -1.10082
FixedParameters: 0 0 0

#Transform 136
Transform: AffineTransform_float_3_3
Parameters: 0.999999 -0.000994236 -0.000792961 0.000991765 0.999991 -0.00406979 0.000797043 0.00406921 0.999992 0.00161605 0.650109 -0.893682
FixedParameters: 0 0 0

#Transform 137
Transform: AffineTransform_float_3_3
Parameters: 0.999999 -0.000731414 -0.000706509 0.000728587 0.999994 -0.00341152 0.000708489 0.00341048 0.999994 -0.0244625 0.64035 -0.828085
FixedParameters: 0 0 0

#Transform 138
Transform: AffineTransform_float_3_3
Parameters: 1 -0.000864005 -0.000794827 0.000861996 0.999997 -0.00251869 0.000797173 0.00251831 0.999996 -0.0176749 0.604534 -0.804809
FixedParameters: 0 0 0

#Transform 139
Transform: AffineTransform_float_3_3
Parameters: 0.999999 -0.0010381 -0.00150518 0.0010339 0.999996 -0.00272156 0.00150782 0.00272044 0.999995 0.0298358 0.612382 -0.775652
FixedParameters: 0 0 0

#Transform 140
Transform: AffineTransform_float_3_3
Parameters: 0.999997 -0.00174322 -0.00202423 0.00173978 0.999997 -0.00159253 0.00202677 0.00158947 0.999996 0.058295 0.561594 -0.752301
FixedParameters: 0 0 0

#Transform 141
Transform: AffineTransform_float_3_3
Parameters: 0.999997 -0.00116509 -0.00221095 0.0011649 1 -4.45757e-05 0.00221105 4.1424e-05 0.999997 0.0419789 0.478724 -0.710394
FixedParameters: 0 0 0

#Transform 142
Transform: AffineTransform_float_3_3
Parameters: 0.999998 -0.00100042 -0.00170158 0.000998583 0.999998 -0.0014207 0.00170242 0.0014193 0.999997 0.048651 0.548037 -0.738158
FixedParameters: 0 0 0

#Transform 143
Transform: AffineTransform_float_3_3
Parameters: 0.999997 -0.00102735 -0.00214379 0.00102965 0.999999 0.000767795 0.00214321 -0.000770204 0.999998 0.061133 0.463796 -0.750968
FixedParameters: 0 0 0

#Transform 144
Transform: AffineTransform_float_3_3
Parameters: 0.999997 -0.00171594 -0.00170105 0.00171406 0.999998 -0.00113892 0.00170295 0.00113608 0.999998 0.0426443 0.438147 -0.415525
FixedParameters: 0 0 0

#Transform 145
Transform: AffineTransform_float_3_3
Parameters: 0.999992 -0.00399913 -0.000427071 0.00399287 0.999901 -0.0134958 0.000480924 0.0134932 0.999909 -0.0763031 0.947737 -0.522346
FixedParameters: 0 0 0

#Transform 146
Transform: AffineTransform_float_3_3
Parameters: 0.999945 0.00540953 0.00898047 -0.00562247 0.999701 0.0238058 -0.00884853 -0.0238542 0.999677 -0.529693 -0.62653 0.569689
FixedParameters: 0 0 0

#Transform 147
Transform: AffineTransform_float_3_3
Parameters: 0.999964 0.00691826 -0.00477209 -0.00684374 0.999858 0.0154062 0.00487791 -0.0153738 0.99987 0.0367359 0.0537257 -1.07474
FixedParameters: 0 0 0

#Transform 148
Transform: AffineTransform_float_3_3
Parameters: 0.999976 0.00649013 -0.00237787 -0.00646388 0.999921 0.0108346 0.00244813 -0.0108194 0.999939 -0.0470996 0.182025 -0.844848
FixedParameters: 0 0 0

#Transform 149
Transform: AffineTransform_float_3_3
Parameters: 0.999975 0.00700496 -0.0015026 -0.00698704 0.999908 0.0116408 0.0015844 -0.0116292 0.999931 -0.0899189 0.16967 -0.727154
FixedParameters: 0 0 0

#Transform 150
Transform: AffineTransform_float_3_3
Parameters: 0.999972 0.00702314 -0.00230701 -0.00699485 0.999903 0.0119905 0.00239098 -0.0119735 0.999926 -0.0829094 0.183573 -0.79616
FixedParameters: 0 0 0

#Transform 151
Transform: AffineTransform_float_3_3
Parameters: 0.999974 0.00670669 -0.00264971 -0.00667431 0.999904 0.012159 0.00273129 -0.012141 0.999922 -0.063293 0.199012 -0.842517
FixedParameters: 0 0 0

#Transform 152
Transform: AffineTransform_float_3_3
Parameters: 0.999972 0.00701555 -0.00258471 -0.00698245 0.999894 0.0127664 0.0026743 -0.0127486 0.999915 -0.0828358 0.146575 -0.800667
FixedParameters: 0 0 0

#Transform 153
Transform: AffineTransform_float_3_3
Parameters: 0.999973 0.00676634 -0.00265969 -0.00673265 0.999901 0.0123512 0.00274331 -0.0123338 0.99992 -0.0408432 0.149905 -0.78943
FixedParameters: 0 0 0

#Transform 154
Transform: AffineTransform_float_3_3
Parameters: 0.999974 0.00643193 -0.00305537 -0.00639307 0.999901 0.0125839 0.00313664 -0.0125642 0.999916 -0.0375987 0.134855 -0.772956
FixedParameters: 0 0 0

#Transform 155
Transform: AffineTransform_float_3_3
Parameters: 0.999972 0.00671106 -0.00314503 -0.00667294 0.999906 0.0119603 0.00322497 -0.0119397 0.999923 -0.0167414 0.153713 -0.744668
FixedParameters: 0 0 0

#Transform 156
Transform: AffineTransform_float_3_3
Parameters: 0.999973 0.00665991 -0.00306824 -0.0066241 0.999911 0.0115666 0.00314477 -0.0115464 0.999929 -0.024169 0.174754 -0.788274
FixedParameters: 0 0 0

#Transform 157
Transform: AffineTransform_float_3_3
Parameters: 0.999974 0.00663294 -0.00279305 -0.00660007 0.999911 0.0116387 0.00286995 -0.0116203 0.999929 -0.0356628 0.18709 -0.794269
FixedParameters: 0 0 0

#Transform 158
Transform: AffineTransform_float_3_3
Parameters: 0.999976 0.00643556 -0.00256343 -0.00640744 0.999919 0.0109987 0.00263358 -0.0109813 0.999936 -0.0429558 0.197242 -0.777207
FixedParameters: 0 0 0

#Transform 159
Transform: AffineTransform_float_3_3
Parameters: 0.999976 0.00647575 -0.00246223 -0.00644826 0.999918 0.0111142 0.00253377 -0.0110979 0.999935 -0.0556725 0.200815 -0.785394
FixedParameters: 0 0 0

#Transform 160
Transform: AffineTransform_float_3_3
Parameters: 0.999973 0.00657213 -0.00306375 -0.00653687 0.999915 0.0113373 0.00313824 -0.0113167 0.999931 -0.0234773 0.183895 -0.76712
FixedParameters: 0 0 0

#Transform 161
Transform: AffineTransform_float_3_3
Parameters: 0.999974 0.00650037 -0.00308863 -0.00646463 0.999915 0.0113283 0.00316137 -0.0113077 0.999931 -0.0164856 0.177764 -0.767117
FixedParameters: 0 0 0

#Transform 162
Transform: AffineTransform_float_3_3
Parameters: 0.99998 0.00592363 -0.00222362 -0.00590136 0.999932 0.0100503 0.00228339 -0.0100367 0.999947 -0.0129962 0.268184 -0.981661
FixedParameters: 0 0 0

#Transform 163
Transform: AffineTransform_float_3_3
Parameters: 0.999976 0.00627441 -0.00286867 -0.00624659 0.999933 0.00980615 0.00293035 -0.00978885 0.999948 0.005504 0.300303 -0.998315
FixedParameters: 0 0 0

#Transform 164
Transform: AffineTransform_float_3_3
Parameters: 0.999982 0.00538137 -0.00266977 -0.00534763 0.99991 0.0123515 0.00273622 -0.0123375 0.99992 -0.0310866 0.16579 -0.840083
FixedParameters: 0 0 0

#Transform 165
Transform: AffineTransform_float_3_3
Parameters: 0.999984 0.00457919 -0.00332703 -0.00453781 0.999914 0.0122843 0.00338297 -0.0122697 0.999919 0.032175 0.148034 -0.812523
FixedParameters: 0 0 0

#Transform 166
Transform: AffineTransform_float_3_3
Parameters: 0.999979 0.00603987 -0.00207185 -0.00601512 0.999912 0.0118097 0.00214314 -0.0117963 0.999928 -0.0703212 0.133255 -0.692476
FixedParameters: 0 0 0

#Transform 167
Transform: AffineTransform_float_3_3
Parameters: 0.999978 0.00626157 -0.00221557 -0.00623443 0.999905 0.0122401 0.00229144 -0.0122259 0.999922 -0.0225948 0.130584 -0.711662
FixedParameters: 0 0 0

#Transform 168
Transform: AffineTransform_float_3_3
Parameters: 0.99998 0.00591039 -0.00219604 -0.0058816 0.999902 0.0127192 0.00227095 -0.0127058 0.999916 -0.0241893 0.140492 -0.738696
FixedParameters: 0 0 0

#Transform 169
Transform: AffineTransform_float_3_3
Parameters: 0.99998 0.00566021 -0.00258446 -0.00562679 0.999903 0.0126828 0.00265554 -0.0126682 0.999916 -0.00620266 0.133739 -0.753419
FixedParameters: 0 0 0

#Transform 170
Transform: AffineTransform_float_3_3
Parameters: 0.99998 0.00584042 -0.00248954 -0.00580958 0.999905 0.0124477 0.00256147 -0.0124323 0.99992 0.00313386 0.152291 -0.759533
FixedParameters: 0 0 0

#Transform 171
Transform: AffineTransform_float_3_3
Parameters: 0.999978 0.00601498 -0.00277952 -0.00598001 0.999905 0.0124269 0.00285448 -0.0124101 0.999919 0.00926735 0.151685 -0.766532
FixedParameters: 0 0 0

#Transform 172
Transform: AffineTransform_float_3_3
Parameters: 0.999975 0.00643025 -0.00273287 -0.00639975 0.999919 0.0109398 0.00280212 -0.0109222 0.999937 -0.00752412 0.21658 -0.817148
FixedParameters: 0 0 0

#Transform 173
Transform: AffineTransform_float_3_3
Parameters: 0.999974 0.00632236 -0.00346255 -0.00628963 0.999937 0.00927902 0.00352144 -0.00925698 0.999951 0.0271697 0.306819 -0.989231
FixedParameters: 0 0 0

#Transform 174
Transform: AffineTransform_float_3_3
Parameters: 0.999971 0.00703366 -0.00310485 -0.00699934 0.999918 0.010721 0.00318015 -0.0106989 0.999937 -0.0105563 0.184995 -0.688708
FixedParameters: 0 0 0

#Transform 175
Transform: AffineTransform_float_3_3
Parameters: 0.999972 0.00663099 -0.00345457 -0.00658902 0.999906 0.0120281 0.00353343 -0.0120049 0.999921 0.0241702 0.136088 -0.683623
FixedParameters: 0 0 0

#Transform 176
Transform: AffineTransform_float_3_3
Parameters: 0.999979 0.00596696 -0.00254738 -0.00593504 0.999906 0.0123774 0.00262061 -0.0123616 0.99992 0.0158204 0.114047 -0.670584
FixedParameters: 0 0 0

#Transform 177
Transform: AffineTransform_float_3_3
Parameters: 0.999979 0.00584721 -0.00273203 -0.0058138 0.999911 0.0120081 0.00280197 -0.0119919 0.999924 0.0185808 0.142348 -0.687231
FixedParameters: 0 0 0

#Transform 178
Transform: AffineTransform_float_3_3
Parameters: 0.999978 0.00575209 -0.00307273 -0.00571391 0.999909 0.0122648 0.00314327 -0.0122472 0.99992 0.0566607 0.129314 -0.727262
FixedParameters: 0 0 0

#Transform 179
Transform: AffineTransform_float_3_3
Parameters: 0.999979 0.00581725 -0.00288089 -0.00578176 0.99991 0.0120959 0.0029501 -0.0120791 0.999922 0.0388283 0.126352 -0.702097
FixedParameters: 0 0 0
