#Insight Transform File V1.0
#Transform 0
Transform: AffineTransform_float_3_3
Parameters: 1 -7.59339e-05 -0.000157032 7.60661e-05 1 0.000420988 0.000156968 -0.000421012 1 -0.0684959 -0.0764188 -0.36712
FixedParameters: 0 0 0

#Transform 1
Transform: AffineTransform_float_3_3
Parameters: 0.999999 0.000845964 0.00016718 -0.000846035 0.999999 0.000212859 -0.00016782 -0.000213142 1 -0.0144567 0.0346886 0.00569702
FixedParameters: 0 0 0

#Transform 2
Transform: AffineTransform_float_3_3
Parameters: 1 0.000163043 0.000482985 -0.000162957 1 -8.90787e-05 -0.000483014 8.89212e-05 1 -0.0119144 0.139374 -0.00440717
FixedParameters: 0 0 0

#Transform 3
Transform: AffineTransform_float_3_3
Parameters: 0.999999 0.000250406 0.00120712 -0.000250594 1 0.000491698 -0.00120688 -0.000492303 0.999999 -0.0525851 0.0511536 0.00096905
FixedParameters: 0 0 0

#Transform 4
Transform: AffineTransform_float_3_3
Parameters: 1 0.000251362 0.000985909 -0.000250639 1 -0.000366247 -0.000986093 0.000366752 1 -0.0442433 0.139227 0.0010827
FixedParameters: 0 0 0

#Transform 5
Transform: AffineTransform_float_3_3
Parameters: 1 0.000251002 0.000297998 -0.000250998 1 -8.0748e-06 -0.000298002 7.9252e-06 1 -0.0104013 0.112263 -0.000131094
FixedParameters: 0 0 0

#Transform 6
Transform: AffineTransform_float_3_3
Parameters: 0.999999 0.000251428 0.000989891 -0.000250571 1 -0.000433248 -0.000990108 0.000432751 1 -0.0335757 0.157871 -0.00212309
FixedParameters: 0 0 0

#Transform 7
Transform: AffineTransform_float_3_3
Parameters: 1 0.000326765 0.000989749 -0.000325235 0.999999 -0.000772322 -0.000990252 0.000772677 0.999999 -0.0449498 0.182624 0.00183931
FixedParameters: 0 0 0

#Transform 8
Transform: AffineTransform_float_3_3
Parameters: 1 0.000552125 0.00106994 -0.000551876 1 -0.000116591 -0.00107007 0.000116409 1 -0.0565909 0.131421 -0.0043403
FixedParameters: 0 0 0

#Transform 9
Transform: AffineTransform_float_3_3
Parameters: 0.999999 0.000224363 0.000989918 -0.000223637 1 -0.000366222 -0.000990082 0.000366778 1 -0.0362742 0.155892 0.00170937
FixedParameters: 0 0 0

#Transform 10
Transform: AffineTransform_float_3_3
Parameters: 0.999999 0.000111363 0.000989959 -0.000111638 1 -0.000366111 -0.000990041 0.00036689 1 -0.0399117 0.167245 0.00532414
FixedParameters: 0 0 0

#Transform 11
Transform: AffineTransform_float_3_3
Parameters: 0.999999 -0.000132827 0.000990022 0.000133173 1 -0.000174868 -0.000989976 0.000175131 0.999999 -0.0406304 0.131785 0.00103503
FixedParameters: 0 0 0

#Transform 12
Transform: AffineTransform_float_3_3
Parameters: 0.999999 1.70999e-05 0.000739997 -1.69001e-05 1 -0.000135013 -0.000740002 0.000134987 0.999999 -0.0218861 0.140411 0.00255453
FixedParameters: 0 0 0

#Transform 13
Transform: AffineTransform_float_3_3
Parameters: 0.999999 6.38075e-06 0.000759996 -6.61923e-06 1 -0.000501005 -0.000760003 0.000500995 0.999999 -0.0284656 0.174068 0.00563014
FixedParameters: 0 0 0

#Transform 14
Transform: AffineTransform_float_3_3
Parameters: 0.999999 -7.18146e-05 0.000820016 7.21853e-05 1 -0.000225941 -0.000819983 0.000226059 0.999999 -0.0299599 0.141241 -0.00518988
FixedParameters: 0 0 0

#Transform 15
Transform: AffineTransform_float_3_3
Parameters: 0.999999 -0.000195932 0.000740018 0.000196069 1 -9.28549e-05 -0.000739982 9.2145e-05 0.999999 -0.0225122 0.121907 0.00433726
FixedParameters: 0 0 0

#Transform 16
Transform: AffineTransform_float_3_3
Parameters: 0.999999 -0.000195932 0.000990012 0.000196067 1 -6.78059e-05 -0.000989986 6.8194e-05 0.999999 -0.0287041 0.12989 0.000182721
FixedParameters: 0 0 0

#Transform 17
Transform: AffineTransform_float_3_3
Parameters: 0.999999 -0.000195709 0.000796071 0.000195291 1 -0.000365844 -0.000795928 0.000366156 0.999999 -0.0156514 0.138268 0.00189341
FixedParameters: 0 0 0

#Transform 18
Transform: AffineTransform_float_3_3
Parameters: 0.999999 4.73633e-05 0.000989983 -4.76376e-05 1 -0.000366047 -0.000990018 0.000366953 1 -0.0333344 0.127586 0.00742207
FixedParameters: 0 0 0

#Transform 19
Transform: AffineTransform_float_3_3
Parameters: 0.999999 7.52029e-05 0.000989984 -7.4797e-05 1 -0.000205074 -0.000990014 0.000204926 0.999999 -0.0351156 0.105041 0.0093189
FixedParameters: 0 0 0

#Transform 20
Transform: AffineTransform_float_3_3
Parameters: 0.999998 -0.000278177 0.00156897 0.000277822 1 0.000113436 -0.00156903 -0.000112564 0.999999 -0.0679295 0.0858138 0.0345624
FixedParameters: 0 0 0

#Transform 21
Transform: AffineTransform_float_3_3
Parameters: 1 7.55149e-05 0.00116497 -7.54862e-05 1 -0.000441088 -0.00116503 0.000441912 0.999999 -0.0445695 0.111286 0.00914209
FixedParameters: 0 0 0

#Transform 22
Transform: AffineTransform_float_3_3
Parameters: 0.999999 0.000585397 0.00140884 -0.000585603 1 -0.000281825 -0.00140916 0.000281175 0.999999 -0.0813865 0.119421 0.0168453
FixedParameters: 0 0 0

#Transform 23
Transform: AffineTransform_float_3_3
Parameters: 0.999999 0.000638197 0.00109589 -0.000637803 1 -0.000179699 -0.00109612 0.000179301 1 -0.0617303 0.117121 0.00561813
FixedParameters: 0 0 0

#Transform 24
Transform: AffineTransform_float_3_3
Parameters: 0.999999 0.000605063 0.00134597 -0.000604937 1 -4.68143e-05 -0.00134603 4.61856e-05 0.999999 -0.0775791 0.115225 0.0130943
FixedParameters: 0 0 0

#Transform 25
Transform: AffineTransform_float_3_3
Parameters: 0.999999 0.000547109 0.00147796 -0.000546891 1 -7.38084e-05 -0.00147804 7.31914e-05 0.999999 -0.0755541 0.11105 0.0217927
FixedParameters: 0 0 0

#Transform 26
Transform: AffineTransform_float_3_3
Parameters: 1 2.19218e-05 0.001221 -2.20781e-05 1 6.39731e-05 -0.001221 -6.40268e-05 1 -0.0257836 0.100321 0.0301339
FixedParameters: 0 0 0

#Transform 27
Transform: AffineTransform_float_3_3
Parameters: 0.999999 1.09985e-05 0.001488 -1.10015e-05 1 9.83631e-07 -0.001488 -1.01637e-06 0.999999 -0.0694959 0.0655797 0.0294122
FixedParameters: 0 0 0

#Transform 28
Transform: AffineTransform_float_3_3
Parameters: 0.999999 0.000229354 0.00124594 -0.000229646 1 -0.000284286 -0.00124607 0.000283714 0.999999 -0.0616454 0.0901185 0.0296108
FixedParameters: 0 0 0

#Transform 29
Transform: AffineTransform_float_3_3
Parameters: 0.999999 5.52377e-05 0.00155399 -5.47637e-05 1 -0.000152085 -0.00155401 0.000152914 0.999999 -0.0831213 0.0867022 0.0352345
FixedParameters: 0 0 0

#Transform 30
Transform: AffineTransform_float_3_3
Parameters: 0.999999 0.000247488 0.00171793 -0.000247512 1 -0.000284426 -0.00171807 0.000283575 0.999999 -0.0852317 0.104308 0.0351495
FixedParameters: 0 0 0

#Transform 31
Transform: AffineTransform_float_3_3
Parameters: 0.999997 0.000347827 0.00213119 -0.000349173 1 0.000550257 -0.00213081 -0.000550742 0.999997 -0.114223 0.0417296 0.0393642
FixedParameters: 0 0 0

#Transform 32
Transform: AffineTransform_float_3_3
Parameters: 0.999998 -0.000238064 0.00169171 0.000235935 0.999999 0.0012204 -0.00169229 -0.0012196 0.999998 -0.0717164 0.00155918 0.0500019
FixedParameters: 0 0 0

#Transform 33
Transform: AffineTransform_float_3_3
Parameters: 0.999999 -0.000203657 0.00149805 0.000204343 1 -0.000228694 -0.00149895 0.000229305 0.999999 -0.0763248 0.0869057 0.0213273
FixedParameters: 0 0 0

#Transform 34
Transform: AffineTransform_float_3_3
Parameters: 0.999999 -0.000203309 0.000769183 0.00020369 0.999999 -0.000897843 -0.000768817 0.000898156 1 -0.0199958 0.169817 -0.00126325
FixedParameters: 0 0 0

#Transform 35
Transform: AffineTransform_float_3_3
Parameters: 0.999999 0.000404429 0.00130356 -0.000402572 1 -0.00109553 -0.00130444 0.00109547 0.999998 -0.0698299 0.180889 0.0385774
FixedParameters: 0 0 0

#Transform 36
Transform: AffineTransform_float_3_3
Parameters: 1 0.000431506 0.000523583 -0.000430495 1 -0.000966226 -0.000523416 0.000965775 1 -0.0230204 0.19718 0.000899962
FixedParameters: 0 0 0

#Transform 37
Transform: AffineTransform_float_3_3
Parameters: 1 -0.000243914 0.000164128 0.000244086 1 -0.00052496 -0.000163872 0.00052504 1 0.00993634 0.168998 0.00107338
FixedParameters: 0 0 0

#Transform 38
Transform: AffineTransform_float_3_3
Parameters: 0.999999 0.000182966 0.0008818 -0.000182034 1 -0.00109516 -0.0008822 0.00109584 0.999999 -0.0372002 0.173454 0.03025
FixedParameters: 0 0 0

#Transform 39
Transform: AffineTransform_float_3_3
Parameters: 0.999999 -0.000781628 0.000541536 0.000782371 0.999999 -0.000685576 -0.000541464 0.000685423 0.999999 0.00238256 0.163381 0.0102862
FixedParameters: 0 0 0

#Transform 40
Transform: AffineTransform_float_3_3
Parameters: 1 1.85053e-05 0.000613985 -1.84947e-05 0.999999 -0.000823012 -0.000614016 0.000822989 1 -0.0318034 0.177868 0.0145274
FixedParameters: 0 0 0

#Transform 41
Transform: AffineTransform_float_3_3
Parameters: 0.999999 2.66306e-05 0.000769979 -2.53693e-05 0.999999 -0.00081902 -0.000770021 0.00081898 1 -0.0545728 0.186483 0.016866
FixedParameters: 0 0 0

#Transform 42
Transform: AffineTransform_float_3_3
Parameters: 1 -7.48082e-05 0.000371039 7.51918e-05 1 -0.000516972 -0.000370961 0.000517028 1 -0.0123737 0.177237 0.00851056
FixedParameters: 0 0 0

#Transform 43
Transform: AffineTransform_float_3_3
Parameters: 1 0.000242958 0.000330031 -0.000243042 1 0.00012592 -0.000329969 -0.00012608 1 0.00652065 0.123575 0.00830337
FixedParameters: 0 0 0

#Transform 44
Transform: AffineTransform_float_3_3
Parameters: 1 0.000321126 0.000437907 -0.000321873 1 -0.000289141 -0.000438093 0.000288859 1 -0.0354762 0.151104 0.00363441
FixedParameters: 0 0 0

#Transform 45
Transform: AffineTransform_float_3_3
Parameters: 0.999999 0.000243227 0.000674918 -0.000242773 1 -0.000336164 -0.000675081 0.000335836 0.999999 -0.0525401 0.146682 0.0117407
FixedParameters: 0 0 0

#Transform 46
Transform: AffineTransform_float_3_3
Parameters: 1 0.000243163 0.000272855 -0.000242837 1 -0.000598066 -0.000273145 0.000597933 1 -0.0247803 0.16301 0.0244031
FixedParameters: 0 0 0

#Transform 47
Transform: AffineTransform_float_3_3
Parameters: 0.999999 0.000665101 0.0006749 -0.000664898 1 -0.000150449 -0.0006751 0.000150551 1 -0.0581171 0.118473 0.010427
FixedParameters: 0 0 0

#Transform 48
Transform: AffineTransform_float_3_3
Parameters: 1 0.000489154 0.000886915 -0.000488846 1 -0.000174434 -0.000887085 0.000173566 0.999999 -0.0695656 0.132167 0.0151237
FixedParameters: 0 0 0

#Transform 49
Transform: AffineTransform_float_3_3
Parameters: 0.999999 0.000527044 0.00079397 -0.000526955 1 -5.64184e-05 -0.000794029 5.55815e-05 0.999999 -0.0660638 0.137597 0.0140159
FixedParameters: 0 0 0

#Transform 50
Transform: AffineTransform_float_3_3
Parameters: 0.999999 0.000516186 0.000781876 -0.000516813 1 -0.000238404 -0.000782123 0.000238596 0.999999 -0.0517691 0.159198 0.0270108
FixedParameters: 0 0 0

#Transform 51
Transform: AffineTransform_float_3_3
Parameters: 0.999999 0.000330131 0.000674935 -0.000329868 1 -0.000195223 -0.000675064 0.000194777 1 -0.0537607 0.148524 0.0141385
FixedParameters: 0 0 0

#Transform 52
Transform: AffineTransform_float_3_3
Parameters: 1 0.000427968 0.000417032 -0.000428032 1 7.58215e-05 -0.000416967 -7.61784e-05 1 -0.0322516 0.118145 0.0103396
FixedParameters: 0 0 0

#Transform 53
Transform: AffineTransform_float_3_3
Parameters: 0.999999 0.000546064 0.000674948 -0.000545936 1 -9.43685e-05 -0.000675051 9.46314e-05 1 -0.0559134 0.11393 0.0182123
FixedParameters: 0 0 0

#Transform 54
Transform: AffineTransform_float_3_3
Parameters: 1 0.000244609 0.0009631 -0.000244391 1 0.000405765 -0.000963902 -0.000406236 1 -0.0700757 0.0857571 0.0402819
FixedParameters: 0 0 0

#Transform 55
Transform: AffineTransform_float_3_3
Parameters: 1 0.000289444 0.000994163 -0.000289557 1 0.000559713 -0.000994839 -0.000559288 1 -0.0604586 0.051218 0.0446958
FixedParameters: 0 0 0

#Transform 56
Transform: AffineTransform_float_3_3
Parameters: 1 0.00023794 0.00106024 -0.000239061 0.999999 0.000999747 -0.00106076 -0.00100025 0.999999 -0.0894728 0.0583772 0.0161319
FixedParameters: 0 0 0

#Transform 57
Transform: AffineTransform_float_3_3
Parameters: 0.999999 0.000307179 0.00122621 -0.000308821 0.999999 0.000669622 -0.00122579 -0.000669377 0.999999 -0.0912429 0.0702214 0.0309635
FixedParameters: 0 0 0

#Transform 58
Transform: AffineTransform_float_3_3
Parameters: 0.999999 0.000238363 0.00124212 -0.000238637 1 0.000512704 -0.00124188 -0.000513296 0.999999 -0.0734209 0.0733524 0.0531969
FixedParameters: 0 0 0

#Transform 59
Transform: AffineTransform_float_3_3
Parameters: 1 0.000239177 0.00106796 -0.000238823 1 -0.000166255 -0.00106804 0.000165745 1 -0.0671758 0.121849 0.037261
FixedParameters: 0 0 0

#Transform 60
Transform: AffineTransform_float_3_3
Parameters: 0.999999 0.000462591 0.00149713 -0.000463409 1 0.000273306 -0.00149687 -0.000273693 0.999999 -0.0957694 0.0745959 0.0301925
FixedParameters: 0 0 0

#Transform 61
Transform: AffineTransform_float_3_3
Parameters: 0.999999 -0.000238589 0.00130108 0.000239412 1 -0.000316689 -0.00130092 0.000316311 0.999999 -0.0819735 0.143653 0.0249883
FixedParameters: 0 0 0

#Transform 62
Transform: AffineTransform_float_3_3
Parameters: 1 -3.07379e-05 0.000627013 3.12621e-05 1 -0.00041798 -0.000626987 0.000418019 0.999999 -0.0245685 0.131385 0.0113525
FixedParameters: 0 0 0

#Transform 63
Transform: AffineTransform_float_3_3
Parameters: 0.999999 2.69264e-05 0.001248 -2.70736e-05 1 5.89663e-05 -0.001248 -5.90337e-05 0.999999 -0.0824637 0.0985127 0.0249582
FixedParameters: 0 0 0

#Transform 64
Transform: AffineTransform_float_3_3
Parameters: 1 2.00254e-05 0.001209 -1.99746e-05 1 -2.10242e-05 -0.001209 2.09758e-05 1 -0.0708006 0.107994 0.0218124
FixedParameters: 0 0 0

#Transform 65
Transform: AffineTransform_float_3_3
Parameters: 0.999999 1.18011e-05 0.00135099 -1.01988e-05 1 -0.000593014 -0.00135101 0.000592984 0.999999 -0.0958843 0.168423 0.0464954
FixedParameters: 0 0 0

#Transform 66
Transform: AffineTransform_float_3_3
Parameters: 1 1.05175e-05 0.001187 -9.48246e-06 1 -0.000436012 -0.001187 0.000435988 0.999999 -0.0877038 0.134689 0.0277999
FixedParameters: 0 0 0

#Transform 67
Transform: AffineTransform_float_3_3
Parameters: 1 -3.98638e-05 0.00120501 4.01361e-05 1 -0.000112952 -0.001205 0.000113048 1 -0.0823369 0.127853 0.0254523
FixedParameters: 0 0 0

#Transform 68
Transform: AffineTransform_float_3_3
Parameters: 1 -7.01878e-05 0.000570977 7.08127e-05 1 0.00032804 -0.000571023 -0.00032896 1 -0.0506979 0.0937398 0.0182545
FixedParameters: 0 0 0

#Transform 69
Transform: AffineTransform_float_3_3
Parameters: 0.999999 -2.07169e-05 0.00128101 2.12831e-05 1 -0.000220973 -0.001281 0.000221027 0.999999 -0.103631 0.126679 0.0332901
FixedParameters: 0 0 0

#Transform 70
Transform: AffineTransform_float_3_3
Parameters: 0.999999 -9.1537e-05 0.00145103 9.14628e-05 1 -0.000318868 -0.00145097 0.000319133 0.999999 -0.106657 0.157975 0.0322155
FixedParameters: 0 0 0

#Transform 71
Transform: AffineTransform_float_3_3
Parameters: 0.999999 -8.77356e-05 0.00125302 8.72643e-05 1 -0.000210891 -0.00125298 0.00021111 0.999999 -0.0945044 0.131431 0.0198907
FixedParameters: 0 0 0

#Transform 72
Transform: AffineTransform_float_3_3
Parameters: 0.999998 4.64459e-05 0.00171002 -4.65539e-05 1 0.000323921 -0.00170999 -0.00032408 0.999999 -0.107324 0.0790482 0.0406186
FixedParameters: 0 0 0

#Transform 73
Transform: AffineTransform_float_3_3
Parameters: 0.999999 2.30226e-05 0.00128102 -2.39794e-05 0.999999 0.00076397 -0.00128198 -0.00076303 0.999999 -0.0680184 0.0765258 0.039291
FixedParameters: 0 0 0

#Transform 74
Transform: AffineTransform_float_3_3
Parameters: 0.999999 1.43426e-05 0.001255 -1.36574e-05 1 -0.000273017 -0.001255 0.000272982 0.999999 -0.0656434 0.130451 0.0374002
FixedParameters: 0 0 0

#Transform 75
Transform: AffineTransform_float_3_3
Parameters: 0.999999 1.49842e-05 0.00135199 -1.40157e-05 0.999999 -0.000728019 -0.00135201 0.00072798 0.999999 -0.0702459 0.159827 0.0532852
FixedParameters: 0 0 0

#Transform 76
Transform: AffineTransform_float_3_3
Parameters: 0.999999 -0.000764368 0.00105846 0.000765632 0.999999 -0.00059719 -0.00105754 0.000597809 1 -0.0426548 0.129583 0.0501942
FixedParameters: 0 0 0

#Transform 77
Transform: AffineTransform_float_3_3
Parameters: 1 -0.000149646 0.00108391 0.000148354 1 0.000596161 -0.00108409 -0.000595838 0.999999 -0.0519732 0.0961265 0.0330911
FixedParameters: 0 0 0

#Transform 78
Transform: AffineTransform_float_3_3
Parameters: 1 -0.000443381 0.000893812 0.000442619 1 0.000426396 -0.000894189 -0.000425604 1 -0.0398421 0.0978274 0.0296716
FixedParameters: 0 0 0

#Transform 79
Transform: AffineTransform_float_3_3
Parameters: 0.999999 -0.000568898 0.00114655 0.000570101 1 -0.000960347 -0.00114545 0.000961653 0.999999 -0.0405292 0.167202 0.0877325
FixedParameters: 0 0 0

#Transform 80
Transform: AffineTransform_float_3_3
Parameters: 0.999998 -0.000709584 0.0014772 0.000710415 0.999999 -0.000280951 -0.0014768 0.000282048 0.999999 -0.0574363 0.128225 0.062296
FixedParameters: 0 0 0

#Transform 81
Transform: AffineTransform_float_3_3
Parameters: 0.999999 -0.000663521 0.0011547 0.000662479 0.999999 0.000451765 -0.0011543 -0.000451234 0.999999 -0.0440428 0.0746086 0.0399387
FixedParameters: 0 0 0

#Transform 82
Transform: AffineTransform_float_3_3
Parameters: 0.999999 -0.000870951 0.00110825 0.00087005 1 0.000857965 -0.00110875 -0.000857035 0.999999 -0.0362914 0.0413143 0.0560409
FixedParameters: 0 0 0

#Transform 83
Transform: AffineTransform_float_3_3
Parameters: 0.999999 -0.000833168 0.00133127 0.000831831 1 0.000878108 -0.00133273 -0.000876891 0.999998 -0.0384467 0.0401396 0.0712181
FixedParameters: 0 0 0

#Transform 84
Transform: AffineTransform_float_3_3
Parameters: 0.999999 -0.000836475 0.00130405 0.000835525 0.999999 0.00113109 -0.00130494 -0.00112991 0.999998 -0.042735 0.0358714 0.0624914
FixedParameters: 0 0 0

#Transform 85
Transform: AffineTransform_float_3_3
Parameters: 0.999999 -0.000969181 0.00153162 0.000966819 0.999998 0.00142348 -0.00153338 -0.00142252 0.999998 -0.0513306 0.00932413 0.0952758
FixedParameters: 0 0 0

#Transform 86
Transform: AffineTransform_float_3_3
Parameters: 0.999999 -0.000836936 0.00165903 0.000835066 0.999999 0.00116639 -0.00165998 -0.00116561 0.999998 -0.0553411 0.0319548 0.102345
FixedParameters: 0 0 0

#Transform 87
Transform: AffineTransform_float_3_3
Parameters: 0.999999 -0.000836498 0.00132205 0.000835502 0.999999 0.00113311 -0.00132295 -0.0011319 0.999999 -0.0372424 0.0428836 0.0812251
FixedParameters: 0 0 0

#Transform 88
Transform: AffineTransform_float_3_3
Parameters: 0.999998 -0.00107216 0.00171828 0.00107084 0.999999 0.000676842 -0.00171872 -0.000675159 0.999999 -0.0592505 0.0687614 0.11287
FixedParameters: 0 0 0

#Transform 89
Transform: AffineTransform_float_3_3
Parameters: 0.999998 -0.00105991 0.00200447 0.0010561 0.999999 0.00145012 -0.00200553 -0.00144788 0.999997 -0.0764333 -0.00364679 0.108933
FixedParameters: 0 0 0

#Transform 90
Transform: AffineTransform_float_3_3
Parameters: 0.999998 -0.00148766 0.00149135 0.00148534 0.999998 0.00178222 -0.00149365 -0.00177978 0.999998 -0.045638 -0.00961483 0.0949747
FixedParameters: 0 0 0

#Transform 91
Transform: AffineTransform_float_3_3
Parameters: 0.999999 -0.00105245 0.00152563 0.00104955 0.999997 0.00226061 -0.00152738 -0.0022594 0.999997 -0.0617775 -0.0508422 0.110893
FixedParameters: 0 0 0

#Transform 92
Transform: AffineTransform_float_3_3
Parameters: 0.999998 -0.00117901 0.00151867 0.00117599 0.999998 0.00198179 -0.00152033 -0.00198021 0.999997 -0.052169 -0.037225 0.0973467
FixedParameters: 0 0 0

#Transform 93
Transform: AffineTransform_float_3_3
Parameters: 0.999998 -0.00125448 0.00145687 0.00125252 0.999998 0.00170283 -0.00145913 -0.00170117 0.999997 -0.0453912 -0.0237737 0.0977343
FixedParameters: 0 0 0

#Transform 94
Transform: AffineTransform_float_3_3
Parameters: 0.999998 -0.00162976 0.00162324 0.00162725 0.999997 0.00169665 -0.00162576 -0.00169436 0.999997 -0.0533164 -0.0149061 0.106949
FixedParameters: 0 0 0

#Transform 95
Transform: AffineTransform_float_3_3
Parameters: 0.999998 -0.00132121 0.00141795 0.00131879 0.999998 0.00155687 -0.00142005 -0.00155513 0.999998 -0.0443926 -0.00553794 0.105644
FixedParameters: 0 0 0

#Transform 96
Transform: AffineTransform_float_3_3
Parameters: 0.999999 -0.00114821 0.00147028 0.00114579 0.999998 0.00150169 -0.00147172 -0.00150031 0.999998 -0.0387622 0.00145131 0.0996983
FixedParameters: 0 0 0

#Transform 97
Transform: AffineTransform_float_3_3
Parameters: 0.999998 -0.0012117 0.00147661 0.0012103 0.999998 0.00114879 -0.00147839 -0.00114721 0.999998 -0.0357874 0.0133892 0.0998514
FixedParameters: 0 0 0

#Transform 98
Transform: AffineTransform_float_3_3
Parameters: 0.999998 -0.00140967 0.0015655 0.00140833 0.999999 0.00106921 -0.0015675 -0.00106679 0.999998 -0.0487 0.0110539 0.0706253
FixedParameters: 0 0 0

#Transform 99
Transform: AffineTransform_float_3_3
Parameters: 0.999998 -0.00162873 0.00131586 0.00162727 0.999998 0.00131614 -0.00131814 -0.00131386 0.999999 -0.0195493 -0.000361334 0.0772359
FixedParameters: 0 0 0

#Transform 100
Transform: AffineTransform_float_3_3
Parameters: 0.999997 -0.00147149 0.00155164 0.00146851 0.999997 0.00160728 -0.00155336 -0.00160572 0.999997 -0.0394321 -0.00489825 0.0986345
FixedParameters: 0 0 0

#Transform 101
Transform: AffineTransform_float_3_3
Parameters: 0.999997 -0.00162752 0.00182053 0.00162648 0.999998 0.000288962 -0.00182047 -0.000286038 0.999999 -0.057343 0.0668243 0.110751
FixedParameters: 0 0 0

#Transform 102
Transform: AffineTransform_float_3_3
Parameters: 0.999998 -0.00162937 0.00130305 0.00162663 0.999997 0.00181512 -0.00130695 -0.00181288 0.999998 -0.0239515 -0.0234279 0.0871073
FixedParameters: 0 0 0

#Transform 103
Transform: AffineTransform_float_3_3
Parameters: 0.999999 -0.00122174 0.00122026 0.00121926 0.999998 0.00142649 -0.00122274 -0.00142551 0.999998 -0.0179898 -0.00579922 0.0805333
FixedParameters: 0 0 0

#Transform 104
Transform: AffineTransform_float_3_3
Parameters: 0.999997 -0.00180997 0.00164684 0.00180803 0.999997 0.00119798 -0.00164916 -0.00119502 0.999998 -0.0456158 0.00131827 0.0982024
FixedParameters: 0 0 0

#Transform 105
Transform: AffineTransform_float_3_3
Parameters: 0.999997 -0.00144635 0.00189721 0.00144465 0.999998 0.00123775 -0.00189979 -0.00123426 0.999998 -0.0562855 0.0057131 0.165125
FixedParameters: 0 0 0

#Transform 106
Transform: AffineTransform_float_3_3
Parameters: 0.999997 -0.00192062 0.0014078 0.00191939 0.999998 0.00114771 -0.0014102 -0.0011453 0.999999 -0.0190047 0.0105817 0.0655608
FixedParameters: 0 0 0

#Transform 107
Transform: AffineTransform_float_3_3
Parameters: 0.999998 -0.00137015 0.0017451 0.00136886 0.999999 0.00065739 -0.0017459 -0.00065561 0.999999 -0.0591742 0.0545364 0.064435
FixedParameters: 0 0 0

#Transform 108
Transform: AffineTransform_float_3_3
Parameters: 0.999998 -0.00160164 0.0016915 0.00159936 0.999997 0.00156171 -0.0016945 -0.00155929 0.999998 -0.0613306 0.0182618 0.0635624
FixedParameters: 0 0 0

#Transform 109
Transform: AffineTransform_float_3_3
Parameters: 0.999996 -0.00197858 0.00208856 0.00197642 0.999998 0.00123813 -0.00209144 -0.00123387 0.999997 -0.0688229 0.0196466 0.0807724
FixedParameters: 0 0 0

#Transform 110
Transform: AffineTransform_float_3_3
Parameters: 0.999991 -0.00259847 0.00332507 0.00259553 0.999997 0.000747637 -0.00332693 -0.000739362 0.999994 -0.103167 0.0245925 0.17023
FixedParameters: 0 0 0

#Transform 111
Transform: AffineTransform_float_3_3
Parameters: 0.999993 -0.00260216 0.00288245 0.00259585 0.999995 0.0021375 -0.00288755 -0.0021305 0.999993 -0.0848815 -0.0767856 0.152866
FixedParameters: 0 0 0

#Transform 112
Transform: AffineTransform_float_3_3
Parameters: 0.999991 -0.00260322 0.00336242 0.00259578 0.999995 0.00215075 -0.00336758 -0.00214225 0.999992 -0.115843 -0.0790625 0.18318
FixedParameters: 0 0 0

#Transform 113
Transform: AffineTransform_float_3_3
Parameters: 0.999993 -0.00260094 0.00288355 0.00259506 0.999995 0.0017155 -0.00288745 -0.0017075 0.999995 -0.0901628 -0.0503205 0.131191
FixedParameters: 0 0 0

#Transform 114
Transform: AffineTransform_float_3_3
Parameters: 0.999995 -0.0022374 0.00188415 0.0022346 0.999996 0.00127622 -0.00188685 -0.00127178 0.999998 -0.0236729 0.00105571 0.100138
FixedParameters: 0 0 0

#Transform 115
Transform: AffineTransform_float_3_3
Parameters: 0.999994 -0.00217019 0.0027645 0.00216681 0.999997 0.001155 -0.0027675 -0.001149 0.999995 -0.0766519 -0.0190451 0.194658
FixedParameters: 0 0 0

#Transform 116
Transform: AffineTransform_float_3_3
Parameters: 0.999993 -0.00263681 0.00246881 0.00263119 0.999994 0.00235351 -0.00247519 -0.00234649 0.999994 -0.0591258 -0.0727693 0.157718
FixedParameters: 0 0 0

#Transform 117
Transform: AffineTransform_float_3_3
Parameters: 0.999994 -0.00202432 0.00262513 0.00201768 0.999995 0.00240931 -0.00262986 -0.00240369 0.999993 -0.0889994 -0.0585561 0.168557
FixedParameters: 0 0 0

#Transform 118
Transform: AffineTransform_float_3_3
Parameters: 0.999994 -0.00265697 0.00250637 0.00264503 0.999985 0.00476766 -0.00251863 -0.00476134 0.999986 -0.0559242 -0.154574 0.275342
FixedParameters: 0 0 0

#Transform 119
Transform: AffineTransform_float_3_3
Parameters: 0.999994 -0.00212966 0.00251259 0.00212834 0.999998 0.000663351 -0.0025144 -0.000657649 0.999996 -0.0731454 0.0252085 0.162164
FixedParameters: 0 0 0

#Transform 120
Transform: AffineTransform_float_3_3
Parameters: 0.999994 -0.00196132 0.0028089 0.00195368 0.999994 0.0026055 -0.00281409 -0.00260049 0.999992 -0.103156 -0.122503 0.255651
FixedParameters: 0 0 0

#Transform 121
Transform: AffineTransform_float_3_3
Parameters: 0.999994 -0.00163519 0.00298307 0.0016278 0.999996 0.00241287 -0.00298693 -0.00240713 0.999992 -0.11736 -0.0992789 0.181007
FixedParameters: 0 0 0

#Transform 122
Transform: AffineTransform_float_3_3
Parameters: 0.999993 -0.00236105 0.0029674 0.00235395 0.999995 0.002378 -0.0029726 -0.002371 0.999993 -0.104589 -0.0720984 0.187029
FixedParameters: 0 0 0

#Transform 123
Transform: AffineTransform_float_3_3
Parameters: 0.999993 -0.00236132 0.00314352 0.00235468 0.999994 0.00232942 -0.00314849 -0.00232158 0.999993 -0.118276 -0.0742011 0.197829
FixedParameters: 0 0 0

#Transform 124
Transform: AffineTransform_float_3_3
Parameters: 0.999995 -0.00164763 0.00278086 0.00164337 0.999998 0.00130558 -0.00278215 -0.00130142 0.999996 -0.0962495 -0.0183986 0.21405
FixedParameters: 0 0 0

#Transform 125
Transform: AffineTransform_float_3_3
Parameters: 0.999995 -0.00179811 0.00267424 0.00179388 0.999997 0.00154081 -0.00267676 -0.0015352 0.999995 -0.0868171 -0.0502669 0.203627
FixedParameters: 0 0 0

#Transform 126
Transform: AffineTransform_float_3_3
Parameters: 0.999994 -0.00188602 0.00272522 0.00188198 0.999997 0.00147614 -0.00272878 -0.00147086 0.999995 -0.095983 -0.0317112 0.199007
FixedParameters: 0 0 0

#Transform 127
Transform: AffineTransform_float_3_3
Parameters: 0.999996 -0.00121603 0.00230888 0.00121197 0.999997 0.0017458 -0.00231112 -0.00174319 0.999996 -0.0826621 -0.0374329 0.179385
FixedParameters: 0 0 0

#Transform 128
Transform: AffineTransform_float_3_3
Parameters: 0.999995 -0.00121712 0.00272371 0.00121188 0.999997 0.00188131 -0.00272528 -0.00187769 0.999994 -0.0996478 -0.0436454 0.169424
FixedParameters: 0 0 0

#Transform 129
Transform: AffineTransform_float_3_3
Parameters: 0.999996 -0.00121847 0.00276016 0.00121153 0.999997 0.00234436 -0.00276285 -0.00234065 0.999994 -0.111945 -0.069462 0.183145
FixedParameters: 0 0 0

#Transform 130
Transform: AffineTransform_float_3_3
Parameters: 0.999995 -0.00121811 0.00269625 0.00121189 0.999996 0.00226628 -0.00269875 -0.00226372 0.999994 -0.107621 -0.0715418 0.202802
FixedParameters: 0 0 0

#Transform 131
Transform: AffineTransform_float_3_3
Parameters: 0.999997 -0.00121453 0.00241273 0.00121147 0.999998 0.00104793 -0.00241427 -0.00104507 0.999996 -0.091518 -0.00643644 0.238214
FixedParameters: 0 0 0

#Transform 132
Transform: AffineTransform_float_3_3
Parameters: 0.999997 -0.00121563 0.00223703 0.00121137 0.999998 0.00162472 -0.00223897 -0.00162228 0.999996 -0.0852731 -0.0247523 0.158496
FixedParameters: 0 0 0

#Transform 133
Transform: AffineTransform_float_3_3
Parameters: 0.999991 -0.00179468 0.00383749 0.00178532 0.999995 0.00252388 -0.00384251 -0.00251713 0.99999 -0.167519 -0.104079 0.251284
FixedParameters: 0 0 0

#Transform 134
Transform: AffineTransform_float_3_3
Parameters: 0.999994 -0.00161648 0.00319473 0.00161052 0.999996 0.00202916 -0.00319827 -0.00202384 0.999993 -0.134668 -0.0489867 0.186409
FixedParameters: 0 0 0

#Transform 135
Transform: AffineTransform_float_3_3
Parameters: 0.999994 -0.00152653 0.00328605 0.00151746 0.999995 0.002598 -0.00329095 -0.00259299 0.999991 -0.135034 -0.0828776 0.207611
FixedParameters: 0 0 0

#Transform 136
Transform: AffineTransform_float_3_3
Parameters: 0.999996 -0.00116448 0.00281774 0.00115952 0.999998 0.00194428 -0.00282026 -0.00194073 0.999994 -0.100521 -0.0486717 0.200258
FixedParameters: 0 0 0

#Transform 137
Transform: AffineTransform_float_3_3
Parameters: 0.999994 -0.00152711 0.00309851 0.0015209 0.999996 0.00229373 -0.00310249 -0.00228928 0.999992 -0.123216 -0.0746907 0.188208
FixedParameters: 0 0 0

#Transform 138
Transform: AffineTransform_float_3_3
Parameters: 0.999991 -0.00185677 0.00361651 0.00184723 0.999996 0.0024277 -0.00362149 -0.0024213 0.99999 -0.146249 -0.0946054 0.207949
FixedParameters: 0 0 0

#Transform 139
Transform: AffineTransform_float_3_3
Parameters: 0.999992 -0.00159261 0.00352968 0.00158239 0.999995 0.00272361 -0.00353432 -0.00271839 0.99999 -0.131766 -0.103743 0.230576
FixedParameters: 0 0 0

#Transform 140
Transform: AffineTransform_float_3_3
Parameters: 0.999993 -0.00151879 0.00336539 0.00151322 0.999998 0.0017211 -0.00336761 -0.0017159 0.999993 -0.122454 -0.0294273 0.229116
FixedParameters: 0 0 0

#Transform 141
Transform: AffineTransform_float_3_3
Parameters: 0.999993 -0.00154222 0.00340729 0.00153378 0.999996 0.00241324 -0.00341071 -0.00240776 0.999992 -0.135204 -0.100785 0.207203
FixedParameters: 0 0 0

#Transform 142
Transform: AffineTransform_float_3_3
Parameters: 0.999994 -0.00152355 0.00312035 0.00151344 0.999994 0.00306274 -0.00312465 -0.00305726 0.999991 -0.119213 -0.118144 0.214681
FixedParameters: 0 0 0

#Transform 143
Transform: AffineTransform_float_3_3
Parameters: 0.999993 -0.00166703 0.00350814 0.00166097 0.999997 0.00172084 -0.00351086 -0.00171516 0.999993 -0.135031 -0.0467471 0.258289
FixedParameters: 0 0 0

#Transform 144
Transform: AffineTransform_float_3_3
Parameters: 0.99999 -0.00196546 0.00399385 0.00195654 0.999996 0.00212183 -0.00399815 -0.00211316 0.99999 -0.137682 -0.0803099 0.238984
FixedParameters: 0 0 0

#Transform 145
Transform: AffineTransform_float_3_3
Parameters: 0.999982 -0.00308463 0.00504164 0.00306636 0.999988 0.00370052 -0.00505236 -0.00368448 0.999981 -0.172143 -0.192226 0.307117
FixedParameters: 0 0 0

#Transform 146
Transform: AffineTransform_float_3_3
Parameters: 0.999992 -0.0024935 0.00329509 0.00247451 0.999981 0.0056052 -0.00330891 -0.0055968 0.999979 -0.133852 -0.284777 0.349345
FixedParameters: 0 0 0

#Transform 147
Transform: AffineTransform_float_3_3
Parameters: 0.999994 -0.00250013 0.00244368 0.00248987 0.999989 0.00413911 -0.00245432 -0.00413289 0.999989 -0.0423857 -0.211926 0.266419
FixedParameters: 0 0 0

#Transform 148
Transform: AffineTransform_float_3_3
Parameters: 0.999994 -0.00204613 0.00257878 0.00203787 0.999991 0.00353727 -0.00258622 -0.00353173 0.999991 -0.0561756 -0.144499 0.265812
FixedParameters: 0 0 0

#Transform 149
Transform: AffineTransform_float_3_3
Parameters: 0.999994 -0.00217421 0.00271845 0.00216579 0.999993 0.00301891 -0.00272454 -0.00301309 0.999991 -0.0758339 -0.125966 0.30442
FixedParameters: 0 0 0

#Transform 150
Transform: AffineTransform_float_3_3
Parameters: 0.999994 -0.00214436 0.00292535 0.00213864 0.999996 0.00217527 -0.00292965 -0.00216873 0.999994 -0.0858509 -0.0953697 0.288409
FixedParameters: 0 0 0

#Transform 151
Transform: AffineTransform_float_3_3
Parameters: 0.999994 -0.00229759 0.00233056 0.00228941 0.99999 0.00368136 -0.00233944 -0.00367665 0.999991 -0.0941424 -0.204294 0.250912
FixedParameters: 0 0 0

#Transform 152
Transform: AffineTransform_float_3_3
Parameters: 0.999992 -0.00198951 0.00331452 0.00197749 0.999991 0.00377358 -0.00332148 -0.00376642 0.999988 -0.124744 -0.189391 0.272898
FixedParameters: 0 0 0

#Transform 153
Transform: AffineTransform_float_3_3
Parameters: 0.999993 -0.00240379 0.00284127 0.00239622 0.999995 0.00238883 -0.00284673 -0.00238217 0.999993 -0.09782 -0.09341 0.18843
FixedParameters: 0 0 0

#Transform 154
Transform: AffineTransform_float_3_3
Parameters: 0.999985 -0.00217024 0.00489684 0.00213777 0.999976 0.00657857 -0.00491016 -0.00656844 0.999967 -0.199975 -0.416669 0.578276
FixedParameters: 0 0 0

#Transform 155
Transform: AffineTransform_float_3_3
Parameters: 0.99999 -0.00302194 0.00332006 0.00300106 0.999975 0.00629402 -0.00333894 -0.00628397 0.999974 -0.0549803 -0.367063 0.408884
FixedParameters: 0 0 0

#Transform 156
Transform: AffineTransform_float_3_3
Parameters: 0.999983 -0.00297134 0.00504847 0.00288165 0.99984 0.0176118 -0.00510052 -0.0175971 0.999832 -0.141703 -1.19952 1.21223
FixedParameters: 0 0 0

#Transform 157
Transform: AffineTransform_float_3_3
Parameters: 0.999989 -0.002529 0.00410724 0.00249001 0.999952 0.00947133 -0.00413076 -0.00946166 0.999946 -0.114672 -0.535822 0.569181
FixedParameters: 0 0 0

#Transform 158
Transform: AffineTransform_float_3_3
Parameters: 0.99999 -0.00211253 0.00390731 0.00208648 0.999977 0.00652522 -0.00392069 -0.00651779 0.999971 -0.0974797 -0.368563 0.550801
FixedParameters: 0 0 0

#Transform 159
Transform: AffineTransform_float_3_3
Parameters: 0.999989 -0.0021147 0.0040557 0.00208929 0.999978 0.00633154 -0.0040693 -0.00632346 0.999971 -0.11463 -0.369777 0.473878
FixedParameters: 0 0 0

#Transform 160
Transform: AffineTransform_float_3_3
Parameters: 0.999987 -0.00252244 0.00444274 0.00249056 0.999971 0.00729216 -0.00446126 -0.00728084 0.999963 -0.139337 -0.429149 0.545618
FixedParameters: 0 0 0

#Transform 161
Transform: AffineTransform_float_3_3
Parameters: 0.999984 -0.00291938 0.0049385 0.00289362 0.999981 0.00534037 -0.00495451 -0.00532662 0.999973 -0.156386 -0.324901 0.565066
FixedParameters: 0 0 0

#Transform 162
Transform: AffineTransform_float_3_3
Parameters: 0.999987 -0.00270245 0.00430441 0.00267154 0.99997 0.00729659 -0.00432459 -0.00728441 0.999964 -0.13048 -0.448639 0.558081
FixedParameters: 0 0 0

#Transform 163
Transform: AffineTransform_float_3_3
Parameters: 0.999987 -0.00258437 0.00438408 0.00255263 0.99997 0.00737329 -0.00440293 -0.00736172 0.999963 -0.126522 -0.444406 0.626887
FixedParameters: 0 0 0

#Transform 164
Transform: AffineTransform_float_3_3
Parameters: 0.999984 -0.00287468 0.00500184 0.00283332 0.999963 0.0081203 -0.00502515 -0.00810669 0.999954 -0.154019 -0.515474 0.65046
FixedParameters: 0 0 0

#Transform 165
Transform: AffineTransform_float_3_3
Parameters: 0.999978 -0.00340093 0.00570739 0.00333707 0.999932 0.0111723 -0.00574561 -0.0111537 0.999922 -0.161748 -0.745188 0.844507
FixedParameters: 0 0 0

#Transform 166
Transform: AffineTransform_float_3_3
Parameters: 0.999982 -0.00362152 0.00483517 0.00357948 0.999957 0.00856846 -0.00486581 -0.00855053 0.999951 -0.0924097 -0.550176 0.639822
FixedParameters: 0 0 0

#Transform 167
Transform: AffineTransform_float_3_3
Parameters: 0.999981 -0.00267082 0.00542066 0.00262518 0.999961 0.00844338 -0.00544234 -0.00842861 0.999949 -0.161335 -0.498335 0.663782
FixedParameters: 0 0 0

#Transform 168
Transform: AffineTransform_float_3_3
Parameters: 0.99998 -0.00314033 0.00549121 0.00309268 0.999958 0.00860516 -0.00551779 -0.00858884 0.999948 -0.170114 -0.543947 0.626525
FixedParameters: 0 0 0

#Transform 169
Transform: AffineTransform_float_3_3
Parameters: 0.999986 -0.00256286 0.00474446 0.00253215 0.999975 0.0064981 -0.00476054 -0.00648589 0.999967 -0.139507 -0.41779 0.593776
FixedParameters: 0 0 0

#Transform 170
Transform: AffineTransform_float_3_3
Parameters: 0.999984 -0.00283549 0.00504164 0.00280851 0.999981 0.00545125 -0.00505737 -0.00543675 0.999973 -0.160415 -0.331933 0.593113
FixedParameters: 0 0 0

#Transform 171
Transform: AffineTransform_float_3_3
Parameters: 0.999988 -0.00263447 0.00416663 0.00261053 0.99998 0.00586795 -0.00418138 -0.00585706 0.999974 -0.0801371 -0.352036 0.511148
FixedParameters: 0 0 0

#Transform 172
Transform: AffineTransform_float_3_3
Parameters: 0.999987 -0.00284592 0.00437059 0.00281908 0.999977 0.0061534 -0.00438841 -0.00614059 0.999971 -0.115408 -0.369334 0.515739
FixedParameters: 0 0 0

#Transform 173
Transform: AffineTransform_float_3_3
Parameters: 0.999986 -0.00271434 0.00450163 0.00268766 0.999978 0.00606819 -0.00451738 -0.00605682 0.999972 -0.126157 -0.367482 0.582028
FixedParameters: 0 0 0

#Transform 174
Transform: AffineTransform_float_3_3
Parameters: 0.999986 -0.00282621 0.00451408 0.00279879 0.999978 0.00602172 -0.00453092 -0.00600928 0.999971 -0.119629 -0.352543 0.597608
FixedParameters: 0 0 0

#Transform 175
Transform: AffineTransform_float_3_3
Parameters: 0.999985 -0.00236505 0.0048168 0.00233894 0.999981 0.00561534 -0.00483019 -0.00560365 0.999972 -0.143708 -0.333736 0.584732
FixedParameters: 0 0 0

#Transform 176
Transform: AffineTransform_float_3_3
Parameters: 0.999986 -0.0028819 0.0044096 0.00285209 0.999973 0.00677367 -0.0044294 -0.00676033 0.999968 -0.123547 -0.406113 0.548931
FixedParameters: 0 0 0

#Transform 177
Transform: AffineTransform_float_3_3
Parameters: 0.999987 -0.00233958 0.00451979 0.00230841 0.999973 0.00698053 -0.00453621 -0.00696948 0.999966 -0.12719 -0.409029 0.6024
FixedParameters: 0 0 0

#Transform 178
Transform: AffineTransform_float_3_3
Parameters: 0.999988 -0.00222532 0.00435266 0.00220268 0.999985 0.00512665 -0.00436434 -0.00511635 0.999978 -0.0995509 -0.292089 0.561918
FixedParameters: 0 0 0

#Transform 179
Transform: AffineTransform_float_3_3
Parameters: 0.999986 -0.0024359 0.00470664 0.0024061 0.999977 0.00634841 -0.00472235 -0.00633658 0.999969 -0.122658 -0.372346 0.539884
FixedParameters: 0 0 0
