#Insight Transform File V1.0
#Transform 0
Transform: AffineTransform_float_3_3
Parameters: 0.999999 -0.000429556 -0.00151584 0.000429444 1 -0.000366651 0.00151616 0.000366349 0.999999 0.160046 -0.163827 -0.603414
FixedParameters: 0 0 0

#Transform 1
Transform: AffineTransform_float_3_3
Parameters: 1 0.000882969 -0.000451061 -0.000883031 0.999999 -6.86017e-05 0.00045094 6.83982e-05 1 0.106568 0.0922277 0.123538
FixedParameters: 0 0 0

#Transform 2
Transform: AffineTransform_float_3_3
Parameters: 1 0.000612934 -0.000165245 -0.000613066 0.999999 -0.000399899 0.000164755 0.000399101 1 0.0939062 0.143408 0.0212068
FixedParameters: 0 0 0

#Transform 3
Transform: AffineTransform_float_3_3
Parameters: 1 0.000612972 -0.000104162 -0.000613027 1 -0.000263936 0.000103838 0.000264064 1 0.0687292 0.146563 0.014574
FixedParameters: 0 0 0

#Transform 4
Transform: AffineTransform_float_3_3
Parameters: 1 0.000612903 -0.000165358 -0.000613096 0.999999 -0.000583898 0.000164642 0.000584101 1 0.0901651 0.175836 0.0091476
FixedParameters: 0 0 0

#Transform 5
Transform: AffineTransform_float_3_3
Parameters: 1 0.000544944 -0.000165183 -0.000545055 1 -0.00033591 0.000164817 0.00033509 1 0.096993 0.166941 0.00801658
FixedParameters: 0 0 0

#Transform 6
Transform: AffineTransform_float_3_3
Parameters: 0.999999 0.00061285 -0.000566161 -0.000613149 1 -0.000263653 0.000565838 0.000264347 1 0.105801 0.152297 0.0203851
FixedParameters: 0 0 0

#Transform 7
Transform: AffineTransform_float_3_3
Parameters: 1 0.000612946 -7.64309e-05 -0.000613054 0.999999 -0.000702953 7.6569e-05 0.000703047 0.999999 0.082989 0.182754 -0.00422499
FixedParameters: 0 0 0

#Transform 8
Transform: AffineTransform_float_3_3
Parameters: 0.999999 0.000612793 -0.000491257 -0.000613206 0.999999 -0.000419699 0.000490742 0.000420301 1 0.11176 0.169153 0.000734177
FixedParameters: 0 0 0

#Transform 9
Transform: AffineTransform_float_3_3
Parameters: 1 0.000612864 -0.000165505 -0.000613136 1 -0.000823899 0.000164495 0.000824101 0.999999 0.093367 0.197376 -0.00109936
FixedParameters: 0 0 0

#Transform 10
Transform: AffineTransform_float_3_3
Parameters: 1 0.000470897 -0.000165294 -0.000471103 0.999999 -0.000624922 0.000164706 0.000625077 1 0.0855564 0.194813 -0.00130108
FixedParameters: 0 0 0

#Transform 11
Transform: AffineTransform_float_3_3
Parameters: 1 0.000451868 -0.000165359 -0.000452131 0.999999 -0.000794925 0.000164641 0.000795074 0.999999 0.0853232 0.205568 -0.00140384
FixedParameters: 0 0 0

#Transform 12
Transform: AffineTransform_float_3_3
Parameters: 0.999999 0.000536865 -0.000651111 -0.000537134 1 -0.00020665 0.000650888 0.000207349 1 0.133854 0.172269 -0.00646778
FixedParameters: 0 0 0

#Transform 13
Transform: AffineTransform_float_3_3
Parameters: 1 0.000486969 -0.000165091 -0.000487031 1 -0.00018592 0.000164909 0.00018608 1 0.108124 0.181704 -0.0432434
FixedParameters: 0 0 0

#Transform 14
Transform: AffineTransform_float_3_3
Parameters: 1 0.000178742 -0.000165279 -0.000178257 0.999999 -0.00155997 0.000164722 0.00156003 0.999999 0.108387 0.262356 -0.0120603
FixedParameters: 0 0 0

#Transform 15
Transform: AffineTransform_float_3_3
Parameters: 1 0.000449841 -0.000165434 -0.000450159 1 -0.000964926 0.000164566 0.000965074 0.999999 0.111618 0.219572 -0.0126864
FixedParameters: 0 0 0

#Transform 16
Transform: AffineTransform_float_3_3
Parameters: 1 0.000441033 4.2663e-05 -0.000441967 0.999999 -0.000764018 -4.33377e-05 0.00076398 0.999999 0.0793231 0.195015 -0.0065951
FixedParameters: 0 0 0

#Transform 17
Transform: AffineTransform_float_3_3
Parameters: 1 0.000353924 -8.33231e-05 -0.000354075 0.999999 -0.00091297 8.26771e-05 0.000912029 0.999999 0.0934565 0.210973 4.712e-05
FixedParameters: 0 0 0

#Transform 18
Transform: AffineTransform_float_3_3
Parameters: 1 0.000400719 -0.00026243 -0.000400281 1 -0.0010719 0.000261572 0.00107111 1 0.117457 0.227364 -0.0104562
FixedParameters: 0 0 0

#Transform 19
Transform: AffineTransform_float_3_3
Parameters: 1 0.00045084 -0.000165437 -0.00045116 1 -0.000969925 0.000164562 0.000970074 0.999999 0.101111 0.22118 0.000393278
FixedParameters: 0 0 0

#Transform 20
Transform: AffineTransform_float_3_3
Parameters: 1 0.000536839 -0.000165524 -0.000537161 1 -0.000976911 0.000164475 0.000977088 0.999999 0.101946 0.207223 0.000444625
FixedParameters: 0 0 0

#Transform 21
Transform: AffineTransform_float_3_3
Parameters: 1 0.000462664 -0.000243639 -0.000462336 0.999999 -0.00137989 0.000243362 0.00138011 0.999999 0.103238 0.248038 0.00680472
FixedParameters: 0 0 0

#Transform 22
Transform: AffineTransform_float_3_3
Parameters: 1 0.000468838 -0.000165459 -0.000469161 1 -0.000978922 0.000164541 0.000979077 0.999999 0.0989437 0.208684 0.000458487
FixedParameters: 0 0 0

#Transform 23
Transform: AffineTransform_float_3_3
Parameters: 1 0.000536823 -0.000165575 -0.000537176 1 -0.00106991 0.000164425 0.00107009 1 0.102161 0.230516 0.00153535
FixedParameters: 0 0 0

#Transform 24
Transform: AffineTransform_float_3_3
Parameters: 1 0.000536822 -0.00016558 -0.000537178 1 -0.00107991 0.00016442 0.00108009 1 0.098055 0.214079 0.00163579
FixedParameters: 0 0 0

#Transform 25
Transform: AffineTransform_float_3_3
Parameters: 1 0.000368813 -0.000165417 -0.000369186 1 -0.00112994 0.000164583 0.00113006 1 0.088518 0.227865 0.0200223
FixedParameters: 0 0 0

#Transform 26
Transform: AffineTransform_float_3_3
Parameters: 1 0.000536654 -0.000247749 -0.000537344 0.999999 -0.00139587 0.00024625 0.00139613 0.999999 0.112185 0.238191 0.0178449
FixedParameters: 0 0 0

#Transform 27
Transform: AffineTransform_float_3_3
Parameters: 1 0.000237522 -0.000389292 -0.000237479 0.999999 -0.00122891 0.000389708 0.00122909 0.999999 0.11818 0.247208 0.0146983
FixedParameters: 0 0 0

#Transform 28
Transform: AffineTransform_float_3_3
Parameters: 1 0.000315838 -0.000165309 -0.000316162 1 -0.000978948 0.00016469 0.000979052 0.999999 0.104194 0.216122 0.00389063
FixedParameters: 0 0 0

#Transform 29
Transform: AffineTransform_float_3_3
Parameters: 1 0.000536398 -0.000410787 -0.000536601 0.999999 -0.00146678 0.000409213 0.00146722 0.999999 0.123047 0.23998 0.0268366
FixedParameters: 0 0 0

#Transform 30
Transform: AffineTransform_float_3_3
Parameters: 0.999999 0.000536183 -0.000705621 -0.000536816 0.999999 -0.00115762 0.000704379 0.00115838 0.999999 0.143886 0.230195 0.0169123
FixedParameters: 0 0 0

#Transform 31
Transform: AffineTransform_float_3_3
Parameters: 1 0.000374768 -0.000165526 -0.000375231 0.999999 -0.00140194 0.000164474 0.00140206 0.999999 0.0953876 0.24602 0.00879467
FixedParameters: 0 0 0

#Transform 32
Transform: AffineTransform_float_3_3
Parameters: 1 0.000120715 -0.000165209 -0.000121285 0.999998 -0.00172698 0.000164791 0.00172702 0.999998 0.103092 0.271764 0.0126892
FixedParameters: 0 0 0

#Transform 33
Transform: AffineTransform_float_3_3
Parameters: 0.999999 0.000415915 -0.000634713 -0.000417086 0.999999 -0.00171074 0.000634288 0.00171027 0.999999 0.137878 0.270401 0.0184172
FixedParameters: 0 0 0

#Transform 34
Transform: AffineTransform_float_3_3
Parameters: 1 0.000443788 -0.000165569 -0.000444211 0.999999 -0.00128093 0.000164431 0.00128107 0.999999 0.10681 0.235625 0.0158749
FixedParameters: 0 0 0

#Transform 35
Transform: AffineTransform_float_3_3
Parameters: 0.999999 0.000454072 -0.000611689 -0.000454928 0.999998 -0.00151672 0.00061131 0.00151728 0.999998 0.125533 0.247374 0.0297492
FixedParameters: 0 0 0

#Transform 36
Transform: AffineTransform_float_3_3
Parameters: 0.999999 0.000235047 -0.000784587 -0.000236954 0.999997 -0.00248981 0.000784412 0.00249018 0.999996 0.134383 0.31418 0.0448938
FixedParameters: 0 0 0

#Transform 37
Transform: AffineTransform_float_3_3
Parameters: 1 0.000129448 -0.000657307 -0.000131551 0.999997 -0.00236191 0.000656691 0.00236209 0.999997 0.12817 0.320094 0.0407432
FixedParameters: 0 0 0

#Transform 38
Transform: AffineTransform_float_3_3
Parameters: 1 5.60144e-06 -0.000660014 -7.39852e-06 0.999998 -0.002119 0.000659986 0.002119 0.999998 0.125327 0.31703 0.0287189
FixedParameters: 0 0 0

#Transform 39
Transform: AffineTransform_float_3_3
Parameters: 1 9.47755e-05 -0.000571205 -9.52239e-05 0.999997 -0.00214395 0.000570797 0.00214405 0.999998 0.120358 0.313182 0.0294838
FixedParameters: 0 0 0

#Transform 40
Transform: AffineTransform_float_3_3
Parameters: 1 9.47309e-05 -0.000571212 -9.52685e-05 0.999997 -0.00222195 0.00057079 0.00222205 0.999998 0.120354 0.317507 0.0280589
FixedParameters: 0 0 0

#Transform 41
Transform: AffineTransform_float_3_3
Parameters: 1 9.46207e-05 -0.00057123 -9.53787e-05 0.999997 -0.00241495 0.000570771 0.00241505 0.999997 0.13865 0.328627 0.0229335
FixedParameters: 0 0 0

#Transform 42
Transform: AffineTransform_float_3_3
Parameters: 1 9.36418e-05 -0.000978229 -9.53577e-05 0.999997 -0.00241091 0.000977773 0.00241109 0.999996 0.163575 0.311848 0.0340892
FixedParameters: 0 0 0

#Transform 43
Transform: AffineTransform_float_3_3
Parameters: 1 9.4591e-05 -0.000571235 -9.54083e-05 0.999997 -0.00246695 0.000570766 0.00246705 0.999997 0.137018 0.335699 0.0294604
FixedParameters: 0 0 0

#Transform 44
Transform: AffineTransform_float_3_3
Parameters: 1 9.47532e-05 -0.000571208 -9.52462e-05 0.999997 -0.00218295 0.000570794 0.00218305 0.999998 0.129256 0.301914 0.022675
FixedParameters: 0 0 0

#Transform 45
Transform: AffineTransform_float_3_3
Parameters: 1 9.4693e-05 -0.00065519 -9.53065e-05 0.999998 -0.00199494 0.000654811 0.00199506 0.999998 0.123618 0.288594 0.0607813
FixedParameters: 0 0 0

#Transform 46
Transform: AffineTransform_float_3_3
Parameters: 1 0.000214568 -0.000571539 -0.000215433 0.999997 -0.00250588 0.000571462 0.00250612 0.999996 0.138008 0.334213 0.0275158
FixedParameters: 0 0 0

#Transform 47
Transform: AffineTransform_float_3_3
Parameters: 1 9.45762e-05 -0.000571237 -9.54232e-05 0.999997 -0.00249294 0.000570764 0.00249305 0.999996 0.127767 0.341848 0.0244829
FixedParameters: 0 0 0

#Transform 48
Transform: AffineTransform_float_3_3
Parameters: 1 9.43421e-05 -0.000649243 -9.56572e-05 0.999996 -0.00255394 0.000648758 0.00255406 0.999997 0.131928 0.331136 0.0392775
FixedParameters: 0 0 0

#Transform 49
Transform: AffineTransform_float_3_3
Parameters: 1 9.45104e-05 -0.000571249 -9.54888e-05 0.999996 -0.00260795 0.000570753 0.00260805 0.999997 0.126761 0.345984 0.0378516
FixedParameters: 0 0 0

#Transform 50
Transform: AffineTransform_float_3_3
Parameters: 1 9.43797e-05 -0.00057127 -9.56195e-05 0.999996 -0.00283695 0.000570731 0.00283705 0.999996 0.125349 0.361395 0.035554
FixedParameters: 0 0 0

#Transform 51
Transform: AffineTransform_float_3_3
Parameters: 1 9.43797e-05 -0.00057127 -9.56195e-05 0.999996 -0.00283695 0.000570731 0.00283705 0.999996 0.133926 0.353493 0.0347494
FixedParameters: 0 0 0

#Transform 52
Transform: AffineTransform_float_3_3
Parameters: 0.999999 9.33891e-05 -0.000799309 -9.56097e-05 0.999994 -0.00326692 0.000798692 0.00326708 0.999995 0.145918 0.385513 0.0406504
FixedParameters: 0 0 0

#Transform 53
Transform: AffineTransform_float_3_3
Parameters: 0.999999 9.32938e-05 -0.00100425 -9.57054e-05 0.999997 -0.00269491 0.00100375 0.0026951 0.999996 0.168688 0.362323 0.0191245
FixedParameters: 0 0 0

#Transform 54
Transform: AffineTransform_float_3_3
Parameters: 1 9.42369e-05 -0.000571294 -9.57622e-05 0.999995 -0.00308695 0.000570707 0.00308706 0.999995 0.136982 0.376255 0.0320701
FixedParameters: 0 0 0

#Transform 55
Transform: AffineTransform_float_3_3
Parameters: 0.999999 9.33155e-05 -0.000912278 -9.56864e-05 0.999995 -0.00294291 0.000912722 0.00294309 0.999996 0.154644 0.376288 0.0373729
FixedParameters: 0 0 0

#Transform 56
Transform: AffineTransform_float_3_3
Parameters: 1 0.000226791 -0.00108068 -0.000230209 0.999995 -0.00296975 0.00108032 0.00297025 0.999995 0.15818 0.346386 0.0580512
FixedParameters: 0 0 0

#Transform 57
Transform: AffineTransform_float_3_3
Parameters: 0.999999 9.32997e-05 -0.000803318 -9.56991e-05 0.999995 -0.00336193 0.000802683 0.00336208 0.999994 0.145211 0.375201 0.0517604
FixedParameters: 0 0 0

#Transform 58
Transform: AffineTransform_float_3_3
Parameters: 0.999999 9.29332e-05 -0.000718403 -9.60699e-05 0.999991 -0.00427093 0.000718596 0.00427007 0.99999 0.158532 0.435746 0.0689559
FixedParameters: 0 0 0

#Transform 59
Transform: AffineTransform_float_3_3
Parameters: 0.999999 0.000186244 -0.000850831 -0.000189758 0.99999 -0.00441784 0.00085017 0.00441716 0.99999 0.142409 0.451456 0.0804204
FixedParameters: 0 0 0

#Transform 60
Transform: AffineTransform_float_3_3
Parameters: 1 9.01669e-05 -0.00112348 -9.58305e-05 0.999986 -0.00519289 0.00112252 0.0051931 0.999986 0.15524 0.483304 0.132773
FixedParameters: 0 0 0

#Transform 61
Transform: AffineTransform_float_3_3
Parameters: 0.999999 9.2005e-05 -0.000877428 -9.59974e-05 0.999989 -0.00455392 0.000877572 0.00455408 0.999989 0.145884 0.461945 0.100883
FixedParameters: 0 0 0

#Transform 62
Transform: AffineTransform_float_3_3
Parameters: 0.999999 4.06337e-05 -0.000877213 -4.43701e-05 0.999987 -0.00497796 0.00087779 0.00497804 0.999987 0.14575 0.489347 0.1136
FixedParameters: 0 0 0

#Transform 63
Transform: AffineTransform_float_3_3
Parameters: 0.999999 9.16962e-05 -0.00087746 -9.53063e-05 0.999988 -0.00490592 0.000877542 0.00490608 0.999987 0.144443 0.48143 0.0996516
FixedParameters: 0 0 0

#Transform 64
Transform: AffineTransform_float_3_3
Parameters: 0.999999 9.18357e-05 -0.000877446 -9.61667e-05 0.999988 -0.00474692 0.000877553 0.00474708 0.999989 0.135131 0.458625 0.105329
FixedParameters: 0 0 0

#Transform 65
Transform: AffineTransform_float_3_3
Parameters: 0.999999 -0.000499753 -0.0008743 0.000495243 0.999985 -0.00542844 0.0008777 0.00542756 0.999985 0.117251 0.508793 0.137593
FixedParameters: 0 0 0

#Transform 66
Transform: AffineTransform_float_3_3
Parameters: 0.999999 -0.000394556 -0.000874959 0.000390444 0.999987 -0.00520135 0.000877042 0.00520066 0.999986 0.118501 0.49467 0.117379
FixedParameters: 0 0 0

#Transform 67
Transform: AffineTransform_float_3_3
Parameters: 0.999999 -0.000408328 -0.000874993 0.000403672 0.999987 -0.00494036 0.000877005 0.00494064 0.999988 0.12801 0.483874 0.0998771
FixedParameters: 0 0 0

#Transform 68
Transform: AffineTransform_float_3_3
Parameters: 0.999999 -9.94057e-05 -0.000876511 9.55926e-05 0.999988 -0.00502409 0.000877491 0.00502492 0.999987 0.136853 0.494941 0.100992
FixedParameters: 0 0 0

#Transform 69
Transform: AffineTransform_float_3_3
Parameters: 0.999999 -9.11734e-05 -0.000876576 8.68244e-05 0.999988 -0.00476008 0.000877423 0.00475992 0.999989 0.141429 0.463931 0.095731
FixedParameters: 0 0 0

#Transform 70
Transform: AffineTransform_float_3_3
Parameters: 0.999999 9.14152e-05 -0.000967444 -9.55872e-05 0.999989 -0.00473991 0.000967558 0.00474009 0.999989 0.135334 0.456368 0.108519
FixedParameters: 0 0 0

#Transform 71
Transform: AffineTransform_float_3_3
Parameters: 0.999999 -0.000327227 -0.000875431 0.00032277 0.999989 -0.00482429 0.000877567 0.00482372 0.999988 0.123093 0.466073 0.110015
FixedParameters: 0 0 0

#Transform 72
Transform: AffineTransform_float_3_3
Parameters: 0.999999 -0.000344317 -0.000875314 0.00033968 0.999988 -0.0049263 0.000877684 0.0049267 0.999988 0.129921 0.495157 0.110823
FixedParameters: 0 0 0

#Transform 73
Transform: AffineTransform_float_3_3
Parameters: 0.999999 -0.000135987 -0.00087639 0.00013201 0.999989 -0.00454812 0.000877609 0.00454788 0.99999 0.131117 0.469306 0.100989
FixedParameters: 0 0 0

#Transform 74
Transform: AffineTransform_float_3_3
Parameters: 0.999999 -0.000150088 -0.000876309 0.000145909 0.999989 -0.00466313 0.000877689 0.00466287 0.999988 0.132497 0.473316 0.112893
FixedParameters: 0 0 0

#Transform 75
Transform: AffineTransform_float_3_3
Parameters: 0.999999 -0.000337206 -0.000875391 0.000332791 0.999989 -0.0048003 0.000877607 0.00479971 0.999988 0.130334 0.490393 0.110844
FixedParameters: 0 0 0

#Transform 76
Transform: AffineTransform_float_3_3
Parameters: 0.999999 -0.000360318 -0.000875235 0.000355677 0.999988 -0.00492931 0.000877764 0.00492869 0.999988 0.128641 0.480062 0.11719
FixedParameters: 0 0 0

#Transform 77
Transform: AffineTransform_float_3_3
Parameters: 0.999999 9.16409e-05 -0.000877466 -9.53616e-05 0.999987 -0.00496892 0.000877537 0.00496908 0.999988 0.134617 0.473605 0.116968
FixedParameters: 0 0 0

#Transform 78
Transform: AffineTransform_float_3_3
Parameters: 0.999999 -0.000314109 -0.000875536 0.000310888 0.999989 -0.00469027 0.000877467 0.00468972 0.999988 0.137494 0.479091 0.11543
FixedParameters: 0 0 0

#Transform 79
Transform: AffineTransform_float_3_3
Parameters: 1 -0.000392922 -0.00102513 0.000388078 0.999988 -0.0047974 0.00102687 0.0047966 0.999988 0.149566 0.491762 0.125045
FixedParameters: 0 0 0

#Transform 80
Transform: AffineTransform_float_3_3
Parameters: 0.999999 -0.000465327 -0.000874711 0.00046167 0.999987 -0.00494141 0.000877292 0.00494059 0.999988 0.132523 0.514183 0.129815
FixedParameters: 0 0 0

#Transform 81
Transform: AffineTransform_float_3_3
Parameters: 0.999999 -0.000395279 -0.000875079 0.000390717 0.999988 -0.00488434 0.000877918 0.00488465 0.999987 0.146211 0.50846 0.118919
FixedParameters: 0 0 0

#Transform 82
Transform: AffineTransform_float_3_3
Parameters: 0.999999 -0.000395328 -0.000875057 0.000390666 0.999987 -0.00494134 0.000877941 0.00494066 0.999988 0.13939 0.511856 0.119587
FixedParameters: 0 0 0

#Transform 83
Transform: AffineTransform_float_3_3
Parameters: 0.999999 -0.000395913 -0.000874793 0.000391087 0.999984 -0.00560835 0.000877207 0.00560866 0.999984 0.122834 0.52578 0.17171
FixedParameters: 0 0 0

#Transform 84
Transform: AffineTransform_float_3_3
Parameters: 1 -0.00039346 -0.000397581 0.000391544 0.999981 -0.00616816 0.000399423 0.00616784 0.999981 0.116142 0.561951 0.178692
FixedParameters: 0 0 0

#Transform 85
Transform: AffineTransform_float_3_3
Parameters: 0.999999 -0.000395574 -0.000799753 0.000391429 0.999983 -0.00571232 0.000801249 0.00571169 0.999984 0.111446 0.535227 0.156391
FixedParameters: 0 0 0

#Transform 86
Transform: AffineTransform_float_3_3
Parameters: 0.999999 -0.000470512 -0.00079936 0.000466489 0.999984 -0.00563637 0.000801641 0.00563562 0.999984 0.13344 0.533727 0.15557
FixedParameters: 0 0 0

#Transform 87
Transform: AffineTransform_float_3_3
Parameters: 0.999999 -0.000395749 -0.000874867 0.00039125 0.999985 -0.00542235 0.000877134 0.00542166 0.999985 0.143263 0.511841 0.127083
FixedParameters: 0 0 0

#Transform 88
Transform: AffineTransform_float_3_3
Parameters: 0.999999 -0.000395788 -0.000874849 0.00039121 0.999985 -0.00546734 0.000877151 0.00546665 0.999984 0.137014 0.51776 0.150006
FixedParameters: 0 0 0

#Transform 89
Transform: AffineTransform_float_3_3
Parameters: 0.999999 -0.000395847 -0.000874823 0.000391151 0.999984 -0.00553434 0.000877178 0.00553365 0.999985 0.144735 0.534082 0.146231
FixedParameters: 0 0 0

#Transform 90
Transform: AffineTransform_float_3_3
Parameters: 0.999999 -0.000396076 -0.000874718 0.000390922 0.999983 -0.00579634 0.00087728 0.00579565 0.999983 0.14484 0.55738 0.152978
FixedParameters: 0 0 0

#Transform 91
Transform: AffineTransform_float_3_3
Parameters: 0.999999 -0.000511797 -0.000510209 0.000509204 0.999985 -0.00546726 0.000512791 0.00546674 0.999985 0.11633 0.535719 0.139104
FixedParameters: 0 0 0

#Transform 92
Transform: AffineTransform_float_3_3
Parameters: 0.999999 -0.000395739 -0.000874871 0.00039126 0.999986 -0.00541035 0.000877129 0.00540966 0.999985 0.133612 0.529539 0.146215
FixedParameters: 0 0 0

#Transform 93
Transform: AffineTransform_float_3_3
Parameters: 0.999999 -0.000545184 -0.000581028 0.000541815 0.999985 -0.00546732 0.00058397 0.00546668 0.999985 0.116588 0.512625 0.145317
FixedParameters: 0 0 0

#Transform 94
Transform: AffineTransform_float_3_3
Parameters: 0.999999 -0.000396163 -0.00087468 0.000390835 0.999982 -0.00589434 0.000877319 0.00589465 0.999982 0.149768 0.538134 0.145224
FixedParameters: 0 0 0

#Transform 95
Transform: AffineTransform_float_3_3
Parameters: 0.999999 -0.000396299 -0.000874618 0.000390699 0.999981 -0.00605034 0.00087738 0.00605065 0.999982 0.131389 0.560936 0.130306
FixedParameters: 0 0 0

#Transform 96
Transform: AffineTransform_float_3_3
Parameters: 1 -0.000397099 -0.00101664 0.0003909 0.999982 -0.0059914 0.00101936 0.0059916 0.999981 0.143648 0.566613 0.153319
FixedParameters: 0 0 0

#Transform 97
Transform: AffineTransform_float_3_3
Parameters: 0.999999 -0.000474145 -0.000874228 0.000468849 0.999982 -0.00587741 0.00087777 0.00587659 0.999983 0.128833 0.553205 0.159755
FixedParameters: 0 0 0

#Transform 98
Transform: AffineTransform_float_3_3
Parameters: 0.999999 -0.000396145 -0.000874688 0.000390852 0.999982 -0.00587534 0.000877311 0.00587466 0.999983 0.135813 0.554867 0.151612
FixedParameters: 0 0 0

#Transform 99
Transform: AffineTransform_float_3_3
Parameters: 0.999999 -0.000337289 -0.00087498 0.000331711 0.999981 -0.00603729 0.000877019 0.00603771 0.999982 0.141019 0.546423 0.146919
FixedParameters: 0 0 0

#Transform 100
Transform: AffineTransform_float_3_3
Parameters: 1 -0.000324156 -0.000993013 0.000317845 0.999981 -0.00619232 0.000994988 0.00619268 0.999981 0.152901 0.581137 0.150592
FixedParameters: 0 0 0

#Transform 101
Transform: AffineTransform_float_3_3
Parameters: 1 -0.000624535 -0.000873067 0.000619459 0.99998 -0.00632554 0.000877936 0.00632545 0.999979 0.138673 0.593234 0.156957
FixedParameters: 0 0 0

#Transform 102
Transform: AffineTransform_float_3_3
Parameters: 1 -0.000620059 -0.00102938 0.000613943 0.999982 -0.00587563 0.00103263 0.00587536 0.999982 0.152425 0.562979 0.139247
FixedParameters: 0 0 0

#Transform 103
Transform: AffineTransform_float_3_3
Parameters: 1 -0.000660414 -0.000873681 0.000656585 0.999987 -0.00504258 0.000877322 0.00504242 0.999987 0.159791 0.483747 0.126439
FixedParameters: 0 0 0

#Transform 104
Transform: AffineTransform_float_3_3
Parameters: 0.999999 -0.000638124 -0.00113603 0.000630876 0.99998 -0.00626072 0.00113997 0.00625928 0.99998 0.164298 0.555817 0.163577
FixedParameters: 0 0 0

#Transform 105
Transform: AffineTransform_float_3_3
Parameters: 0.999993 0.000300545 -0.00391002 -0.000360454 0.999884 -0.0152137 0.00390497 0.0152153 0.999876 0.321201 1.19132 0.171222
FixedParameters: 0 0 0

#Transform 106
Transform: AffineTransform_float_3_3
Parameters: 0.999995 -0.000401641 -0.00296163 0.000368356 0.999935 -0.0113501 0.00296637 0.0113499 0.999931 0.270462 0.941105 0.191962
FixedParameters: 0 0 0

#Transform 107
Transform: AffineTransform_float_3_3
Parameters: 0.999997 -0.000600462 -0.00262108 0.00057354 0.999949 -0.0100845 0.00262692 0.0100835 0.999945 0.253231 0.862127 0.182121
FixedParameters: 0 0 0

#Transform 108
Transform: AffineTransform_float_3_3
Parameters: 0.999997 -0.000780985 -0.00224046 0.000758008 0.999951 -0.00979772 0.00224853 0.00979526 0.999949 0.223947 0.843376 0.163612
FixedParameters: 0 0 0

#Transform 109
Transform: AffineTransform_float_3_3
Parameters: 0.999998 -0.00068099 -0.00224144 0.000659003 0.999952 -0.0097975 0.00224856 0.00979549 0.999949 0.228346 0.846761 0.14754
FixedParameters: 0 0 0

#Transform 110
Transform: AffineTransform_float_3_3
Parameters: 0.999998 -0.000650647 -0.00224183 0.000629353 0.999954 -0.00964244 0.00224817 0.00964157 0.999951 0.21914 0.835564 0.15393
FixedParameters: 0 0 0

#Transform 111
Transform: AffineTransform_float_3_3
Parameters: 0.999997 -0.000681453 -0.00240548 0.000657553 0.999953 -0.00973661 0.00241152 0.00973539 0.999949 0.227664 0.826819 0.165941
FixedParameters: 0 0 0

#Transform 112
Transform: AffineTransform_float_3_3
Parameters: 0.999998 -0.000649992 -0.00224174 0.000628005 0.999952 -0.00979743 0.00224826 0.00979556 0.999949 0.231403 0.850828 0.163663
FixedParameters: 0 0 0

#Transform 113
Transform: AffineTransform_float_3_3
Parameters: 0.999997 -0.000651394 -0.00241581 0.000627605 0.999953 -0.00967155 0.00242218 0.00967046 0.999951 0.246635 0.838029 0.165612
FixedParameters: 0 0 0

#Transform 114
Transform: AffineTransform_float_3_3
Parameters: 0.999998 -0.000646609 -0.00199205 0.000627393 0.999957 -0.00932727 0.00199794 0.00932673 0.999954 0.201507 0.80959 0.160215
FixedParameters: 0 0 0

#Transform 115
Transform: AffineTransform_float_3_3
Parameters: 0.999997 -0.000364923 -0.00241765 0.000342074 0.999955 -0.00947486 0.00242135 0.00947415 0.999952 0.231899 0.802888 0.180154
FixedParameters: 0 0 0

#Transform 116
Transform: AffineTransform_float_3_3
Parameters: 0.999998 -0.000647093 -0.00224202 0.000626906 0.999955 -0.00939643 0.00224799 0.00939457 0.999954 0.220645 0.803648 0.158487
FixedParameters: 0 0 0

#Transform 117
Transform: AffineTransform_float_3_3
Parameters: 0.999998 -0.000642992 -0.00224181 0.000621005 0.999952 -0.00979741 0.00224819 0.00979557 0.999949 0.226786 0.845122 0.163589
FixedParameters: 0 0 0

#Transform 118
Transform: AffineTransform_float_3_3
Parameters: 0.999997 -0.000716729 -0.00224117 0.000694272 0.999953 -0.00968158 0.00224783 0.00967941 0.99995 0.219262 0.832336 0.173411
FixedParameters: 0 0 0

#Transform 119
Transform: AffineTransform_float_3_3
Parameters: 0.999998 -0.000619994 -0.00224203 0.000598006 0.999952 -0.00979736 0.00224797 0.00979563 0.999949 0.214726 0.83261 0.179608
FixedParameters: 0 0 0

#Transform 120
Transform: AffineTransform_float_3_3
Parameters: 0.999998 -0.000312389 -0.00224513 0.000290613 0.999954 -0.00952067 0.00224787 0.00952032 0.999952 0.228878 0.806511 0.170242
FixedParameters: 0 0 0

#Transform 121
Transform: AffineTransform_float_3_3
Parameters: 0.999998 -0.000313007 -0.00224504 0.000290992 0.999952 -0.00979667 0.00224796 0.00979532 0.999949 0.217527 0.823291 0.192012
FixedParameters: 0 0 0

#Transform 122
Transform: AffineTransform_float_3_3
Parameters: 0.999998 -0.000532076 -0.00224311 0.000510925 0.999956 -0.00938617 0.0022479 0.00938483 0.999954 0.212484 0.818401 0.180453
FixedParameters: 0 0 0

#Transform 123
Transform: AffineTransform_float_3_3
Parameters: 0.999998 -0.000506999 -0.00224314 0.000485002 0.999952 -0.00979711 0.00224786 0.00979588 0.999949 0.217885 0.828882 0.163365
FixedParameters: 0 0 0

#Transform 124
Transform: AffineTransform_float_3_3
Parameters: 0.999998 -0.000500199 -0.00224338 0.000478796 0.999956 -0.0094401 0.00224862 0.0094389 0.999953 0.221927 0.811807 0.166598
FixedParameters: 0 0 0

#Transform 125
Transform: AffineTransform_float_3_3
Parameters: 0.999997 -0.000312643 -0.00224509 0.000290358 0.999953 -0.00963367 0.0022479 0.00963332 0.999951 0.222688 0.82737 0.166984
FixedParameters: 0 0 0

#Transform 126
Transform: AffineTransform_float_3_3
Parameters: 0.999998 -0.00074883 -0.00215688 0.000728168 0.999953 -0.0096426 0.00216412 0.00964041 0.999951 0.211503 0.832886 0.159548
FixedParameters: 0 0 0

#Transform 127
Transform: AffineTransform_float_3_3
Parameters: 0.999998 -0.000720567 -0.00191913 0.000701433 0.999953 -0.00965836 0.00192586 0.00965663 0.999951 0.194262 0.826755 0.158734
FixedParameters: 0 0 0

#Transform 128
Transform: AffineTransform_float_3_3
Parameters: 0.999998 -0.000724631 -0.00211337 0.000704374 0.999956 -0.00927451 0.00211962 0.00927348 0.999955 0.19979 0.803054 0.159413
FixedParameters: 0 0 0

#Transform 129
Transform: AffineTransform_float_3_3
Parameters: 0.999998 -0.000417027 -0.00191876 0.000396971 0.999945 -0.0104258 0.00192324 0.0104252 0.999944 0.201312 0.847975 0.245143
FixedParameters: 0 0 0

#Transform 130
Transform: AffineTransform_float_3_3
Parameters: 0.999999 -0.000661084 -0.00174061 0.000644922 0.999952 -0.00979714 0.0017464 0.00979587 0.999951 0.198074 0.818608 0.202599
FixedParameters: 0 0 0

#Transform 131
Transform: AffineTransform_float_3_3
Parameters: 0.999998 -0.000120777 -0.00228791 9.82236e-05 0.999951 -0.00995225 0.00228909 0.00995275 0.999948 0.259199 0.82317 0.1987
FixedParameters: 0 0 0

#Transform 132
Transform: AffineTransform_float_3_3
Parameters: 0.999997 -0.000313101 -0.0021991 0.000291899 0.999954 -0.00958966 0.0022019 0.00958833 0.999951 0.240575 0.801927 0.192556
FixedParameters: 0 0 0

#Transform 133
Transform: AffineTransform_float_3_3
Parameters: 0.999998 -0.000475382 -0.00219469 0.000454616 0.999957 -0.00927802 0.00219931 0.00927698 0.999955 0.234706 0.779361 0.205485
FixedParameters: 0 0 0

#Transform 134
Transform: AffineTransform_float_3_3
Parameters: 0.999998 -0.000633573 -0.00190625 0.000616429 0.999958 -0.0092052 0.00191175 0.00920381 0.999956 0.216759 0.78667 0.201946
FixedParameters: 0 0 0

#Transform 135
Transform: AffineTransform_float_3_3
Parameters: 0.999998 -0.000534336 -0.00190696 0.000515663 0.999954 -0.009603 0.00191204 0.009602 0.999952 0.236242 0.813436 0.186851
FixedParameters: 0 0 0

#Transform 136
Transform: AffineTransform_float_3_3
Parameters: 0.999998 -0.000575579 -0.00190678 0.000558428 0.999958 -0.00920709 0.00191122 0.00920592 0.999956 0.227355 0.780277 0.181812
FixedParameters: 0 0 0

#Transform 137
Transform: AffineTransform_float_3_3
Parameters: 0.999998 -0.000635734 -0.00190618 0.000618268 0.999956 -0.00928919 0.00191183 0.0092888 0.999955 0.22753 0.794537 0.189614
FixedParameters: 0 0 0

#Transform 138
Transform: AffineTransform_float_3_3
Parameters: 0.999998 -0.000644787 -0.00189805 0.000627213 0.999956 -0.00935721 0.00190395 0.0093558 0.999955 0.214136 0.803032 0.20229
FixedParameters: 0 0 0

#Transform 139
Transform: AffineTransform_float_3_3
Parameters: 0.999998 -0.000414297 -0.00198026 0.000395706 0.999958 -0.00923081 0.00198374 0.0092302 0.999956 0.214788 0.784477 0.204684
FixedParameters: 0 0 0

#Transform 140
Transform: AffineTransform_float_3_3
Parameters: 0.999998 -0.000422109 -0.0019083 0.000404892 0.99996 -0.00895779 0.0019117 0.00895621 0.999958 0.223062 0.770911 0.188088
FixedParameters: 0 0 0

#Transform 141
Transform: AffineTransform_float_3_3
Parameters: 0.999998 -0.000531952 -0.00190735 0.000515052 0.999961 -0.008877 0.00191165 0.008876 0.999959 0.22667 0.767766 0.177965
FixedParameters: 0 0 0

#Transform 142
Transform: AffineTransform_float_3_3
Parameters: 0.999996 -0.000237005 -0.00260593 0.000212996 0.999957 -0.00920758 0.00260807 0.00920741 0.999954 0.256785 0.788074 0.19623
FixedParameters: 0 0 0

#Transform 143
Transform: AffineTransform_float_3_3
Parameters: 0.999995 -0.000104644 -0.00291817 7.73568e-05 0.999959 -0.00912927 0.00291883 0.00912874 0.999954 0.283278 0.777454 0.17622
FixedParameters: 0 0 0

#Transform 144
Transform: AffineTransform_float_3_3
Parameters: 0.999995 -0.000105922 -0.0032072 7.80785e-05 0.999962 -0.0087053 0.0032078 0.00870471 0.999957 0.308268 0.756453 0.173581
FixedParameters: 0 0 0

#Transform 145
Transform: AffineTransform_float_3_3
Parameters: 0.999995 -7.8174e-05 -0.00320645 5.08292e-05 0.999964 -0.00847421 0.00320655 0.00847379 0.999959 0.297356 0.734753 0.175852
FixedParameters: 0 0 0

#Transform 146
Transform: AffineTransform_float_3_3
Parameters: 0.999996 -0.000238157 -0.00288603 0.000212844 0.999962 -0.00871365 0.00288796 0.00871335 0.999958 0.273086 0.753074 0.169098
FixedParameters: 0 0 0

#Transform 147
Transform: AffineTransform_float_3_3
Parameters: 0.999995 -0.000240219 -0.00301695 0.000212779 0.99996 -0.00901968 0.00301904 0.00901832 0.999955 0.278861 0.778459 0.177907
FixedParameters: 0 0 0

#Transform 148
Transform: AffineTransform_float_3_3
Parameters: 0.999995 -0.000121507 -0.00317807 9.44924e-05 0.999962 -0.00865434 0.00317893 0.00865365 0.999957 0.282877 0.746577 0.190918
FixedParameters: 0 0 0

#Transform 149
Transform: AffineTransform_float_3_3
Parameters: 0.999996 -0.000234426 -0.00258615 0.000212574 0.999965 -0.00828258 0.00258785 0.00828142 0.999963 0.256196 0.723699 0.168504
FixedParameters: 0 0 0

#Transform 150
Transform: AffineTransform_float_3_3
Parameters: 0.999997 -0.000232576 -0.00235315 0.000212426 0.999966 -0.00831552 0.00235485 0.00831548 0.999962 0.276999 0.71865 0.162655
FixedParameters: 0 0 0

#Transform 151
Transform: AffineTransform_float_3_3
Parameters: 0.999996 -0.00023585 -0.00266107 0.000212151 0.999963 -0.00858359 0.00266292 0.0085834 0.999959 0.300198 0.747745 0.159847
FixedParameters: 0 0 0

#Transform 152
Transform: AffineTransform_float_3_3
Parameters: 0.999998 0.000749887 -0.00188505 -0.000760112 0.999986 -0.00536958 0.00188094 0.00537142 0.999984 0.216674 0.499203 0.184686
FixedParameters: 0 0 0

#Transform 153
Transform: AffineTransform_float_3_3
Parameters: 0.999997 0.000664632 -0.00235996 -0.000681368 0.999972 -0.00736641 0.00235504 0.00736759 0.99997 0.263975 0.6301 0.161488
FixedParameters: 0 0 0

#Transform 154
Transform: AffineTransform_float_3_3
Parameters: 0.999997 0.000304272 -0.00235763 -0.000323732 0.999965 -0.00837226 0.00235537 0.00837274 0.999962 0.260894 0.712894 0.171913
FixedParameters: 0 0 0

#Transform 155
Transform: AffineTransform_float_3_3
Parameters: 0.999996 0.000104872 -0.00274603 -0.000129127 0.999962 -0.00878768 0.00274497 0.00878832 0.999957 0.277416 0.74772 0.188101
FixedParameters: 0 0 0

#Transform 156
Transform: AffineTransform_float_3_3
Parameters: 0.999996 9.70272e-05 -0.0026249 -0.000118975 0.999965 -0.00837272 0.0026241 0.00837229 0.999962 0.282587 0.722862 0.17528
FixedParameters: 0 0 0

#Transform 157
Transform: AffineTransform_float_3_3
Parameters: 0.999996 -3.28774e-06 -0.00278208 -2.1287e-05 0.999962 -0.00872997 0.00278192 0.00873002 0.999958 0.270206 0.745473 0.19898
FixedParameters: 0 0 0

#Transform 158
Transform: AffineTransform_float_3_3
Parameters: 0.999996 0.000146096 -0.0028264 -0.000170899 0.999961 -0.00881256 0.0028246 0.00881345 0.999957 0.272556 0.751687 0.209365
FixedParameters: 0 0 0

#Transform 159
Transform: AffineTransform_float_3_3
Parameters: 0.999996 0.00024375 -0.00301024 -0.000269249 0.999962 -0.00872323 0.00300777 0.00872378 0.999958 0.310241 0.74161 0.203511
FixedParameters: 0 0 0

#Transform 160
Transform: AffineTransform_float_3_3
Parameters: 0.999996 0.000398803 -0.00301145 -0.000424195 0.999965 -0.00837176 0.00300756 0.00837224 0.999961 0.305626 0.712733 0.192322
FixedParameters: 0 0 0

#Transform 161
Transform: AffineTransform_float_3_3
Parameters: 0.999996 0.000569324 -0.00301297 -0.000594678 0.999964 -0.00852825 0.00300804 0.00852976 0.999959 0.316547 0.726942 0.182463
FixedParameters: 0 0 0

#Transform 162
Transform: AffineTransform_float_3_3
Parameters: 0.999994 0.000427556 -0.00341182 -0.000456444 0.999962 -0.00863349 0.00340819 0.0086355 0.999957 0.338192 0.743743 0.183218
FixedParameters: 0 0 0

#Transform 163
Transform: AffineTransform_float_3_3
Parameters: 0.999996 0.000428063 -0.00299183 -0.000453938 0.999963 -0.00867368 0.00298818 0.00867532 0.999958 0.294481 0.724983 0.191918
FixedParameters: 0 0 0

#Transform 164
Transform: AffineTransform_float_3_3
Parameters: 0.999994 0.000566181 -0.0034129 -0.00059482 0.999964 -0.00844902 0.00340809 0.00845098 0.999958 0.320333 0.707052 0.207922
FixedParameters: 0 0 0

#Transform 165
Transform: AffineTransform_float_3_3
Parameters: 0.999995 0.000334906 -0.00294908 -0.000361093 0.999961 -0.00885198 0.00294592 0.00885303 0.999957 0.290061 0.744654 0.202587
FixedParameters: 0 0 0

#Transform 166
Transform: AffineTransform_float_3_3
Parameters: 0.999995 0.000360165 -0.00320138 -0.000388831 0.99996 -0.00901081 0.00319763 0.0090122 0.999955 0.315205 0.762118 0.209706
FixedParameters: 0 0 0

#Transform 167
Transform: AffineTransform_float_3_3
Parameters: 0.999995 0.00021875 -0.00309705 -0.00024625 0.999961 -0.00880129 0.00309495 0.00880173 0.999957 0.301647 0.754998 0.194946
FixedParameters: 0 0 0

#Transform 168
Transform: AffineTransform_float_3_3
Parameters: 0.999994 0.0005653 -0.00326528 -0.000594698 0.999959 -0.00910211 0.00325972 0.0091039 0.999953 0.316671 0.767989 0.197854
FixedParameters: 0 0 0

#Transform 169
Transform: AffineTransform_float_3_3
Parameters: 0.999993 0.000257584 -0.00359339 -0.000288413 0.999961 -0.00874502 0.00359061 0.00874598 0.999956 0.338851 0.746587 0.214542
FixedParameters: 0 0 0

#Transform 170
Transform: AffineTransform_float_3_3
Parameters: 0.999995 6.57448e-05 -0.00292171 -9.12571e-05 0.999959 -0.00898677 0.0029213 0.00898723 0.999956 0.284277 0.760346 0.203657
FixedParameters: 0 0 0

#Transform 171
Transform: AffineTransform_float_3_3
Parameters: 0.999996 3.29798e-05 -0.00306143 -6.1025e-05 0.999958 -0.00915286 0.00306157 0.00915315 0.999954 0.281579 0.769404 0.218857
FixedParameters: 0 0 0

#Transform 172
Transform: AffineTransform_float_3_3
Parameters: 0.999995 0.000207851 -0.00310494 -0.000235147 0.999961 -0.00874531 0.00310306 0.00874668 0.999957 0.296433 0.750973 0.21133
FixedParameters: 0 0 0

#Transform 173
Transform: AffineTransform_float_3_3
Parameters: 0.999994 0.000143308 -0.00329742 -0.000172699 0.99996 -0.00900648 0.00329658 0.00900653 0.999954 0.315602 0.762334 0.211665
FixedParameters: 0 0 0

#Transform 174
Transform: AffineTransform_float_3_3
Parameters: 0.999994 0.000219125 -0.00346209 -0.000249875 0.99996 -0.00892019 0.00345991 0.00892082 0.999954 0.326088 0.753499 0.213952
FixedParameters: 0 0 0

#Transform 175
Transform: AffineTransform_float_3_3
Parameters: 0.999995 0.000143565 -0.00310445 -0.000171432 0.999958 -0.00916151 0.00310256 0.00916149 0.999953 0.299334 0.772665 0.215328
FixedParameters: 0 0 0

#Transform 176
Transform: AffineTransform_float_3_3
Parameters: 0.999994 0.000127054 -0.00326035 -0.00015795 0.999955 -0.00949253 0.00325965 0.00949346 0.999949 0.307089 0.782772 0.222637
FixedParameters: 0 0 0

#Transform 177
Transform: AffineTransform_float_3_3
Parameters: 0.999993 -0.000205555 -0.00353511 0.000170447 0.99995 -0.0100547 0.00353689 0.0100543 0.999943 0.33248 0.843376 0.213098
FixedParameters: 0 0 0

#Transform 178
Transform: AffineTransform_float_3_3
Parameters: 0.999993 -0.00038282 -0.0035331 0.000345179 0.999942 -0.0106993 0.00353689 0.0106977 0.999936 0.33696 0.890859 0.199472
FixedParameters: 0 0 0

#Transform 179
Transform: AffineTransform_float_3_3
Parameters: 0.999993 -0.000201913 -0.00377812 0.00016309 0.999947 -0.0102967 0.00377988 0.0102963 0.99994 0.351828 0.851213 0.222437
FixedParameters: 0 0 0
