#Insight Transform File V1.0
#Transform 0
Transform: AffineTransform_float_3_3
Parameters: 1 -0.000303796 -0.000427145 0.000303204 1 0.00047687 0.000426855 -0.00047713 1 0.0977125 -0.0968193 -0.611801
FixedParameters: 0 0 0

#Transform 1
Transform: AffineTransform_float_3_3
Parameters: 0.999999 0.000393687 0.00172407 -0.000394312 1 0.00018032 -0.00172393 -0.000181679 0.999998 -0.111553 0.0543671 0.0854506
FixedParameters: 0 0 0

#Transform 2
Transform: AffineTransform_float_3_3
Parameters: 0.999999 0.000716585 0.00123024 -0.000716415 0.999999 0.000337119 -0.00122976 -0.000337882 0.999999 -0.066156 0.0667474 0.0579586
FixedParameters: 0 0 0

#Transform 3
Transform: AffineTransform_float_3_3
Parameters: 0.999998 0.000535424 0.00197989 -0.000535575 1 -0.000215061 -0.00198011 0.00021394 0.999998 -0.131666 0.108481 0.0661355
FixedParameters: 0 0 0

#Transform 4
Transform: AffineTransform_float_3_3
Parameters: 0.999998 0.000138299 0.00205505 -0.0001397 1 0.000340714 -0.00205495 -0.000341285 0.999998 -0.137961 0.0837714 0.00268371
FixedParameters: 0 0 0

#Transform 5
Transform: AffineTransform_float_3_3
Parameters: 0.999998 0.000421244 0.00222215 -0.000421757 1 0.000340064 -0.00222186 -0.000340937 0.999998 -0.11808 0.0857588 0.025891
FixedParameters: 0 0 0

#Transform 6
Transform: AffineTransform_float_3_3
Parameters: 0.999996 0.000534428 0.00253212 -0.000535573 1 0.000225645 -0.00253188 -0.000226354 0.999997 -0.0915608 0.0866598 0.0471979
FixedParameters: 0 0 0

#Transform 7
Transform: AffineTransform_float_3_3
Parameters: 0.999997 0.000234817 0.00267993 -0.000234182 1 -0.000305629 -0.00268007 0.000304372 0.999997 -0.0635015 0.120026 0.0847127
FixedParameters: 0 0 0

#Transform 8
Transform: AffineTransform_float_3_3
Parameters: 0.999997 0.000390058 0.00264885 -0.000388942 1 -0.000400032 -0.00264816 0.000398969 0.999997 -0.0618772 0.12845 0.0541993
FixedParameters: 0 0 0

#Transform 9
Transform: AffineTransform_float_3_3
Parameters: 0.999997 0.000852502 0.00224119 -0.000852497 0.999999 0.00022109 -0.00224081 -0.000222911 0.999998 -0.0413707 0.0794066 0.035634
FixedParameters: 0 0 0

#Transform 10
Transform: AffineTransform_float_3_3
Parameters: 0.999998 0.000394886 0.00226767 -0.000393114 0.999999 -0.000831893 -0.00226833 0.000831106 0.999997 -0.0609849 0.135226 0.0984877
FixedParameters: 0 0 0

#Transform 11
Transform: AffineTransform_float_3_3
Parameters: 0.999996 0.000393119 0.00287898 -0.000392883 1 -4.11313e-05 -0.00287902 4.08684e-05 0.999996 -0.0885842 0.0953935 0.0809088
FixedParameters: 0 0 0

#Transform 12
Transform: AffineTransform_float_3_3
Parameters: 0.999996 0.000394391 0.00252678 -0.000393609 1 -0.000550996 -0.00252722 0.000550005 0.999996 -0.0609351 0.112598 0.0910218
FixedParameters: 0 0 0

#Transform 13
Transform: AffineTransform_float_3_3
Parameters: 0.999997 0.000574832 0.00260404 -0.000575168 1 6.35024e-05 -0.00260496 -6.54976e-05 0.999996 -0.0735489 0.0843705 0.0923784
FixedParameters: 0 0 0

#Transform 14
Transform: AffineTransform_float_3_3
Parameters: 0.999997 0.0004215 0.00266808 -0.0004215 1 0.000186876 -0.00266792 -0.000188125 0.999997 -0.0768181 0.0761406 0.0670383
FixedParameters: 0 0 0

#Transform 15
Transform: AffineTransform_float_3_3
Parameters: 0.999998 0.000586717 0.00216381 -0.000586282 1 -0.000332269 -0.00216419 0.000330731 0.999997 -0.04114 0.12554 0.0732498
FixedParameters: 0 0 0

#Transform 16
Transform: AffineTransform_float_3_3
Parameters: 0.999996 7.93937e-05 0.00301305 -8.06056e-05 1 0.00053276 -0.00301296 -0.000533242 0.999996 -0.0919969 0.0543557 0.0557059
FixedParameters: 0 0 0

#Transform 17
Transform: AffineTransform_float_3_3
Parameters: 0.999995 -4.17601e-05 0.00320799 4.12395e-05 1 0.000237133 -0.00320801 -0.000236867 0.999995 -0.092658 0.0845545 0.0763348
FixedParameters: 0 0 0

#Transform 18
Transform: AffineTransform_float_3_3
Parameters: 0.999996 0.000512294 0.00280731 -0.000513705 0.999999 0.00060656 -0.00280769 -0.000608441 0.999996 -0.0939288 0.0546532 0.101651
FixedParameters: 0 0 0

#Transform 19
Transform: AffineTransform_float_3_3
Parameters: 0.999996 -2.40761e-06 0.002856 -4.07616e-07 0.999999 0.000843002 -0.002856 -0.000842996 0.999995 -0.114797 0.0457266 0.0676085
FixedParameters: 0 0 0

#Transform 20
Transform: AffineTransform_float_3_3
Parameters: 0.999996 2.24693e-05 0.00279103 -2.55333e-05 0.999999 0.00126593 -0.00279097 -0.00126507 0.999996 -0.133477 0.018598 0.0516336
FixedParameters: 0 0 0

#Transform 21
Transform: AffineTransform_float_3_3
Parameters: 0.999996 -0.000426612 0.00285961 0.000424388 1 0.000914218 -0.00285939 -0.000912785 0.999996 -0.185667 0.0526171 0.0721559
FixedParameters: 0 0 0

#Transform 22
Transform: AffineTransform_float_3_3
Parameters: 0.999994 -0.000983528 0.00327535 0.000977472 0.999998 0.00168921 -0.00327666 -0.00168579 0.999993 -0.231819 -0.0280052 0.0698686
FixedParameters: 0 0 0

#Transform 23
Transform: AffineTransform_float_3_3
Parameters: 0.999993 -0.000987877 0.00342346 0.000986125 1 0.00054938 -0.00342454 -0.000546621 0.999994 -0.208537 0.0641216 0.0859268
FixedParameters: 0 0 0

#Transform 24
Transform: AffineTransform_float_3_3
Parameters: 0.999994 -0.00107416 0.00305724 0.00107284 0.999999 0.000708284 -0.00305876 -0.000704718 0.999995 -0.185173 0.0472766 0.0800894
FixedParameters: 0 0 0

#Transform 25
Transform: AffineTransform_float_3_3
Parameters: 0.999995 -0.000860641 0.00287421 0.000858357 0.999999 0.000920472 -0.00287479 -0.000917531 0.999996 -0.160811 0.034919 0.0535638
FixedParameters: 0 0 0

#Transform 26
Transform: AffineTransform_float_3_3
Parameters: 0.999997 -0.000518531 0.00240089 0.000518468 1 0.000222245 -0.00240112 -0.000220756 0.999997 -0.116741 0.0824985 0.0528528
FixedParameters: 0 0 0

#Transform 27
Transform: AffineTransform_float_3_3
Parameters: 0.999998 0.000273881 0.00226902 -0.00027412 1 5.23782e-05 -0.00226899 -5.26216e-05 0.999998 -0.105207 0.098016 0.0636849
FixedParameters: 0 0 0

#Transform 28
Transform: AffineTransform_float_3_3
Parameters: 0.999996 -0.000522947 0.00303615 0.000518051 0.999998 0.00163058 -0.00303685 -0.00162842 0.999994 -0.170512 -0.0188005 0.099257
FixedParameters: 0 0 0

#Transform 29
Transform: AffineTransform_float_3_3
Parameters: 0.999996 -0.000334378 0.00300641 0.000329622 0.999999 0.001789 -0.0030076 -0.001788 0.999994 -0.168611 -0.0137979 0.0888439
FixedParameters: 0 0 0

#Transform 30
Transform: AffineTransform_float_3_3
Parameters: 0.999994 -0.00015033 0.00324971 0.000144668 0.999998 0.00194848 -0.00325029 -0.00194752 0.999993 -0.199798 -0.0368045 0.0939365
FixedParameters: 0 0 0

#Transform 31
Transform: AffineTransform_float_3_3
Parameters: 0.999996 -5.19166e-05 0.00306197 5.00829e-05 1 0.000626156 -0.00306203 -0.000625844 0.999995 -0.187212 0.0657436 0.118948
FixedParameters: 0 0 0

#Transform 32
Transform: AffineTransform_float_3_3
Parameters: 0.999996 -1.98577e-05 0.00283199 1.81421e-05 1 0.000656054 -0.00283201 -0.000655946 0.999996 -0.163649 0.0505618 0.110587
FixedParameters: 0 0 0

#Transform 33
Transform: AffineTransform_float_3_3
Parameters: 0.999996 -1.15848e-05 0.00287199 8.41514e-06 0.999999 0.000900028 -0.00287201 -0.00089997 0.999996 -0.170871 0.0317303 0.0843629
FixedParameters: 0 0 0

#Transform 34
Transform: AffineTransform_float_3_3
Parameters: 0.999997 0.000424376 0.00237847 -0.000426624 1 0.00110299 -0.00237753 -0.00110401 0.999996 -0.130099 0.0216486 0.0886326
FixedParameters: 0 0 0

#Transform 35
Transform: AffineTransform_float_3_3
Parameters: 0.999996 0.000425212 0.00285327 -0.000426787 0.999999 0.000625785 -0.00285373 -0.000627216 0.999995 -0.179373 0.0676975 0.0772757
FixedParameters: 0 0 0

#Transform 36
Transform: AffineTransform_float_3_3
Parameters: 0.999996 0.000428533 0.00278476 -0.000426466 1 -0.00055119 -0.00278524 0.000549808 0.999996 -0.190838 0.130148 0.12902
FixedParameters: 0 0 0

#Transform 37
Transform: AffineTransform_float_3_3
Parameters: 0.999997 -0.000537884 0.00261141 0.000535116 0.999999 0.0011054 -0.00261159 -0.0011036 0.999996 -0.154564 0.00531603 0.120061
FixedParameters: 0 0 0

#Transform 38
Transform: AffineTransform_float_3_3
Parameters: 0.999996 -0.000907926 0.00266034 0.000905074 1 0.000725411 -0.00266066 -0.000722588 0.999996 -0.154757 0.0321113 0.132586
FixedParameters: 0 0 0

#Transform 39
Transform: AffineTransform_float_3_3
Parameters: 0.999995 -0.0010044 0.00296687 0.0010036 0.999999 0.000134978 -0.00296713 -0.00013202 0.999995 -0.185118 0.0659763 0.0692181
FixedParameters: 0 0 0

#Transform 40
Transform: AffineTransform_float_3_3
Parameters: 0.999995 -0.000341452 0.00292006 0.000342547 1 -0.000187 -0.00291993 0.000187998 0.999995 -0.179718 0.116313 0.0610787
FixedParameters: 0 0 0

#Transform 41
Transform: AffineTransform_float_3_3
Parameters: 0.999997 -0.000232645 0.00250313 0.000234353 1 -0.000540415 -0.00250287 0.000541584 0.999996 -0.124354 0.167128 -0.0430014
FixedParameters: 0 0 0

#Transform 42
Transform: AffineTransform_float_3_3
Parameters: 0.999997 -0.00015485 0.00252607 0.000156151 1 -0.000455607 -0.00252593 0.000455392 0.999996 -0.125652 0.16208 0.000459726
FixedParameters: 0 0 0

#Transform 43
Transform: AffineTransform_float_3_3
Parameters: 0.999997 -0.000276831 0.00271702 0.00027617 1 -6.22499e-05 -0.00271698 6.27524e-05 0.999997 -0.153449 0.117547 0.000394851
FixedParameters: 0 0 0

#Transform 44
Transform: AffineTransform_float_3_3
Parameters: 0.999997 -2.54509e-05 0.00215301 2.65489e-05 1 -0.000254943 -0.00215299 0.000255055 0.999997 -0.109816 0.117217 0.014286
FixedParameters: 0 0 0

#Transform 45
Transform: AffineTransform_float_3_3
Parameters: 0.999996 -0.000862771 0.00242458 0.00086923 0.999995 -0.0029819 -0.00242242 0.0029841 0.999992 -0.10664 0.231621 0.0874607
FixedParameters: 0 0 0

#Transform 46
Transform: AffineTransform_float_3_3
Parameters: 0.999992 -0.00130323 0.00363843 0.00131077 0.999998 -0.00185824 -0.00363556 0.00186275 0.999991 -0.151281 0.156065 0.0845644
FixedParameters: 0 0 0

#Transform 47
Transform: AffineTransform_float_3_3
Parameters: 0.999991 -0.000875317 0.00398092 0.000884681 0.999997 -0.0021795 -0.00397908 0.0021835 0.999989 -0.113663 0.212339 0.089126
FixedParameters: 0 0 0

#Transform 48
Transform: AffineTransform_float_3_3
Parameters: 0.999993 -0.00109458 0.00354399 0.00110042 0.999998 -0.00181111 -0.00354201 0.00181489 0.999992 -0.0852352 0.18711 0.0846927
FixedParameters: 0 0 0

#Transform 49
Transform: AffineTransform_float_3_3
Parameters: 0.999992 -0.000876347 0.00394171 0.000884654 0.999997 -0.00194053 -0.00394029 0.00194347 0.999991 -0.123316 0.196933 0.0977234
FixedParameters: 0 0 0

#Transform 50
Transform: AffineTransform_float_3_3
Parameters: 0.999992 -0.000770026 0.00387639 0.000776974 0.999998 -0.001798 -0.00387461 0.001801 0.999991 -0.125818 0.184113 0.104418
FixedParameters: 0 0 0

#Transform 51
Transform: AffineTransform_float_3_3
Parameters: 0.999993 -0.000277658 0.00387268 0.000286343 0.999997 -0.00241191 -0.00387232 0.00241309 0.999989 -0.119609 0.231221 0.0430161
FixedParameters: 0 0 0

#Transform 52
Transform: AffineTransform_float_3_3
Parameters: 0.999991 -0.000543077 0.0041857 0.000555923 0.999995 -0.0030867 -0.00418431 0.0030893 0.999987 -0.142077 0.27291 0.0610934
FixedParameters: 0 0 0

#Transform 53
Transform: AffineTransform_float_3_3
Parameters: 0.999993 -0.000727168 0.00371354 0.000734833 0.999997 -0.00210828 -0.00371246 0.00211071 0.999991 -0.126347 0.208641 0.067562
FixedParameters: 0 0 0

#Transform 54
Transform: AffineTransform_float_3_3
Parameters: 0.999996 0.000204545 0.00261242 -0.000197457 0.999996 -0.00288753 -0.00261258 0.00288748 0.999993 -0.0475605 0.287858 0.0631319
FixedParameters: 0 0 0

#Transform 55
Transform: AffineTransform_float_3_3
Parameters: 0.999996 0.000193885 0.00257656 -0.000188116 0.999998 -0.00228349 -0.00257744 0.00228351 0.999994 -0.037023 0.25591 0.0303798
FixedParameters: 0 0 0

#Transform 56
Transform: AffineTransform_float_3_3
Parameters: 0.999997 0.000334443 0.00246213 -0.000328557 0.999996 -0.00261681 -0.00246287 0.00261618 0.999993 -0.0465465 0.241704 0.0857363
FixedParameters: 0 0 0

#Transform 57
Transform: AffineTransform_float_3_3
Parameters: 0.999996 -0.000304159 0.00281064 0.000309842 0.999998 -0.00207814 -0.00281036 0.00207886 0.999994 -0.0685416 0.202475 0.0852493
FixedParameters: 0 0 0

#Transform 58
Transform: AffineTransform_float_3_3
Parameters: 0.999995 -0.000227255 0.0029936 0.000235746 0.999996 -0.00258731 -0.0029934 0.00258769 0.999992 -0.0648207 0.272129 0.0477817
FixedParameters: 0 0 0

#Transform 59
Transform: AffineTransform_float_3_3
Parameters: 0.999997 -0.000962792 0.00224881 0.000967208 0.999998 -0.00187083 -0.00224719 0.00187317 0.999995 -0.0332166 0.211236 0.020027
FixedParameters: 0 0 0

#Transform 60
Transform: AffineTransform_float_3_3
Parameters: 0.999999 -0.00074811 0.00130923 0.000751889 0.999996 -0.00297302 -0.00130677 0.00297398 0.999994 -0.0354573 0.274299 0.034545
FixedParameters: 0 0 0

#Transform 61
Transform: AffineTransform_float_3_3
Parameters: 0.999999 -0.000634477 0.00171043 0.000641525 0.999992 -0.00381591 -0.00170857 0.00381709 0.999992 -0.0976106 0.34876 0.032483
FixedParameters: 0 0 0

#Transform 62
Transform: AffineTransform_float_3_3
Parameters: 0.999998 -0.000488806 0.00151568 0.000494195 0.999994 -0.00342826 -0.00151431 0.00342874 0.999993 -0.078108 0.337033 -0.0303529
FixedParameters: 0 0 0

#Transform 63
Transform: AffineTransform_float_3_3
Parameters: 0.999998 -0.000930465 0.00166454 0.000934533 0.999996 -0.00272545 -0.00166146 0.00272755 0.999995 -0.108508 0.276453 -0.0320367
FixedParameters: 0 0 0

#Transform 64
Transform: AffineTransform_float_3_3
Parameters: 1 6.89312e-05 0.00101381 -6.60682e-05 0.999996 -0.00289107 -0.0010142 0.00289093 0.999996 -0.0456143 0.304947 -0.0180192
FixedParameters: 0 0 0

#Transform 65
Transform: AffineTransform_float_3_3
Parameters: 0.999999 0.000169243 0.000775513 -0.000167759 0.999996 -0.00289113 -0.000775488 0.00289087 0.999995 -0.0298833 0.308098 -0.0373448
FixedParameters: 0 0 0

#Transform 66
Transform: AffineTransform_float_3_3
Parameters: 1 -0.00013824 0.00109448 0.000141763 0.999994 -0.00343685 -0.00109452 0.00343615 0.999993 -0.062982 0.370397 0.00932329
FixedParameters: 0 0 0

#Transform 67
Transform: AffineTransform_float_3_3
Parameters: 0.999999 -0.000577944 0.000725642 0.000580054 0.999996 -0.00283658 -0.000723357 0.00283642 0.999995 -0.0518254 0.300681 -0.0373967
FixedParameters: 0 0 0

#Transform 68
Transform: AffineTransform_float_3_3
Parameters: 1 -0.000326357 0.00114305 0.000330642 0.999995 -0.00318762 -0.00114195 0.00318838 0.999995 -0.0793299 0.293268 0.0324786
FixedParameters: 0 0 0

#Transform 69
Transform: AffineTransform_float_3_3
Parameters: 0.999999 -0.000326816 0.000865209 0.000330183 0.999993 -0.00368172 -0.00086379 0.00368228 0.999993 -0.0578289 0.319873 0.1198
FixedParameters: 0 0 0

#Transform 70
Transform: AffineTransform_float_3_3
Parameters: 0.999998 -0.000919893 0.00162919 0.000922108 0.999998 -0.0012935 -0.00162781 0.0012945 0.999998 -0.0810054 0.0662656 0.36138
FixedParameters: 0 0 0

#Transform 71
Transform: AffineTransform_float_3_3
Parameters: 0.999995 -0.00186542 0.00245868 0.00186458 0.999998 0.000173585 -0.00245832 -0.000168415 0.999997 -0.0991811 0.0005612 0.357902
FixedParameters: 0 0 0

#Transform 72
Transform: AffineTransform_float_3_3
Parameters: 0.999996 -0.00127156 0.00254772 0.00127044 0.999999 0.000220238 -0.00254828 -0.000216761 0.999996 -0.0948597 0.00743472 0.263705
FixedParameters: 0 0 0

#Transform 73
Transform: AffineTransform_float_3_3
Parameters: 0.999992 -0.00206936 0.00320277 0.00206864 0.999998 0.000115626 -0.00320323 -0.000108372 0.999995 -0.109135 0.0308517 0.234883
FixedParameters: 0 0 0

#Transform 74
Transform: AffineTransform_float_3_3
Parameters: 0.999996 -0.00149065 0.00269141 0.00149435 0.999997 -0.00161499 -0.00268959 0.00161902 0.999995 -0.00569465 0.149065 0.191462
FixedParameters: 0 0 0

#Transform 75
Transform: AffineTransform_float_3_3
Parameters: 0.999995 -0.00169735 0.00245622 0.00170165 0.999997 -0.00189183 -0.00245278 0.00189617 0.999995 -0.0225309 0.173565 0.145068
FixedParameters: 0 0 0

#Transform 76
Transform: AffineTransform_float_3_3
Parameters: 0.999997 -0.00169608 0.0021427 0.00170192 0.999994 -0.00276636 -0.0021373 0.00276963 0.999994 -0.0885203 0.249365 0.114444
FixedParameters: 0 0 0

#Transform 77
Transform: AffineTransform_float_3_3
Parameters: 0.999997 -0.00169805 0.00136791 0.00170195 0.999995 -0.00288868 -0.00136309 0.00289132 0.999995 -0.064015 0.245759 0.171119
FixedParameters: 0 0 0

#Transform 78
Transform: AffineTransform_float_3_3
Parameters: 0.999999 -0.00107404 0.000632338 0.00107596 0.999994 -0.00310432 -0.000628663 0.00310468 0.999995 0.00544743 0.262816 0.131846
FixedParameters: 0 0 0

#Transform 79
Transform: AffineTransform_float_3_3
Parameters: 0.999999 -0.000297155 0.0014582 0.000302844 0.999992 -0.00400956 -0.0014568 0.00401044 0.999991 -0.0708295 0.287176 0.215577
FixedParameters: 0 0 0

#Transform 80
Transform: AffineTransform_float_3_3
Parameters: 0.999995 -0.00216516 0.00260853 0.00217384 0.999993 -0.00300735 -0.00260247 0.00301265 0.999992 -0.158215 0.211961 0.217395
FixedParameters: 0 0 0

#Transform 81
Transform: AffineTransform_float_3_3
Parameters: 0.999991 -0.00228631 0.0036246 0.00229269 0.999996 -0.0015667 -0.0036204 0.00157529 0.999992 -0.203329 0.142703 0.141345
FixedParameters: 0 0 0

#Transform 82
Transform: AffineTransform_float_3_3
Parameters: 0.999992 -0.00170891 0.00344003 0.00171909 0.999994 -0.00293111 -0.00343497 0.00293689 0.99999 -0.155679 0.26188 0.163138
FixedParameters: 0 0 0

#Transform 83
Transform: AffineTransform_float_3_3
Parameters: 0.999992 -0.00276207 0.0031034 0.00276793 0.999995 -0.00158642 -0.0030996 0.00159457 0.999994 -0.139218 0.154702 0.11065
FixedParameters: 0 0 0

#Transform 84
Transform: AffineTransform_float_3_3
Parameters: 0.999991 -0.00224875 0.00343804 0.00226125 0.999991 -0.00356426 -0.00342995 0.00357174 0.999987 -0.140202 0.272088 0.137409
FixedParameters: 0 0 0

#Transform 85
Transform: AffineTransform_float_3_3
Parameters: 0.999992 -0.00234298 0.00329015 0.00235301 0.999992 -0.00304328 -0.00328285 0.00305072 0.99999 -0.15344 0.24501 0.15041
FixedParameters: 0 0 0

#Transform 86
Transform: AffineTransform_float_3_3
Parameters: 0.999994 -0.00225124 0.00257294 0.00225776 0.999994 -0.00262921 -0.00256707 0.0026348 0.999993 -0.111884 0.224487 0.12267
FixedParameters: 0 0 0

#Transform 87
Transform: AffineTransform_float_3_3
Parameters: 0.999991 -0.00225492 0.00354496 0.00225808 0.999997 -0.000866003 -0.00354304 0.000873997 0.999994 -0.177377 0.110633 0.117912
FixedParameters: 0 0 0

#Transform 88
Transform: AffineTransform_float_3_3
Parameters: 0.999988 -0.00253238 0.00431208 0.00254162 0.999995 -0.00199506 -0.00430693 0.00200593 0.999988 -0.209379 0.223232 0.131231
FixedParameters: 0 0 0

#Transform 89
Transform: AffineTransform_float_3_3
Parameters: 0.999991 -0.00275875 0.00315623 0.00276725 0.999993 -0.00261229 -0.00314877 0.00262171 0.999991 -0.117311 0.244455 0.103243
FixedParameters: 0 0 0

#Transform 90
Transform: AffineTransform_float_3_3
Parameters: 0.999991 -0.00258257 0.00320238 0.00258842 0.999995 -0.00169073 -0.00319762 0.00169927 0.999994 -0.13992 0.197871 0.0724958
FixedParameters: 0 0 0

#Transform 91
Transform: AffineTransform_float_3_3
Parameters: 0.999994 -0.00207453 0.00302133 0.00207547 0.999998 -0.00015273 -0.00302068 0.000158268 0.999996 -0.133786 0.137917 0.00932899
FixedParameters: 0 0 0

#Transform 92
Transform: AffineTransform_float_3_3
Parameters: 0.999982 -0.00283736 0.00519289 0.00282864 0.999995 0.00180872 -0.0051981 -0.00179428 0.999985 -0.228803 0.00151176 0.0971101
FixedParameters: 0 0 0

#Transform 93
Transform: AffineTransform_float_3_3
Parameters: 0.99998 -0.00275366 0.00578631 0.00274734 0.999995 0.000985917 -0.00578869 -0.000970079 0.999983 -0.280421 0.0214065 0.123778
FixedParameters: 0 0 0

#Transform 94
Transform: AffineTransform_float_3_3
Parameters: 0.999979 -0.00308175 0.00581343 0.00307525 0.999994 0.0011699 -0.00581758 -0.0011511 0.999983 -0.307307 -0.0016212 0.188816
FixedParameters: 0 0 0

#Transform 95
Transform: AffineTransform_float_3_3
Parameters: 0.999978 -0.00329401 0.00565676 0.00328499 0.999994 0.00160062 -0.00566223 -0.00158238 0.999982 -0.275272 -0.0244521 0.151497
FixedParameters: 0 0 0

#Transform 96
Transform: AffineTransform_float_3_3
Parameters: 0.999981 -0.00282788 0.00538043 0.00282311 0.999995 0.000915206 -0.00538356 -0.000899792 0.999985 -0.24805 0.0395538 0.107525
FixedParameters: 0 0 0

#Transform 97
Transform: AffineTransform_float_3_3
Parameters: 0.99998 -0.00321371 0.00543104 0.00320729 0.999994 0.00124344 -0.00543497 -0.00122556 0.999985 -0.263754 0.0156777 0.126345
FixedParameters: 0 0 0

#Transform 98
Transform: AffineTransform_float_3_3
Parameters: 0.999976 -0.00302344 0.00614629 0.00302257 0.999996 0.000242583 -0.0061477 -0.000224418 0.999981 -0.31024 0.0814648 0.147409
FixedParameters: 0 0 0

#Transform 99
Transform: AffineTransform_float_3_3
Parameters: 0.999977 -0.00324374 0.00599752 0.00324126 0.999994 0.00046645 -0.00599948 -0.000447549 0.999982 -0.29335 0.0655699 0.113634
FixedParameters: 0 0 0

#Transform 100
Transform: AffineTransform_float_3_3
Parameters: 0.999982 -0.00282969 0.00540951 0.00282332 0.999995 0.0012433 -0.00541249 -0.00122871 0.999984 -0.251243 0.0258783 0.0731785
FixedParameters: 0 0 0

#Transform 101
Transform: AffineTransform_float_3_3
Parameters: 0.999982 -0.00282752 0.0053236 0.00282247 0.999995 0.000857041 -0.0053264 -0.000841955 0.999986 -0.263665 0.0556476 0.0992785
FixedParameters: 0 0 0

#Transform 102
Transform: AffineTransform_float_3_3
Parameters: 0.999979 -0.00288893 0.00579754 0.00288807 0.999996 0.000168747 -0.00579746 -0.000151255 0.999983 -0.276835 0.0949591 0.101497
FixedParameters: 0 0 0

#Transform 103
Transform: AffineTransform_float_3_3
Parameters: 0.999979 -0.00282107 0.00572794 0.00282292 0.999996 -0.000327837 -0.00572705 0.000344163 0.999983 -0.279713 0.123695 0.100331
FixedParameters: 0 0 0

#Transform 104
Transform: AffineTransform_float_3_3
Parameters: 0.999979 -0.00282443 0.00585231 0.00282257 0.999996 0.000252524 -0.00585269 -0.000236474 0.999983 -0.263515 0.0811145 0.11065
FixedParameters: 0 0 0

#Transform 105
Transform: AffineTransform_float_3_3
Parameters: 0.999981 -0.00293335 0.00544889 0.00293564 0.999995 -0.00029401 -0.00544711 0.000309984 0.999985 -0.24521 0.137842 0.101638
FixedParameters: 0 0 0

#Transform 106
Transform: AffineTransform_float_3_3
Parameters: 0.999981 -0.00282027 0.00543942 0.00282273 0.999996 -0.000493655 -0.00543859 0.000509348 0.999985 -0.264373 0.153696 0.0785869
FixedParameters: 0 0 0

#Transform 107
Transform: AffineTransform_float_3_3
Parameters: 0.999978 -0.00282325 0.00587687 0.00282274 0.999996 5.159e-05 -0.00587712 -3.44081e-05 0.999982 -0.320862 0.118398 0.0924311
FixedParameters: 0 0 0

#Transform 108
Transform: AffineTransform_float_3_3
Parameters: 0.999982 -0.0028212 0.00542794 0.00282281 0.999996 -0.000325684 -0.00542706 0.000340317 0.999985 -0.264792 0.1427 0.0806381
FixedParameters: 0 0 0

#Transform 109
Transform: AffineTransform_float_3_3
Parameters: 0.999982 -0.00282171 0.00542768 0.00282329 0.999996 -0.00023068 -0.00542733 0.000246319 0.999985 -0.2671 0.138816 0.0683027
FixedParameters: 0 0 0

#Transform 110
Transform: AffineTransform_float_3_3
Parameters: 0.999981 -0.00293697 0.00555002 0.00293703 0.999995 2.30063e-06 -0.00554998 1.33004e-05 0.999984 -0.261748 0.105468 0.0418702
FixedParameters: 0 0 0

#Transform 111
Transform: AffineTransform_float_3_3
Parameters: 0.99998 -0.0028208 0.00554911 0.00282319 0.999996 -0.000387341 -0.00554788 0.000403657 0.999984 -0.266996 0.141132 0.08697
FixedParameters: 0 0 0

#Transform 112
Transform: AffineTransform_float_3_3
Parameters: 0.999984 -0.00281933 0.00486913 0.00282267 0.999995 -0.000747268 -0.00486687 0.000760733 0.999988 -0.218442 0.168527 0.0839023
FixedParameters: 0 0 0

#Transform 113
Transform: AffineTransform_float_3_3
Parameters: 0.999985 -0.00266197 0.00491402 0.00266203 0.999997 8.12761e-08 -0.00491398 1.30811e-05 0.999988 -0.234174 0.155272 -0.00231191
FixedParameters: 0 0 0

#Transform 114
Transform: AffineTransform_float_3_3
Parameters: 0.999983 -0.00282087 0.0050092 0.00282313 0.999996 -0.000417865 -0.0050078 0.000432134 0.999988 -0.265559 0.175602 0.0611627
FixedParameters: 0 0 0

#Transform 115
Transform: AffineTransform_float_3_3
Parameters: 0.999984 -0.0027108 0.00498056 0.0027102 0.999997 0.000166501 -0.00498143 -0.000153499 0.999987 -0.255334 0.127906 0.0227069
FixedParameters: 0 0 0

#Transform 116
Transform: AffineTransform_float_3_3
Parameters: 0.99998 -0.00289396 0.00552554 0.00289504 0.999996 -0.000180007 -0.00552545 0.000195994 0.999984 -0.261477 0.149257 0.0297114
FixedParameters: 0 0 0

#Transform 117
Transform: AffineTransform_float_3_3
Parameters: 0.999984 -0.00252928 0.00505336 0.00252972 0.999997 -0.000136219 -0.00505364 0.000148784 0.999987 -0.227975 0.148836 0.0599989
FixedParameters: 0 0 0

#Transform 118
Transform: AffineTransform_float_3_3
Parameters: 0.99998 -0.00310072 0.00538901 0.00309928 0.999995 0.000327709 -0.00538999 -0.000311293 0.999986 -0.255078 0.0946712 0.0771329
FixedParameters: 0 0 0

#Transform 119
Transform: AffineTransform_float_3_3
Parameters: 0.999982 -0.00310113 0.00527175 0.00309988 0.999995 0.00041035 -0.00527325 -0.000394654 0.999986 -0.260723 0.0714234 0.144834
FixedParameters: 0 0 0

#Transform 120
Transform: AffineTransform_float_3_3
Parameters: 0.999983 -0.00257925 0.00526039 0.00257875 0.999996 0.000244569 -0.00526061 -0.000230435 0.999986 -0.261889 0.0889371 0.113614
FixedParameters: 0 0 0

#Transform 121
Transform: AffineTransform_float_3_3
Parameters: 0.99998 -0.00284862 0.00575018 0.00285038 0.999996 -0.000405618 -0.00574882 0.000422385 0.999984 -0.294481 0.135981 0.0994546
FixedParameters: 0 0 0

#Transform 122
Transform: AffineTransform_float_3_3
Parameters: 0.999982 -0.00304623 0.00518969 0.00304477 0.999996 0.00043781 -0.00519131 -0.000422194 0.999987 -0.259414 0.0887232 0.0658348
FixedParameters: 0 0 0

#Transform 123
Transform: AffineTransform_float_3_3
Parameters: 0.99998 -0.00315909 0.00546021 0.00315591 0.999995 0.000575243 -0.00546179 -0.000557757 0.999985 -0.30358 0.0790981 0.0838048
FixedParameters: 0 0 0

#Transform 124
Transform: AffineTransform_float_3_3
Parameters: 0.999982 -0.00312551 0.0052363 0.00312649 0.999995 -8.56304e-05 -0.00523671 0.000101369 0.999987 -0.265056 0.11026 0.104214
FixedParameters: 0 0 0

#Transform 125
Transform: AffineTransform_float_3_3
Parameters: 0.999984 -0.00251153 0.00518066 0.00251647 0.999997 -0.00104898 -0.00517835 0.00106202 0.999986 -0.255112 0.188135 0.0969127
FixedParameters: 0 0 0

#Transform 126
Transform: AffineTransform_float_3_3
Parameters: 0.999986 -0.00273589 0.00441655 0.00274011 0.999996 -0.00092491 -0.00441345 0.000937087 0.99999 -0.204649 0.166749 0.0746418
FixedParameters: 0 0 0

#Transform 127
Transform: AffineTransform_float_3_3
Parameters: 0.999987 -0.00217878 0.00459895 0.00218422 0.999996 -0.00134697 -0.00459605 0.00135703 0.999988 -0.242673 0.186625 0.0980816
FixedParameters: 0 0 0

#Transform 128
Transform: AffineTransform_float_3_3
Parameters: 0.999988 -0.0026666 0.00405124 0.0026694 0.999996 -0.000834196 -0.00404876 0.000844807 0.999992 -0.186814 0.148528 0.0534407
FixedParameters: 0 0 0

#Transform 129
Transform: AffineTransform_float_3_3
Parameters: 0.999985 -0.00233643 0.00492622 0.00233858 0.999997 -0.000517487 -0.00492578 0.000528516 0.999987 -0.25244 0.148256 0.117019
FixedParameters: 0 0 0

#Transform 130
Transform: AffineTransform_float_3_3
Parameters: 0.999988 -0.00234258 0.00446412 0.00233841 0.999997 0.000808449 -0.00446588 -0.000797548 0.999989 -0.247023 0.0713869 0.066437
FixedParameters: 0 0 0

#Transform 131
Transform: AffineTransform_float_3_3
Parameters: 0.999982 -0.00234285 0.0054862 0.00234815 0.999997 -0.000932134 -0.0054848 0.000944866 0.999984 -0.321136 0.154297 0.100545
FixedParameters: 0 0 0

#Transform 132
Transform: AffineTransform_float_3_3
Parameters: 0.999986 -0.00259102 0.00465176 0.00258698 0.999997 0.000870046 -0.00465324 -0.000857956 0.999989 -0.250318 0.0346546 0.144046
FixedParameters: 0 0 0

#Transform 133
Transform: AffineTransform_float_3_3
Parameters: 0.999984 -0.00253772 0.00492263 0.00253728 0.999997 0.000151492 -0.00492337 -0.000139508 0.999988 -0.241215 0.101116 0.126772
FixedParameters: 0 0 0

#Transform 134
Transform: AffineTransform_float_3_3
Parameters: 0.999986 -0.0024727 0.00462503 0.0024683 0.999996 0.000804427 -0.00462698 -0.000793569 0.999989 -0.224339 0.0431167 0.157272
FixedParameters: 0 0 0

#Transform 135
Transform: AffineTransform_float_3_3
Parameters: 0.999985 -0.00331795 0.00422229 0.00330205 0.999989 0.00354299 -0.0042337 -0.003529 0.999985 -0.237253 -0.2422 0.579913
FixedParameters: 0 0 0

#Transform 136
Transform: AffineTransform_float_3_3
Parameters: 0.999986 -0.00260975 0.00445113 0.00259725 0.999993 0.0026436 -0.00445786 -0.0026324 0.999986 -0.244019 -0.12534 0.380543
FixedParameters: 0 0 0

#Transform 137
Transform: AffineTransform_float_3_3
Parameters: 0.999991 -0.00184018 0.00380009 0.00182982 0.999994 0.00267998 -0.00380491 -0.00267302 0.999989 -0.177375 -0.10868 0.266635
FixedParameters: 0 0 0

#Transform 138
Transform: AffineTransform_float_3_3
Parameters: 0.999981 -0.00264562 0.00546795 0.00263137 0.999993 0.00268044 -0.00547505 -0.00266557 0.999982 -0.320931 -0.122817 0.332289
FixedParameters: 0 0 0

#Transform 139
Transform: AffineTransform_float_3_3
Parameters: 0.999983 -0.00284523 0.00495533 0.00281576 0.999978 0.00589705 -0.00497267 -0.00588295 0.999971 -0.304266 -0.328013 0.42589
FixedParameters: 0 0 0

#Transform 140
Transform: AffineTransform_float_3_3
Parameters: 0.999986 -0.00252922 0.00476919 0.00250278 0.999982 0.00549501 -0.00478381 -0.00548298 0.999973 -0.302573 -0.262813 0.38347
FixedParameters: 0 0 0

#Transform 141
Transform: AffineTransform_float_3_3
Parameters: 0.999987 -0.00201406 0.00455888 0.00199093 0.999985 0.00505814 -0.00456912 -0.00504886 0.999977 -0.328648 -0.246679 0.384643
FixedParameters: 0 0 0

#Transform 142
Transform: AffineTransform_float_3_3
Parameters: 0.999981 -0.00217765 0.00577294 0.00214035 0.999976 0.00651948 -0.00578706 -0.00650752 0.999962 -0.380486 -0.345101 0.420629
FixedParameters: 0 0 0

#Transform 143
Transform: AffineTransform_float_3_3
Parameters: 0.999985 -0.00225809 0.00511413 0.00223091 0.999984 0.00529649 -0.00512588 -0.00528451 0.999973 -0.354029 -0.257122 0.369261
FixedParameters: 0 0 0

#Transform 144
Transform: AffineTransform_float_3_3
Parameters: 0.999983 -0.00221422 0.00542718 0.00218978 0.999987 0.00446496 -0.00543682 -0.00445304 0.999976 -0.378217 -0.181856 0.387831
FixedParameters: 0 0 0

#Transform 145
Transform: AffineTransform_float_3_3
Parameters: 0.999985 -0.00272059 0.00459879 0.0026934 0.999979 0.00599648 -0.00461522 -0.00598353 0.999972 -0.328408 -0.303029 0.307189
FixedParameters: 0 0 0

#Transform 146
Transform: AffineTransform_float_3_3
Parameters: 0.999992 -0.00210091 0.00361395 0.00208709 0.999991 0.00384758 -0.00362205 -0.00384043 0.999986 -0.262459 -0.150895 0.288659
FixedParameters: 0 0 0

#Transform 147
Transform: AffineTransform_float_3_3
Parameters: 0.999994 -0.00191638 0.00308057 0.00190562 0.999992 0.00336889 -0.00308643 -0.0033631 0.999989 -0.183698 -0.105932 0.222349
FixedParameters: 0 0 0

#Transform 148
Transform: AffineTransform_float_3_3
Parameters: 0.99999 -0.00229297 0.00389397 0.00228102 0.999992 0.00307691 -0.00390102 -0.00306808 0.999987 -0.245647 -0.0895269 0.270333
FixedParameters: 0 0 0

#Transform 149
Transform: AffineTransform_float_3_3
Parameters: 0.999984 -0.00301814 0.00491927 0.00299387 0.999984 0.00490681 -0.00493373 -0.00489219 0.999976 -0.306327 -0.212341 0.238155
FixedParameters: 0 0 0

#Transform 150
Transform: AffineTransform_float_3_3
Parameters: 0.999984 -0.00264466 0.00502762 0.00262134 0.999986 0.00470726 -0.00504038 -0.00469375 0.999977 -0.291294 -0.165647 0.203646
FixedParameters: 0 0 0

#Transform 151
Transform: AffineTransform_float_3_3
Parameters: 0.999983 -0.00306195 0.00497032 0.00303804 0.999984 0.00482018 -0.00498468 -0.00480482 0.999976 -0.311721 -0.175621 0.187098
FixedParameters: 0 0 0

#Transform 152
Transform: AffineTransform_float_3_3
Parameters: 0.999985 -0.00317372 0.00430399 0.00315628 0.999986 0.00411764 -0.00431701 -0.00410436 0.999983 -0.191796 -0.112828 0.115089
FixedParameters: 0 0 0

#Transform 153
Transform: AffineTransform_float_3_3
Parameters: 0.999982 -0.00349194 0.00486446 0.00347306 0.999987 0.00389596 -0.00487854 -0.00387903 0.99998 -0.178791 -0.100216 0.178812
FixedParameters: 0 0 0

#Transform 154
Transform: AffineTransform_float_3_3
Parameters: 0.999979 -0.00344038 0.00538366 0.00342062 0.999987 0.00360449 -0.00539633 -0.00358651 0.999979 -0.210069 -0.0945126 0.212503
FixedParameters: 0 0 0

#Transform 155
Transform: AffineTransform_float_3_3
Parameters: 0.999979 -0.0038376 0.00507875 0.0038154 0.999983 0.00425646 -0.00509425 -0.00423653 0.999978 -0.176584 -0.143978 0.122611
FixedParameters: 0 0 0

#Transform 156
Transform: AffineTransform_float_3_3
Parameters: 0.999984 -0.00327283 0.00476007 0.00325117 0.999984 0.00458655 -0.00477494 -0.00457045 0.999978 -0.148508 -0.14333 0.132865
FixedParameters: 0 0 0

#Transform 157
Transform: AffineTransform_float_3_3
Parameters: 0.999982 -0.0036818 0.00462953 0.0036612 0.999983 0.00449403 -0.00464547 -0.00447698 0.999979 -0.149569 -0.140125 0.150316
FixedParameters: 0 0 0

#Transform 158
Transform: AffineTransform_float_3_3
Parameters: 0.999979 -0.00377284 0.00524851 0.00375416 0.999986 0.00359478 -0.00526149 -0.00357522 0.99998 -0.209083 -0.0734039 0.177999
FixedParameters: 0 0 0

#Transform 159
Transform: AffineTransform_float_3_3
Parameters: 0.999981 -0.00369911 0.00491769 0.0036799 0.999985 0.00388817 -0.00493132 -0.00387083 0.999981 -0.163705 -0.100932 0.177935
FixedParameters: 0 0 0

#Transform 160
Transform: AffineTransform_float_3_3
Parameters: 0.999984 -0.00377166 0.00425341 0.00375435 0.999985 0.00415104 -0.00426859 -0.00413497 0.999983 -0.121507 -0.114215 0.13129
FixedParameters: 0 0 0

#Transform 161
Transform: AffineTransform_float_3_3
Parameters: 0.999984 -0.00348247 0.0044534 0.00346454 0.999987 0.00392349 -0.0044666 -0.00390851 0.999983 -0.152126 -0.102141 0.138193
FixedParameters: 0 0 0

#Transform 162
Transform: AffineTransform_float_3_3
Parameters: 0.999982 -0.0034665 0.00478036 0.0034495 0.999988 0.00366355 -0.00479264 -0.00364745 0.999982 -0.170306 -0.113054 0.149338
FixedParameters: 0 0 0

#Transform 163
Transform: AffineTransform_float_3_3
Parameters: 0.99998 -0.00310129 0.00551274 0.00306571 0.999973 0.00657903 -0.00553326 -0.00656197 0.999963 -0.205675 -0.297929 0.222516
FixedParameters: 0 0 0

#Transform 164
Transform: AffineTransform_float_3_3
Parameters: 0.999979 -0.0033769 0.00548759 0.00335511 0.999987 0.0039935 -0.00550141 -0.00397551 0.999977 -0.19872 -0.101252 0.250584
FixedParameters: 0 0 0

#Transform 165
Transform: AffineTransform_float_3_3
Parameters: 0.999984 -0.00351334 0.00427835 0.00350366 0.999992 0.00218903 -0.00428565 -0.00217398 0.999989 -0.123095 -0.0250915 0.195669
FixedParameters: 0 0 0

#Transform 166
Transform: AffineTransform_float_3_3
Parameters: 0.999987 -0.00351506 0.003874 0.00350394 0.99999 0.00285761 -0.00388401 -0.00284339 0.999989 -0.117897 -0.106135 0.257824
FixedParameters: 0 0 0

#Transform 167
Transform: AffineTransform_float_3_3
Parameters: 0.999984 -0.00408212 0.00396351 0.00406888 0.999986 0.00356419 -0.00397849 -0.00354782 0.999986 -0.126141 -0.127579 0.345679
FixedParameters: 0 0 0

#Transform 168
Transform: AffineTransform_float_3_3
Parameters: 0.999981 -0.00455283 0.00428563 0.00452517 0.999969 0.00648052 -0.00431538 -0.00646148 0.99997 -0.158856 -0.318732 0.296467
FixedParameters: 0 0 0

#Transform 169
Transform: AffineTransform_float_3_3
Parameters: 0.999979 -0.00381811 0.00521453 0.00378989 0.999979 0.00538988 -0.00523547 -0.00537012 0.999972 -0.223935 -0.198654 0.293678
FixedParameters: 0 0 0

#Transform 170
Transform: AffineTransform_float_3_3
Parameters: 0.999978 -0.00404116 0.00529246 0.00402584 0.999988 0.00287237 -0.00530354 -0.00285163 0.999982 -0.251736 -0.0928033 0.294716
FixedParameters: 0 0 0

#Transform 171
Transform: AffineTransform_float_3_3
Parameters: 0.999975 -0.00407368 0.00576504 0.00405032 0.999984 0.00394045 -0.00578095 -0.00391655 0.999975 -0.245191 -0.15762 0.334858
FixedParameters: 0 0 0

#Transform 172
Transform: AffineTransform_float_3_3
Parameters: 0.99998 -0.00380146 0.00505218 0.00377854 0.999983 0.00444718 -0.00506882 -0.00442782 0.999978 -0.19334 -0.181356 0.223509
FixedParameters: 0 0 0

#Transform 173
Transform: AffineTransform_float_3_3
Parameters: 0.999989 -0.00359248 0.00319893 0.00357952 0.999984 0.0042095 -0.00321408 -0.0041985 0.999986 -0.0961074 -0.15418 0.2298
FixedParameters: 0 0 0

#Transform 174
Transform: AffineTransform_float_3_3
Parameters: 0.99999 -0.00216569 0.00393024 0.00213431 0.999968 0.00779647 -0.00394675 -0.00778853 0.999962 -0.187201 -0.369315 0.390048
FixedParameters: 0 0 0

#Transform 175
Transform: AffineTransform_float_3_3
Parameters: 0.999985 -0.00322484 0.00426884 0.00320216 0.999981 0.00534575 -0.00428615 -0.00533226 0.999976 -0.144419 -0.236956 0.298868
FixedParameters: 0 0 0

#Transform 176
Transform: AffineTransform_float_3_3
Parameters: 0.999983 -0.00315755 0.00481032 0.00313245 0.999981 0.00531016 -0.00482668 -0.00529485 0.999975 -0.179153 -0.213166 0.304469
FixedParameters: 0 0 0

#Transform 177
Transform: AffineTransform_float_3_3
Parameters: 0.999991 -0.00211863 0.00362217 0.00210037 0.999984 0.00513965 -0.00363284 -0.00513235 0.99998 -0.157983 -0.233294 0.425378
FixedParameters: 0 0 0

#Transform 178
Transform: AffineTransform_float_3_3
Parameters: 0.999992 -0.00199672 0.00349964 0.00198228 0.999989 0.00420397 -0.00350836 -0.00419703 0.999985 -0.171599 -0.161311 0.426216
FixedParameters: 0 0 0

#Transform 179
Transform: AffineTransform_float_3_3
Parameters: 0.999993 -0.00203968 0.00316896 0.00202432 0.999985 0.00494345 -0.00317904 -0.00493655 0.999983 -0.162032 -0.202974 0.411868
FixedParameters: 0 0 0
