#Insight Transform File V1.0
#Transform 0
Transform: AffineTransform_float_3_3
Parameters: 1 0.000358996 -0.000101014 -0.000359004 1 -3.99637e-05 0.000100986 4.00363e-05 1 0.0630658 -0.0510567 -0.324519
FixedParameters: 0 0 0

#Transform 1
Transform: AffineTransform_float_3_3
Parameters: 0.999999 0.000798929 0.000123456 -0.000799069 0.999999 0.000570901 -0.000122544 -0.000571098 1 0.0329673 0.0579531 -0.0342917
FixedParameters: 0 0 0

#Transform 2
Transform: AffineTransform_float_3_3
Parameters: 0.999999 0.001028 5.60343e-06 -0.001028 1 0.000586995 -5.39656e-06 -0.000587006 1 0.0403966 0.127742 -0.0365545
FixedParameters: 0 0 0

#Transform 3
Transform: AffineTransform_float_3_3
Parameters: 0.999999 0.000710859 0.000199502 -0.00071114 0.999999 0.000705858 -0.000198499 -0.000705141 0.999999 0.0281654 0.121207 -0.0460984
FixedParameters: 0 0 0

#Transform 4
Transform: AffineTransform_float_3_3
Parameters: 0.999999 0.000774728 0.000234899 -0.000775272 0.999999 0.00115982 -0.000234101 -0.00116018 1 0.032276 0.100528 -0.085159
FixedParameters: 0 0 0

#Transform 5
Transform: AffineTransform_float_3_3
Parameters: 1 -0.000112754 0.000149187 0.000113246 0.999998 -0.00165298 -0.000148813 0.00165302 0.999998 0.0427885 0.240107 -0.120071
FixedParameters: 0 0 0

#Transform 6
Transform: AffineTransform_float_3_3
Parameters: 0.999997 -0.00237094 0.00041907 0.00237206 0.999994 -0.00255901 -0.00041293 0.00255999 0.999996 0.0796853 0.321702 -0.11302
FixedParameters: 0 0 0

#Transform 7
Transform: AffineTransform_float_3_3
Parameters: 0.999999 -0.000431198 0.000807894 0.000430802 1 0.000245348 -0.000808105 -0.000244652 0.999999 0.0192584 0.134061 -0.0478507
FixedParameters: 0 0 0

#Transform 8
Transform: AffineTransform_float_3_3
Parameters: 1 5.25744e-05 0.000380059 -5.34256e-05 1 0.00111998 -0.00037994 -0.00112002 1 0.0390261 0.0951655 -0.0351113
FixedParameters: 0 0 0

#Transform 9
Transform: AffineTransform_float_3_3
Parameters: 0.999999 0.000860374 0.000296821 -0.000860626 0.999998 0.00211575 -0.000295179 -0.00211626 0.999997 0.0299011 0.061243 -0.0477674
FixedParameters: 0 0 0

#Transform 10
Transform: AffineTransform_float_3_3
Parameters: 0.999999 0.000155712 0.000900223 -0.000156289 0.999999 0.00143186 -0.000899777 -0.00143114 0.999998 0.00957919 0.111974 -0.0551917
FixedParameters: 0 0 0

#Transform 11
Transform: AffineTransform_float_3_3
Parameters: 1 0.000407552 0.000485376 -0.000408447 0.999999 0.000922802 -0.000484623 -0.000923198 1 0.0267843 0.134243 -0.0528484
FixedParameters: 0 0 0

#Transform 12
Transform: AffineTransform_float_3_3
Parameters: 1 0.000452871 0.000181323 -0.000453129 0.999999 0.000712917 -0.000180677 -0.000712081 0.999999 0.0356575 0.143829 -0.0402462
FixedParameters: 0 0 0

#Transform 13
Transform: AffineTransform_float_3_3
Parameters: 1 5.2662e-05 0.000351051 -5.3338e-05 1 0.000962982 -0.000350949 -0.00096302 1 0.0311926 0.0936774 -0.0484699
FixedParameters: 0 0 0

#Transform 14
Transform: AffineTransform_float_3_3
Parameters: 1 -0.000129371 0.000496903 0.000128629 0.999999 0.000746064 -0.000497096 -0.000745935 0.999999 0.0299409 0.113526 -0.0484759
FixedParameters: 0 0 0

#Transform 15
Transform: AffineTransform_float_3_3
Parameters: 1 5.2583e-05 0.000425052 -5.34169e-05 0.999999 0.000980977 -0.000424948 -0.000981022 1 0.0335847 0.0967596 -0.0429348
FixedParameters: 0 0 0

#Transform 16
Transform: AffineTransform_float_3_3
Parameters: 1 5.28371e-05 0.000181048 -5.31629e-05 0.999999 0.00089999 -0.000180952 -0.000900009 0.999999 0.0493103 0.100404 -0.041066
FixedParameters: 0 0 0

#Transform 17
Transform: AffineTransform_float_3_3
Parameters: 1 -0.000267009 -4.69501e-05 0.000266991 1 -0.000187013 4.70499e-05 0.000186987 1 0.0684267 0.157341 -0.0622597
FixedParameters: 0 0 0

#Transform 18
Transform: AffineTransform_float_3_3
Parameters: 1 5.29128e-05 0.000513009 -5.30872e-05 1 0.000169973 -0.000512991 -0.000170027 1 0.0177948 0.154705 -0.0526565
FixedParameters: 0 0 0

#Transform 19
Transform: AffineTransform_float_3_3
Parameters: 1 -0.000463056 0.000174852 0.000462944 1 0.000319081 -0.000175148 -0.000318919 1 0.0575431 0.133996 -0.0794954
FixedParameters: 0 0 0

#Transform 20
Transform: AffineTransform_float_3_3
Parameters: 1 0.00010951 0.000646083 -0.00011049 0.999999 0.000758928 -0.000645916 -0.00075907 0.999999 0.0251185 0.115365 -0.0488892
FixedParameters: 0 0 0

#Transform 21
Transform: AffineTransform_float_3_3
Parameters: 1 0.000556625 0.000406513 -0.000557374 1 0.000921774 -0.000405486 -0.000922226 0.999999 0.0269543 0.120038 -0.0564475
FixedParameters: 0 0 0

#Transform 22
Transform: AffineTransform_float_3_3
Parameters: 1 5.25359e-05 0.00040606 -5.3464e-05 1 0.00114298 -0.000405939 -0.00114302 1 0.0349407 0.0976212 -0.0615367
FixedParameters: 0 0 0

#Transform 23
Transform: AffineTransform_float_3_3
Parameters: 1 0.000436536 0.000484419 -0.000436465 1 0.00095879 -0.000484582 -0.000959213 1 0.027908 0.10981 -0.0606141
FixedParameters: 0 0 0

#Transform 24
Transform: AffineTransform_float_3_3
Parameters: 1 0.000214348 0.000366382 -0.000214653 0.999999 0.00177992 -0.000366619 -0.00178008 0.999999 0.020935 0.0980406 -0.114984
FixedParameters: 0 0 0

#Transform 25
Transform: AffineTransform_float_3_3
Parameters: 1 0.000547012 -3.68266e-05 -0.000546988 1 0.00031702 3.71734e-05 -0.00031698 1 0.041886 0.18084 -0.179602
FixedParameters: 0 0 0

#Transform 26
Transform: AffineTransform_float_3_3
Parameters: 1 6.07728e-05 0.000324043 -6.12271e-05 1 0.00070098 -0.000323957 -0.000701019 0.999999 0.0483137 0.0945405 -0.0551583
FixedParameters: 0 0 0

#Transform 27
Transform: AffineTransform_float_3_3
Parameters: 1 0.000213043 -4.98155e-05 -0.000212957 0.999999 0.00086601 5.01844e-05 -0.000865989 0.999999 0.0516006 0.109323 -0.0559217
FixedParameters: 0 0 0

#Transform 28
Transform: AffineTransform_float_3_3
Parameters: 0.999999 0.00021239 0.000749173 -0.00021361 0.999999 0.00081484 -0.000748826 -0.000814159 1 0.0115459 0.122022 -0.0630716
FixedParameters: 0 0 0

#Transform 29
Transform: AffineTransform_float_3_3
Parameters: 1 0.000212868 0.000121232 -0.000213133 1 0.00108998 -0.000121768 -0.00109003 1 0.0414762 0.132299 -0.0769451
FixedParameters: 0 0 0

#Transform 30
Transform: AffineTransform_float_3_3
Parameters: 1 3.88654e-05 0.000121043 -3.91345e-05 1 0.001112 -0.000120957 -0.00111201 1 0.0386342 0.130579 -0.0890246
FixedParameters: 0 0 0

#Transform 31
Transform: AffineTransform_float_3_3
Parameters: 1 -8.45756e-05 0.000388875 8.34242e-05 0.999999 0.00148003 -0.000389124 -0.00147997 0.999999 0.0223397 0.102563 -0.0799439
FixedParameters: 0 0 0

#Transform 32
Transform: AffineTransform_float_3_3
Parameters: 1 0.000212469 0.000366309 -0.000213531 0.999999 0.00145092 -0.00036569 -0.00145108 0.999999 0.0159466 0.0961581 -0.0741934
FixedParameters: 0 0 0

#Transform 33
Transform: AffineTransform_float_3_3
Parameters: 1 0.000132604 0.000247213 -0.000132396 0.999998 0.00160297 -0.000246788 -0.00160303 0.999998 0.0347094 0.103233 -0.0801369
FixedParameters: 0 0 0

#Transform 34
Transform: AffineTransform_float_3_3
Parameters: 1 -0.000293368 0.000284621 0.000293631 0.999999 0.00129308 -0.00028538 -0.00129292 0.999999 0.0296455 0.103137 -0.077203
FixedParameters: 0 0 0

#Transform 35
Transform: AffineTransform_float_3_3
Parameters: 1 -0.00015093 -5.918e-05 0.00015107 1 0.00119199 5.882e-05 -0.00119201 1 0.0559439 0.104998 -0.0607336
FixedParameters: 0 0 0

#Transform 36
Transform: AffineTransform_float_3_3
Parameters: 1 -0.00022911 8.26963e-05 0.00022889 0.999999 0.00132602 -8.33036e-05 -0.00132598 0.999999 0.0360745 0.101808 -0.0706385
FixedParameters: 0 0 0

#Transform 37
Transform: AffineTransform_float_3_3
Parameters: 0.999999 -0.000735408 0.000232714 0.000735591 0.999998 0.00174917 -0.000234287 -0.00174883 0.999999 0.0191375 0.102997 -0.132197
FixedParameters: 0 0 0

#Transform 38
Transform: AffineTransform_float_3_3
Parameters: 0.999999 -0.00108004 0.00105093 0.00107896 0.999999 0.000987135 -0.00105207 -0.000986865 0.999999 0.00855461 0.138507 -0.0821877
FixedParameters: 0 0 0

#Transform 39
Transform: AffineTransform_float_3_3
Parameters: 1 -0.000125392 0.000303839 0.000124608 0.999999 0.00129004 -0.000304161 -0.00128996 0.999999 0.0300796 0.10146 -0.0397085
FixedParameters: 0 0 0

#Transform 40
Transform: AffineTransform_float_3_3
Parameters: 1 -0.000125951 0.000604802 0.000125049 0.999999 0.00157207 -0.000605197 -0.00157192 0.999998 0.0019542 0.0839601 -0.051223
FixedParameters: 0 0 0

#Transform 41
Transform: AffineTransform_float_3_3
Parameters: 1 -0.000125067 5.68524e-05 0.000124933 1 0.00118101 -5.71476e-05 -0.00118099 1 0.0292479 0.0980702 -0.0547979
FixedParameters: 0 0 0

#Transform 42
Transform: AffineTransform_float_3_3
Parameters: 1 -0.000125503 0.000308796 0.000124499 0.999998 0.00162704 -0.000308203 -0.00162696 0.999998 0.0144352 0.0814588 -0.0506076
FixedParameters: 0 0 0

#Transform 43
Transform: AffineTransform_float_3_3
Parameters: 1 -0.000125381 0.000342861 0.000124619 1 0.00111204 -0.000343139 -0.00111196 1 0.0204655 0.104923 -0.031829
FixedParameters: 0 0 0

#Transform 44
Transform: AffineTransform_float_3_3
Parameters: 1 -0.000504238 0.000189368 0.000503763 0.999999 0.0012531 -0.000189631 -0.0012529 0.999999 0.0343151 0.0976927 -0.0256277
FixedParameters: 0 0 0

#Transform 45
Transform: AffineTransform_float_3_3
Parameters: 1 -0.000570597 -0.000241952 0.000570403 0.999999 0.00166786 0.000241049 -0.00166814 0.999998 0.0592209 0.0965066 -0.0532634
FixedParameters: 0 0 0

#Transform 46
Transform: AffineTransform_float_3_3
Parameters: 0.999999 6.72164e-06 0.00184201 -8.27834e-06 1 0.000693986 -0.001842 -0.000694013 0.999998 -0.0345144 0.0932396 -0.00235799
FixedParameters: 0 0 0

#Transform 47
Transform: AffineTransform_float_3_3
Parameters: 0.999999 0.000407711 0.00130978 -0.00040729 1 -0.000542534 -0.00131022 0.000542466 0.999999 -0.0152853 0.170996 -0.0326906
FixedParameters: 0 0 0

#Transform 48
Transform: AffineTransform_float_3_3
Parameters: 0.999999 0.000387937 0.000914025 -0.000388062 1 6.76453e-05 -0.000913973 -6.83546e-05 0.999999 -0.0251561 0.141395 -0.00968855
FixedParameters: 0 0 0

#Transform 49
Transform: AffineTransform_float_3_3
Parameters: 1 -5.7234e-05 0.000241945 5.77659e-05 0.999999 0.000967013 -0.000242056 -0.000966985 0.999999 0.0347713 0.0922468 -0.0252858
FixedParameters: 0 0 0

#Transform 50
Transform: AffineTransform_float_3_3
Parameters: 1 -7.36426e-05 0.000380876 7.33571e-05 0.999998 0.00168703 -0.000381124 -0.00168697 0.999998 0.00991579 0.0283127 0.0036021
FixedParameters: 0 0 0

#Transform 51
Transform: AffineTransform_float_3_3
Parameters: 0.999999 -0.000177443 0.000709889 0.000176557 1 0.000624125 -0.00071011 -0.000623874 0.999999 -0.00128765 0.0963424 0.00435236
FixedParameters: 0 0 0

#Transform 52
Transform: AffineTransform_float_3_3
Parameters: 0.999999 -0.000713218 -0.000533708 0.000712781 0.999999 -0.00040938 0.000533291 0.00040862 1 0.0886137 0.168857 -0.074884
FixedParameters: 0 0 0

#Transform 53
Transform: AffineTransform_float_3_3
Parameters: 1 -0.000301172 -0.000363858 0.000301828 1 -0.00047211 0.000364142 0.00047189 1 0.0587368 0.15932 -0.0273518
FixedParameters: 0 0 0

#Transform 54
Transform: AffineTransform_float_3_3
Parameters: 1 -0.000342865 -0.000473098 0.000343135 1 0.000285838 0.000473902 -0.000286162 1 0.0730445 0.116937 -0.0271403
FixedParameters: 0 0 0

#Transform 55
Transform: AffineTransform_float_3_3
Parameters: 1 -0.000218098 -0.000138846 0.000217902 0.999999 -0.00070603 0.000139154 0.000705969 0.999999 0.0532694 0.208657 -0.0807435
FixedParameters: 0 0 0

#Transform 56
Transform: AffineTransform_float_3_3
Parameters: 1 3.55149e-06 0.000331005 -4.4485e-06 0.999999 0.001355 -0.000330994 -0.001355 0.999999 0.0256035 0.0329893 0.0221556
FixedParameters: 0 0 0

#Transform 57
Transform: AffineTransform_float_3_3
Parameters: 1 -0.000642121 0.000116335 0.00064188 1 0.00103608 -0.000116665 -0.00103593 1 0.0192542 0.0380344 0.0228333
FixedParameters: 0 0 0

#Transform 58
Transform: AffineTransform_float_3_3
Parameters: 1 0.000390518 0.000577326 -0.000391482 0.999999 0.000834774 -0.000577674 -0.000834226 1 0.00377259 0.0568131 0.0238875
FixedParameters: 0 0 0

#Transform 59
Transform: AffineTransform_float_3_3
Parameters: 1 -9.48117e-06 0.000489991 9.51881e-06 0.999999 0.000982005 -0.00049001 -0.000981995 1 0.00279937 0.0592597 0.00343794
FixedParameters: 0 0 0

#Transform 60
Transform: AffineTransform_float_3_3
Parameters: 1 -0.000405397 0.000489671 0.000405602 0.999999 0.000811198 -0.000490329 -0.000810801 0.999999 0.0096652 0.0701728 0.000316164
FixedParameters: 0 0 0

#Transform 61
Transform: AffineTransform_float_3_3
Parameters: 1 -0.000457323 0.000523718 0.000456677 0.999999 0.000617239 -0.000523282 -0.00061676 0.999999 0.00167962 0.0833909 -0.00350707
FixedParameters: 0 0 0

#Transform 62
Transform: AffineTransform_float_3_3
Parameters: 0.999995 -0.00238902 0.00180701 0.00238598 0.999996 0.00167132 -0.00181098 -0.00166668 0.999997 0.0413872 0.0500496 0.0182479
FixedParameters: 0 0 0

#Transform 63
Transform: AffineTransform_float_3_3
Parameters: 0.999998 -0.00138642 0.00183818 0.00138458 0.999998 0.00131755 -0.00183982 -0.00131445 0.999998 0.0104395 0.0437024 0.0114654
FixedParameters: 0 0 0

#Transform 64
Transform: AffineTransform_float_3_3
Parameters: 0.999999 -0.00112568 0.00141066 0.00112432 0.999998 0.00119059 -0.00141234 -0.00118941 0.999999 0.0135197 0.0456392 0.00819986
FixedParameters: 0 0 0

#Transform 65
Transform: AffineTransform_float_3_3
Parameters: 0.999999 -0.00132608 0.000297656 0.00132592 0.999999 0.000259395 -0.000297343 -0.000258606 1 0.0499408 0.0884481 0.00113425
FixedParameters: 0 0 0

#Transform 66
Transform: AffineTransform_float_3_3
Parameters: 0.999999 -0.00132616 0.000257195 0.00132584 0.999999 0.000607341 -0.000257805 -0.000606658 1 0.0502647 0.0762174 -0.00117042
FixedParameters: 0 0 0

#Transform 67
Transform: AffineTransform_float_3_3
Parameters: 0.999999 -0.00132641 0.000356461 0.00132559 0.999999 0.00116047 -0.000357538 -0.00115953 1 0.0391037 0.0354572 0.00691757
FixedParameters: 0 0 0

#Transform 68
Transform: AffineTransform_float_3_3
Parameters: 0.999999 -0.00132667 0.000733793 0.00132633 0.999998 0.000910974 -0.000735208 -0.000910026 1 0.0272046 0.0486654 0.00716847
FixedParameters: 0 0 0

#Transform 69
Transform: AffineTransform_float_3_3
Parameters: 0.999999 -0.00107685 0.000800858 0.00107615 0.999999 0.00106186 -0.000801143 -0.00106114 0.999999 0.022889 0.0520821 0.00818533
FixedParameters: 0 0 0

#Transform 70
Transform: AffineTransform_float_3_3
Parameters: 0.999999 0.000397934 0.00147083 -0.000401067 0.999997 0.00208541 -0.00147017 -0.00208559 0.999996 -0.0914624 0.123951 -0.0834422
FixedParameters: 0 0 0

#Transform 71
Transform: AffineTransform_float_3_3
Parameters: 0.999998 0.00208202 -1.14661e-06 -0.00208198 0.99999 0.00377201 8.85329e-06 -0.00377199 0.999993 -0.120485 -0.0795184 0.0799319
FixedParameters: 0 0 0

#Transform 72
Transform: AffineTransform_float_3_3
Parameters: 0.999998 -0.000971802 -0.00172948 0.000985203 0.999971 0.00764732 0.00172252 -0.00764869 0.99997 0.038093 -0.134879 0.169708
FixedParameters: 0 0 0

#Transform 73
Transform: AffineTransform_float_3_3
Parameters: 0.999999 0.000132602 0.000767068 -0.000133398 1 0.000518898 -0.00076693 -0.000519102 0.999999 -0.02971 0.0600646 0.00955716
FixedParameters: 0 0 0

#Transform 74
Transform: AffineTransform_float_3_3
Parameters: 0.999998 0.00153729 0.00135395 -0.00153871 0.999998 0.00126592 -0.00135205 -0.00126808 0.999999 -0.119439 0.0496012 0.00877682
FixedParameters: 0 0 0

#Transform 75
Transform: AffineTransform_float_3_3
Parameters: 0.999999 0.00032909 0.00130048 -0.000330909 0.999999 0.00146857 -0.00129952 -0.00146943 0.999998 -0.0564229 0.0931693 -0.0518491
FixedParameters: 0 0 0

#Transform 76
Transform: AffineTransform_float_3_3
Parameters: 1 0.000231759 0.000377148 -0.000232241 1 0.000638912 -0.000376852 -0.000639087 0.999999 -0.0102774 0.128221 -0.0467624
FixedParameters: 0 0 0

#Transform 77
Transform: AffineTransform_float_3_3
Parameters: 1 0.000428789 0.000383236 -0.00042821 1 0.000549836 -0.000382765 -0.000549164 1 0.00247849 0.0970569 -0.00230341
FixedParameters: 0 0 0

#Transform 78
Transform: AffineTransform_float_3_3
Parameters: 0.999999 0.000689663 0.000548422 -0.000690335 0.999999 0.000612621 -0.000547576 -0.000613377 0.999999 -0.0409979 0.079089 -0.00244383
FixedParameters: 0 0 0

#Transform 79
Transform: AffineTransform_float_3_3
Parameters: 0.999999 0.000833002 0.00100583 -0.000833998 0.999999 0.000992162 -0.00100517 -0.000992838 0.999999 -0.0715565 0.0795372 -0.00235785
FixedParameters: 0 0 0

#Transform 80
Transform: AffineTransform_float_3_3
Parameters: 1 0.000633155 0.000866619 -0.000634847 1 0.000976451 -0.000866381 -0.00097655 0.999999 -0.0422596 0.0665031 0.0123181
FixedParameters: 0 0 0

#Transform 81
Transform: AffineTransform_float_3_3
Parameters: 0.999999 0.000689495 0.000460757 -0.000690505 0.999999 0.00109668 -0.000460243 -0.00109632 1 -0.0238917 0.0612389 0.0215174
FixedParameters: 0 0 0

#Transform 82
Transform: AffineTransform_float_3_3
Parameters: 1 0.000203146 0.000611285 -0.000203856 0.999999 0.00139888 -0.000611715 -0.00139812 0.999999 -0.025571 0.0496263 0.0234273
FixedParameters: 0 0 0

#Transform 83
Transform: AffineTransform_float_3_3
Parameters: 1 0.000259736 0.000304225 -0.000260263 0.999999 0.00086692 -0.000303774 -0.000867078 0.999999 0.000658275 0.0707258 0.0137013
FixedParameters: 0 0 0

#Transform 84
Transform: AffineTransform_float_3_3
Parameters: 0.999992 -0.00382489 -0.000963516 0.00383011 0.999979 0.00535835 0.000943485 -0.00536165 0.999985 0.0626743 0.035073 0.12618
FixedParameters: 0 0 0

#Transform 85
Transform: AffineTransform_float_3_3
Parameters: 0.999985 -0.00511961 -0.0019167 0.00513039 0.999969 0.00598526 0.0018863 -0.00599475 0.999981 0.150769 0.0658314 0.11233
FixedParameters: 0 0 0

#Transform 86
Transform: AffineTransform_float_3_3
Parameters: 0.999991 -0.00373774 -0.00167281 0.00375426 0.999944 0.0098228 0.00163619 -0.0098292 0.999951 0.154412 -0.194264 0.256346
FixedParameters: 0 0 0

#Transform 87
Transform: AffineTransform_float_3_3
Parameters: 1 -0.000728005 0.000856147 0.000726995 0.999999 0.00117362 -0.000856853 -0.00117238 0.999999 -0.00799317 0.0898226 0.0270942
FixedParameters: 0 0 0

#Transform 88
Transform: AffineTransform_float_3_3
Parameters: 0.999996 -0.00145627 0.00269242 0.00147873 0.999963 -0.00846006 -0.00267958 0.00846394 0.99996 -0.0820499 0.542498 -0.168902
FixedParameters: 0 0 0

#Transform 89
Transform: AffineTransform_float_3_3
Parameters: 0.999994 0.00301712 0.00135365 -0.00305689 0.99953 0.030498 -0.00126135 -0.030502 0.999534 -0.0632334 -0.875631 0.476889
FixedParameters: 0 0 0

#Transform 90
Transform: AffineTransform_float_3_3
Parameters: 0.999996 0.00269984 -0.00147293 -0.00264016 0.999252 0.0385861 0.00157604 -0.0385819 0.999254 0.0656099 -1.21347 0.566421
FixedParameters: 0 0 0

#Transform 91
Transform: AffineTransform_float_3_3
Parameters: 0.999999 0.000730915 -0.000304774 -0.000727081 0.999919 0.0126552 0.000314226 -0.0126548 0.99992 0.0157243 -0.383973 0.296995
FixedParameters: 0 0 0

#Transform 92
Transform: AffineTransform_float_3_3
Parameters: 1 -0.000100501 0.00120196 9.94987e-05 1 0.00041712 -0.00120204 -0.00041688 0.999999 -0.0335571 0.0956573 0.0154418
FixedParameters: 0 0 0

#Transform 93
Transform: AffineTransform_float_3_3
Parameters: 0.999999 -0.000875092 0.000984593 0.000877907 0.999995 -0.00295714 -0.000981408 0.00295786 0.999995 -0.0192002 0.289607 -0.0752341
FixedParameters: 0 0 0

#Transform 94
Transform: AffineTransform_float_3_3
Parameters: 1 -0.000732123 0.000957381 0.000729879 0.999998 0.0022157 -0.00095862 -0.0022153 0.999997 -0.0065371 0.00492765 0.0519227
FixedParameters: 0 0 0

#Transform 95
Transform: AffineTransform_float_3_3
Parameters: 0.999998 4.07882e-05 0.00204307 -4.42114e-05 0.999999 0.00157191 -0.00204293 -0.00157209 0.999996 -0.0853589 0.01533 0.0795645
FixedParameters: 0 0 0

#Transform 96
Transform: AffineTransform_float_3_3
Parameters: 0.999997 0.000922403 0.00251822 -0.000922596 0.999999 0.000235677 -0.00251778 -0.000238323 0.999997 -0.119906 0.0762461 0.0625172
FixedParameters: 0 0 0

#Transform 97
Transform: AffineTransform_float_3_3
Parameters: 0.999998 0.000672468 0.00221916 -0.000672531 0.999999 0.000238508 -0.00221884 -0.000240493 0.999997 -0.10411 0.0840336 0.053939
FixedParameters: 0 0 0

#Transform 98
Transform: AffineTransform_float_3_3
Parameters: 0.999997 0.000555769 0.00212306 -0.000556232 1 0.000108819 -0.00212294 -0.00010918 0.999997 -0.113002 0.0991906 0.0324611
FixedParameters: 0 0 0

#Transform 99
Transform: AffineTransform_float_3_3
Parameters: 0.999999 -0.000159448 0.00135095 0.000159553 1 0.000331216 -0.00135105 -0.000331785 0.999999 -0.0657211 0.0874856 0.0306615
FixedParameters: 0 0 0

#Transform 100
Transform: AffineTransform_float_3_3
Parameters: 1 -0.000494523 0.00110577 0.000494477 1 0.000473547 -0.00110623 -0.000472453 1 -0.0454307 0.0803234 0.019185
FixedParameters: 0 0 0

#Transform 101
Transform: AffineTransform_float_3_3
Parameters: 0.999999 -0.000105347 0.0014769 0.000104653 0.999999 0.000912155 -0.0014771 -0.000911845 0.999998 -0.0701587 0.0611491 0.0318076
FixedParameters: 0 0 0

#Transform 102
Transform: AffineTransform_float_3_3
Parameters: 0.999999 0.00031972 0.00138406 -0.000320279 1 0.000201557 -0.00138394 -0.000202443 0.999999 -0.0608779 0.0894846 0.0308138
FixedParameters: 0 0 0

#Transform 103
Transform: AffineTransform_float_3_3
Parameters: 0.999999 -9.37422e-05 0.00142195 9.22576e-05 1 0.000522132 -0.00142205 -0.000521867 0.999999 -0.0588728 0.0638148 0.0336814
FixedParameters: 0 0 0

#Transform 104
Transform: AffineTransform_float_3_3
Parameters: 0.999999 -0.000234655 0.0015309 0.000233344 1 0.000428358 -0.0015311 -0.000427641 0.999998 -0.0509297 0.0757744 0.0424443
FixedParameters: 0 0 0

#Transform 105
Transform: AffineTransform_float_3_3
Parameters: 1 -0.00068969 0.0008231 0.000691309 0.999998 -0.00159143 -0.000821901 0.00159257 0.999999 -0.00372862 0.161547 0.0211478
FixedParameters: 0 0 0

#Transform 106
Transform: AffineTransform_float_3_3
Parameters: 0.999999 -0.00138851 0.000658033 0.00138849 0.999999 -0.000743087 -0.000656968 0.000743913 1 0.0201781 0.112984 0.0353976
FixedParameters: 0 0 0

#Transform 107
Transform: AffineTransform_float_3_3
Parameters: 0.999998 -0.00174614 0.00086871 0.00174586 0.999998 0.000166517 -0.00086829 -0.000165484 0.999999 0.00937463 0.064832 0.0570269
FixedParameters: 0 0 0

#Transform 108
Transform: AffineTransform_float_3_3
Parameters: 0.999997 -0.00217999 2.16452e-05 0.00218 0.999997 -0.000295953 -2.13547e-05 0.000296047 1 0.0671229 0.117145 0.011392
FixedParameters: 0 0 0

#Transform 109
Transform: AffineTransform_float_3_3
Parameters: 0.999998 -0.00224167 0.000547273 0.00224133 0.999996 0.00121723 -0.000549727 -0.00121577 0.999999 0.0261923 -0.0113575 0.18706
FixedParameters: 0 0 0

#Transform 110
Transform: AffineTransform_float_3_3
Parameters: 0.999998 -0.00191644 0.000895198 0.00191656 0.999998 -0.000624286 -0.000893801 0.000626715 1 0.00228283 0.0883975 0.0585118
FixedParameters: 0 0 0

#Transform 111
Transform: AffineTransform_float_3_3
Parameters: 0.999998 -0.00181976 0.000997436 0.00182024 0.999999 -0.000239185 -0.000997561 0.000241816 0.999999 0.00242585 0.0781704 0.0476592
FixedParameters: 0 0 0

#Transform 112
Transform: AffineTransform_float_3_3
Parameters: 0.999997 -0.00207997 0.000543115 0.00208003 0.999998 -5.48704e-05 -0.000542884 5.61293e-05 1 0.0259378 0.0714289 0.0384225
FixedParameters: 0 0 0

#Transform 113
Transform: AffineTransform_float_3_3
Parameters: 0.999998 -0.00195862 0.00106386 0.00195838 0.999998 0.000585085 -0.00106515 -0.000583915 1 0.00123058 0.0532332 0.0507734
FixedParameters: 0 0 0

#Transform 114
Transform: AffineTransform_float_3_3
Parameters: 0.999998 -0.00170861 0.00112707 0.00170839 0.999999 0.000544927 -0.00112793 -0.000543074 0.999999 -0.00799654 0.0354065 0.0547404
FixedParameters: 0 0 0

#Transform 115
Transform: AffineTransform_float_3_3
Parameters: 0.999997 -0.00170825 0.00137769 0.00170875 0.999998 0.000183354 -0.00137831 -0.000180646 0.999999 -0.00976437 0.0608384 0.0491219
FixedParameters: 0 0 0

#Transform 116
Transform: AffineTransform_float_3_3
Parameters: 0.999998 -0.00170849 0.000976145 0.00170851 0.999999 0.000501669 -0.000976857 -0.000500332 1 0.00259476 0.0373802 0.0412839
FixedParameters: 0 0 0

#Transform 117
Transform: AffineTransform_float_3_3
Parameters: 0.999998 -0.000965941 0.00166746 0.00096506 1 0.000564611 -0.00166855 -0.00056339 0.999999 -0.0676815 0.0612041 0.0519991
FixedParameters: 0 0 0

#Transform 118
Transform: AffineTransform_float_3_3
Parameters: 0.999998 -0.00150543 0.000548817 0.00150457 0.999998 0.000785826 -0.000550182 -0.000785172 0.999999 0.0163795 0.0526884 0.0401243
FixedParameters: 0 0 0

#Transform 119
Transform: AffineTransform_float_3_3
Parameters: 0.999997 -0.0012586 0.00203963 0.0012584 0.999999 0.000295568 -0.00204037 -0.000293433 0.999998 -0.0837229 0.0738332 0.0497146
FixedParameters: 0 0 0

#Transform 120
Transform: AffineTransform_float_3_3
Parameters: 0.999998 -0.00103991 0.00156774 0.00103809 0.999998 0.00121763 -0.00156827 -0.00121637 0.999998 -0.0658962 0.0372133 0.0450207
FixedParameters: 0 0 0

#Transform 121
Transform: AffineTransform_float_3_3
Parameters: 0.999997 -0.00150664 0.00156743 0.00150436 0.999999 0.00104536 -0.00156857 -0.00104264 0.999998 -0.0401707 0.0591439 0.0425324
FixedParameters: 0 0 0

#Transform 122
Transform: AffineTransform_float_3_3
Parameters: 0.999998 -0.0020863 0.000223235 0.0020857 0.999997 0.00132547 -0.000226765 -0.00132553 0.999999 0.0303152 0.025735 0.0685512
FixedParameters: 0 0 0

#Transform 123
Transform: AffineTransform_float_3_3
Parameters: 0.999994 -0.00360097 0.000703009 0.00359903 0.999989 0.00277655 -0.000712993 -0.00277445 0.999996 0.042909 0.17317 0.108185
FixedParameters: 0 0 0

#Transform 124
Transform: AffineTransform_float_3_3
Parameters: 0.999991 -0.00396522 -0.00134417 0.00396978 0.999985 0.00356969 0.00132983 -0.0035753 0.999992 0.120826 0.215607 0.0501809
FixedParameters: 0 0 0

#Transform 125
Transform: AffineTransform_float_3_3
Parameters: 0.999997 -0.00103303 0.00227227 0.00103798 0.999997 -0.00218965 -0.00227073 0.00219135 0.999995 -0.0996883 0.347795 -0.125667
FixedParameters: 0 0 0

#Transform 126
Transform: AffineTransform_float_3_3
Parameters: 1 -0.000895732 -0.0007541 0.000900269 0.999984 0.00568033 0.000748898 -0.00568067 0.999983 0.0906332 -0.102794 0.315514
FixedParameters: 0 0 0

#Transform 127
Transform: AffineTransform_float_3_3
Parameters: 0.999997 -0.000778277 0.0020912 0.000767717 0.999987 0.00491161 -0.00209579 -0.00490938 0.999986 -0.0849444 -0.116658 0.275196
FixedParameters: 0 0 0

#Transform 128
Transform: AffineTransform_float_3_3
Parameters: 0.999995 -0.000714594 0.0030751 0.000714406 0.999999 -0.000130804 -0.00307591 0.000133199 0.999996 -0.0916717 0.118263 0.179119
FixedParameters: 0 0 0

#Transform 129
Transform: AffineTransform_float_3_3
Parameters: 0.999994 -0.00106237 0.00322888 0.00106164 1 0.000114429 -0.00322912 -0.00011157 0.999995 -0.0801426 0.12186 0.150912
FixedParameters: 0 0 0

#Transform 130
Transform: AffineTransform_float_3_3
Parameters: 0.999994 -0.00090943 0.00336234 0.00090757 1 0.000724056 -0.00336366 -0.000720946 0.999994 -0.0894002 0.105322 0.12486
FixedParameters: 0 0 0

#Transform 131
Transform: AffineTransform_float_3_3
Parameters: 0.999995 -0.00104658 0.00277278 0.00104642 1 0.000210903 -0.00277222 -0.0002081 0.999996 -0.0596559 0.117501 0.100204
FixedParameters: 0 0 0

#Transform 132
Transform: AffineTransform_float_3_3
Parameters: 0.999996 -0.00103975 0.0026771 0.00104025 1 -9.22156e-05 -0.0026769 9.47838e-05 0.999997 -0.0553151 0.110113 0.106946
FixedParameters: 0 0 0

#Transform 133
Transform: AffineTransform_float_3_3
Parameters: 0.999996 -0.00124207 0.00252847 0.00124093 0.999999 0.000426139 -0.00252853 -0.000422861 0.999996 -0.0482825 0.0823802 0.129011
FixedParameters: 0 0 0

#Transform 134
Transform: AffineTransform_float_3_3
Parameters: 0.999995 -0.00142032 0.00258382 0.00141968 0.999999 0.000125669 -0.00258417 -0.00012133 0.999996 -0.0506706 0.0674936 0.130652
FixedParameters: 0 0 0

#Transform 135
Transform: AffineTransform_float_3_3
Parameters: 0.999996 -0.00145528 0.00234497 0.00145172 0.999998 0.00139941 -0.00234703 -0.00139559 0.999997 -0.0396376 0.0092278 0.143181
FixedParameters: 0 0 0

#Transform 136
Transform: AffineTransform_float_3_3
Parameters: 0.999997 -0.0015074 0.00219936 0.00150461 0.999999 0.00109031 -0.00220064 -0.00108669 0.999997 -0.0328498 0.0277137 0.141104
FixedParameters: 0 0 0

#Transform 137
Transform: AffineTransform_float_3_3
Parameters: 0.999997 -0.00139251 0.002104 0.00139149 0.999999 0.000717929 -0.002105 -0.000715071 0.999997 -0.0288371 0.0600469 0.109194
FixedParameters: 0 0 0

#Transform 138
Transform: AffineTransform_float_3_3
Parameters: 0.999999 -0.00134627 0.000801552 0.00134673 0.999999 0.00033308 -0.000801447 -0.000331921 0.999999 0.0134999 0.116166 0.0113757
FixedParameters: 0 0 0

#Transform 139
Transform: AffineTransform_float_3_3
Parameters: 0.999999 -0.000901926 0.00100017 0.000901074 0.999999 0.000925902 -0.00100083 -0.000925098 0.999999 -0.00644727 0.0823187 0.0691863
FixedParameters: 0 0 0

#Transform 140
Transform: AffineTransform_float_3_3
Parameters: 0.999999 -0.000901156 6.38211e-05 0.000901842 0.999996 0.00241806 -6.61808e-05 -0.00241794 0.999997 0.0295544 -0.00694349 0.133807
FixedParameters: 0 0 0

#Transform 141
Transform: AffineTransform_float_3_3
Parameters: 0.999999 -0.000819678 0.000400616 0.000819323 0.999998 0.00168933 -0.000401385 -0.00168967 0.999999 0.0141976 0.0263405 0.0858637
FixedParameters: 0 0 0

#Transform 142
Transform: AffineTransform_float_3_3
Parameters: 0.999999 -0.00125009 6.42924e-05 0.00124991 0.999999 0.00136608 -6.67074e-05 -0.00136592 0.999999 0.0430512 0.0460792 0.0633987
FixedParameters: 0 0 0

#Transform 143
Transform: AffineTransform_float_3_3
Parameters: 0.999998 -0.00175639 0.00115686 0.00175061 0.999987 0.00464403 -0.00116514 -0.00464196 0.999988 0.000480372 -0.167339 0.328542
FixedParameters: 0 0 0

#Transform 144
Transform: AffineTransform_float_3_3
Parameters: 0.999998 -0.0014811 0.000737807 0.0014779 0.99999 0.0041861 -0.000744192 -0.0041849 0.999991 0.0192478 -0.0822544 0.189648
FixedParameters: 0 0 0

#Transform 145
Transform: AffineTransform_float_3_3
Parameters: 0.999998 -0.00148082 0.00073836 0.00147817 0.999991 0.0038131 -0.000744641 -0.0038119 0.999993 0.0192884 -0.100608 0.209198
FixedParameters: 0 0 0

#Transform 146
Transform: AffineTransform_float_3_3
Parameters: 0.999998 -0.00178268 0.000995003 0.00178032 0.999997 0.00168278 -0.000997994 -0.00168022 0.999998 -0.00315164 0.0210975 0.0837123
FixedParameters: 0 0 0

#Transform 147
Transform: AffineTransform_float_3_3
Parameters: 0.999997 -0.00204242 0.000578597 0.00204358 0.999994 -0.00273882 -0.000573406 0.00273918 0.999996 0.0155745 0.28682 0.0249247
FixedParameters: 0 0 0

#Transform 148
Transform: AffineTransform_float_3_3
Parameters: 0.999997 -0.00203724 0.000652259 0.00203776 0.999998 0.00036433 -0.00065374 -0.000362669 0.999999 0.0407343 0.0586703 0.105484
FixedParameters: 0 0 0

#Transform 149
Transform: AffineTransform_float_3_3
Parameters: 0.999998 -0.00205999 0.000219063 0.00206001 0.999998 -3.05488e-05 -0.000218936 3.14511e-05 1 0.0499447 0.0695594 0.142132
FixedParameters: 0 0 0

#Transform 150
Transform: AffineTransform_float_3_3
Parameters: 0.999997 -0.00192719 0.000948586 0.00192581 0.999998 0.00125383 -0.000951413 -0.00125217 0.999999 -0.00705594 0.0322168 0.151317
FixedParameters: 0 0 0

#Transform 151
Transform: AffineTransform_float_3_3
Parameters: 0.999998 -0.00192735 0.000859983 0.00192565 0.999997 0.00156666 -0.000863015 -0.00156434 0.999999 0.0139767 0.0179581 0.124868
FixedParameters: 0 0 0

#Transform 152
Transform: AffineTransform_float_3_3
Parameters: 0.999997 -0.00236069 0.000389845 0.00236031 0.999995 0.00176093 -0.000394156 -0.00176007 0.999999 0.0465791 0.0320216 0.136551
FixedParameters: 0 0 0

#Transform 153
Transform: AffineTransform_float_3_3
Parameters: 0.999997 -0.00246614 -0.000355012 0.00246686 0.999994 0.00243713 0.000348988 -0.00243787 0.999997 0.0916176 -0.0178708 0.149242
FixedParameters: 0 0 0

#Transform 154
Transform: AffineTransform_float_3_3
Parameters: 0.999998 -0.00192751 0.000729014 0.00192549 0.999996 0.00206941 -0.000732986 -0.00206859 0.999997 0.01986 0.0110757 0.169658
FixedParameters: 0 0 0

#Transform 155
Transform: AffineTransform_float_3_3
Parameters: 0.999998 -0.00192749 0.000729064 0.00192551 0.999996 0.00204341 -0.000732934 -0.00204159 0.999997 0.0198162 0.0119324 0.120353
FixedParameters: 0 0 0

#Transform 156
Transform: AffineTransform_float_3_3
Parameters: 0.999998 -0.00192709 0.00077029 0.00192591 0.999997 0.00140749 -0.000772711 -0.00140651 0.999998 0.0179384 0.0344227 0.117785
FixedParameters: 0 0 0

#Transform 157
Transform: AffineTransform_float_3_3
Parameters: 0.999997 -0.00201622 0.000740687 0.00201478 0.999996 0.0016445 -0.000744312 -0.0016425 0.999999 0.0192651 0.0235754 0.107003
FixedParameters: 0 0 0

#Transform 158
Transform: AffineTransform_float_3_3
Parameters: 0.999996 -0.00260999 0.000344093 0.00261001 0.999996 -3.5102e-05 -0.000343907 3.58977e-05 1 0.0376619 0.131382 0.0155582
FixedParameters: 0 0 0

#Transform 159
Transform: AffineTransform_float_3_3
Parameters: 0.999998 -0.00193857 0.000542528 0.00193943 0.999998 -0.000787949 -0.000541471 0.000789051 0.999999 0.0279339 0.128319 0.0555048
FixedParameters: 0 0 0

#Transform 160
Transform: AffineTransform_float_3_3
Parameters: 0.999998 -0.00199075 0.000698877 0.00199025 0.999998 0.00106739 -0.000701123 -0.00106561 0.999999 0.0277097 0.0309603 0.0759903
FixedParameters: 0 0 0

#Transform 161
Transform: AffineTransform_float_3_3
Parameters: 0.999997 -0.00205601 0.000642447 0.00205299 0.999987 0.00465033 -0.000651552 -0.00464867 0.999989 0.0368526 -0.124066 0.399002
FixedParameters: 0 0 0

#Transform 162
Transform: AffineTransform_float_3_3
Parameters: 0.999997 -0.00193449 0.00135294 0.00192551 0.999978 0.00625062 -0.00136506 -0.00624837 0.999979 -0.00897877 -0.221489 0.414545
FixedParameters: 0 0 0

#Transform 163
Transform: AffineTransform_float_3_3
Parameters: 0.999998 -0.00204676 0.000515986 0.00204624 0.999997 0.00147306 -0.000519013 -0.00147194 0.999999 0.00472055 0.0220558 0.206584
FixedParameters: 0 0 0

#Transform 164
Transform: AffineTransform_float_3_3
Parameters: 0.999998 -0.00206998 0.000903757 0.00206902 0.999998 0.00108487 -0.000906244 -0.00108313 0.999999 0.0207496 0.00816971 0.200559
FixedParameters: 0 0 0

#Transform 165
Transform: AffineTransform_float_3_3
Parameters: 0.999998 -0.00191098 0.0011427 0.00190902 0.999996 0.00172818 -0.0011463 -0.00172581 0.999998 -5.64951e-05 -0.0139033 0.221191
FixedParameters: 0 0 0

#Transform 166
Transform: AffineTransform_float_3_3
Parameters: 0.999997 -0.00192304 0.00103421 0.00192095 0.999996 0.00197499 -0.00103779 -0.00197301 0.999998 0.00436596 -0.0165374 0.222046
FixedParameters: 0 0 0

#Transform 167
Transform: AffineTransform_float_3_3
Parameters: 0.999998 -0.00174745 0.000943471 0.00174455 0.999995 0.00259465 -0.000947529 -0.00259335 0.999996 0.0143737 -0.0550707 0.201076
FixedParameters: 0 0 0

#Transform 168
Transform: AffineTransform_float_3_3
Parameters: 0.999997 -0.00187001 0.00107324 0.00186899 0.999998 0.000944008 -0.00107576 -0.00094199 0.999999 0.0288493 0.0365564 0.159449
FixedParameters: 0 0 0

#Transform 169
Transform: AffineTransform_float_3_3
Parameters: 0.999998 -0.00198041 0.000727175 0.00197859 0.999996 0.00193244 -0.000731822 -0.00193056 0.999998 0.0195716 -0.0414091 0.322827
FixedParameters: 0 0 0

#Transform 170
Transform: AffineTransform_float_3_3
Parameters: 0.999998 -0.00172415 0.000831548 0.00172185 0.999995 0.00258444 -0.000836451 -0.00258256 0.999997 0.0184381 -0.0697077 0.295708
FixedParameters: 0 0 0

#Transform 171
Transform: AffineTransform_float_3_3
Parameters: 0.999998 -0.00155354 0.00114321 0.00155046 0.999994 0.00308778 -0.00114779 -0.00308522 0.999994 0.0145428 -0.0716511 0.265598
FixedParameters: 0 0 0

#Transform 172
Transform: AffineTransform_float_3_3
Parameters: 0.999996 -0.000740605 0.00244182 0.000740394 0.999999 0.000248809 -0.00244218 -0.000247192 0.999997 -0.105163 0.0139834 0.287204
FixedParameters: 0 0 0

#Transform 173
Transform: AffineTransform_float_3_3
Parameters: 0.999999 0.00101796 0.000791658 -0.00101303 0.99998 -0.00624581 -0.000798343 0.00624519 0.99998 -0.100021 0.263759 0.0863892
FixedParameters: 0 0 0

#Transform 174
Transform: AffineTransform_float_3_3
Parameters: 1 -0.00041988 0.00040123 0.000421118 0.999986 -0.00529783 -0.000398774 0.00529817 0.999986 0.00521532 0.308743 0.120354
FixedParameters: 0 0 0

#Transform 175
Transform: AffineTransform_float_3_3
Parameters: 0.999998 -0.0014058 0.00144732 0.0014012 0.999995 0.00262103 -0.00145168 -0.00261896 0.999996 -0.0334689 -0.115993 0.339814
FixedParameters: 0 0 0

#Transform 176
Transform: AffineTransform_float_3_3
Parameters: 0.999997 -0.00166665 0.00209068 0.00166435 0.999999 0.000792482 -0.00209132 -0.000788517 0.999997 -0.0331061 -0.0213795 0.313377
FixedParameters: 0 0 0

#Transform 177
Transform: AffineTransform_float_3_3
Parameters: 0.999996 -0.00113488 0.00265205 0.00113412 1 -4.39925e-05 -0.00265195 4.70099e-05 0.999997 -0.0717257 0.0305055 0.216604
FixedParameters: 0 0 0

#Transform 178
Transform: AffineTransform_float_3_3
Parameters: 0.999997 -0.00144152 0.00197589 0.00143947 0.999998 0.000772846 -0.00197711 -0.000770152 0.999997 -0.0252177 -0.00734288 0.238437
FixedParameters: 0 0 0

#Transform 179
Transform: AffineTransform_float_3_3
Parameters: 0.999998 -0.000874162 0.00180351 0.00086984 0.999995 0.00286057 -0.0018055 -0.00285943 0.999995 -0.041055 -0.110224 0.354716
FixedParameters: 0 0 0
