# transform file /out/sourcedata/freesurfer/sub-v2s8x29247_ses-1/mri/transforms/cc_up.lta
# created by oesteban on Sat Mar 14 04:20:31 2026

type      = 0 # LINEAR_VOX_TO_VOX
nxforms   = 1
mean      = 127.0000 147.0000 116.0000
sigma     = 10000.0000
1 4 4
9.975206851959229e-01 7.009692490100861e-02 6.241876631975174e-03 -1.039126396179199e+01 
-7.009555399417877e-02 9.975402355194092e-01 -4.386153013911098e-04 1.141401863098145e+01 
-6.257268600165844e-03 2.910383045673370e-11 9.999804496765137e-01 2.181060409545898e+01 
0.000000000000000e+00 0.000000000000000e+00 0.000000000000000e+00 1.000000000000000e+00 
src volume info
valid = 1  # volume info valid
filename = /out/sourcedata/freesurfer/sub-v2s8x29247_ses-1/mri/norm.mgz
volume = 256 256 256
voxelsize = 1.000000000000000e+00 1.000000000000000e+00 1.000000000000000e+00
xras   = -1.000000000000000e+00 0.000000000000000e+00 0.000000000000000e+00
yras   = 0.000000000000000e+00 0.000000000000000e+00 -1.000000000000000e+00
zras   = 0.000000000000000e+00 1.000000000000000e+00 0.000000000000000e+00
cras   = -2.112610626220703e+01 1.000000000000000e+00 -1.185331726074219e+01
dst volume info
valid = 1  # volume info valid
filename = /out/sourcedata/freesurfer/sub-v2s8x29247_ses-1/mri/norm.mgz
volume = 256 256 256
voxelsize = 1.000000000000000e+00 1.000000000000000e+00 1.000000000000000e+00
xras   = -1.000000000000000e+00 0.000000000000000e+00 0.000000000000000e+00
yras   = 0.000000000000000e+00 0.000000000000000e+00 -1.000000000000000e+00
zras   = 0.000000000000000e+00 1.000000000000000e+00 0.000000000000000e+00
cras   = -2.112610626220703e+01 1.000000000000000e+00 -1.185331726074219e+01
