#Insight Transform File V1.0
#Transform 0
Transform: AffineTransform_float_3_3
Parameters: 0.999999 -0.000297785 0.000811078 0.000298215 1 -0.000264758 -0.00081092 0.000265241 0.999999 0.064243 -0.0816103 -0.383998
FixedParameters: 0 0 0

#Transform 1
Transform: AffineTransform_float_3_3
Parameters: 1 0.000136759 0.000176187 -0.000137241 0.999999 0.00136798 -0.000175812 -0.00136802 0.999999 -0.033657 0.0853085 -0.0658769
FixedParameters: 0 0 0

#Transform 2
Transform: AffineTransform_float_3_3
Parameters: 1 -0.000464077 7.85489e-05 0.000463923 1 0.000972036 -7.94509e-05 -0.000971963 0.999999 -0.0374942 0.100832 -0.0538183
FixedParameters: 0 0 0

#Transform 3
Transform: AffineTransform_float_3_3
Parameters: 1 -0.000573789 -0.000315384 0.000574211 0.999999 0.000669819 0.000315616 -0.000669181 0.999999 -0.0200959 0.135207 -0.0602831
FixedParameters: 0 0 0

#Transform 4
Transform: AffineTransform_float_3_3
Parameters: 1 0.000152482 -0.00048785 -0.000152519 0.999999 0.000988074 0.000487151 -0.000987926 1 0.00593837 0.133105 -0.0783945
FixedParameters: 0 0 0

#Transform 5
Transform: AffineTransform_float_3_3
Parameters: 1 4.02083e-05 -0.000178953 -3.97916e-05 1 0.00116401 0.000179046 -0.00116399 1 -0.0195899 0.118073 -0.0768203
FixedParameters: 0 0 0

#Transform 6
Transform: AffineTransform_float_3_3
Parameters: 0.999999 0.000513491 -0.000487483 -0.00051251 1 0.00100625 0.000487516 -0.00100675 0.999999 0.00571161 0.129237 -0.0771333
FixedParameters: 0 0 0

#Transform 7
Transform: AffineTransform_float_3_3
Parameters: 1 4.00514e-05 -5.89651e-05 -3.99486e-05 0.999999 0.000871002 5.90348e-05 -0.000870997 0.999999 -0.00202389 0.132913 -0.053678
FixedParameters: 0 0 0

#Transform 8
Transform: AffineTransform_float_3_3
Parameters: 1 4.05099e-05 -0.000487958 -3.94911e-05 1 0.00104502 0.000487042 -0.00104498 1 0.00991622 0.126699 -0.0690366
FixedParameters: 0 0 0

#Transform 9
Transform: AffineTransform_float_3_3
Parameters: 1 0.000396873 -0.00048729 -0.000396128 0.999999 0.00179019 0.00048771 -0.00178981 0.999999 0.014623 0.110412 -0.094525
FixedParameters: 0 0 0

#Transform 10
Transform: AffineTransform_float_3_3
Parameters: 0.999999 5.00704e-05 -0.00076293 -4.89294e-05 0.999999 0.00140304 0.000763069 -0.00140296 0.999998 0.0148483 0.110808 -0.0730039
FixedParameters: 0 0 0

#Transform 11
Transform: AffineTransform_float_3_3
Parameters: 1 0.000204895 -0.000584687 -0.000204106 0.999999 0.00153112 0.000584313 -0.00153088 0.999998 0.0159855 0.132132 -0.0760805
FixedParameters: 0 0 0

#Transform 12
Transform: AffineTransform_float_3_3
Parameters: 1 -0.000178301 -0.000626199 0.000179698 1 0.00111589 0.0006258 -0.00111611 0.999999 0.00479091 0.12898 -0.0645446
FixedParameters: 0 0 0

#Transform 13
Transform: AffineTransform_float_3_3
Parameters: 1 0.000195505 -0.000975701 -0.000193497 0.999999 0.00154119 0.0009753 -0.00154181 0.999999 0.025592 0.136793 -0.0954264
FixedParameters: 0 0 0

#Transform 14
Transform: AffineTransform_float_3_3
Parameters: 0.999999 7.52238e-05 -0.00155189 -7.27758e-05 0.999999 0.00143311 0.00155211 -0.00143288 0.999998 0.0454404 0.130578 -0.0821533
FixedParameters: 0 0 0

#Transform 15
Transform: AffineTransform_float_3_3
Parameters: 0.999999 -0.000100175 -0.000727114 0.000101824 1 0.00113393 0.000726885 -0.00113407 0.999999 0.0209964 0.134735 -0.0727709
FixedParameters: 0 0 0

#Transform 16
Transform: AffineTransform_float_3_3
Parameters: 0.999998 -0.000178782 -0.00169723 0.000181219 0.999999 0.00130769 0.00169676 -0.00130731 0.999997 0.046559 0.121468 -0.0663892
FixedParameters: 0 0 0

#Transform 17
Transform: AffineTransform_float_3_3
Parameters: 0.999999 -0.000372192 -0.0015142 0.000372806 1 0.000532436 0.0015138 -0.000533564 0.999998 0.039603 0.144248 -0.0622422
FixedParameters: 0 0 0

#Transform 18
Transform: AffineTransform_float_3_3
Parameters: 0.999999 -0.000372164 -0.00128024 0.000372835 0.999999 0.000652523 0.00127976 -0.000653477 0.999999 0.0428947 0.149664 -0.0543977
FixedParameters: 0 0 0

#Transform 19
Transform: AffineTransform_float_3_3
Parameters: 0.999999 -0.000371864 -0.00173824 0.000373135 0.999999 0.000652352 0.00173876 -0.000653648 0.999999 0.062601 0.162905 -0.0752099
FixedParameters: 0 0 0

#Transform 20
Transform: AffineTransform_float_3_3
Parameters: 0.999999 -0.00073273 -0.00168455 0.000734271 1 0.000753765 0.00168345 -0.000755235 0.999999 0.0543447 0.146345 -0.0448944
FixedParameters: 0 0 0

#Transform 21
Transform: AffineTransform_float_3_3
Parameters: 0.999999 -0.000864423 -0.000884565 0.000865578 1 0.000652235 0.000884435 -0.000653766 1 0.0205362 0.160436 -0.0378209
FixedParameters: 0 0 0

#Transform 22
Transform: AffineTransform_float_3_3
Parameters: 0.999999 -0.00062676 -0.00132011 0.00062724 1 0.000181172 0.00131989 -0.000181827 0.999999 0.0341644 0.159682 -0.0314014
FixedParameters: 0 0 0

#Transform 23
Transform: AffineTransform_float_3_3
Parameters: 0.999999 -0.000665385 -0.00132031 0.000665613 0.999999 0.000464122 0.00131969 -0.000465878 0.999999 0.0480247 0.166625 -0.0374478
FixedParameters: 0 0 0

#Transform 24
Transform: AffineTransform_float_3_3
Parameters: 0.999998 -0.00118636 -0.00114566 0.00118664 0.999999 0.000559641 0.00114533 -0.00056136 0.999999 0.0377773 0.144922 -0.0482481
FixedParameters: 0 0 0

#Transform 25
Transform: AffineTransform_float_3_3
Parameters: 0.999998 -0.00118657 -0.0017013 0.00118643 1 0.000248982 0.0017017 -0.00025102 0.999998 0.0575819 0.142328 -0.0490701
FixedParameters: 0 0 0

#Transform 26
Transform: AffineTransform_float_3_3
Parameters: 0.999999 -0.00118666 -0.0013833 0.00118635 1 0.000249359 0.0013827 -0.000250641 0.999999 0.0609436 0.134684 -0.0251749
FixedParameters: 0 0 0

#Transform 27
Transform: AffineTransform_float_3_3
Parameters: 0.999998 -0.00125696 -0.00170077 0.00125804 0.999999 0.000611862 0.00170023 -0.000614139 0.999999 0.0745982 0.132498 -0.0395369
FixedParameters: 0 0 0

#Transform 28
Transform: AffineTransform_float_3_3
Parameters: 0.999998 -0.00127424 -0.00185052 0.00127476 0.999999 0.000409642 0.00185048 -0.000412359 0.999998 0.0786077 0.159693 -0.0737932
FixedParameters: 0 0 0

#Transform 29
Transform: AffineTransform_float_3_3
Parameters: 0.999998 -0.00118655 -0.00196827 0.00118645 1 0.000229665 0.00196773 -0.000232335 0.999998 0.0827028 0.165211 -0.056747
FixedParameters: 0 0 0

#Transform 30
Transform: AffineTransform_float_3_3
Parameters: 0.999997 -0.00135785 -0.0020431 0.00135815 0.999999 7.32254e-05 0.0020429 -7.57742e-05 0.999998 0.082872 0.164498 -0.0556245
FixedParameters: 0 0 0

#Transform 31
Transform: AffineTransform_float_3_3
Parameters: 0.999997 -0.00132819 -0.00204353 0.00132881 0.999999 0.000394286 0.00204247 -0.000396714 0.999998 0.076151 0.146893 -0.0591281
FixedParameters: 0 0 0

#Transform 32
Transform: AffineTransform_float_3_3
Parameters: 0.999998 -0.0011859 -0.00168178 0.0011871 0.999999 0.000652005 0.00168123 -0.000653995 0.999999 0.0588623 0.142113 -0.0427518
FixedParameters: 0 0 0

#Transform 33
Transform: AffineTransform_float_3_3
Parameters: 0.999997 -0.00148613 -0.00193367 0.00148687 0.999999 0.000447126 0.00193333 -0.000449874 0.999998 0.0784847 0.14547 -0.0480302
FixedParameters: 0 0 0

#Transform 34
Transform: AffineTransform_float_3_3
Parameters: 0.999998 -0.00118606 -0.00197657 0.00118694 0.999999 0.000474655 0.00197644 -0.000476345 0.999998 0.0817292 0.140168 -0.0443445
FixedParameters: 0 0 0

#Transform 35
Transform: AffineTransform_float_3_3
Parameters: 0.999997 -0.00149609 -0.00156986 0.00149691 0.999998 0.000576651 0.00156913 -0.000579349 0.999998 0.0650521 0.127084 -0.0351764
FixedParameters: 0 0 0

#Transform 36
Transform: AffineTransform_float_3_3
Parameters: 0.999998 -0.00118613 -0.00164763 0.00118687 0.999999 0.000529045 0.00164637 -0.000530954 0.999998 0.0705552 0.130698 -0.0222177
FixedParameters: 0 0 0

#Transform 37
Transform: AffineTransform_float_3_3
Parameters: 0.999996 -0.00124988 -0.00224518 0.00125211 0.999999 0.000941192 0.00224382 -0.000944807 0.999997 0.0717472 0.112433 -0.0153222
FixedParameters: 0 0 0

#Transform 38
Transform: AffineTransform_float_3_3
Parameters: 0.999997 -0.0016967 -0.00177828 0.0016973 0.999998 0.000164982 0.00177772 -0.000168017 0.999999 0.0551925 0.110512 -0.00843666
FixedParameters: 0 0 0

#Transform 39
Transform: AffineTransform_float_3_3
Parameters: 0.999996 -0.00162126 -0.00202859 0.00162174 0.999998 0.000363711 0.00202841 -0.00036729 0.999998 0.076341 0.123375 -0.015427
FixedParameters: 0 0 0

#Transform 40
Transform: AffineTransform_float_3_3
Parameters: 0.999998 -0.00162134 -0.0013448 0.00162166 0.999998 0.00049182 0.0013432 -0.000494179 0.999999 0.0426273 0.122259 -0.0117859
FixedParameters: 0 0 0

#Transform 41
Transform: AffineTransform_float_3_3
Parameters: 0.999998 -0.00147794 -0.00180487 0.00147906 0.999998 0.000585332 0.00180413 -0.000587668 0.999998 0.0452587 0.127589 -0.00892552
FixedParameters: 0 0 0

#Transform 42
Transform: AffineTransform_float_3_3
Parameters: 0.999996 -0.00162084 -0.0023428 0.00162216 0.999998 0.000492201 0.0023422 -0.000495798 0.999997 0.058869 0.138179 0.00835931
FixedParameters: 0 0 0

#Transform 43
Transform: AffineTransform_float_3_3
Parameters: 0.999996 -0.00171201 -0.00191189 0.00171299 0.999999 0.000518727 0.00191111 -0.000521274 0.999998 0.0461805 0.116917 -0.0111431
FixedParameters: 0 0 0

#Transform 44
Transform: AffineTransform_float_3_3
Parameters: 0.999997 -0.00161973 -0.00191293 0.00162227 0.999998 0.0011859 0.00191108 -0.0011891 0.999998 0.0668074 0.118129 -0.0232999
FixedParameters: 0 0 0

#Transform 45
Transform: AffineTransform_float_3_3
Parameters: 0.999997 -0.00162126 -0.00186564 0.00162173 0.999998 0.000392976 0.00186436 -0.000396024 0.999998 0.0654901 0.134127 -0.0145704
FixedParameters: 0 0 0

#Transform 46
Transform: AffineTransform_float_3_3
Parameters: 0.999997 -0.00162108 -0.00174185 0.00162191 0.999998 0.000524176 0.00174115 -0.000526824 0.999999 0.0621726 0.141925 -0.0150098
FixedParameters: 0 0 0

#Transform 47
Transform: AffineTransform_float_3_3
Parameters: 0.999997 -0.00189298 -0.00145633 0.00189402 0.999998 0.000699243 0.00145467 -0.000701755 0.999998 0.0397196 0.0954842 -0.0148455
FixedParameters: 0 0 0

#Transform 48
Transform: AffineTransform_float_3_3
Parameters: 0.999996 -0.00207873 -0.00153173 0.00207927 0.999998 0.000828819 0.00153027 -0.000832185 0.999999 0.0515368 0.120063 -0.0231697
FixedParameters: 0 0 0

#Transform 49
Transform: AffineTransform_float_3_3
Parameters: 0.999996 -0.00193324 -0.00203967 0.00193476 0.999998 0.000860057 0.00203833 -0.000863943 0.999997 0.0569776 0.110911 -0.00442964
FixedParameters: 0 0 0

#Transform 50
Transform: AffineTransform_float_3_3
Parameters: 0.999997 -0.00176948 -0.00195038 0.00177052 0.999998 0.000779549 0.00194962 -0.000782452 0.999998 0.0663196 0.103376 -0.00371045
FixedParameters: 0 0 0

#Transform 51
Transform: AffineTransform_float_3_3
Parameters: 0.999996 -0.00155139 -0.00211144 0.00155161 0.999999 0.000285725 0.00211055 -0.000289275 0.999997 0.0667832 0.121355 0.00935407
FixedParameters: 0 0 0

#Transform 52
Transform: AffineTransform_float_3_3
Parameters: 0.999996 -0.00155134 -0.00228545 0.00155166 0.999999 0.000285455 0.00228556 -0.000288547 0.999998 0.0795814 0.128122 0.00161334
FixedParameters: 0 0 0

#Transform 53
Transform: AffineTransform_float_3_3
Parameters: 0.999996 -0.00174544 -0.0019465 0.00174556 0.999999 0.000285603 0.0019465 -0.000289399 0.999998 0.0600712 0.121186 0.018795
FixedParameters: 0 0 0

#Transform 54
Transform: AffineTransform_float_3_3
Parameters: 0.999996 -0.00173534 -0.0022795 0.00173565 0.999998 0.000285045 0.0022795 -0.000288957 0.999998 0.0626839 0.120576 0.030443
FixedParameters: 0 0 0

#Transform 55
Transform: AffineTransform_float_3_3
Parameters: 0.999996 -0.00197292 -0.00208207 0.00197308 0.999998 3.48921e-05 0.00208193 -3.91076e-05 0.999998 0.05148 0.106422 0.0345148
FixedParameters: 0 0 0

#Transform 56
Transform: AffineTransform_float_3_3
Parameters: 0.999996 -0.00168441 -0.00225219 0.00168659 0.999999 0.000704205 0.00225181 -0.000707796 0.999997 0.0527029 0.104888 0.0261372
FixedParameters: 0 0 0

#Transform 57
Transform: AffineTransform_float_3_3
Parameters: 0.999995 -0.00208354 -0.00211442 0.00208746 0.999997 0.00163659 0.00211058 -0.00164041 0.999997 0.0502213 0.0747351 0.0437601
FixedParameters: 0 0 0

#Transform 58
Transform: AffineTransform_float_3_3
Parameters: 0.999996 -0.0020572 -0.00169818 0.0020598 0.999998 0.00105951 0.00169581 -0.00106349 0.999998 0.0489415 0.0906435 0.107495
FixedParameters: 0 0 0

#Transform 59
Transform: AffineTransform_float_3_3
Parameters: 0.999995 -0.00220906 -0.00222791 0.00221294 0.999996 0.00176808 0.00222408 -0.00177392 0.999996 0.056012 0.0419981 0.0752967
FixedParameters: 0 0 0

#Transform 60
Transform: AffineTransform_float_3_3
Parameters: 0.999996 -0.00248083 -0.00142904 0.00248217 0.999996 0.000820456 0.00142696 -0.000823543 0.999998 0.0249597 0.0564539 0.133958
FixedParameters: 0 0 0

#Transform 61
Transform: AffineTransform_float_3_3
Parameters: 0.999995 -0.00263132 -0.00169861 0.00263268 0.999996 0.000988533 0.00169639 -0.000993469 0.999998 0.0413532 0.0606711 0.138013
FixedParameters: 0 0 0

#Transform 62
Transform: AffineTransform_float_3_3
Parameters: 0.999994 -0.00302733 -0.00121119 0.00302867 0.999995 0.00138034 0.00120682 -0.00138366 0.999999 0.0303269 0.0304516 0.132077
FixedParameters: 0 0 0

#Transform 63
Transform: AffineTransform_float_3_3
Parameters: 0.999997 -0.00259044 -0.000799834 0.00259057 0.999997 0.00070693 0.000797168 -0.000708067 0.999999 0.0148616 0.0685849 0.129388
FixedParameters: 0 0 0

#Transform 64
Transform: AffineTransform_float_3_3
Parameters: 0.999995 -0.00302872 -0.000713196 0.00302928 0.999996 0.000393841 0.000711803 -0.000396158 0.999999 0.0270368 0.0661687 0.136532
FixedParameters: 0 0 0

#Transform 65
Transform: AffineTransform_float_3_3
Parameters: 0.999995 -0.00291824 -0.00120883 0.00291876 0.999995 0.000624475 0.00120717 -0.000627526 0.999999 0.0520888 0.068062 0.109046
FixedParameters: 0 0 0

#Transform 66
Transform: AffineTransform_float_3_3
Parameters: 0.999994 -0.00302772 -0.00123414 0.00302928 0.999995 0.00103627 0.00123086 -0.00103973 0.999998 0.0515541 0.0375476 0.114596
FixedParameters: 0 0 0

#Transform 67
Transform: AffineTransform_float_3_3
Parameters: 0.999995 -0.00302843 -0.000785202 0.00302857 0.999995 0.000725626 0.000782801 -0.000727375 1 0.0197461 0.0529114 0.139673
FixedParameters: 0 0 0

#Transform 68
Transform: AffineTransform_float_3_3
Parameters: 0.999995 -0.00302876 -0.00111566 0.00302925 0.999996 0.000217622 0.00111533 -0.000221379 1 0.0292768 0.0550506 0.150757
FixedParameters: 0 0 0

#Transform 69
Transform: AffineTransform_float_3_3
Parameters: 0.999994 -0.00302833 -0.00171018 0.00302867 0.999996 0.000386823 0.00170882 -0.000392177 0.999998 0.0645669 0.0561884 0.143529
FixedParameters: 0 0 0

#Transform 70
Transform: AffineTransform_float_3_3
Parameters: 0.999994 -0.00320152 -0.00147704 0.00320248 0.999995 0.000323272 0.00147595 -0.000328727 0.999999 0.0371443 0.0549575 0.123804
FixedParameters: 0 0 0

#Transform 71
Transform: AffineTransform_float_3_3
Parameters: 0.999994 -0.00302785 -0.00128572 0.00302915 0.999995 0.00089611 0.00128328 -0.00089989 0.999999 0.0364712 0.0412962 0.132307
FixedParameters: 0 0 0

#Transform 72
Transform: AffineTransform_float_3_3
Parameters: 0.999994 -0.00302882 -0.00120545 0.00302918 0.999996 0.000147349 0.00120455 -0.000151649 1 0.0251794 0.0639705 0.148502
FixedParameters: 0 0 0

#Transform 73
Transform: AffineTransform_float_3_3
Parameters: 0.999995 -0.00302846 -0.00113345 0.00302854 0.999996 0.00047757 0.00113155 -0.00048043 0.999999 0.0233717 0.0549796 0.13612
FixedParameters: 0 0 0

#Transform 74
Transform: AffineTransform_float_3_3
Parameters: 0.999994 -0.0030286 -0.0013489 0.0030294 0.999996 0.000293915 0.0013471 -0.000298082 0.999999 0.0336465 0.0760105 0.136027
FixedParameters: 0 0 0

#Transform 75
Transform: AffineTransform_float_3_3
Parameters: 0.999995 -0.00296473 -0.00154551 0.00296527 0.999995 0.000169418 0.00154549 -0.000174583 0.999999 0.0567905 0.0645701 0.117332
FixedParameters: 0 0 0

#Transform 76
Transform: AffineTransform_float_3_3
Parameters: 0.999993 -0.00310791 -0.0020896 0.00311109 0.999994 0.00147651 0.0020844 -0.00148249 0.999996 0.0534564 0.0435112 0.0993112
FixedParameters: 0 0 0

#Transform 77
Transform: AffineTransform_float_3_3
Parameters: 0.999994 -0.00302999 -0.00154699 0.00303101 0.999995 0.000653315 0.00154501 -0.000657685 0.999998 0.0430221 0.0667779 0.136078
FixedParameters: 0 0 0

#Transform 78
Transform: AffineTransform_float_3_3
Parameters: 0.999994 -0.00303041 -0.00154616 0.00303059 0.999996 0.000380316 0.00154484 -0.000384684 0.999998 0.0396683 0.0524998 0.149667
FixedParameters: 0 0 0

#Transform 79
Transform: AffineTransform_float_3_3
Parameters: 0.999995 -0.00302982 -0.00144249 0.00303118 0.999995 0.000818632 0.00144051 -0.000822369 0.999998 0.0571377 0.0622388 0.146329
FixedParameters: 0 0 0

#Transform 80
Transform: AffineTransform_float_3_3
Parameters: 0.999994 -0.00302862 -0.00154966 0.00303038 0.999994 0.00153531 0.00154534 -0.00153969 0.999997 0.046397 0.0426633 0.172436
FixedParameters: 0 0 0

#Transform 81
Transform: AffineTransform_float_3_3
Parameters: 0.999995 -0.00303079 -0.000985634 0.00303121 0.999996 0.000208013 0.000985364 -0.000210987 0.999999 0.0166112 0.0636886 0.16874
FixedParameters: 0 0 0

#Transform 82
Transform: AffineTransform_float_3_3
Parameters: 0.999994 -0.00347719 -0.000513505 0.00347781 0.999992 0.00158222 0.000508495 -0.00158378 0.999998 0.0217991 0.038093 0.151489
FixedParameters: 0 0 0

#Transform 83
Transform: AffineTransform_float_3_3
Parameters: 0.999992 -0.00379417 -0.000350055 0.00379582 0.99999 0.00238569 0.000340942 -0.00238731 0.999997 -0.00251211 0.013968 0.15962
FixedParameters: 0 0 0

#Transform 84
Transform: AffineTransform_float_3_3
Parameters: 0.99999 -0.00433381 -0.00015916 0.00433418 0.99999 0.00119032 0.000153841 -0.00119068 1 -0.00976899 0.042373 0.197106
FixedParameters: 0 0 0

#Transform 85
Transform: AffineTransform_float_3_3
Parameters: 0.999992 -0.004044 -2.21499e-06 0.004044 0.999991 0.000794997 -2.15004e-07 -0.000795005 0.999999 0.00716377 0.0515313 0.215255
FixedParameters: 0 0 0

#Transform 86
Transform: AffineTransform_float_3_3
Parameters: 0.999992 -0.00403416 5.27161e-05 0.00403384 0.999988 0.00279724 -6.42865e-05 -0.00279776 0.999996 0.00565914 0.0105892 0.255224
FixedParameters: 0 0 0

#Transform 87
Transform: AffineTransform_float_3_3
Parameters: 0.999991 -0.00410305 -0.000968576 0.00410595 0.999987 0.00306205 0.000955424 -0.00306595 0.999995 0.0184123 -0.00724681 0.221962
FixedParameters: 0 0 0

#Transform 88
Transform: AffineTransform_float_3_3
Parameters: 0.99999 -0.00441694 -0.00080736 0.00441906 0.999987 0.00256946 0.000795638 -0.00257354 0.999997 0.0249737 0.0259342 0.207314
FixedParameters: 0 0 0

#Transform 89
Transform: AffineTransform_float_3_3
Parameters: 0.999993 -0.00387031 -0.000465791 0.0038707 0.999992 0.00149521 0.00046021 -0.00149679 0.999999 0.0148363 0.0287221 0.256463
FixedParameters: 0 0 0

#Transform 90
Transform: AffineTransform_float_3_3
Parameters: 0.999993 -0.00357318 -0.000466301 0.00357382 0.999992 0.00176235 0.000460697 -0.00176466 0.999999 0.0150013 0.0332634 0.262674
FixedParameters: 0 0 0

#Transform 91
Transform: AffineTransform_float_3_3
Parameters: 0.999994 -0.00357343 -0.00057556 0.00357357 0.999993 0.00099495 0.000572441 -0.000997053 1 0.0278461 0.0334402 0.225054
FixedParameters: 0 0 0

#Transform 92
Transform: AffineTransform_float_3_3
Parameters: 0.999993 -0.00357406 3.13306e-05 0.00357393 0.999992 0.00186612 -3.86688e-05 -0.00186587 0.999999 -0.00155633 0.038541 0.217184
FixedParameters: 0 0 0

#Transform 93
Transform: AffineTransform_float_3_3
Parameters: 0.999993 -0.00371916 -0.00128021 0.00372384 0.999988 0.00301025 0.00126979 -0.00301474 0.999994 0.0451547 0.00798208 0.182464
FixedParameters: 0 0 0

#Transform 94
Transform: AffineTransform_float_3_3
Parameters: 0.999992 -0.00381031 -0.00121116 0.00381068 0.999992 0.000563389 0.00120885 -0.00056761 0.999999 0.0419271 0.0604291 0.170957
FixedParameters: 0 0 0

#Transform 95
Transform: AffineTransform_float_3_3
Parameters: 0.999992 -0.00398576 -0.000597629 0.00398624 0.999992 0.000407621 0.000595369 -0.000410376 0.999999 0.0353936 0.0728755 0.172037
FixedParameters: 0 0 0

#Transform 96
Transform: AffineTransform_float_3_3
Parameters: 0.999989 -0.00442716 -0.00115138 0.00442684 0.99999 -0.000142099 0.00115162 0.000136903 1 0.0430247 0.0733785 0.171711
FixedParameters: 0 0 0

#Transform 97
Transform: AffineTransform_float_3_3
Parameters: 0.999989 -0.00448361 -0.000823652 0.00448338 0.999989 -0.000748701 0.00082635 0.000745303 1 0.0292996 0.0898358 0.190271
FixedParameters: 0 0 0

#Transform 98
Transform: AffineTransform_float_3_3
Parameters: 0.999989 -0.00448148 -0.000701906 0.00448051 0.999989 -0.000692152 0.000705094 0.000688847 1 0.0274484 0.0810816 0.192424
FixedParameters: 0 0 0

#Transform 99
Transform: AffineTransform_float_3_3
Parameters: 0.99999 -0.00442907 -0.000850655 0.00442893 0.99999 -7.97683e-05 0.000851346 7.62301e-05 0.999999 0.0169123 0.0621575 0.20374
FixedParameters: 0 0 0

#Transform 100
Transform: AffineTransform_float_3_3
Parameters: 0.99999 -0.00436419 -0.00118532 0.00436382 0.999991 -0.000158174 0.00118668 0.000152823 1 0.0258875 0.0676677 0.214264
FixedParameters: 0 0 0

#Transform 101
Transform: AffineTransform_float_3_3
Parameters: 0.999988 -0.00476495 -0.0011292 0.00476505 0.999988 3.96198e-05 0.0011288 -4.43792e-05 1 0.0410569 0.0685281 0.21662
FixedParameters: 0 0 0

#Transform 102
Transform: AffineTransform_float_3_3
Parameters: 0.999985 -0.00535422 -0.00125305 0.00535377 0.999985 -0.000181711 0.00125395 0.000174289 0.999999 0.0383587 0.0781807 0.233588
FixedParameters: 0 0 0

#Transform 103
Transform: AffineTransform_float_3_3
Parameters: 0.999986 -0.00529633 -0.00113945 0.00529667 0.999986 -0.00029504 0.00114055 0.000288964 1 0.0291631 0.0685237 0.230415
FixedParameters: 0 0 0

#Transform 104
Transform: AffineTransform_float_3_3
Parameters: 0.999987 -0.00491316 -0.00147279 0.00491483 0.999988 0.000563769 0.00147021 -0.000570231 0.999999 0.0355452 0.0596019 0.22952
FixedParameters: 0 0 0

#Transform 105
Transform: AffineTransform_float_3_3
Parameters: 0.999988 -0.00491398 -0.00109511 0.00491403 0.999988 1.96189e-05 0.00109489 -2.53806e-05 1 0.0187315 0.0754258 0.251158
FixedParameters: 0 0 0

#Transform 106
Transform: AffineTransform_float_3_3
Parameters: 0.999985 -0.00529614 -0.00135544 0.00529586 0.999986 -0.00010918 0.00135656 0.000101817 0.999999 0.0325473 0.0827891 0.244649
FixedParameters: 0 0 0

#Transform 107
Transform: AffineTransform_float_3_3
Parameters: 0.999987 -0.00491356 -0.0014285 0.00491443 0.999988 0.000300984 0.0014275 -0.000308018 0.999999 0.0385718 0.069629 0.231446
FixedParameters: 0 0 0

#Transform 108
Transform: AffineTransform_float_3_3
Parameters: 0.999984 -0.00535306 -0.00142275 0.00535293 0.999985 -5.06166e-05 0.00142325 4.23819e-05 0.999999 0.0338375 0.0537621 0.242747
FixedParameters: 0 0 0

#Transform 109
Transform: AffineTransform_float_3_3
Parameters: 0.999985 -0.00538177 -0.00119902 0.00538222 0.999985 0.000185549 0.00119798 -0.00019245 1 0.0274147 0.0678491 0.229111
FixedParameters: 0 0 0

#Transform 110
Transform: AffineTransform_float_3_3
Parameters: 0.999986 -0.00519071 -0.00111936 0.00519129 0.999987 0.000258193 0.00111765 -0.000263805 1 0.0272575 0.0656406 0.239719
FixedParameters: 0 0 0

#Transform 111
Transform: AffineTransform_float_3_3
Parameters: 0.999985 -0.00537003 -0.00128486 0.00536996 0.999985 -2.89001e-05 0.00128514 2.20991e-05 0.999999 0.0319215 0.0794131 0.239314
FixedParameters: 0 0 0

#Transform 112
Transform: AffineTransform_float_3_3
Parameters: 0.999985 -0.00535417 -0.0011472 0.00535383 0.999985 -0.000152144 0.0011478 0.000145857 1 0.0036548 0.0662355 0.26599
FixedParameters: 0 0 0

#Transform 113
Transform: AffineTransform_float_3_3
Parameters: 0.999984 -0.005358 -0.00190198 0.00535799 0.999985 -8.19095e-06 0.00190202 -2.19104e-06 0.999998 0.0623855 0.0754423 0.238154
FixedParameters: 0 0 0

#Transform 114
Transform: AffineTransform_float_3_3
Parameters: 0.999983 -0.00570623 -0.00128597 0.00570577 0.999983 -0.000183341 0.00128703 0.000176659 0.999999 0.0360578 0.0712357 0.262131
FixedParameters: 0 0 0

#Transform 115
Transform: AffineTransform_float_3_3
Parameters: 0.999985 -0.00538819 -0.00142328 0.00538882 0.999986 -0.000136672 0.00142371 0.000128331 0.999999 0.039047 0.0514886 0.249913
FixedParameters: 0 0 0

#Transform 116
Transform: AffineTransform_float_3_3
Parameters: 0.999984 -0.00540905 -0.00120579 0.00540895 0.999986 -4.25227e-05 0.00120621 3.64761e-05 1 0.0392421 0.0623365 0.269826
FixedParameters: 0 0 0

#Transform 117
Transform: AffineTransform_float_3_3
Parameters: 0.999987 -0.00499505 -0.00104377 0.00499495 0.999987 -4.92142e-05 0.00104423 4.37846e-05 1 0.0357595 0.0812733 0.248203
FixedParameters: 0 0 0

#Transform 118
Transform: AffineTransform_float_3_3
Parameters: 0.999988 -0.00491349 -0.0010474 0.00491451 0.999988 0.000485859 0.0010456 -0.000491144 1 0.0293764 0.0769215 0.239292
FixedParameters: 0 0 0

#Transform 119
Transform: AffineTransform_float_3_3
Parameters: 0.999987 -0.00491413 -0.00127251 0.00491487 0.999988 -0.000103256 0.00127249 9.67481e-05 0.999999 0.0255234 0.0715622 0.268442
FixedParameters: 0 0 0

#Transform 120
Transform: AffineTransform_float_3_3
Parameters: 0.999987 -0.00510689 -0.00104557 0.00510712 0.999987 0.000108662 0.00104543 -0.00011434 1 0.0347599 0.0858132 0.26432
FixedParameters: 0 0 0

#Transform 121
Transform: AffineTransform_float_3_3
Parameters: 0.999986 -0.0053138 -0.00104601 0.0053142 0.999986 0.000186444 0.00104499 -0.000192556 1 0.0266234 0.082041 0.264394
FixedParameters: 0 0 0

#Transform 122
Transform: AffineTransform_float_3_3
Parameters: 0.999985 -0.00522971 -0.00155498 0.00523029 0.999987 0.00018387 0.00155402 -0.00019213 0.999999 0.0298275 0.0777842 0.262789
FixedParameters: 0 0 0

#Transform 123
Transform: AffineTransform_float_3_3
Parameters: 0.999984 -0.00536171 -0.00152501 0.00536228 0.999985 0.000183825 0.00152399 -0.000192174 0.999999 0.0275463 0.0817354 0.262983
FixedParameters: 0 0 0

#Transform 124
Transform: AffineTransform_float_3_3
Parameters: 0.999985 -0.00534619 -0.00136524 0.0053458 0.999985 -0.0001463 0.00136576 0.0001387 0.999999 0.0263595 0.0758037 0.267713
FixedParameters: 0 0 0

#Transform 125
Transform: AffineTransform_float_3_3
Parameters: 0.999985 -0.00533862 -0.00124764 0.00533838 0.999985 0.000304344 0.00124636 -0.000310658 0.999999 0.0358185 0.0787085 0.267284
FixedParameters: 0 0 0

#Transform 126
Transform: AffineTransform_float_3_3
Parameters: 0.999984 -0.00546573 -0.00143603 0.00546627 0.999985 0.000184153 0.00143497 -0.000191846 0.999999 0.0228981 0.0737355 0.279119
FixedParameters: 0 0 0

#Transform 127
Transform: AffineTransform_float_3_3
Parameters: 0.999982 -0.00590396 -0.00148616 0.00590404 0.999982 2.3226e-05 0.00148584 -3.17729e-05 0.999999 0.0358323 0.0837346 0.280407
FixedParameters: 0 0 0

#Transform 128
Transform: AffineTransform_float_3_3
Parameters: 0.999982 -0.00570333 -0.00172993 0.00570267 0.999983 -0.000192869 0.00173107 0.00018313 0.999999 0.0409828 0.0911665 0.280297
FixedParameters: 0 0 0

#Transform 129
Transform: AffineTransform_float_3_3
Parameters: 0.999984 -0.00543033 -0.0014988 0.00542967 0.999985 -0.000224142 0.0015002 0.000216857 0.999999 0.0655545 0.107936 0.261757
FixedParameters: 0 0 0

#Transform 130
Transform: AffineTransform_float_3_3
Parameters: 0.999984 -0.00534226 -0.00181416 0.00534373 0.999985 0.000399312 0.00181184 -0.000409686 0.999999 0.0421767 0.0723227 0.28318
FixedParameters: 0 0 0

#Transform 131
Transform: AffineTransform_float_3_3
Parameters: 0.999984 -0.00542982 -0.00144568 0.00542918 0.999986 0.000122153 0.00144532 -0.00012985 0.999999 0.0408216 0.0707164 0.277039
FixedParameters: 0 0 0

#Transform 132
Transform: AffineTransform_float_3_3
Parameters: 0.999984 -0.0054304 -0.00125224 0.00542959 0.999985 -0.000326804 0.00125476 0.000320191 0.999999 0.0319549 0.073825 0.264566
FixedParameters: 0 0 0

#Transform 133
Transform: AffineTransform_float_3_3
Parameters: 0.999984 -0.00542902 -0.00148759 0.00542998 0.999985 0.000657933 0.00148441 -0.000666069 0.999998 0.0417083 0.0566535 0.266484
FixedParameters: 0 0 0

#Transform 134
Transform: AffineTransform_float_3_3
Parameters: 0.999985 -0.00524127 -0.00166129 0.00524273 0.999986 0.000433297 0.0016587 -0.000442701 0.999999 0.0425199 0.0611667 0.267522
FixedParameters: 0 0 0

#Transform 135
Transform: AffineTransform_float_3_3
Parameters: 0.999985 -0.0051772 -0.0018043 0.0051788 0.999986 0.000439662 0.0018017 -0.000448334 0.999999 0.0587943 0.0549748 0.271373
FixedParameters: 0 0 0

#Transform 136
Transform: AffineTransform_float_3_3
Parameters: 0.999985 -0.005177 -0.00168507 0.005178 0.999987 0.000589284 0.00168193 -0.000597717 0.999999 0.04981 0.057297 0.28544
FixedParameters: 0 0 0

#Transform 137
Transform: AffineTransform_float_3_3
Parameters: 0.999986 -0.00517788 -0.00129847 0.00517811 0.999986 8.72776e-05 0.00129753 -9.47198e-05 0.999999 0.0345335 0.064396 0.273924
FixedParameters: 0 0 0

#Transform 138
Transform: AffineTransform_float_3_3
Parameters: 0.999985 -0.00517751 -0.00142678 0.00517849 0.999986 0.000339616 0.00142522 -0.000347384 0.999999 0.0319114 0.0575399 0.276925
FixedParameters: 0 0 0

#Transform 139
Transform: AffineTransform_float_3_3
Parameters: 0.999985 -0.00517739 -0.00178278 0.00517861 0.999986 0.000338773 0.00178122 -0.000348227 0.999999 0.0626188 0.0476969 0.285624
FixedParameters: 0 0 0

#Transform 140
Transform: AffineTransform_float_3_3
Parameters: 0.999983 -0.0051789 -0.00258919 0.0051781 0.999986 -0.000355413 0.0025908 0.000341588 0.999996 0.0891229 0.0764673 0.254859
FixedParameters: 0 0 0

#Transform 141
Transform: AffineTransform_float_3_3
Parameters: 0.999983 -0.00517848 -0.00287714 0.00517852 0.999986 -0.000172902 0.00287786 0.0001581 0.999996 0.0919297 0.0682468 0.267297
FixedParameters: 0 0 0

#Transform 142
Transform: AffineTransform_float_3_3
Parameters: 0.999984 -0.0051772 -0.00249266 0.0051788 0.999986 0.000313096 0.00249135 -0.000325903 0.999997 0.0719645 0.0567932 0.295727
FixedParameters: 0 0 0

#Transform 143
Transform: AffineTransform_float_3_3
Parameters: 0.999985 -0.00517755 -0.00206913 0.00517845 0.999986 0.000212288 0.00206788 -0.00022271 0.999998 0.0598379 0.0564997 0.307085
FixedParameters: 0 0 0

#Transform 144
Transform: AffineTransform_float_3_3
Parameters: 0.999983 -0.00543428 -0.00214336 0.00543571 0.999985 0.000795363 0.00213865 -0.000806636 0.999998 0.0666661 0.0355806 0.276227
FixedParameters: 0 0 0

#Transform 145
Transform: AffineTransform_float_3_3
Parameters: 0.999985 -0.00517775 -0.00184169 0.00517824 0.999986 0.000127465 0.00184132 -0.000136536 0.999999 0.062741 0.0429822 0.303015
FixedParameters: 0 0 0

#Transform 146
Transform: AffineTransform_float_3_3
Parameters: 0.999982 -0.00517312 -0.00285285 0.00517787 0.999985 0.00170326 0.00284414 -0.00171874 0.999995 0.0896633 0.0244952 0.285448
FixedParameters: 0 0 0

#Transform 147
Transform: AffineTransform_float_3_3
Parameters: 0.999985 -0.00517666 -0.00215124 0.00517835 0.999987 0.00062087 0.00214776 -0.000632129 0.999998 0.0506287 0.0358167 0.301931
FixedParameters: 0 0 0

#Transform 148
Transform: AffineTransform_float_3_3
Parameters: 0.999985 -0.00517556 -0.00173428 0.00517843 0.999985 0.00140204 0.00172772 -0.00141096 0.999998 0.0410106 0.0270371 0.320124
FixedParameters: 0 0 0

#Transform 149
Transform: AffineTransform_float_3_3
Parameters: 0.999984 -0.00560413 -0.00143733 0.00560588 0.999984 0.00130297 0.00142967 -0.00131103 0.999998 0.0455496 0.0405674 0.327184
FixedParameters: 0 0 0

#Transform 150
Transform: AffineTransform_float_3_3
Parameters: 0.999985 -0.00529151 -0.00127422 0.0052935 0.999986 0.00117227 0.00126778 -0.00117873 0.999998 0.0388507 0.0465796 0.322023
FixedParameters: 0 0 0

#Transform 151
Transform: AffineTransform_float_3_3
Parameters: 0.999984 -0.00558836 -0.00144834 0.00559064 0.999983 0.00113092 0.00144266 -0.00113908 0.999999 0.0452066 0.0486145 0.344347
FixedParameters: 0 0 0

#Transform 152
Transform: AffineTransform_float_3_3
Parameters: 0.999984 -0.0055888 -0.00134499 0.0055902 0.999984 0.000889496 0.00134 -0.000897504 0.999998 0.0457976 0.0288277 0.363499
FixedParameters: 0 0 0

#Transform 153
Transform: AffineTransform_float_3_3
Parameters: 0.999986 -0.00504007 -0.00169673 0.00504192 0.999986 0.00113246 0.00169027 -0.00114053 0.999998 0.0747086 0.0335683 0.323644
FixedParameters: 0 0 0

#Transform 154
Transform: AffineTransform_float_3_3
Parameters: 0.999985 -0.00519329 -0.00151884 0.0051957 0.999986 0.00112113 0.00151316 -0.00112887 0.999998 0.0682256 0.0126132 0.325191
FixedParameters: 0 0 0

#Transform 155
Transform: AffineTransform_float_3_3
Parameters: 0.999983 -0.00560307 -0.00152113 0.00560493 0.999984 0.0012675 0.00151387 -0.0012765 0.999998 0.0490687 0.033403 0.340359
FixedParameters: 0 0 0

#Transform 156
Transform: AffineTransform_float_3_3
Parameters: 0.999985 -0.00519285 -0.00176036 0.00519515 0.999986 0.00122087 0.00175363 -0.00123012 0.999997 0.0444146 0.0268404 0.351729
FixedParameters: 0 0 0

#Transform 157
Transform: AffineTransform_float_3_3
Parameters: 0.999983 -0.00550911 -0.00160549 0.00551088 0.999984 0.00117317 0.00159851 -0.00118183 0.999998 0.0585432 0.0291611 0.323881
FixedParameters: 0 0 0

#Transform 158
Transform: AffineTransform_float_3_3
Parameters: 0.999984 -0.005608 -0.00141598 0.00561001 0.999984 0.00141808 0.00140802 -0.00142592 0.999998 0.0254203 0.0348835 0.343606
FixedParameters: 0 0 0

#Transform 159
Transform: AffineTransform_float_3_3
Parameters: 0.999983 -0.00553428 -0.00187604 0.00553772 0.999983 0.00144764 0.00186796 -0.00145736 0.999997 0.0592177 0.0226674 0.326158
FixedParameters: 0 0 0

#Transform 160
Transform: AffineTransform_float_3_3
Parameters: 0.999984 -0.0055816 -0.00143249 0.00558341 0.999984 0.000979019 0.00142651 -0.000986979 0.999999 0.0409959 0.0334746 0.327238
FixedParameters: 0 0 0

#Transform 161
Transform: AffineTransform_float_3_3
Parameters: 0.999985 -0.00541098 -0.00139188 0.00541303 0.999985 0.00145249 0.00138412 -0.00146051 0.999998 0.0297469 0.0379876 0.334807
FixedParameters: 0 0 0

#Transform 162
Transform: AffineTransform_float_3_3
Parameters: 0.999984 -0.00519057 -0.00195776 0.00519542 0.999984 0.00226086 0.00194523 -0.00227113 0.999995 0.0585482 0.0176991 0.309656
FixedParameters: 0 0 0

#Transform 163
Transform: AffineTransform_float_3_3
Parameters: 0.999985 -0.0053239 -0.00171083 0.00532811 0.999983 0.00240492 0.00169817 -0.00241308 0.999995 0.0558342 0.0129359 0.339821
FixedParameters: 0 0 0

#Transform 164
Transform: AffineTransform_float_3_3
Parameters: 0.999984 -0.00532977 -0.00150292 0.00533222 0.999984 0.00148101 0.00149508 -0.00148899 0.999998 0.0414382 0.0381792 0.366661
FixedParameters: 0 0 0

#Transform 165
Transform: AffineTransform_float_3_3
Parameters: 0.999986 -0.00519275 -0.00158637 0.00519524 0.999985 0.00141478 0.00157863 -0.00142322 0.999997 0.0486253 0.0361605 0.348933
FixedParameters: 0 0 0

#Transform 166
Transform: AffineTransform_float_3_3
Parameters: 0.999986 -0.0051084 -0.00124569 0.00511159 0.999985 0.00208866 0.00123531 -0.00209534 0.999997 0.0371202 0.0377936 0.318255
FixedParameters: 0 0 0

#Transform 167
Transform: AffineTransform_float_3_3
Parameters: 0.999986 -0.0051931 -0.00153345 0.0051949 0.999985 0.00123805 0.00152655 -0.00124595 0.999998 0.0437053 0.0355217 0.359516
FixedParameters: 0 0 0

#Transform 168
Transform: AffineTransform_float_3_3
Parameters: 0.999983 -0.00558368 -0.00175222 0.00558532 0.999984 0.000750226 0.00174878 -0.000759778 0.999998 0.0348477 0.0507309 0.347821
FixedParameters: 0 0 0

#Transform 169
Transform: AffineTransform_float_3_3
Parameters: 0.999989 -0.0044499 -0.00186941 0.0044521 0.999988 0.0016597 0.0018616 -0.0016673 0.999997 0.00269021 0.0345387 0.32058
FixedParameters: 0 0 0

#Transform 170
Transform: AffineTransform_float_3_3
Parameters: 0.999992 -0.00362437 -0.00198846 0.00362863 0.99999 0.0023298 0.00197954 -0.00233719 0.999996 -0.0127167 0.0305785 0.299008
FixedParameters: 0 0 0

#Transform 171
Transform: AffineTransform_float_3_3
Parameters: 0.999993 -0.0033625 -0.00197554 0.0033705 0.999985 0.00431437 0.00196147 -0.00432063 0.999988 -0.0487804 0.0215298 0.332158
FixedParameters: 0 0 0

#Transform 172
Transform: AffineTransform_float_3_3
Parameters: 0.999987 -0.00191656 -0.00457539 0.00192744 0.999995 0.00227821 0.00457061 -0.00228679 0.999987 -0.0295072 0.0706699 0.266538
FixedParameters: 0 0 0

#Transform 173
Transform: AffineTransform_float_3_3
Parameters: 0.999988 -0.00149865 -0.0046992 0.00149235 0.999998 -0.00120603 0.0047008 0.00119897 0.999988 -0.0122186 0.160366 0.263817
FixedParameters: 0 0 0

#Transform 174
Transform: AffineTransform_float_3_3
Parameters: 0.999991 -0.00149421 -0.00398855 0.00149279 0.999999 -0.000306957 0.00398845 0.000301043 0.999992 -0.03254 0.139349 0.279512
FixedParameters: 0 0 0

#Transform 175
Transform: AffineTransform_float_3_3
Parameters: 0.999993 -0.0020354 -0.00297872 0.00203459 0.999998 -0.000139061 0.00297827 0.000132939 0.999995 -0.0584953 0.109641 0.347131
FixedParameters: 0 0 0

#Transform 176
Transform: AffineTransform_float_3_3
Parameters: 0.999993 -0.00190648 -0.00343185 0.00190752 0.999998 0.000440457 0.00343016 -0.000446543 0.999994 -0.0038932 0.0949139 0.339181
FixedParameters: 0 0 0

#Transform 177
Transform: AffineTransform_float_3_3
Parameters: 0.999992 -0.00190485 -0.00333979 0.00190814 0.999997 0.000938634 0.0033372 -0.000945364 0.999994 -0.0237762 0.0982758 0.305896
FixedParameters: 0 0 0

#Transform 178
Transform: AffineTransform_float_3_3
Parameters: 0.999992 -0.00190427 -0.00368493 0.00190773 0.999997 0.00100898 0.00368307 -0.00101602 0.999992 -0.0142818 0.0963282 0.29594
FixedParameters: 0 0 0

#Transform 179
Transform: AffineTransform_float_3_3
Parameters: 0.999991 -0.00138892 -0.00395479 0.00139408 0.999998 0.0012815 0.00395321 -0.0012875 0.999992 0.00237508 0.0906084 0.293516
FixedParameters: 0 0 0
