# transform file /out/sourcedata/freesurfer/sub-v2s8x29203_ses-1/mri/transforms/cc_up.lta
# created by oesteban on Sat Mar 14 02:42:58 2026

type      = 0 # LINEAR_VOX_TO_VOX
nxforms   = 1
mean      = 128.0000 152.0000 128.0000
sigma     = 10000.0000
1 4 4
9.937571883201599e-01 -7.244858890771866e-02 -8.484040945768356e-02 2.219207382202148e+01 
7.218599319458008e-02 9.973722100257874e-01 -6.162761710584164e-03 -1.310889816284180e+01 
8.506394177675247e-02 -4.656612873077393e-10 9.963755011558533e-01 -5.414812088012695e+00 
0.000000000000000e+00 0.000000000000000e+00 0.000000000000000e+00 1.000000000000000e+00 
src volume info
valid = 1  # volume info valid
filename = /out/sourcedata/freesurfer/sub-v2s8x29203_ses-1/mri/norm.mgz
volume = 256 256 256
voxelsize = 1.000000000000000e+00 1.000000000000000e+00 1.000000000000000e+00
xras   = -1.000000000000000e+00 0.000000000000000e+00 0.000000000000000e+00
yras   = 0.000000000000000e+00 0.000000000000000e+00 -1.000000000000000e+00
zras   = 0.000000000000000e+00 1.000000000000000e+00 0.000000000000000e+00
cras   = 3.556671142578125e+00 2.771072387695312e-01 1.000000000000000e+00
dst volume info
valid = 1  # volume info valid
filename = /out/sourcedata/freesurfer/sub-v2s8x29203_ses-1/mri/norm.mgz
volume = 256 256 256
voxelsize = 1.000000000000000e+00 1.000000000000000e+00 1.000000000000000e+00
xras   = -1.000000000000000e+00 0.000000000000000e+00 0.000000000000000e+00
yras   = 0.000000000000000e+00 0.000000000000000e+00 -1.000000000000000e+00
zras   = 0.000000000000000e+00 1.000000000000000e+00 0.000000000000000e+00
cras   = 3.556671142578125e+00 2.771072387695312e-01 1.000000000000000e+00
