#Insight Transform File V1.0
#Transform 0
Transform: AffineTransform_float_3_3
Parameters: 1 -1.1094e-08 4.3e-05 -1.1094e-08 1 0.000258 -4.3e-05 -0.000258 1 0.021674 0.0307049 0.368494
FixedParameters: 0 0 0

#Transform 1
Transform: AffineTransform_float_3_3
Parameters: 0.999999 -0.000934391 -0.000374547 0.00093261 0.999992 -0.00369835 0.000377451 0.00369765 0.999993 0.0292263 0.26318 -0.110145
FixedParameters: 0 0 0

#Transform 2
Transform: AffineTransform_float_3_3
Parameters: 0.999998 -0.00145966 -0.000726688 0.00145634 0.999987 -0.00501607 0.000733313 0.00501494 0.999987 0.0519649 0.379299 -0.140686
FixedParameters: 0 0 0

#Transform 3
Transform: AffineTransform_float_3_3
Parameters: 0.999998 -0.00152848 -0.00135438 0.00151952 0.999974 -0.00697107 0.00136563 0.00696992 0.999975 0.0628576 0.488332 -0.157951
FixedParameters: 0 0 0

#Transform 4
Transform: AffineTransform_float_3_3
Parameters: 0.999997 -0.00190645 -0.00164454 0.00189256 0.999965 -0.00813914 0.00165945 0.00813586 0.999965 0.0641299 0.546276 -0.190526
FixedParameters: 0 0 0

#Transform 5
Transform: AffineTransform_float_3_3
Parameters: 0.999995 -0.00240474 -0.00210112 0.00238925 0.99997 -0.00746206 0.00211988 0.00745694 0.99997 0.083966 0.510117 -0.16852
FixedParameters: 0 0 0

#Transform 6
Transform: AffineTransform_float_3_3
Parameters: 0.99999 -0.00265993 -0.00366059 0.00264006 0.999981 -0.00543972 0.0036754 0.00543028 0.999978 0.154234 0.394449 -0.108716
FixedParameters: 0 0 0

#Transform 7
Transform: AffineTransform_float_3_3
Parameters: 0.999988 -0.00310966 -0.00374022 0.00309235 0.999986 -0.00445062 0.00375378 0.00443938 0.999983 0.174027 0.391559 -0.113153
FixedParameters: 0 0 0

#Transform 8
Transform: AffineTransform_float_3_3
Parameters: 0.999983 -0.00366369 -0.00449601 0.00369931 0.999962 0.0078705 0.00446699 -0.0078875 0.999959 0.289113 -0.209157 -0.0314205
FixedParameters: 0 0 0

#Transform 9
Transform: AffineTransform_float_3_3
Parameters: 0.999987 -0.0038297 -0.0033635 0.0038453 0.999982 0.00455313 0.0033465 -0.00456688 0.999984 0.209535 -0.0133087 -0.121529
FixedParameters: 0 0 0

#Transform 10
Transform: AffineTransform_float_3_3
Parameters: 0.999984 -0.00367884 -0.00424954 0.00369916 0.999982 0.00474735 0.00423146 -0.00476264 0.999979 0.270173 -0.0233142 -0.110968
FixedParameters: 0 0 0

#Transform 11
Transform: AffineTransform_float_3_3
Parameters: 0.999983 -0.00412052 -0.00408079 0.00414048 0.999979 0.00502319 0.00405922 -0.00504081 0.999979 0.251599 -0.0479371 -0.101506
FixedParameters: 0 0 0

#Transform 12
Transform: AffineTransform_float_3_3
Parameters: 0.999981 -0.0045841 -0.00407961 0.0046049 0.999976 0.00512931 0.00405539 -0.00514769 0.999978 0.244807 -0.0602941 -0.101197
FixedParameters: 0 0 0

#Transform 13
Transform: AffineTransform_float_3_3
Parameters: 0.999982 -0.00458442 -0.00400369 0.00460559 0.999976 0.00514666 0.00398031 -0.00516534 0.999978 0.243528 -0.0646765 -0.10126
FixedParameters: 0 0 0

#Transform 14
Transform: AffineTransform_float_3_3
Parameters: 0.999983 -0.00458543 -0.00378285 0.00460557 0.999976 0.00518067 0.00375915 -0.00519833 0.99998 0.200561 -0.0664197 -0.122692
FixedParameters: 0 0 0

#Transform 15
Transform: AffineTransform_float_3_3
Parameters: 0.999981 -0.00594529 -0.00191301 0.00595272 0.999976 0.00352568 0.001892 -0.00353632 0.999992 0.126049 0.0218451 -0.108285
FixedParameters: 0 0 0

#Transform 16
Transform: AffineTransform_float_3_3
Parameters: 0.99998 -0.00546827 -0.00321162 0.00547773 0.999981 0.00302847 0.00319437 -0.00304653 0.999991 0.203197 0.106606 -0.22935
FixedParameters: 0 0 0

#Transform 17
Transform: AffineTransform_float_3_3
Parameters: 0.999979 -0.0043613 -0.00492451 0.00436371 0.999991 0.000335518 0.00492349 -0.000356481 0.999988 0.248088 0.209217 -0.243493
FixedParameters: 0 0 0

#Transform 18
Transform: AffineTransform_float_3_3
Parameters: 0.999981 -0.00497377 -0.00358762 0.00499524 0.99997 0.00593419 0.00355838 -0.00595181 0.999976 0.2043 -0.0507436 -0.176533
FixedParameters: 0 0 0

#Transform 19
Transform: AffineTransform_float_3_3
Parameters: 0.999993 -0.00287602 -0.00213893 0.00288998 0.999975 0.00656386 0.00212007 -0.00657014 0.999976 0.103946 -0.11789 -0.148956
FixedParameters: 0 0 0

#Transform 20
Transform: AffineTransform_float_3_3
Parameters: 0.999998 -0.00198602 -0.000321486 0.00198798 0.999979 0.00628338 0.000309513 -0.00628463 0.99998 -0.029054 -0.105626 -0.147454
FixedParameters: 0 0 0

#Transform 21
Transform: AffineTransform_float_3_3
Parameters: 0.999996 -0.00266085 -0.000677544 0.00266614 0.999966 0.00771222 0.000656456 -0.00771377 0.99997 0.0162227 -0.173527 -0.14289
FixedParameters: 0 0 0

#Transform 22
Transform: AffineTransform_float_3_3
Parameters: 0.999995 -0.003039 -0.00106022 0.003047 0.999966 0.00762981 0.00103678 -0.00763319 0.999971 0.0445405 -0.15888 -0.154619
FixedParameters: 0 0 0

#Transform 23
Transform: AffineTransform_float_3_3
Parameters: 0.999986 -0.00438305 -0.00272185 0.00439894 0.999973 0.00588011 0.00269515 -0.00589189 0.999979 0.153366 -0.0525938 -0.159967
FixedParameters: 0 0 0

#Transform 24
Transform: AffineTransform_float_3_3
Parameters: 0.999983 -0.00499793 -0.00323119 0.00500907 0.999981 0.00342687 0.00321381 -0.00344312 0.999989 0.197586 0.0620803 -0.185343
FixedParameters: 0 0 0

#Transform 25
Transform: AffineTransform_float_3_3
Parameters: 0.999986 -0.00537706 -0.000621051 0.00537995 0.999981 0.00316871 0.000603945 -0.00317229 0.999995 0.0971678 0.0737893 -0.19394
FixedParameters: 0 0 0

#Transform 26
Transform: AffineTransform_float_3_3
Parameters: 0.999982 -0.00609162 0.000163531 0.00609139 0.999975 0.00352506 -0.00018547 -0.00352394 0.999994 0.0408798 0.0776344 -0.195595
FixedParameters: 0 0 0

#Transform 27
Transform: AffineTransform_float_3_3
Parameters: 0.999984 -0.00567882 -6.4018e-05 0.00567919 0.999979 0.00334869 4.59796e-05 -0.00334932 0.999995 0.0527696 0.0657405 -0.170315
FixedParameters: 0 0 0

#Transform 28
Transform: AffineTransform_float_3_3
Parameters: 0.999982 -0.00608612 -0.000247589 0.00608688 0.999974 0.00371056 0.000224415 -0.00371143 0.999993 0.073751 0.0396984 -0.171425
FixedParameters: 0 0 0

#Transform 29
Transform: AffineTransform_float_3_3
Parameters: 0.999982 -0.00608593 -0.000328549 0.00608708 0.999976 0.00337506 0.000308452 -0.00337694 0.999995 0.0791146 0.0596347 -0.157315
FixedParameters: 0 0 0

#Transform 30
Transform: AffineTransform_float_3_3
Parameters: 0.999982 -0.00608568 -0.000341455 0.00608733 0.999974 0.004017 0.000316544 -0.004019 0.999992 0.0752974 0.0376906 -0.17496
FixedParameters: 0 0 0

#Transform 31
Transform: AffineTransform_float_3_3
Parameters: 0.999982 -0.00599459 0.000152387 0.00599341 0.999975 0.00360597 -0.000173611 -0.00360502 0.999993 0.0455985 0.0542878 -0.19664
FixedParameters: 0 0 0

#Transform 32
Transform: AffineTransform_float_3_3
Parameters: 0.999982 -0.00608656 -0.000126487 0.00608645 0.999974 0.0038583 0.000103517 -0.0038587 0.999992 0.07748 0.03715 -0.162961
FixedParameters: 0 0 0

#Transform 33
Transform: AffineTransform_float_3_3
Parameters: 0.999982 -0.00608706 2.68611e-06 0.00608695 0.999974 0.00383009 -2.63131e-05 -0.00382991 0.999992 0.0636634 0.0453382 -0.199964
FixedParameters: 0 0 0

#Transform 34
Transform: AffineTransform_float_3_3
Parameters: 0.999981 -0.0060862 -0.000199944 0.0060868 0.999973 0.00426186 0.000174056 -0.00426314 0.999991 0.0791261 0.0230427 -0.177312
FixedParameters: 0 0 0

#Transform 35
Transform: AffineTransform_float_3_3
Parameters: 0.999983 -0.00594046 -0.000156299 0.00594055 0.999976 0.00375314 0.000134703 -0.00375387 0.999993 0.0656028 0.0573495 -0.181182
FixedParameters: 0 0 0

#Transform 36
Transform: AffineTransform_float_3_3
Parameters: 0.999982 -0.00530327 -0.00276071 0.00531373 0.999979 0.0038944 0.00273929 -0.0039086 0.999988 0.170632 0.0479501 -0.145776
FixedParameters: 0 0 0

#Transform 37
Transform: AffineTransform_float_3_3
Parameters: 0.999984 -0.00529695 -0.00207154 0.00530305 0.999981 0.00292706 0.00205646 -0.00293794 0.999993 0.132872 0.0946553 -0.183474
FixedParameters: 0 0 0

#Transform 38
Transform: AffineTransform_float_3_3
Parameters: 0.999991 -0.00408633 -0.000513341 0.00408666 0.999991 0.00130591 0.000507659 -0.00130809 0.999999 0.0438189 0.171414 -0.164478
FixedParameters: 0 0 0

#Transform 39
Transform: AffineTransform_float_3_3
Parameters: 0.999992 -0.00379391 -0.000657741 0.00379308 0.999992 -0.0013875 0.000663257 0.00138449 0.999999 -0.00454009 0.293175 -0.200311
FixedParameters: 0 0 0

#Transform 40
Transform: AffineTransform_float_3_3
Parameters: 0.999989 -0.00457351 -0.00123037 0.00456949 0.999983 -0.00364166 0.00124664 0.00363634 0.999992 0.0916919 0.40901 -0.182503
FixedParameters: 0 0 0

#Transform 41
Transform: AffineTransform_float_3_3
Parameters: 0.999988 -0.00469786 -0.00128335 0.00469314 0.999982 -0.00376207 0.00130165 0.00375593 0.999992 0.0936933 0.419466 -0.206599
FixedParameters: 0 0 0

#Transform 42
Transform: AffineTransform_float_3_3
Parameters: 0.999988 -0.00482422 -0.00108643 0.00481978 0.999981 -0.00385328 0.00110457 0.00384772 0.999992 0.0754273 0.431996 -0.288858
FixedParameters: 0 0 0

#Transform 43
Transform: AffineTransform_float_3_3
Parameters: 0.999983 -0.00569434 -0.000773981 0.00569266 0.99998 -0.00299146 0.000791018 0.00298655 0.999995 0.0295643 0.547862 -0.782984
FixedParameters: 0 0 0

#Transform 44
Transform: AffineTransform_float_3_3
Parameters: 0.99999 -0.00450272 0.000115567 0.00450328 0.999986 -0.0025685 -0.000104435 0.00256849 0.999996 -0.00997246 0.388404 -0.311135
FixedParameters: 0 0 0

#Transform 45
Transform: AffineTransform_float_3_3
Parameters: 0.999989 -0.00467746 -0.00122941 0.00467154 0.99998 -0.00440779 0.00125059 0.0044012 0.999989 0.0438718 0.458613 -0.267765
FixedParameters: 0 0 0

#Transform 46
Transform: AffineTransform_float_3_3
Parameters: 0.999994 -0.00290622 -0.00152697 0.00288679 0.999919 -0.0124385 0.00156302 0.0124345 0.999921 0.00401284 0.882436 -0.424424
FixedParameters: 0 0 0

#Transform 47
Transform: AffineTransform_float_3_3
Parameters: 0.999992 -0.0038974 -0.00104414 0.0038896 0.999961 -0.00792913 0.00107487 0.00792488 0.999968 0.0246115 0.666324 -0.39664
FixedParameters: 0 0 0

#Transform 48
Transform: AffineTransform_float_3_3
Parameters: 0.999988 -0.00475768 -0.000998026 0.00475532 0.999988 -0.00167877 0.00100597 0.00167423 0.999998 0.0302021 0.361715 -0.346732
FixedParameters: 0 0 0

#Transform 49
Transform: AffineTransform_float_3_3
Parameters: 0.999988 -0.00464441 -0.00152164 0.00464059 0.999986 -0.00223509 0.00153136 0.00222791 0.999997 0.0562156 0.403895 -0.367937
FixedParameters: 0 0 0

#Transform 50
Transform: AffineTransform_float_3_3
Parameters: 0.999988 -0.00480392 -0.000856281 0.00480008 0.999978 -0.00452517 0.000877725 0.00452184 0.99999 0.0233752 0.520966 -0.412163
FixedParameters: 0 0 0

#Transform 51
Transform: AffineTransform_float_3_3
Parameters: 0.999989 -0.00474564 -0.000644863 0.00474336 0.99998 -0.0040351 0.000664138 0.00403189 0.999991 0.0311319 0.480361 -0.394864
FixedParameters: 0 0 0

#Transform 52
Transform: AffineTransform_float_3_3
Parameters: 0.999989 -0.00421167 -0.00212167 0.00421033 0.999991 -0.000318936 0.00212332 0.000310061 0.999997 0.0638768 0.262418 -0.313693
FixedParameters: 0 0 0

#Transform 53
Transform: AffineTransform_float_3_3
Parameters: 0.999996 -0.00241184 -0.00152558 0.00242116 0.999979 0.00603133 0.00151042 -0.00603566 0.99998 -0.000114154 -0.0836887 -0.163583
FixedParameters: 0 0 0

#Transform 54
Transform: AffineTransform_float_3_3
Parameters: 0.999964 -0.00625231 -0.00563217 0.00627369 0.999973 0.0038418 0.00560782 -0.0038772 0.999977 0.346399 0.05254 -0.209042
FixedParameters: 0 0 0

#Transform 55
Transform: AffineTransform_float_3_3
Parameters: 0.999979 -0.00611331 -0.00186341 0.00612168 0.999972 0.00414867 0.00183758 -0.00416032 0.999989 0.156361 0.0350194 -0.166183
FixedParameters: 0 0 0

#Transform 56
Transform: AffineTransform_float_3_3
Parameters: 0.999984 -0.0054686 -0.00155216 0.0054744 0.999979 0.00349756 0.00153284 -0.00350544 0.999992 0.12017 0.0583783 -0.178661
FixedParameters: 0 0 0

#Transform 57
Transform: AffineTransform_float_3_3
Parameters: 0.999988 -0.00420734 -0.002205 0.00421166 0.99999 0.00165773 0.002198 -0.00166727 0.999996 0.0776261 0.180312 -0.247258
FixedParameters: 0 0 0

#Transform 58
Transform: AffineTransform_float_3_3
Parameters: 0.999981 -0.00475564 -0.00387275 0.00474436 0.999984 -0.00300943 0.00388625 0.00299058 0.999988 0.202842 0.394379 -0.221506
FixedParameters: 0 0 0

#Transform 59
Transform: AffineTransform_float_3_3
Parameters: 0.999982 -0.00478479 -0.00363933 0.00476921 0.999979 -0.00433544 0.00366067 0.00431756 0.999984 0.16251 0.481296 -0.237849
FixedParameters: 0 0 0

#Transform 60
Transform: AffineTransform_float_3_3
Parameters: 0.999983 -0.00507892 -0.00289913 0.00507408 0.999986 -0.00135973 0.00290586 0.00134426 0.999995 0.155141 0.344319 -0.253857
FixedParameters: 0 0 0

#Transform 61
Transform: AffineTransform_float_3_3
Parameters: 0.999984 -0.00469934 -0.00295164 0.00470065 0.999989 0.000554134 0.00294836 -0.000567864 0.999996 0.165806 0.231082 -0.225774
FixedParameters: 0 0 0

#Transform 62
Transform: AffineTransform_float_3_3
Parameters: 0.999984 -0.00470282 -0.00299714 0.00470017 0.999989 -0.000615097 0.00299986 0.000601902 0.999996 0.161453 0.297863 -0.229106
FixedParameters: 0 0 0

#Transform 63
Transform: AffineTransform_float_3_3
Parameters: 0.999984 -0.00470285 -0.00294105 0.00470015 0.999989 -0.000634833 0.00294395 0.000621165 0.999996 0.140391 0.282849 -0.210709
FixedParameters: 0 0 0

#Transform 64
Transform: AffineTransform_float_3_3
Parameters: 0.999988 -0.00426882 -0.00239242 0.00426418 0.999989 -0.00201523 0.00240158 0.00200577 0.999995 0.093627 0.365732 -0.244169
FixedParameters: 0 0 0

#Transform 65
Transform: AffineTransform_float_3_3
Parameters: 0.999985 -0.00461883 -0.00291462 0.00461117 0.999986 -0.00268848 0.00292638 0.00267452 0.999992 0.148747 0.386718 -0.190326
FixedParameters: 0 0 0

#Transform 66
Transform: AffineTransform_float_3_3
Parameters: 0.999987 -0.00457177 -0.00229664 0.00456223 0.99998 -0.00424353 0.00231536 0.00423347 0.999989 0.117013 0.469248 -0.230277
FixedParameters: 0 0 0

#Transform 67
Transform: AffineTransform_float_3_3
Parameters: 0.999985 -0.00487365 -0.00230461 0.00486334 0.999977 -0.00460527 0.0023274 0.00459472 0.999986 0.11064 0.477095 -0.25936
FixedParameters: 0 0 0

#Transform 68
Transform: AffineTransform_float_3_3
Parameters: 0.999984 -0.0048826 -0.00266843 0.00486339 0.999961 -0.00730609 0.00270357 0.00729291 0.99997 0.125602 0.624744 -0.291219
FixedParameters: 0 0 0

#Transform 69
Transform: AffineTransform_float_3_3
Parameters: 0.999986 -0.00450281 -0.00277833 0.00448518 0.999969 -0.00638655 0.00280667 0.00637345 0.999975 0.124615 0.577308 -0.29295
FixedParameters: 0 0 0

#Transform 70
Transform: AffineTransform_float_3_3
Parameters: 0.999986 -0.00453933 -0.00290926 0.00451066 0.999943 -0.00967226 0.00295374 0.00965873 0.999949 0.128219 0.741065 -0.30166
FixedParameters: 0 0 0

#Transform 71
Transform: AffineTransform_float_3_3
Parameters: 0.999986 -0.00475127 -0.00260531 0.00472173 0.999927 -0.0111295 0.00265768 0.0111165 0.999934 0.100836 0.813569 -0.336325
FixedParameters: 0 0 0

#Transform 72
Transform: AffineTransform_float_3_3
Parameters: 0.999985 -0.00490032 -0.0027229 0.00486369 0.999897 -0.0135465 0.00278911 0.0135335 0.999904 0.11098 0.944504 -0.36537
FixedParameters: 0 0 0

#Transform 73
Transform: AffineTransform_float_3_3
Parameters: 0.999985 -0.00485846 -0.00254645 0.00482253 0.999894 -0.0137525 0.00261354 0.0137395 0.999902 0.0819635 0.949791 -0.378204
FixedParameters: 0 0 0

#Transform 74
Transform: AffineTransform_float_3_3
Parameters: 0.999983 -0.00506972 -0.00310868 0.00503529 0.99993 -0.0107589 0.00316332 0.0107432 0.999938 0.14463 0.806927 -0.297477
FixedParameters: 0 0 0

#Transform 75
Transform: AffineTransform_float_3_3
Parameters: 0.999979 -0.00514145 -0.00391821 0.00512455 0.999977 -0.00445117 0.0039408 0.00443083 0.999983 0.178726 0.448436 -0.197096
FixedParameters: 0 0 0

#Transform 76
Transform: AffineTransform_float_3_3
Parameters: 0.999981 -0.00494472 -0.00383096 0.00492528 0.999976 -0.00488096 0.00385504 0.00486203 0.99998 0.182061 0.487157 -0.223501
FixedParameters: 0 0 0

#Transform 77
Transform: AffineTransform_float_3_3
Parameters: 0.999982 -0.00491819 -0.0034193 0.00489581 0.999967 -0.00646786 0.0034507 0.00645115 0.999973 0.162536 0.569685 -0.249503
FixedParameters: 0 0 0

#Transform 78
Transform: AffineTransform_float_3_3
Parameters: 0.999983 -0.00487713 -0.00340828 0.00484687 0.999949 -0.00879467 0.00345072 0.00877732 0.999955 0.142661 0.684994 -0.296359
FixedParameters: 0 0 0

#Transform 79
Transform: AffineTransform_float_3_3
Parameters: 0.999983 -0.00460477 -0.0033964 0.00456423 0.999918 -0.0119167 0.0034506 0.0119013 0.999923 0.131634 0.854446 -0.317111
FixedParameters: 0 0 0

#Transform 80
Transform: AffineTransform_float_3_3
Parameters: 0.999987 -0.00411978 -0.00292933 0.00408322 0.999919 -0.0121151 0.00297966 0.0121029 0.999923 0.0961661 0.860389 -0.351787
FixedParameters: 0 0 0

#Transform 81
Transform: AffineTransform_float_3_3
Parameters: 0.999984 -0.00470897 -0.00315005 0.00466803 0.99991 -0.0125779 0.00320893 0.0125631 0.999916 0.126887 0.877425 -0.347365
FixedParameters: 0 0 0

#Transform 82
Transform: AffineTransform_float_3_3
Parameters: 0.999984 -0.00470599 -0.00295999 0.00466801 0.999913 -0.012381 0.00301799 0.012367 0.999919 0.10874 0.872882 -0.362802
FixedParameters: 0 0 0

#Transform 83
Transform: AffineTransform_float_3_3
Parameters: 0.999985 -0.00467243 -0.00306121 0.00462958 0.999895 -0.0137224 0.00312479 0.0137076 0.999901 0.103747 0.942689 -0.375096
FixedParameters: 0 0 0

#Transform 84
Transform: AffineTransform_float_3_3
Parameters: 0.999985 -0.00452766 -0.00310528 0.00448335 0.999893 -0.0139251 0.00316771 0.0139109 0.999898 0.117731 0.956037 -0.357197
FixedParameters: 0 0 0

#Transform 85
Transform: AffineTransform_float_3_3
Parameters: 0.999984 -0.00482482 -0.00292919 0.00478318 0.999889 -0.0141212 0.00299681 0.0141068 0.999896 0.10031 0.969162 -0.368172
FixedParameters: 0 0 0

#Transform 86
Transform: AffineTransform_float_3_3
Parameters: 0.999984 -0.00472644 -0.00291705 0.00468757 0.9999 -0.0133809 0.00297996 0.0133671 0.999906 0.0936567 0.942998 -0.379831
FixedParameters: 0 0 0

#Transform 87
Transform: AffineTransform_float_3_3
Parameters: 0.999985 -0.00465115 -0.00290821 0.00460984 0.999892 -0.0139986 0.00297379 0.0139844 0.999898 0.0938127 0.96533 -0.377502
FixedParameters: 0 0 0

#Transform 88
Transform: AffineTransform_float_3_3
Parameters: 0.999984 -0.0047698 -0.00300355 0.00472621 0.999885 -0.0144234 0.00307146 0.0144096 0.999891 0.0919566 0.996819 -0.395016
FixedParameters: 0 0 0

#Transform 89
Transform: AffineTransform_float_3_3
Parameters: 0.999983 -0.00501071 -0.00299415 0.00497229 0.999905 -0.0127981 0.00305785 0.0127829 0.999913 0.108225 0.91044 -0.351754
FixedParameters: 0 0 0

#Transform 90
Transform: AffineTransform_float_3_3
Parameters: 0.999982 -0.00498915 -0.00310349 0.00495184 0.999913 -0.0121826 0.00316452 0.0121674 0.999921 0.107177 0.877683 -0.355102
FixedParameters: 0 0 0

#Transform 91
Transform: AffineTransform_float_3_3
Parameters: 0.999981 -0.00514048 -0.00339192 0.00510053 0.999921 -0.0115455 0.00345107 0.0115285 0.999927 0.141217 0.845515 -0.307294
FixedParameters: 0 0 0

#Transform 92
Transform: AffineTransform_float_3_3
Parameters: 0.999984 -0.00483349 -0.00292803 0.00480151 0.999928 -0.0110022 0.00298098 0.0109888 0.999935 0.106709 0.82942 -0.327975
FixedParameters: 0 0 0

#Transform 93
Transform: AffineTransform_float_3_3
Parameters: 0.999982 -0.00512281 -0.00313583 0.00508719 0.999927 -0.0110102 0.00319216 0.0109938 0.999934 0.115474 0.823586 -0.306628
FixedParameters: 0 0 0

#Transform 94
Transform: AffineTransform_float_3_3
Parameters: 0.999983 -0.00488621 -0.00320291 0.00485178 0.999928 -0.0109117 0.0032561 0.0108963 0.999936 0.128297 0.811057 -0.310959
FixedParameters: 0 0 0

#Transform 95
Transform: AffineTransform_float_3_3
Parameters: 0.999982 -0.00522207 -0.00297569 0.00518892 0.999926 -0.0110166 0.0030333 0.0110004 0.999935 0.119017 0.828392 -0.313944
FixedParameters: 0 0 0

#Transform 96
Transform: AffineTransform_float_3_3
Parameters: 0.999982 -0.0049271 -0.00339148 0.0048869 0.999919 -0.0117308 0.00344953 0.0117142 0.999926 0.133519 0.858254 -0.313123
FixedParameters: 0 0 0

#Transform 97
Transform: AffineTransform_float_3_3
Parameters: 0.999983 -0.00512851 -0.0029651 0.00509349 0.99992 -0.0115303 0.00302389 0.0115147 0.999929 0.111915 0.843373 -0.314514
FixedParameters: 0 0 0

#Transform 98
Transform: AffineTransform_float_3_3
Parameters: 0.999983 -0.00498593 -0.00296606 0.00495107 0.999919 -0.0116689 0.00302394 0.0116541 0.999927 0.121763 0.852936 -0.320637
FixedParameters: 0 0 0

#Transform 99
Transform: AffineTransform_float_3_3
Parameters: 0.999983 -0.00522553 -0.0028557 0.00519146 0.999915 -0.011969 0.00291831 0.011954 0.999925 0.108979 0.868093 -0.321138
FixedParameters: 0 0 0

#Transform 100
Transform: AffineTransform_float_3_3
Parameters: 0.999982 -0.00524756 -0.00295834 0.00520943 0.999908 -0.0125646 0.00302465 0.0125494 0.999916 0.116955 0.896854 -0.344491
FixedParameters: 0 0 0

#Transform 101
Transform: AffineTransform_float_3_3
Parameters: 0.999982 -0.00525588 -0.00295944 0.00521912 0.999911 -0.0123337 0.00302456 0.0123183 0.99992 0.121259 0.888311 -0.349158
FixedParameters: 0 0 0

#Transform 102
Transform: AffineTransform_float_3_3
Parameters: 0.999982 -0.00533104 -0.00295464 0.00529196 0.9999 -0.0130669 0.00302437 0.0130511 0.999911 0.110613 0.923143 -0.371928
FixedParameters: 0 0 0

#Transform 103
Transform: AffineTransform_float_3_3
Parameters: 0.999982 -0.00533174 -0.00295338 0.00529125 0.999897 -0.0133029 0.00302462 0.0132871 0.999907 0.119293 0.937901 -0.342529
FixedParameters: 0 0 0

#Transform 104
Transform: AffineTransform_float_3_3
Parameters: 0.999982 -0.00533225 -0.00295245 0.00529175 0.999895 -0.0134759 0.00302455 0.0134601 0.999905 0.107577 0.94935 -0.357211
FixedParameters: 0 0 0

#Transform 105
Transform: AffineTransform_float_3_3
Parameters: 0.999982 -0.00533063 -0.00295538 0.00529137 0.999903 -0.0129279 0.00302462 0.0129121 0.999912 0.118926 0.918729 -0.332172
FixedParameters: 0 0 0

#Transform 106
Transform: AffineTransform_float_3_3
Parameters: 0.999979 -0.00582364 -0.00256783 0.00578935 0.999895 -0.0132981 0.00264518 0.0132829 0.999909 0.0925159 0.943067 -0.371903
FixedParameters: 0 0 0

#Transform 107
Transform: AffineTransform_float_3_3
Parameters: 0.999981 -0.00554187 -0.0029503 0.00550212 0.999895 -0.0133545 0.0030247 0.0133375 0.999907 0.113673 0.945787 -0.343325
FixedParameters: 0 0 0

#Transform 108
Transform: AffineTransform_float_3_3
Parameters: 0.999979 -0.00566879 -0.002943 0.00562621 0.999881 -0.0143508 0.003024 0.0143341 0.999892 0.108285 1.00195 -0.373257
FixedParameters: 0 0 0

#Transform 109
Transform: AffineTransform_float_3_3
Parameters: 0.99998 -0.00572651 -0.00294079 0.0056835 0.999878 -0.014594 0.00302422 0.014577 0.999889 0.104157 1.01899 -0.356108
FixedParameters: 0 0 0

#Transform 110
Transform: AffineTransform_float_3_3
Parameters: 0.999981 -0.00572302 -0.00255479 0.00568698 0.999888 -0.0138908 0.00263421 0.0138752 0.999901 0.0889185 0.970709 -0.372183
FixedParameters: 0 0 0

#Transform 111
Transform: AffineTransform_float_3_3
Parameters: 0.999978 -0.00583029 -0.00294361 0.00578971 0.999888 -0.0138453 0.0030244 0.0138277 0.9999 0.117345 0.969444 -0.337579
FixedParameters: 0 0 0

#Transform 112
Transform: AffineTransform_float_3_3
Parameters: 0.999978 -0.00583028 -0.00294362 0.00578971 0.999888 -0.0138433 0.00302439 0.0138257 0.9999 0.110442 0.969466 -0.3435
FixedParameters: 0 0 0

#Transform 113
Transform: AffineTransform_float_3_3
Parameters: 0.999978 -0.00583373 -0.00293677 0.00578926 0.999871 -0.0150173 0.00302423 0.0149997 0.999883 0.111351 1.03818 -0.376872
FixedParameters: 0 0 0

#Transform 114
Transform: AffineTransform_float_3_3
Parameters: 0.999978 -0.00583385 -0.00293655 0.00578914 0.99987 -0.0150563 0.00302445 0.0150387 0.999883 0.11283 1.03417 -0.368881
FixedParameters: 0 0 0

#Transform 115
Transform: AffineTransform_float_3_3
Parameters: 0.99998 -0.00538318 -0.00327799 0.00533283 0.999872 -0.0151268 0.00335901 0.0151092 0.99988 0.137862 1.04304 -0.359137
FixedParameters: 0 0 0

#Transform 116
Transform: AffineTransform_float_3_3
Parameters: 0.99998 -0.00518813 -0.00348009 0.00514385 0.999907 -0.0125731 0.00354591 0.0125558 0.999915 0.149132 0.972174 -0.502727
FixedParameters: 0 0 0

#Transform 117
Transform: AffineTransform_float_3_3
Parameters: 0.999973 -0.00525447 -0.00514503 0.00521953 0.999964 -0.00669004 0.00517997 0.00666296 0.999965 0.32579 0.735518 -0.795631
FixedParameters: 0 0 0

#Transform 118
Transform: AffineTransform_float_3_3
Parameters: 0.999992 -0.00363427 -0.00151761 0.00362074 0.999956 -0.00865657 0.00154839 0.00865144 0.999962 0.0555466 0.71113 -0.188357
FixedParameters: 0 0 0

#Transform 119
Transform: AffineTransform_float_3_3
Parameters: 0.999993 -0.00360742 -0.000803797 0.00360458 0.999984 -0.00421792 0.000818206 0.00421507 0.999991 0.0208433 0.400116 -0.0755742
FixedParameters: 0 0 0

#Transform 120
Transform: AffineTransform_float_3_3
Parameters: 0.999998 -0.002142 0.000867949 0.002144 0.999995 -0.00230815 -0.000863052 0.00230985 0.999997 -0.0809971 0.283326 -0.0352359
FixedParameters: 0 0 0

#Transform 121
Transform: AffineTransform_float_3_3
Parameters: 0.999996 -0.00298959 0.000534934 0.00299141 0.999992 -0.00265241 -0.000527067 0.00265359 0.999997 -0.0493906 0.310124 -0.0608854
FixedParameters: 0 0 0

#Transform 122
Transform: AffineTransform_float_3_3
Parameters: 0.999993 -0.00369642 0.000893718 0.00369857 0.999989 -0.00289672 -0.000883283 0.00290029 0.999996 -0.0434835 0.339142 -0.0521681
FixedParameters: 0 0 0

#Transform 123
Transform: AffineTransform_float_3_3
Parameters: 0.999994 -0.00339653 0.000741756 0.00339747 0.999993 -0.00198749 -0.000735246 0.00198951 0.999998 -0.027871 0.28387 -0.0381769
FixedParameters: 0 0 0

#Transform 124
Transform: AffineTransform_float_3_3
Parameters: 0.999992 -0.00394053 0.000979965 0.00394346 0.999989 -0.00252616 -0.00097003 0.00253084 0.999997 -0.0310495 0.324292 -0.0535256
FixedParameters: 0 0 0

#Transform 125
Transform: AffineTransform_float_3_3
Parameters: 0.999992 -0.00358426 0.0013192 0.00358774 0.999989 -0.00284229 -0.0013098 0.00284671 0.999995 -0.0507565 0.323191 -0.0487748
FixedParameters: 0 0 0

#Transform 126
Transform: AffineTransform_float_3_3
Parameters: 0.999989 -0.00468133 0.000632429 0.00468266 0.999985 -0.00265307 -0.000619572 0.00265593 0.999997 -0.00330145 0.326972 -0.0413041
FixedParameters: 0 0 0

#Transform 127
Transform: AffineTransform_float_3_3
Parameters: 0.999989 -0.00465675 6.94094e-05 0.00465625 0.999981 -0.00416773 -4.95971e-05 0.00416728 0.999992 0.0267297 0.40596 -0.0416433
FixedParameters: 0 0 0

#Transform 128
Transform: AffineTransform_float_3_3
Parameters: 0.999987 -0.00491843 0.000798289 0.00492157 0.999977 -0.00452813 -0.000776713 0.00453188 0.99999 -0.0119964 0.427701 -0.0344508
FixedParameters: 0 0 0

#Transform 129
Transform: AffineTransform_float_3_3
Parameters: 0.999988 -0.00482568 0.000634776 0.00482832 0.999974 -0.005338 -0.000609228 0.005341 0.999985 -0.0115029 0.4798 -0.0503157
FixedParameters: 0 0 0

#Transform 130
Transform: AffineTransform_float_3_3
Parameters: 0.999988 -0.00485965 0.000881727 0.00486535 0.999961 -0.0073448 -0.000846276 0.0073492 0.999972 -0.0352039 0.572794 -0.0930707
FixedParameters: 0 0 0

#Transform 131
Transform: AffineTransform_float_3_3
Parameters: 0.999987 -0.00493998 0.000533621 0.00494402 0.999958 -0.00781346 -0.000495376 0.00781655 0.99997 -0.0124606 0.602346 -0.0877179
FixedParameters: 0 0 0

#Transform 132
Transform: AffineTransform_float_3_3
Parameters: 0.999986 -0.00514799 0.000235197 0.00515001 0.999941 -0.00955392 -0.000185802 0.00955509 0.999955 0.0010056 0.684741 -0.118436
FixedParameters: 0 0 0

#Transform 133
Transform: AffineTransform_float_3_3
Parameters: 0.999988 -0.00489653 0.000374568 0.00490048 0.999939 -0.00991428 -0.000326423 0.00991671 0.999951 -0.00381835 0.706314 -0.129579
FixedParameters: 0 0 0

#Transform 134
Transform: AffineTransform_float_3_3
Parameters: 0.999986 -0.00528286 0.000410354 0.00528714 0.999927 -0.010851 -0.000352644 0.010853 0.999941 0.000843045 0.762582 -0.126023
FixedParameters: 0 0 0

#Transform 135
Transform: AffineTransform_float_3_3
Parameters: 0.999986 -0.00526109 0.000366375 0.00526491 0.999918 -0.0116602 -0.000304627 0.0116618 0.999932 -0.00320128 0.788538 -0.142939
FixedParameters: 0 0 0

#Transform 136
Transform: AffineTransform_float_3_3
Parameters: 0.999984 -0.00565946 0.000497059 0.00566555 0.999881 -0.0143124 -0.000416949 0.0143146 0.999897 -0.00567944 0.935427 -0.149168
FixedParameters: 0 0 0

#Transform 137
Transform: AffineTransform_float_3_3
Parameters: 0.999983 -0.00572428 0.000912733 0.00573773 0.999877 -0.014608 -0.000829257 0.014613 0.999893 -0.0402883 0.952736 -0.187663
FixedParameters: 0 0 0

#Transform 138
Transform: AffineTransform_float_3_3
Parameters: 0.999982 -0.00585008 0.000869799 0.00586291 0.99986 -0.0156712 -0.000778202 0.0156758 0.999877 -0.0295284 1.01122 -0.175194
FixedParameters: 0 0 0

#Transform 139
Transform: AffineTransform_float_3_3
Parameters: 0.999981 -0.00603542 0.00127102 0.00605559 0.99984 -0.0168696 -0.00116899 0.0168764 0.999857 -0.0575581 1.06049 -0.219656
FixedParameters: 0 0 0

#Transform 140
Transform: AffineTransform_float_3_3
Parameters: 0.999982 -0.0057341 0.00128897 0.0057549 0.999856 -0.0160059 -0.00119702 0.0160131 0.999871 -0.0494481 1.02125 -0.192014
FixedParameters: 0 0 0

#Transform 141
Transform: AffineTransform_float_3_3
Parameters: 0.999982 -0.00572529 0.0015098 0.0057437 0.999903 -0.0126896 -0.0014372 0.0126985 0.999919 -0.0614933 0.852573 -0.146594
FixedParameters: 0 0 0

#Transform 142
Transform: AffineTransform_float_3_3
Parameters: 0.999982 -0.00596778 0.000919956 0.00597822 0.999916 -0.0115417 -0.000851039 0.0115473 0.999933 -0.0247839 0.784696 -0.108434
FixedParameters: 0 0 0

#Transform 143
Transform: AffineTransform_float_3_3
Parameters: 0.999981 -0.00591248 0.00128187 0.00592751 0.999915 -0.0116296 -0.00121312 0.0116374 0.999931 -0.04122 0.786624 -0.129606
FixedParameters: 0 0 0

#Transform 144
Transform: AffineTransform_float_3_3
Parameters: 0.999981 -0.00609401 0.00107258 0.00610697 0.999902 -0.0125497 -0.000995422 0.0125553 0.99992 -0.0297653 0.836589 -0.12802
FixedParameters: 0 0 0

#Transform 145
Transform: AffineTransform_float_3_3
Parameters: 0.999981 -0.00609381 0.0010266 0.00610719 0.999892 -0.013372 -0.0009454 0.013378 0.99991 -0.0306612 0.884722 -0.153768
FixedParameters: 0 0 0

#Transform 146
Transform: AffineTransform_float_3_3
Parameters: 0.999981 -0.00598234 0.00114506 0.00599765 0.999882 -0.0141954 -0.00105995 0.0142016 0.999898 -0.0425441 0.92291 -0.182228
FixedParameters: 0 0 0

#Transform 147
Transform: AffineTransform_float_3_3
Parameters: 0.999983 -0.00578973 0.00125269 0.00580627 0.999882 -0.014257 -0.00116932 0.014264 0.999897 -0.0384005 0.935789 -0.148872
FixedParameters: 0 0 0

#Transform 148
Transform: AffineTransform_float_3_3
Parameters: 0.99998 -0.00612689 0.00110343 0.0061411 0.999893 -0.0132715 -0.00102156 0.0132785 0.999912 -0.0373263 0.890724 -0.144731
FixedParameters: 0 0 0

#Transform 149
Transform: AffineTransform_float_3_3
Parameters: 0.999982 -0.00591259 0.000770641 0.00592342 0.99988 -0.0142997 -0.000686358 0.0143033 0.999898 -0.0136032 0.945511 -0.143121
FixedParameters: 0 0 0

#Transform 150
Transform: AffineTransform_float_3_3
Parameters: 0.999981 -0.00614371 0.00115368 0.00615931 0.999887 -0.0137622 -0.00106932 0.0137688 0.999904 -0.0339745 0.915534 -0.150295
FixedParameters: 0 0 0

#Transform 151
Transform: AffineTransform_float_3_3
Parameters: 0.999982 -0.00584571 0.000802837 0.00585529 0.999892 -0.0134715 -0.000724169 0.0134765 0.999909 -0.00950311 0.881471 -0.125092
FixedParameters: 0 0 0

#Transform 152
Transform: AffineTransform_float_3_3
Parameters: 0.999981 -0.00605085 0.00101021 0.00606415 0.999889 -0.0135681 -0.000927783 0.0135749 0.999908 -0.0298722 0.897407 -0.139469
FixedParameters: 0 0 0

#Transform 153
Transform: AffineTransform_float_3_3
Parameters: 0.99998 -0.00620796 0.00102353 0.00622105 0.999893 -0.0132759 -0.000941473 0.0132821 0.999912 -0.0177401 0.88822 -0.125849
FixedParameters: 0 0 0

#Transform 154
Transform: AffineTransform_float_3_3
Parameters: 0.99998 -0.0063901 0.000710231 0.00639891 0.99989 -0.0133257 -0.000625769 0.0133303 0.999911 -3.30717e-05 0.886254 -0.127667
FixedParameters: 0 0 0

#Transform 155
Transform: AffineTransform_float_3_3
Parameters: 0.999981 -0.00605885 0.00033292 0.00606213 0.999879 -0.0143392 -0.000245094 0.0143407 0.999897 0.00579481 0.93766 -0.13814
FixedParameters: 0 0 0

#Transform 156
Transform: AffineTransform_float_3_3
Parameters: 0.99998 -0.00626903 0.000468332 0.00627497 0.999881 -0.0140813 -0.000379671 0.0140837 0.9999 0.00473997 0.926127 -0.110849
FixedParameters: 0 0 0

#Transform 157
Transform: AffineTransform_float_3_3
Parameters: 0.99998 -0.00628316 0.000398444 0.00628784 0.999888 -0.0135918 -0.000313557 0.0135942 0.999908 -0.00281645 0.904723 -0.140596
FixedParameters: 0 0 0

#Transform 158
Transform: AffineTransform_float_3_3
Parameters: 0.999979 -0.00636567 0.000544727 0.00637232 0.999872 -0.0147128 -0.000450281 0.0147162 0.999891 0.000602432 0.957112 -0.134622
FixedParameters: 0 0 0

#Transform 159
Transform: AffineTransform_float_3_3
Parameters: 0.99998 -0.00621059 0.000355041 0.00621441 0.999881 -0.0141691 -0.000266968 0.0141709 0.9999 0.0185614 0.924763 -0.114138
FixedParameters: 0 0 0

#Transform 160
Transform: AffineTransform_float_3_3
Parameters: 0.999979 -0.00635908 0.000541498 0.00636591 0.999883 -0.0139068 -0.000452502 0.0139102 0.999903 -0.000361022 0.91527 -0.126719
FixedParameters: 0 0 0

#Transform 161
Transform: AffineTransform_float_3_3
Parameters: 0.99998 -0.00620529 0.000590568 0.0062127 0.999882 -0.0141006 -0.000502433 0.0141044 0.999901 0.0042402 0.917958 -0.11132
FixedParameters: 0 0 0

#Transform 162
Transform: AffineTransform_float_3_3
Parameters: 0.999979 -0.00655374 0.000644367 0.00656125 0.999883 -0.0137771 -0.000553644 0.0137809 0.999905 0.00361341 0.916514 -0.135384
FixedParameters: 0 0 0

#Transform 163
Transform: AffineTransform_float_3_3
Parameters: 0.999977 -0.00672377 0.000700224 0.00673324 0.999877 -0.0141496 -0.000604769 0.0141544 0.999899 0.00569959 0.93685 -0.123709
FixedParameters: 0 0 0

#Transform 164
Transform: AffineTransform_float_3_3
Parameters: 0.999977 -0.00664968 0.000629996 0.00665831 0.999876 -0.0142741 -0.000535 0.0142779 0.999898 0.00767069 0.932777 -0.115334
FixedParameters: 0 0 0

#Transform 165
Transform: AffineTransform_float_3_3
Parameters: 0.999978 -0.00669226 0.000594677 0.00669974 0.999877 -0.0141363 -0.000500329 0.0141397 0.9999 -3.50562e-05 0.930586 -0.124327
FixedParameters: 0 0 0

#Transform 166
Transform: AffineTransform_float_3_3
Parameters: 0.999978 -0.00658585 0.000775643 0.00659615 0.999881 -0.0139012 -0.000684356 0.0139058 0.999903 -0.00866662 0.922507 -0.115944
FixedParameters: 0 0 0

#Transform 167
Transform: AffineTransform_float_3_3
Parameters: 0.999976 -0.00682049 -0.00052787 0.0068125 0.999869 -0.0146909 0.000628138 0.0146871 0.999892 0.0679193 0.967273 -0.10985
FixedParameters: 0 0 0

#Transform 168
Transform: AffineTransform_float_3_3
Parameters: 0.999981 -0.00618832 -0.000393864 0.00618169 0.999877 -0.0144117 0.000482133 0.0144093 0.999896 0.0446193 0.958482 -0.105726
FixedParameters: 0 0 0

#Transform 169
Transform: AffineTransform_float_3_3
Parameters: 0.999979 -0.00637013 -0.000541603 0.00636186 0.999884 -0.0138867 0.000630391 0.0138823 0.999904 0.0324467 0.949722 -0.0882768
FixedParameters: 0 0 0

#Transform 170
Transform: AffineTransform_float_3_3
Parameters: 0.99998 -0.00633995 -0.0004258 0.00633305 0.999872 -0.014709 0.0005192 0.014706 0.999891 0.0463367 0.990323 -0.101329
FixedParameters: 0 0 0

#Transform 171
Transform: AffineTransform_float_3_3
Parameters: 0.999978 -0.00671175 -0.000126683 0.00670925 0.999859 -0.0153962 0.00023032 0.0153948 0.999881 0.0336565 1.00156 -0.124098
FixedParameters: 0 0 0

#Transform 172
Transform: AffineTransform_float_3_3
Parameters: 0.99998 -0.00630629 0.000437928 0.0063117 0.999874 -0.0145685 -0.000345079 0.0145705 0.999894 0.0115747 0.941782 -0.12293
FixedParameters: 0 0 0

#Transform 173
Transform: AffineTransform_float_3_3
Parameters: 0.999978 -0.00654366 0.000865115 0.00655634 0.999864 -0.0151287 -0.000765879 0.0151343 0.999885 -0.00151748 0.977995 -0.093792
FixedParameters: 0 0 0

#Transform 174
Transform: AffineTransform_float_3_3
Parameters: 0.999978 -0.00658198 0.000925807 0.00659502 0.999868 -0.0148412 -0.000828188 0.0148478 0.99989 -0.00910464 0.957141 -0.114716
FixedParameters: 0 0 0

#Transform 175
Transform: AffineTransform_float_3_3
Parameters: 0.99998 -0.00627077 0.00060706 0.00627923 0.999872 -0.0146685 -0.00051494 0.0146715 0.999892 0.00759695 0.943315 -0.107517
FixedParameters: 0 0 0

#Transform 176
Transform: AffineTransform_float_3_3
Parameters: 0.999977 -0.00685169 0.000138783 0.0068533 0.999864 -0.0149984 -3.5215e-05 0.0149986 0.999888 0.0395694 0.958138 -0.099944
FixedParameters: 0 0 0

#Transform 177
Transform: AffineTransform_float_3_3
Parameters: 0.999977 -0.00677607 0.0007153 0.00678593 0.999866 -0.0149355 -0.000613704 0.0149395 0.999888 6.57527e-05 0.94751 -0.0998667
FixedParameters: 0 0 0

#Transform 178
Transform: AffineTransform_float_3_3
Parameters: 0.999978 -0.00652165 0.00040209 0.00652735 0.999864 -0.0151857 -0.000302902 0.0151883 0.999884 0.0190631 0.976932 -0.100648
FixedParameters: 0 0 0

#Transform 179
Transform: AffineTransform_float_3_3
Parameters: 0.999977 -0.00665412 0.000779264 0.00666487 0.999866 -0.0149021 -0.000679738 0.0149068 0.999888 -0.00431093 0.964158 -0.0897949
FixedParameters: 0 0 0
