#Insight Transform File V1.0
#Transform 0
Transform: AffineTransform_float_3_3
Parameters: 1 -0.000538956 -0.000131181 0.000539044 1 0.000334929 0.000130819 -0.00033507 1 0.071229 -0.101927 -0.401218
FixedParameters: 0 0 0

#Transform 1
Transform: AffineTransform_float_3_3
Parameters: 0.999999 0.000778005 6.09323e-05 -0.000777994 0.999999 -8.70474e-05 -6.10676e-05 8.69525e-05 1 0.0396663 0.0910923 0.0135985
FixedParameters: 0 0 0

#Transform 2
Transform: AffineTransform_float_3_3
Parameters: 0.999999 0.000877995 -9.44689e-06 -0.000878004 0.999999 -0.000508992 8.55309e-06 0.000509007 1 0.042501 0.185361 0.0220061
FixedParameters: 0 0 0

#Transform 3
Transform: AffineTransform_float_3_3
Parameters: 1 0.000960911 -0.000155557 -0.000961091 1 -0.000579851 0.000155443 0.00058015 1 0.0485302 0.200279 0.0413555
FixedParameters: 0 0 0

#Transform 4
Transform: AffineTransform_float_3_3
Parameters: 0.999999 0.00128585 -0.000404479 -0.00128615 0.999999 -0.00037248 0.00040452 0.00037352 1 0.0694241 0.167491 0.0238729
FixedParameters: 0 0 0

#Transform 5
Transform: AffineTransform_float_3_3
Parameters: 0.999999 0.000851026 -0.000292923 -0.000850973 0.999999 9.02493e-05 0.000293076 -8.97506e-05 1 0.0592329 0.120527 0.0735346
FixedParameters: 0 0 0

#Transform 6
Transform: AffineTransform_float_3_3
Parameters: 0.999999 0.000719907 -0.000420158 -0.000720092 0.999999 -0.000219697 0.000420841 0.000220303 1 0.06267 0.119517 0.0856031
FixedParameters: 0 0 0

#Transform 7
Transform: AffineTransform_float_3_3
Parameters: 1 0.000592161 -0.000161412 -0.000591839 1 0.000993096 0.000162588 -0.000992904 0.999999 0.0281711 0.0886838 -0.000370594
FixedParameters: 0 0 0

#Transform 8
Transform: AffineTransform_float_3_3
Parameters: 1 0.000349112 0.00013471 -0.000348888 0.999999 -0.000831046 -0.00013529 0.000830952 0.999999 -0.0148116 0.205251 0.0580967
FixedParameters: 0 0 0

#Transform 9
Transform: AffineTransform_float_3_3
Parameters: 1 0.000277248 0.00018563 -0.000276751 0.999999 -0.00133505 -0.00018637 0.00133495 0.999999 -0.015262 0.202556 0.0817676
FixedParameters: 0 0 0

#Transform 10
Transform: AffineTransform_float_3_3
Parameters: 1 0.000587838 -0.00035127 -0.000588161 0.999999 -0.000459793 0.000350729 0.000460206 1 0.0700901 0.196725 0.00602856
FixedParameters: 0 0 0

#Transform 11
Transform: AffineTransform_float_3_3
Parameters: 1 0.000459966 -3.74282e-05 -0.000460034 1 -0.000930983 3.65717e-05 0.000931017 0.999999 0.0195894 0.232436 0.0353859
FixedParameters: 0 0 0

#Transform 12
Transform: AffineTransform_float_3_3
Parameters: 1 0.000475927 -0.000122285 -0.000476073 0.999999 -0.000597942 0.000121715 0.000598058 1 0.0386505 0.211608 0.0233076
FixedParameters: 0 0 0

#Transform 13
Transform: AffineTransform_float_3_3
Parameters: 1 0.000573911 -9.05641e-05 -0.000574089 1 -0.000982948 9.04356e-05 0.000983052 0.999999 0.0296165 0.207488 0.0764115
FixedParameters: 0 0 0

#Transform 14
Transform: AffineTransform_float_3_3
Parameters: 1 0.000427106 9.15059e-05 -0.000427894 0.999999 -0.00115704 -9.14951e-05 0.00115696 1 -0.0131383 0.216585 0.0803204
FixedParameters: 0 0 0

#Transform 15
Transform: AffineTransform_float_3_3
Parameters: 1 0.000607725 -0.000352474 -0.000608275 0.999999 -0.000779785 0.000352525 0.000780214 0.999999 0.0405185 0.198649 0.042412
FixedParameters: 0 0 0

#Transform 16
Transform: AffineTransform_float_3_3
Parameters: 1 0.000641872 -0.000197415 -0.000642127 0.999999 -0.000645873 0.000196585 0.000646126 1 0.0409543 0.211276 0.0370436
FixedParameters: 0 0 0

#Transform 17
Transform: AffineTransform_float_3_3
Parameters: 1 0.00063893 -0.000205218 -0.00063907 0.999999 -0.000341869 0.000204781 0.000342131 1 0.00950615 0.211878 0.00736061
FixedParameters: 0 0 0

#Transform 18
Transform: AffineTransform_float_3_3
Parameters: 1 0.00066903 9.27798e-05 -0.000668969 0.999999 -0.000329062 -9.322e-05 0.000328938 1 0.00641983 0.234927 -0.000803855
FixedParameters: 0 0 0

#Transform 19
Transform: AffineTransform_float_3_3
Parameters: 0.999999 0.000787985 -5.22135e-05 -0.000788014 0.999999 -0.000270959 5.17864e-05 0.000271041 1 0.0220437 0.210833 0.0052968
FixedParameters: 0 0 0

#Transform 20
Transform: AffineTransform_float_3_3
Parameters: 1 0.000565985 -4.41913e-05 -0.000566015 1 -0.000337975 4.38087e-05 0.000338025 1 0.000330663 0.199537 0.0185952
FixedParameters: 0 0 0

#Transform 21
Transform: AffineTransform_float_3_3
Parameters: 0.999999 0.000870957 -0.000456081 -0.000871042 0.999999 -9.26027e-05 0.000455919 9.23971e-05 1 0.0306152 0.191982 0.0137822
FixedParameters: 0 0 0

#Transform 22
Transform: AffineTransform_float_3_3
Parameters: 1 0.00083516 -0.000788831 -0.000834841 0.999999 0.000202659 0.000788169 -0.000202342 0.999999 0.0858307 0.176504 -0.000749741
FixedParameters: 0 0 0

#Transform 23
Transform: AffineTransform_float_3_3
Parameters: 1 0.000467984 -0.00037702 -0.000468016 1 -4.18235e-05 0.00037698 4.21764e-05 1 0.0233742 0.195344 0.0128725
FixedParameters: 0 0 0

#Transform 24
Transform: AffineTransform_float_3_3
Parameters: 1 0.000443985 -0.000424015 -0.000444014 1 -3.38117e-05 0.000423985 3.41882e-05 1 0.0363636 0.204658 0.00499238
FixedParameters: 0 0 0

#Transform 25
Transform: AffineTransform_float_3_3
Parameters: 1 0.000394017 -4.58534e-05 -0.000393983 1 0.000372018 4.61466e-05 -0.000371982 1 0.0195277 0.174621 -0.0099177
FixedParameters: 0 0 0

#Transform 26
Transform: AffineTransform_float_3_3
Parameters: 1 0.000456021 -7.48709e-05 -0.000455979 1 0.000283034 7.4129e-05 -0.000282966 1 0.0126845 0.19682 -0.00213915
FixedParameters: 0 0 0

#Transform 27
Transform: AffineTransform_float_3_3
Parameters: 1 0.000334891 -0.000352103 -0.000335109 1 -0.000308882 0.000351896 0.000309118 1 0.0462976 0.217257 0.0202638
FixedParameters: 0 0 0

#Transform 28
Transform: AffineTransform_float_3_3
Parameters: 1 0.000139696 -0.000630067 -0.000140304 1 -0.000482911 0.000629932 0.000483088 0.999999 0.057844 0.225059 0.0211624
FixedParameters: 0 0 0

#Transform 29
Transform: AffineTransform_float_3_3
Parameters: 1 0.000102101 -0.000630146 -0.000102898 0.999999 -0.00142594 0.000629854 0.00142606 0.999999 0.0530223 0.263052 0.0787821
FixedParameters: 0 0 0

#Transform 30
Transform: AffineTransform_float_3_3
Parameters: 1 0.000162253 -0.000314387 -0.000162747 0.999997 -0.00237895 0.000313614 0.00237905 0.999997 0.0243278 0.315689 0.0905838
FixedParameters: 0 0 0

#Transform 31
Transform: AffineTransform_float_3_3
Parameters: 1 0.000363373 -0.000247922 -0.000364627 0.999996 -0.00253491 0.000247076 0.00253509 0.999997 0.0442162 0.351108 0.0505439
FixedParameters: 0 0 0

#Transform 32
Transform: AffineTransform_float_3_3
Parameters: 1 -6.23944e-05 -0.000191872 6.16053e-05 0.999998 -0.00205501 0.000192127 0.00205499 0.999998 0.0119337 0.297266 0.0537122
FixedParameters: 0 0 0

#Transform 33
Transform: AffineTransform_float_3_3
Parameters: 1 -7.95769e-05 -0.000279837 7.84227e-05 0.999998 -0.00206102 0.000280162 0.00206098 0.999998 0.0185762 0.308007 0.0665633
FixedParameters: 0 0 0

#Transform 34
Transform: AffineTransform_float_3_3
Parameters: 1 -0.000249578 -0.000277481 0.000249421 0.999998 -0.00208007 0.00027852 0.00208093 0.999998 0.0279895 0.324996 0.0754691
FixedParameters: 0 0 0

#Transform 35
Transform: AffineTransform_float_3_3
Parameters: 1 -0.000437024 -1.32195e-05 0.000436976 0.999999 -0.00178601 1.37805e-05 0.001786 0.999999 -0.0206006 0.286132 0.0955466
FixedParameters: 0 0 0

#Transform 36
Transform: AffineTransform_float_3_3
Parameters: 1 -0.000497073 -4.92674e-05 0.000496927 0.999999 -0.00147402 4.97325e-05 0.00147398 0.999999 -0.00580456 0.277296 0.0696067
FixedParameters: 0 0 0

#Transform 37
Transform: AffineTransform_float_3_3
Parameters: 1 -0.000495984 9.87047e-06 0.000496017 0.999999 -0.001755 -9.12951e-06 0.00175501 0.999999 -0.0157079 0.27819 0.0852828
FixedParameters: 0 0 0

#Transform 38
Transform: AffineTransform_float_3_3
Parameters: 1 -0.00051635 -0.000200098 0.00051565 0.999999 -0.0017471 0.000200901 0.0017469 0.999998 0.0111526 0.285132 0.102807
FixedParameters: 0 0 0

#Transform 39
Transform: AffineTransform_float_3_3
Parameters: 1 -0.000462178 -9.71567e-05 0.00046282 0.999998 -0.00182505 9.88448e-05 0.00182496 0.999999 -0.00120319 0.272849 0.103477
FixedParameters: 0 0 0

#Transform 40
Transform: AffineTransform_float_3_3
Parameters: 0.999999 -0.000671793 -0.000363539 0.000670206 0.999998 -0.00217624 0.000365459 0.00217576 0.999997 0.00685237 0.310511 0.127192
FixedParameters: 0 0 0

#Transform 41
Transform: AffineTransform_float_3_3
Parameters: 0.999999 -0.000644661 -0.000507898 0.000642338 0.999994 -0.00326432 0.000510099 0.00326367 0.999994 0.0197879 0.373596 0.159941
FixedParameters: 0 0 0

#Transform 42
Transform: AffineTransform_float_3_3
Parameters: 0.999999 -0.000569439 -0.000552497 0.000566563 0.99999 -0.00440432 0.0005545 0.00440369 0.99999 0.0175549 0.448585 0.175935
FixedParameters: 0 0 0

#Transform 43
Transform: AffineTransform_float_3_3
Parameters: 0.999999 -0.000804818 -0.000973858 0.000801186 0.999992 -0.00391378 0.000976143 0.00391322 0.999992 0.0613018 0.421102 0.123187
FixedParameters: 0 0 0

#Transform 44
Transform: AffineTransform_float_3_3
Parameters: 1 -0.000644819 -0.000973826 0.000640184 0.999987 -0.00494163 0.000976175 0.00494037 0.999988 0.0558074 0.508261 0.156081
FixedParameters: 0 0 0

#Transform 45
Transform: AffineTransform_float_3_3
Parameters: 0.999999 -0.000515387 -0.000509601 0.000514612 0.999996 -0.00271826 0.0005114 0.00271774 0.999996 0.0185738 0.340613 0.160599
FixedParameters: 0 0 0

#Transform 46
Transform: AffineTransform_float_3_3
Parameters: 0.999999 -0.000406096 -0.00066272 0.000403906 0.999995 -0.00315927 0.000663279 0.00315973 0.999995 0.0320436 0.3554 0.172103
FixedParameters: 0 0 0

#Transform 47
Transform: AffineTransform_float_3_3
Parameters: 1 -0.000959241 -0.000343556 0.000957759 0.999993 -0.00359233 0.000347443 0.00359267 0.999993 0.0146563 0.380151 0.14263
FixedParameters: 0 0 0

#Transform 48
Transform: AffineTransform_float_3_3
Parameters: 0.999999 -0.000835222 -3.62039e-05 0.000834779 0.999983 -0.00574304 4.07948e-05 0.00574297 0.999984 -0.0281663 0.489183 0.187987
FixedParameters: 0 0 0

#Transform 49
Transform: AffineTransform_float_3_3
Parameters: 0.999999 -0.000897755 -0.000280443 0.000896242 0.999981 -0.00619526 0.000286558 0.00619575 0.999981 0.00105298 0.51541 0.1748
FixedParameters: 0 0 0

#Transform 50
Transform: AffineTransform_float_3_3
Parameters: 0.999999 -0.00106434 -6.13129e-05 0.00106366 0.999985 -0.00534407 6.66851e-05 0.00534393 0.999985 0.00490654 0.464903 0.144478
FixedParameters: 0 0 0

#Transform 51
Transform: AffineTransform_float_3_3
Parameters: 1 -0.000995748 5.47982e-05 0.000995254 0.999988 -0.00481795 -5.02065e-05 0.00481705 0.999989 -0.0282799 0.434115 0.17236
FixedParameters: 0 0 0

#Transform 52
Transform: AffineTransform_float_3_3
Parameters: 0.999999 -0.00129452 -0.000106926 0.00129348 0.999988 -0.00469314 0.000113073 0.00469386 0.999989 -0.000787984 0.450538 0.112972
FixedParameters: 0 0 0

#Transform 53
Transform: AffineTransform_float_3_3
Parameters: 0.999999 -0.00127447 0.000115015 0.00127553 0.999988 -0.00471886 -0.000108983 0.00471814 0.999989 -0.0232348 0.416358 0.175359
FixedParameters: 0 0 0

#Transform 54
Transform: AffineTransform_float_3_3
Parameters: 0.999999 -0.00133659 -0.000165283 0.00133641 0.999993 -0.00353022 0.000169718 0.00352978 0.999994 -0.0170552 0.32149 0.203946
FixedParameters: 0 0 0

#Transform 55
Transform: AffineTransform_float_3_3
Parameters: 0.999999 -0.000941574 -0.000166789 0.000941424 0.999993 -0.00341116 0.000170212 0.00341084 0.999994 0.016315 0.384927 0.0787454
FixedParameters: 0 0 0

#Transform 56
Transform: AffineTransform_float_3_3
Parameters: 1 -0.00102556 -0.00016662 0.00102544 0.999994 -0.00329717 0.000170382 0.00329683 0.999994 0.00159245 0.369109 0.0993556
FixedParameters: 0 0 0

#Transform 57
Transform: AffineTransform_float_3_3
Parameters: 1 -0.00089771 -0.000617521 0.000896288 0.999996 -0.00276455 0.00062048 0.00276344 0.999996 0.0257253 0.31765 0.127218
FixedParameters: 0 0 0

#Transform 58
Transform: AffineTransform_float_3_3
Parameters: 0.999999 -0.000871467 0.000209231 0.000872532 0.999997 -0.00255982 -0.000206767 0.00256018 0.999996 -0.0251824 0.320568 0.103687
FixedParameters: 0 0 0

#Transform 59
Transform: AffineTransform_float_3_3
Parameters: 0.999999 -0.000871285 0.000270316 0.000871714 0.999996 -0.00265677 -0.000267685 0.00265724 0.999997 -0.0297413 0.320629 0.113214
FixedParameters: 0 0 0

#Transform 60
Transform: AffineTransform_float_3_3
Parameters: 1 -0.000963824 7.3352e-05 0.000964178 0.999996 -0.00243993 -7.16476e-05 0.00244007 0.999997 -0.0158871 0.294196 0.114631
FixedParameters: 0 0 0

#Transform 61
Transform: AffineTransform_float_3_3
Parameters: 1 -0.00119333 -0.00011871 0.00119367 0.999996 -0.00275715 0.000121291 0.00275686 0.999996 -0.00180783 0.345187 0.0980337
FixedParameters: 0 0 0

#Transform 62
Transform: AffineTransform_float_3_3
Parameters: 0.999999 -0.00122831 0.000300848 0.00122969 0.999996 -0.00231763 -0.00029815 0.00231837 0.999998 -0.0441475 0.294458 0.109427
FixedParameters: 0 0 0

#Transform 63
Transform: AffineTransform_float_3_3
Parameters: 1 -0.0010803 -0.000124394 0.0010807 0.999997 -0.00241314 0.000126608 0.00241287 0.999997 0.024543 0.307333 0.0964758
FixedParameters: 0 0 0

#Transform 64
Transform: AffineTransform_float_3_3
Parameters: 0.999999 -0.00134836 0.000231784 0.00134864 0.999995 -0.00280569 -0.000227218 0.00280531 0.999996 -0.0442529 0.330717 0.161117
FixedParameters: 0 0 0

#Transform 65
Transform: AffineTransform_float_3_3
Parameters: 0.999999 -0.00105579 0.000126752 0.00105621 0.999998 -0.00165887 -0.000125248 0.00165913 0.999998 -0.0194444 0.264609 0.073749
FixedParameters: 0 0 0

#Transform 66
Transform: AffineTransform_float_3_3
Parameters: 1 -0.00105272 0.000105799 0.00105328 0.999996 -0.00265889 -0.0001032 0.00265911 0.999996 0.00247483 0.317403 0.137028
FixedParameters: 0 0 0

#Transform 67
Transform: AffineTransform_float_3_3
Parameters: 0.999999 -0.000849379 -0.000185268 0.00084862 0.999997 -0.00203916 0.000186731 0.00203884 0.999998 0.0242765 0.28741 0.126683
FixedParameters: 0 0 0

#Transform 68
Transform: AffineTransform_float_3_3
Parameters: 0.999999 -0.000754515 0.000233569 0.000754482 0.999997 -0.00207882 -0.000231432 0.00207917 0.999998 0.00138372 0.274961 0.112294
FixedParameters: 0 0 0

#Transform 69
Transform: AffineTransform_float_3_3
Parameters: 1 -0.00117661 0.000233989 0.00117639 0.999998 -0.00168973 -0.000232012 0.00169027 0.999999 -0.02999 0.27486 0.108521
FixedParameters: 0 0 0

#Transform 70
Transform: AffineTransform_float_3_3
Parameters: 1 -0.00116711 -6.09285e-05 0.00116689 0.999997 -0.00177507 6.30713e-05 0.00177493 0.999999 0.0105502 0.283409 0.094464
FixedParameters: 0 0 0

#Transform 71
Transform: AffineTransform_float_3_3
Parameters: 1 -0.00119459 0.000219275 0.00119442 0.999998 -0.00190374 -0.000216726 0.00190426 0.999998 -0.00819637 0.28176 0.127817
FixedParameters: 0 0 0

#Transform 72
Transform: AffineTransform_float_3_3
Parameters: 0.999999 -0.000937294 -0.000149159 0.000936705 0.999997 -0.00196414 0.00015084 0.00196386 0.999998 0.00621769 0.290094 0.123161
FixedParameters: 0 0 0

#Transform 73
Transform: AffineTransform_float_3_3
Parameters: 0.999999 -0.00100824 -0.000105725 0.00100776 0.999997 -0.00225711 0.000108275 0.00225689 0.999998 -0.00013096 0.299123 0.134093
FixedParameters: 0 0 0

#Transform 74
Transform: AffineTransform_float_3_3
Parameters: 1 -0.000977723 -0.000309728 0.000977277 0.999997 -0.0023253 0.000312273 0.0023247 0.999997 0.0195678 0.295721 0.157121
FixedParameters: 0 0 0

#Transform 75
Transform: AffineTransform_float_3_3
Parameters: 1 -0.00106772 -0.000309512 0.00106727 0.999996 -0.00233133 0.000312489 0.00233067 0.999997 0.00673067 0.303116 0.16032
FixedParameters: 0 0 0

#Transform 76
Transform: AffineTransform_float_3_3
Parameters: 1 -0.00101982 -0.000369743 0.00101918 0.999997 -0.00221438 0.000372259 0.00221462 0.999998 0.0130044 0.305336 0.154194
FixedParameters: 0 0 0

#Transform 77
Transform: AffineTransform_float_3_3
Parameters: 1 -0.00111315 -9.62368e-05 0.00111385 0.999998 -0.00158411 9.87644e-05 0.00158389 0.999998 0.00171519 0.265986 0.112029
FixedParameters: 0 0 0

#Transform 78
Transform: AffineTransform_float_3_3
Parameters: 1 -0.00117608 -3.43704e-05 0.00117592 0.999997 -0.00223604 3.66295e-05 0.00223596 0.999998 -0.0197452 0.285116 0.191098
FixedParameters: 0 0 0

#Transform 79
Transform: AffineTransform_float_3_3
Parameters: 0.999999 -0.00132174 -0.000345188 0.00132126 0.999997 -0.00212846 0.000347813 0.00212854 0.999997 0.0245363 0.266524 0.183552
FixedParameters: 0 0 0

#Transform 80
Transform: AffineTransform_float_3_3
Parameters: 1 -0.00121316 -7.45107e-05 0.00121285 0.999997 -0.00205209 7.64889e-05 0.00205191 0.999998 0.00363672 0.288209 0.141677
FixedParameters: 0 0 0

#Transform 81
Transform: AffineTransform_float_3_3
Parameters: 0.999999 -0.00138821 -7.30341e-05 0.00138779 0.999995 -0.0028571 7.69651e-05 0.0028569 0.999996 -0.00303033 0.324498 0.179185
FixedParameters: 0 0 0

#Transform 82
Transform: AffineTransform_float_3_3
Parameters: 0.999998 -0.00165273 -0.000184559 0.00165227 0.999991 -0.00389831 0.000191442 0.00389769 0.999993 0.0106373 0.413032 0.185553
FixedParameters: 0 0 0

#Transform 83
Transform: AffineTransform_float_3_3
Parameters: 0.999999 -0.00176736 -8.48074e-05 0.00176664 0.99999 -0.00407016 9.21909e-05 0.00406984 0.999991 -0.00458596 0.422226 0.189946
FixedParameters: 0 0 0

#Transform 84
Transform: AffineTransform_float_3_3
Parameters: 0.999999 -0.00177453 -0.000118241 0.00177447 0.999989 -0.00437322 0.000125763 0.00437379 0.999991 -0.00331534 0.452341 0.180631
FixedParameters: 0 0 0

#Transform 85
Transform: AffineTransform_float_3_3
Parameters: 0.999998 -0.00167149 -0.000309068 0.00166951 0.999988 -0.00474752 0.000316928 0.00474648 0.999988 -0.000263984 0.473089 0.190332
FixedParameters: 0 0 0

#Transform 86
Transform: AffineTransform_float_3_3
Parameters: 0.999998 -0.00150972 -0.000513074 0.00150728 0.999985 -0.00525478 0.000520927 0.00525422 0.999986 0.0212398 0.515567 0.197663
FixedParameters: 0 0 0

#Transform 87
Transform: AffineTransform_float_3_3
Parameters: 0.999998 -0.00159589 -0.00016877 0.00159511 0.999986 -0.00515828 0.00017723 0.00515772 0.999986 0.0061223 0.488932 0.244357
FixedParameters: 0 0 0

#Transform 88
Transform: AffineTransform_float_3_3
Parameters: 0.999998 -0.00160666 0.000300284 0.00160835 0.999989 -0.00453152 -0.000293713 0.00453248 0.999989 -0.0536824 0.439526 0.222732
FixedParameters: 0 0 0

#Transform 89
Transform: AffineTransform_float_3_3
Parameters: 0.999998 -0.00162349 0.000119217 0.00162451 0.999989 -0.00444481 -0.00011178 0.00444519 0.99999 -0.0159568 0.441398 0.211899
FixedParameters: 0 0 0

#Transform 90
Transform: AffineTransform_float_3_3
Parameters: 0.999999 -0.00176164 0.000528927 0.00176336 0.999989 -0.00449608 -0.000521076 0.00449693 0.99999 -0.0559736 0.414967 0.246777
FixedParameters: 0 0 0

#Transform 91
Transform: AffineTransform_float_3_3
Parameters: 0.999998 -0.00167201 0.000437657 0.00167399 0.999988 -0.00457628 -0.000430344 0.00457673 0.99999 -0.0612711 0.413097 0.282743
FixedParameters: 0 0 0

#Transform 92
Transform: AffineTransform_float_3_3
Parameters: 0.999999 -0.00149097 1.08998e-05 0.00149103 0.999991 -0.00395699 -5.10001e-06 0.00395701 0.999992 -0.0057915 0.379584 0.231317
FixedParameters: 0 0 0

#Transform 93
Transform: AffineTransform_float_3_3
Parameters: 0.999999 -0.00177686 4.14769e-05 0.00177714 0.999992 -0.00364493 -3.45225e-05 0.00364507 0.999994 -0.0276618 0.352193 0.222698
FixedParameters: 0 0 0

#Transform 94
Transform: AffineTransform_float_3_3
Parameters: 0.999999 -0.00157453 -0.000129655 0.00157347 0.99999 -0.00403021 0.000135342 0.00402979 0.999992 -0.00346154 0.385185 0.260605
FixedParameters: 0 0 0

#Transform 95
Transform: AffineTransform_float_3_3
Parameters: 0.999998 -0.0016265 0.000148558 0.0016265 0.999993 -0.00341676 -0.000143443 0.00341724 0.999994 -0.028125 0.354127 0.230543
FixedParameters: 0 0 0

#Transform 96
Transform: AffineTransform_float_3_3
Parameters: 0.999999 -0.00184098 0.000293472 0.00184202 0.999992 -0.00351447 -0.000287528 0.00351454 0.999994 -0.0637134 0.372427 0.224971
FixedParameters: 0 0 0

#Transform 97
Transform: AffineTransform_float_3_3
Parameters: 0.999999 -0.00179538 -0.000109997 0.00179462 0.999993 -0.0033442 0.000116002 0.0033438 0.999995 -0.00944082 0.360384 0.214217
FixedParameters: 0 0 0

#Transform 98
Transform: AffineTransform_float_3_3
Parameters: 0.999999 -0.00176352 0.000144051 0.00176348 0.999992 -0.00343075 -0.00013795 0.00343125 0.999994 -0.0318004 0.363929 0.243511
FixedParameters: 0 0 0

#Transform 99
Transform: AffineTransform_float_3_3
Parameters: 0.999999 -0.00180697 -0.000300233 0.00180603 0.999994 -0.00319255 0.000305768 0.00319245 0.999995 -0.00527068 0.348161 0.237417
FixedParameters: 0 0 0

#Transform 100
Transform: AffineTransform_float_3_3
Parameters: 0.999998 -0.00170244 0.000193016 0.00170256 0.999994 -0.00294568 -0.000187985 0.00294632 0.999995 -0.0360109 0.345412 0.188383
FixedParameters: 0 0 0

#Transform 101
Transform: AffineTransform_float_3_3
Parameters: 0.999999 -0.00181951 0.000165452 0.00181949 0.999994 -0.0029957 -0.000160549 0.0029963 0.999995 -0.03287 0.333102 0.188589
FixedParameters: 0 0 0

#Transform 102
Transform: AffineTransform_float_3_3
Parameters: 0.999999 -0.00183904 -8.64614e-06 0.00183896 0.999993 -0.00345502 1.43537e-05 0.00345498 0.999994 -0.00729289 0.381785 0.214985
FixedParameters: 0 0 0

#Transform 103
Transform: AffineTransform_float_3_3
Parameters: 0.999999 -0.00180131 0.000183891 0.00180169 0.999991 -0.00382467 -0.00017711 0.00382532 0.999992 -0.0332825 0.392374 0.237244
FixedParameters: 0 0 0

#Transform 104
Transform: AffineTransform_float_3_3
Parameters: 0.999998 -0.0019006 -0.000142176 0.0018994 0.999989 -0.00411727 0.000149823 0.00411772 0.999991 -0.00990378 0.413781 0.242773
FixedParameters: 0 0 0

#Transform 105
Transform: AffineTransform_float_3_3
Parameters: 0.999999 -0.00180226 -0.000289234 0.00180074 0.999989 -0.00431053 0.000296763 0.00430947 0.99999 0.0155795 0.396622 0.276146
FixedParameters: 0 0 0

#Transform 106
Transform: AffineTransform_float_3_3
Parameters: 0.999998 -0.0019008 5.63641e-05 0.0019002 0.99999 -0.0038739 -4.86389e-05 0.0038741 0.999993 -0.0255413 0.370243 0.246793
FixedParameters: 0 0 0

#Transform 107
Transform: AffineTransform_float_3_3
Parameters: 0.999998 -0.00204649 0.000130238 0.00204651 0.99999 -0.00402474 -0.000121764 0.00402526 0.999992 -0.033899 0.374056 0.244287
FixedParameters: 0 0 0

#Transform 108
Transform: AffineTransform_float_3_3
Parameters: 0.999998 -0.00204188 3.5839e-05 0.00204212 0.99999 -0.00383893 -2.81604e-05 0.00383906 0.999992 -0.0202371 0.396916 0.235528
FixedParameters: 0 0 0

#Transform 109
Transform: AffineTransform_float_3_3
Parameters: 0.999998 -0.00199419 0.00025153 0.00199481 0.999992 -0.0032735 -0.000245472 0.00327349 0.999994 -0.0381956 0.36097 0.208237
FixedParameters: 0 0 0

#Transform 110
Transform: AffineTransform_float_3_3
Parameters: 0.999998 -0.00193851 0.000146687 0.0019395 0.999992 -0.00344872 -0.000140311 0.00344928 0.999994 -0.0313703 0.378267 0.220428
FixedParameters: 0 0 0

#Transform 111
Transform: AffineTransform_float_3_3
Parameters: 0.999998 -0.00190196 1.45637e-05 0.00190204 0.999992 -0.00345098 -8.43608e-06 0.00345102 0.999994 -0.00920313 0.37485 0.209574
FixedParameters: 0 0 0

#Transform 112
Transform: AffineTransform_float_3_3
Parameters: 0.999998 -0.00194491 2.90154e-05 0.00194509 0.999991 -0.00360695 -2.19841e-05 0.00360705 0.999993 -0.0212728 0.377273 0.220699
FixedParameters: 0 0 0

#Transform 113
Transform: AffineTransform_float_3_3
Parameters: 0.999998 -0.00209016 -5.19825e-05 0.00209084 0.999993 -0.00287911 5.80217e-05 0.00287988 0.999996 0.00216243 0.332029 0.202063
FixedParameters: 0 0 0

#Transform 114
Transform: AffineTransform_float_3_3
Parameters: 0.999998 -0.00198956 0.000548236 0.00199044 0.999994 -0.00262991 -0.000543766 0.00263109 0.999997 -0.0530287 0.315635 0.223049
FixedParameters: 0 0 0

#Transform 115
Transform: AffineTransform_float_3_3
Parameters: 0.999998 -0.00187792 0.000388246 0.00187908 0.999995 -0.00279228 -0.000383753 0.00279373 0.999996 -0.0370164 0.326691 0.195128
FixedParameters: 0 0 0

#Transform 116
Transform: AffineTransform_float_3_3
Parameters: 0.999998 -0.00197397 0.000388269 0.00197503 0.999995 -0.00266824 -0.000383731 0.00266877 0.999997 -0.0477217 0.327984 0.21636
FixedParameters: 0 0 0

#Transform 117
Transform: AffineTransform_float_3_3
Parameters: 0.999998 -0.00197196 0.000388319 0.00197304 0.999995 -0.00269624 -0.000383681 0.00269676 0.999997 -0.0689427 0.307409 0.252532
FixedParameters: 0 0 0

#Transform 118
Transform: AffineTransform_float_3_3
Parameters: 0.999998 -0.00195958 0.000447258 0.00196142 0.999993 -0.00319213 -0.00044074 0.00319287 0.999995 -0.0479026 0.34288 0.237305
FixedParameters: 0 0 0

#Transform 119
Transform: AffineTransform_float_3_3
Parameters: 0.999998 -0.00193138 0.000239051 0.00193162 0.999994 -0.00261454 -0.000233951 0.00261445 0.999996 -0.0273528 0.332375 0.228173
FixedParameters: 0 0 0

#Transform 120
Transform: AffineTransform_float_3_3
Parameters: 0.999997 -0.00210708 0.000342728 0.00210792 0.999994 -0.00271728 -0.000337273 0.00271772 0.999996 -0.0565545 0.313512 0.248608
FixedParameters: 0 0 0

#Transform 121
Transform: AffineTransform_float_3_3
Parameters: 0.999998 -0.001802 -0.000600022 0.0018 0.999993 -0.00332009 0.000605979 0.00331891 0.999995 0.0387303 0.346219 0.261114
FixedParameters: 0 0 0

#Transform 122
Transform: AffineTransform_float_3_3
Parameters: 0.999999 -0.00179998 9.84997e-06 0.00180002 0.999993 -0.00324999 -4.14993e-06 0.00325001 0.999994 0.000845497 0.353608 0.232838
FixedParameters: 0 0 0

#Transform 123
Transform: AffineTransform_float_3_3
Parameters: 0.999999 -0.00179987 4.12547e-05 0.00179913 0.999993 -0.00347493 -3.47482e-05 0.00347507 0.999994 -0.0159882 0.357512 0.242218
FixedParameters: 0 0 0

#Transform 124
Transform: AffineTransform_float_3_3
Parameters: 0.999999 -0.00180149 -0.000404434 0.00179951 0.999991 -0.00364673 0.000411565 0.00364626 0.999994 0.0293976 0.366992 0.245006
FixedParameters: 0 0 0

#Transform 125
Transform: AffineTransform_float_3_3
Parameters: 0.999995 -0.00286872 0.000541212 0.00287027 0.999987 -0.00425446 -0.000528792 0.00425553 0.999991 -0.0175098 0.374988 0.321107
FixedParameters: 0 0 0

#Transform 126
Transform: AffineTransform_float_3_3
Parameters: 0.999997 -0.00247142 0.000129641 0.00247258 0.999986 -0.00470969 -0.000118355 0.00471031 0.999989 -0.0253753 0.387422 0.379341
FixedParameters: 0 0 0

#Transform 127
Transform: AffineTransform_float_3_3
Parameters: 0.999997 -0.00245597 0.000241673 0.00245702 0.999987 -0.00434442 -0.000230328 0.00434457 0.99999 -0.0520147 0.41909 0.265593
FixedParameters: 0 0 0

#Transform 128
Transform: AffineTransform_float_3_3
Parameters: 0.999996 -0.00253964 0.000372368 0.00254135 0.99999 -0.00368707 -0.000362631 0.00368793 0.999993 -0.0678018 0.379648 0.25563
FixedParameters: 0 0 0

#Transform 129
Transform: AffineTransform_float_3_3
Parameters: 0.999998 -0.00227834 0.000537108 0.00228067 0.999993 -0.00311779 -0.00052989 0.00311922 0.999995 -0.0674074 0.325696 0.259712
FixedParameters: 0 0 0

#Transform 130
Transform: AffineTransform_float_3_3
Parameters: 0.999997 -0.00220402 -1.16249e-06 0.00220398 0.999991 -0.00355601 8.83741e-06 0.00355599 0.999993 -0.008051 0.352942 0.262087
FixedParameters: 0 0 0

#Transform 131
Transform: AffineTransform_float_3_3
Parameters: 0.999996 -0.00254504 0.000596415 0.00254696 0.999992 -0.00330449 -0.000588586 0.00330551 0.999995 -0.0554465 0.362451 0.2834
FixedParameters: 0 0 0

#Transform 132
Transform: AffineTransform_float_3_3
Parameters: 0.999998 -0.00231906 0.000310143 0.00232094 0.999992 -0.00307929 -0.000302855 0.00307971 0.999995 -0.0507409 0.33332 0.274502
FixedParameters: 0 0 0

#Transform 133
Transform: AffineTransform_float_3_3
Parameters: 0.999997 -0.00220361 0.000136479 0.00220439 0.999993 -0.00293971 -0.000130519 0.00294029 0.999995 -0.0181396 0.352129 0.243217
FixedParameters: 0 0 0

#Transform 134
Transform: AffineTransform_float_3_3
Parameters: 0.999998 -0.00220264 0.000487199 0.00220436 0.999993 -0.00281293 -0.0004808 0.00281406 0.999996 -0.0434072 0.350166 0.228933
FixedParameters: 0 0 0

#Transform 135
Transform: AffineTransform_float_3_3
Parameters: 0.999997 -0.00235338 0.000538115 0.00235561 0.999992 -0.00302174 -0.000530882 0.00302326 0.999996 -0.056669 0.346829 0.238828
FixedParameters: 0 0 0

#Transform 136
Transform: AffineTransform_float_3_3
Parameters: 0.999997 -0.00220334 0.000267451 0.00220465 0.999994 -0.00247342 -0.000262546 0.00247458 0.999997 -0.0158898 0.344507 0.1735
FixedParameters: 0 0 0

#Transform 137
Transform: AffineTransform_float_3_3
Parameters: 0.999997 -0.00220367 0.00012308 0.00220433 0.999994 -0.00275874 -0.000116918 0.00275926 0.999996 -0.0253888 0.354509 0.232854
FixedParameters: 0 0 0

#Transform 138
Transform: AffineTransform_float_3_3
Parameters: 0.999998 -0.00220366 0.000130822 0.00220434 0.999994 -0.00264172 -0.000125176 0.00264228 0.999997 -0.0243863 0.338901 0.22173
FixedParameters: 0 0 0

#Transform 139
Transform: AffineTransform_float_3_3
Parameters: 0.999997 -0.00220389 4.29814e-05 0.00220411 0.999994 -0.00271391 -3.70181e-05 0.00271409 0.999997 -0.00488354 0.300885 0.277434
FixedParameters: 0 0 0

#Transform 140
Transform: AffineTransform_float_3_3
Parameters: 0.999997 -0.00220366 0.000156784 0.00220434 0.999995 -0.00217066 -0.000152214 0.00217134 0.999997 -0.0479781 0.28772 0.27991
FixedParameters: 0 0 0

#Transform 141
Transform: AffineTransform_float_3_3
Parameters: 0.999998 -0.00234277 8.46091e-05 0.00234323 0.999994 -0.00282081 -7.83922e-05 0.00282019 0.999996 -0.0137623 0.334725 0.227331
FixedParameters: 0 0 0

#Transform 142
Transform: AffineTransform_float_3_3
Parameters: 0.999997 -0.00234787 0.000514205 0.00234913 0.999995 -0.0022158 -0.000508794 0.0022172 0.999997 -0.0530354 0.309926 0.197575
FixedParameters: 0 0 0

#Transform 143
Transform: AffineTransform_float_3_3
Parameters: 0.999998 -0.00207787 5.24877e-05 0.00207713 0.999995 -0.0026409 -4.75164e-05 0.0026401 0.999996 -0.0303151 0.328322 0.185871
FixedParameters: 0 0 0

#Transform 144
Transform: AffineTransform_float_3_3
Parameters: 0.999997 -0.00237525 0.000321608 0.00237575 0.999995 -0.00236024 -0.000315393 0.00236076 0.999997 -0.0253838 0.331777 0.174436
FixedParameters: 0 0 0

#Transform 145
Transform: AffineTransform_float_3_3
Parameters: 0.999997 -0.0022106 -0.000212839 0.0022104 0.999993 -0.00278748 0.000219161 0.00278652 0.999996 -0.00100161 0.359616 0.231997
FixedParameters: 0 0 0

#Transform 146
Transform: AffineTransform_float_3_3
Parameters: 0.999997 -0.00246509 -2.90287e-05 0.00246491 0.999993 -0.00282808 3.59708e-05 0.00282792 0.999996 -0.0215481 0.364978 0.195675
FixedParameters: 0 0 0

#Transform 147
Transform: AffineTransform_float_3_3
Parameters: 0.999997 -0.00240262 -0.000212037 0.00240238 0.999993 -0.00289852 0.000218965 0.00289848 0.999996 0.00265641 0.379295 0.203064
FixedParameters: 0 0 0

#Transform 148
Transform: AffineTransform_float_3_3
Parameters: 0.999998 -0.00226066 0.000112997 0.00226134 0.999992 -0.00309475 -0.000106001 0.00309525 0.999995 -0.0370226 0.369221 0.258557
FixedParameters: 0 0 0

#Transform 149
Transform: AffineTransform_float_3_3
Parameters: 0.999997 -0.00237608 -0.000361991 0.00237492 0.999993 -0.00295087 0.000369009 0.00295013 0.999995 0.00450734 0.352286 0.26215
FixedParameters: 0 0 0

#Transform 150
Transform: AffineTransform_float_3_3
Parameters: 0.999997 -0.00265262 0.000425693 0.00265438 0.999991 -0.00327588 -0.000417305 0.00327712 0.999994 -0.0715192 0.363433 0.267528
FixedParameters: 0 0 0

#Transform 151
Transform: AffineTransform_float_3_3
Parameters: 0.999997 -0.00243218 0.000254971 0.00243282 0.999991 -0.00327639 -0.000247028 0.00327761 0.999994 -0.0431385 0.374859 0.270753
FixedParameters: 0 0 0

#Transform 152
Transform: AffineTransform_float_3_3
Parameters: 0.999998 -0.00223695 1.96661e-05 0.00223706 0.999991 -0.00342696 -1.23336e-05 0.00342704 0.999994 -0.00721623 0.384835 0.274966
FixedParameters: 0 0 0

#Transform 153
Transform: AffineTransform_float_3_3
Parameters: 0.999998 -0.00226748 0.000162395 0.00226852 0.999992 -0.00326064 -0.000154603 0.00326136 0.999994 -0.00427234 0.40348 0.222868
FixedParameters: 0 0 0

#Transform 154
Transform: AffineTransform_float_3_3
Parameters: 0.999998 -0.00228335 0.000192833 0.00228365 0.999992 -0.00342957 -0.000185168 0.00343043 0.999994 -0.0498113 0.399074 0.260274
FixedParameters: 0 0 0

#Transform 155
Transform: AffineTransform_float_3_3
Parameters: 0.999998 -0.00198869 9.28415e-05 0.00198831 0.999992 -0.00343982 -8.61606e-05 0.00344018 0.999994 -0.0130646 0.396591 0.226395
FixedParameters: 0 0 0

#Transform 156
Transform: AffineTransform_float_3_3
Parameters: 0.999997 -0.00220058 0.0001237 0.00220142 0.999992 -0.00349874 -0.000116298 0.00349927 0.999994 -0.0293261 0.401524 0.248044
FixedParameters: 0 0 0

#Transform 157
Transform: AffineTransform_float_3_3
Parameters: 0.999997 -0.00236435 0.000177839 0.00236465 0.99999 -0.00373759 -0.000169164 0.00373741 0.999993 -0.0451504 0.396604 0.290076
FixedParameters: 0 0 0

#Transform 158
Transform: AffineTransform_float_3_3
Parameters: 0.999997 -0.0025334 0.000176832 0.0025336 0.99999 -0.00348556 -0.000168171 0.00348544 0.999994 -0.00929974 0.426375 0.237333
FixedParameters: 0 0 0

#Transform 159
Transform: AffineTransform_float_3_3
Parameters: 0.999996 -0.00256504 -0.000242261 0.00256396 0.999988 -0.00418764 0.000252737 0.00418637 0.999991 0.0207688 0.489526 0.270564
FixedParameters: 0 0 0

#Transform 160
Transform: AffineTransform_float_3_3
Parameters: 0.999998 -0.00227585 4.69702e-05 0.00227515 0.999992 -0.0035019 -3.90325e-05 0.0035021 0.999994 -0.0294267 0.414556 0.283253
FixedParameters: 0 0 0

#Transform 161
Transform: AffineTransform_float_3_3
Parameters: 0.999998 -0.00198956 -0.000166485 0.00198844 0.999992 -0.00327534 0.000172513 0.00327466 0.999994 0.00925744 0.391723 0.280915
FixedParameters: 0 0 0

#Transform 162
Transform: AffineTransform_float_3_3
Parameters: 0.999998 -0.00207597 -0.000304445 0.00207503 0.999993 -0.00315864 0.000310556 0.00315836 0.999995 0.0169369 0.376327 0.290835
FixedParameters: 0 0 0

#Transform 163
Transform: AffineTransform_float_3_3
Parameters: 0.999998 -0.00232095 1.81765e-05 0.00232104 0.999992 -0.00309197 -1.08233e-05 0.00309203 0.999995 -0.0319948 0.373185 0.290902
FixedParameters: 0 0 0

#Transform 164
Transform: AffineTransform_float_3_3
Parameters: 0.999998 -0.00199179 -0.000706188 0.00198821 0.999991 -0.00392541 0.000713808 0.00392359 0.999992 0.0279941 0.390747 0.276819
FixedParameters: 0 0 0

#Transform 165
Transform: AffineTransform_float_3_3
Parameters: 0.999997 -0.00234957 0.000146134 0.00234943 0.999992 -0.00303567 -0.000138867 0.00303633 0.999996 -0.0242269 0.369898 0.248877
FixedParameters: 0 0 0

#Transform 166
Transform: AffineTransform_float_3_3
Parameters: 0.999997 -0.00245533 0.000655276 0.00245666 0.999993 -0.0025544 -0.000648725 0.0025556 0.999996 -0.0851072 0.312584 0.252596
FixedParameters: 0 0 0

#Transform 167
Transform: AffineTransform_float_3_3
Parameters: 0.999997 -0.00240538 -0.000171823 0.00240562 0.999995 -0.00215242 0.000177179 0.00215258 0.999997 -0.0167676 0.301657 0.196617
FixedParameters: 0 0 0

#Transform 168
Transform: AffineTransform_float_3_3
Parameters: 0.999996 -0.00255671 -0.000504426 0.00255529 0.999991 -0.0033553 0.000512577 0.0033547 0.999994 0.0232863 0.403877 0.2593
FixedParameters: 0 0 0

#Transform 169
Transform: AffineTransform_float_3_3
Parameters: 0.999997 -0.00243177 7.86384e-05 0.00243224 0.999992 -0.00314082 -7.13605e-05 0.00314118 0.999995 -0.0388136 0.388511 0.269721
FixedParameters: 0 0 0

#Transform 170
Transform: AffineTransform_float_3_3
Parameters: 0.999998 -0.00233421 -6.71445e-05 0.00233379 0.999993 -0.00293716 7.38545e-05 0.00293683 0.999995 -0.0265811 0.355019 0.301414
FixedParameters: 0 0 0

#Transform 171
Transform: AffineTransform_float_3_3
Parameters: 0.999998 -0.00198906 -2.20492e-05 0.00198894 0.999995 -0.00248905 2.69505e-05 0.00248895 0.999997 0.0212692 0.354358 0.195584
FixedParameters: 0 0 0

#Transform 172
Transform: AffineTransform_float_3_3
Parameters: 0.999997 -0.00239151 0.000216453 0.00239149 0.999994 -0.00227949 -0.000211547 0.00228051 0.999998 -0.0476675 0.318095 0.248221
FixedParameters: 0 0 0

#Transform 173
Transform: AffineTransform_float_3_3
Parameters: 0.999998 -0.00230493 -0.000367247 0.00230408 0.999994 -0.00249685 0.000372754 0.00249615 0.999997 0.0100432 0.323604 0.278088
FixedParameters: 0 0 0

#Transform 174
Transform: AffineTransform_float_3_3
Parameters: 0.999998 -0.00230081 6.05676e-05 0.00230019 0.999992 -0.00328887 -5.34348e-05 0.00328913 0.999994 -0.0286763 0.378145 0.273374
FixedParameters: 0 0 0

#Transform 175
Transform: AffineTransform_float_3_3
Parameters: 0.999997 -0.00251852 0.000221586 0.00251849 0.999995 -0.00221745 -0.000216414 0.00221855 0.999997 -0.0612755 0.312271 0.282668
FixedParameters: 0 0 0

#Transform 176
Transform: AffineTransform_float_3_3
Parameters: 0.999997 -0.00239844 0.000262202 0.00239856 0.999995 -0.00216838 -0.0002578 0.00216862 0.999997 -0.0301261 0.332371 0.245019
FixedParameters: 0 0 0

#Transform 177
Transform: AffineTransform_float_3_3
Parameters: 0.999997 -0.00241204 -1.81518e-05 0.00241196 0.999995 -0.00201005 2.2848e-05 0.00200995 0.999998 -0.028097 0.319746 0.279914
FixedParameters: 0 0 0

#Transform 178
Transform: AffineTransform_float_3_3
Parameters: 0.999998 -0.00232879 0.000105748 0.00232921 0.999995 -0.00203876 -0.000101251 0.00203924 0.999998 -0.0297162 0.312851 0.29281
FixedParameters: 0 0 0

#Transform 179
Transform: AffineTransform_float_3_3
Parameters: 0.999997 -0.00213057 -0.000635761 0.00212943 0.999994 -0.00246036 0.000641241 0.00245964 0.999997 0.0253193 0.330005 0.254759
FixedParameters: 0 0 0
