# transform file /out/sourcedata/freesurfer/sub-v2s8x29177_ses-1/mri/transforms/cc_up.lta
# created by oesteban on Sat Mar 14 00:43:50 2026

type      = 0 # LINEAR_VOX_TO_VOX
nxforms   = 1
mean      = 128.0000 133.0000 131.0000
sigma     = 10000.0000
1 4 4
9.874191284179688e-01 -1.576609164476395e-01 1.210467331111431e-02 2.043370437622070e+01 
1.576490700244904e-01 9.874932765960693e-01 1.932604354806244e-03 -7.655597209930420e+00 
-1.225798018276691e-02 -1.164153218269348e-10 9.999248981475830e-01 -2.445576667785645e+00 
0.000000000000000e+00 0.000000000000000e+00 0.000000000000000e+00 1.000000000000000e+00 
src volume info
valid = 1  # volume info valid
filename = /out/sourcedata/freesurfer/sub-v2s8x29177_ses-1/mri/norm.mgz
volume = 256 256 256
voxelsize = 1.000000000000000e+00 1.000000000000000e+00 1.000000000000000e+00
xras   = -1.000000000000000e+00 0.000000000000000e+00 0.000000000000000e+00
yras   = 0.000000000000000e+00 0.000000000000000e+00 -1.000000000000000e+00
zras   = 0.000000000000000e+00 1.000000000000000e+00 0.000000000000000e+00
cras   = 1.801450347900391e+01 2.771072387695312e-01 1.112048339843750e+01
dst volume info
valid = 1  # volume info valid
filename = /out/sourcedata/freesurfer/sub-v2s8x29177_ses-1/mri/norm.mgz
volume = 256 256 256
voxelsize = 1.000000000000000e+00 1.000000000000000e+00 1.000000000000000e+00
xras   = -1.000000000000000e+00 0.000000000000000e+00 0.000000000000000e+00
yras   = 0.000000000000000e+00 0.000000000000000e+00 -1.000000000000000e+00
zras   = 0.000000000000000e+00 1.000000000000000e+00 0.000000000000000e+00
cras   = 1.801450347900391e+01 2.771072387695312e-01 1.112048339843750e+01
