#Insight Transform File V1.0
#Transform 0
Transform: AffineTransform_float_3_3
Parameters: 0.999999 0.0002617 0.000859091 -0.0002623 1 0.000348775 -0.000858908 -0.000349225 0.999999 0.0147968 -0.118467 -0.589308
FixedParameters: 0 0 0

#Transform 1
Transform: AffineTransform_float_3_3
Parameters: 0.999999 8.37015e-05 0.0013429 -8.22983e-05 0.999999 -0.00126711 -0.00134311 0.00126689 0.999999 -0.0274745 0.151451 -0.097311
FixedParameters: 0 0 0

#Transform 2
Transform: AffineTransform_float_3_3
Parameters: 1 8.18693e-05 0.000495021 -8.21307e-05 1 0.000263959 -0.000494978 -0.000264041 1 -0.00583888 0.136859 -0.0626711
FixedParameters: 0 0 0

#Transform 3
Transform: AffineTransform_float_3_3
Parameters: 0.999999 0.000355011 0.000766994 -0.000354988 1 -1.52723e-05 -0.000767005 1.47277e-05 0.999999 -0.0153358 0.171646 -0.121443
FixedParameters: 0 0 0

#Transform 4
Transform: AffineTransform_float_3_3
Parameters: 0.999999 0.000404595 0.000685238 -0.000404404 0.999999 0.000589723 -0.000684761 -0.000590277 0.999999 -0.007934 0.139252 -0.117946
FixedParameters: 0 0 0

#Transform 5
Transform: AffineTransform_float_3_3
Parameters: 0.999999 0.000506105 0.000767591 -0.000506896 0.999999 0.00116661 -0.000767409 -0.00116639 0.999999 -0.015189 0.102734 -0.0867299
FixedParameters: 0 0 0

#Transform 6
Transform: AffineTransform_float_3_3
Parameters: 0.999999 8.12843e-05 0.000767076 -8.27155e-05 0.999999 0.000932937 -0.000766923 -0.000933062 1 -0.0187036 0.0918013 -0.0779548
FixedParameters: 0 0 0

#Transform 7
Transform: AffineTransform_float_3_3
Parameters: 1 0.000463068 0.000884489 -0.000464934 1 0.00105459 -0.000884511 -0.00105441 0.999999 -0.00784616 0.117991 -0.0886116
FixedParameters: 0 0 0

#Transform 8
Transform: AffineTransform_float_3_3
Parameters: 0.999999 8.11627e-05 0.000960071 -8.1837e-05 0.999999 0.000871922 -0.000959929 -0.000872078 0.999999 -0.0286917 0.124086 -0.108726
FixedParameters: 0 0 0

#Transform 9
Transform: AffineTransform_float_3_3
Parameters: 0.999999 8.13604e-05 0.000836062 -8.26402e-05 0.999999 0.000764931 -0.000836937 -0.000765068 1 -0.0176699 0.1296 -0.0692436
FixedParameters: 0 0 0

#Transform 10
Transform: AffineTransform_float_3_3
Parameters: 1 8.12379e-05 0.00108406 -8.27631e-05 0.999999 0.000703911 -0.00108394 -0.000703088 0.999999 -0.0290475 0.121311 -0.0461037
FixedParameters: 0 0 0

#Transform 11
Transform: AffineTransform_float_3_3
Parameters: 0.999999 8.13372e-05 0.00077607 -8.26626e-05 0.999999 0.000853936 -0.00077593 -0.000854063 1 0.000661421 0.119623 -0.0841165
FixedParameters: 0 0 0

#Transform 12
Transform: AffineTransform_float_3_3
Parameters: 1 8.13777e-05 0.00117404 -8.26222e-05 1 0.000529903 -0.00117396 -0.000530096 0.999999 -0.0198459 0.143173 -0.0842638
FixedParameters: 0 0 0

#Transform 13
Transform: AffineTransform_float_3_3
Parameters: 0.999999 8.1551e-05 0.00140303 -8.24489e-05 1 0.000319885 -0.00140297 -0.000320115 0.999999 -0.0412041 0.157838 -0.0878694
FixedParameters: 0 0 0

#Transform 14
Transform: AffineTransform_float_3_3
Parameters: 0.999998 8.14527e-05 0.00161403 -8.2547e-05 1 0.000338867 -0.00161397 -0.000339132 0.999998 -0.0578191 0.136911 -0.0842621
FixedParameters: 0 0 0

#Transform 15
Transform: AffineTransform_float_3_3
Parameters: 0.999999 0.000299842 0.000767061 -0.000300158 1 0.00020577 -0.000766938 -0.00020623 0.999999 -0.000558395 0.15616 -0.0978135
FixedParameters: 0 0 0

#Transform 16
Transform: AffineTransform_float_3_3
Parameters: 0.999999 8.15995e-05 0.000882037 -8.24003e-05 1 0.000453928 -0.000881963 -0.000454072 1 0.00538062 0.158196 -0.110946
FixedParameters: 0 0 0

#Transform 17
Transform: AffineTransform_float_3_3
Parameters: 0.999999 8.17384e-05 0.000743028 -8.22615e-05 1 0.000351939 -0.000742971 -0.000352061 0.999999 0.00781471 0.163433 -0.121024
FixedParameters: 0 0 0

#Transform 18
Transform: AffineTransform_float_3_3
Parameters: 0.999999 -0.00074527 0.000171834 0.000744732 0.999999 0.00156513 -0.000172166 -0.00156487 0.999999 0.0821261 0.0928982 -0.10204
FixedParameters: 0 0 0

#Transform 19
Transform: AffineTransform_float_3_3
Parameters: 1 0.000244211 0.00058533 -0.000244788 0.999999 0.00134786 -0.00058467 -0.00134814 0.999999 0.0151884 0.0923681 -0.0827158
FixedParameters: 0 0 0

#Transform 20
Transform: AffineTransform_float_3_3
Parameters: 0.999999 0.000622543 0.000347819 -0.000623457 0.999999 0.00131478 -0.00034718 -0.00131522 0.999999 0.0202579 0.0782625 -0.02988
FixedParameters: 0 0 0

#Transform 21
Transform: AffineTransform_float_3_3
Parameters: 1 0.000166455 0.000585156 -0.000167545 0.999999 0.000931902 -0.000584844 -0.000931097 1 0.015679 0.0911993 -0.0342141
FixedParameters: 0 0 0

#Transform 22
Transform: AffineTransform_float_3_3
Parameters: 0.999999 0.000195432 0.000780143 -0.000195568 0.999999 0.000727848 -0.000779858 -0.000728153 1 0.00538579 0.121601 -0.0527791
FixedParameters: 0 0 0

#Transform 23
Transform: AffineTransform_float_3_3
Parameters: 0.999999 0.000285179 0.000839279 -0.00028582 1 0.000977761 -0.000838721 -0.00097824 0.999999 0.00191822 0.120059 -0.0899499
FixedParameters: 0 0 0

#Transform 24
Transform: AffineTransform_float_3_3
Parameters: 0.999999 0.000245062 0.000775297 -0.000245939 0.999999 0.00120981 -0.000775703 -0.00121019 0.999999 0.00200983 0.134257 -0.102572
FixedParameters: 0 0 0

#Transform 25
Transform: AffineTransform_float_3_3
Parameters: 0.999999 -6.70057e-05 0.000920927 6.59942e-05 1 0.00109206 -0.000921072 -0.00109194 0.999999 0.0110694 0.105822 -0.0590437
FixedParameters: 0 0 0

#Transform 26
Transform: AffineTransform_float_3_3
Parameters: 1 0.000206474 0.000575189 -0.000206525 0.999999 0.000913881 -0.000574812 -0.000914119 1 0.0159715 0.130662 -0.0724126
FixedParameters: 0 0 0

#Transform 27
Transform: AffineTransform_float_3_3
Parameters: 1 0.000225535 0.000575182 -0.000225464 0.999999 0.00080787 -0.000574818 -0.000808129 0.999999 0.015864 0.149128 -0.0604318
FixedParameters: 0 0 0

#Transform 28
Transform: AffineTransform_float_3_3
Parameters: 0.999999 0.000121129 0.000890119 -0.000121871 1 0.000977893 -0.000890881 -0.000978109 0.999999 -6.57396e-05 0.164382 -0.0821665
FixedParameters: 0 0 0

#Transform 29
Transform: AffineTransform_float_3_3
Parameters: 0.999999 -0.000142935 0.000721815 0.000142065 0.999999 0.0012951 -0.000722184 -0.0012949 0.999999 0.00978318 0.133489 -0.0787618
FixedParameters: 0 0 0

#Transform 30
Transform: AffineTransform_float_3_3
Parameters: 0.999999 0.000117774 0.0013871 -0.000118227 0.999999 0.000884836 -0.0013869 -0.000884164 0.999998 -0.063375 0.0816389 -0.0117678
FixedParameters: 0 0 0

#Transform 31
Transform: AffineTransform_float_3_3
Parameters: 0.999998 0.00150433 -0.000642901 -0.00150267 0.999996 0.00206097 0.000646097 -0.00206003 0.999997 -0.00863532 0.0249546 0.0067907
FixedParameters: 0 0 0

#Transform 32
Transform: AffineTransform_float_3_3
Parameters: 0.999999 -5.23709e-05 0.000891921 5.06298e-05 0.999999 0.00153605 -0.000892079 -0.00153695 0.999999 -0.0469257 0.101427 -0.0494714
FixedParameters: 0 0 0

#Transform 33
Transform: AffineTransform_float_3_3
Parameters: 0.999999 -5.24688e-05 0.000739897 5.0531e-05 0.999998 0.00198504 -0.000740101 -0.00198496 0.999998 -0.0385893 0.0777045 -0.0353718
FixedParameters: 0 0 0

#Transform 34
Transform: AffineTransform_float_3_3
Parameters: 1 -5.30402e-05 0.00114291 5.09597e-05 0.999999 0.00178506 -0.00114309 -0.00178494 0.999998 -0.0503903 0.0928426 -0.0453151
FixedParameters: 0 0 0

#Transform 35
Transform: AffineTransform_float_3_3
Parameters: 1 -0.000121534 0.00106583 0.000119466 0.999999 0.00143913 -0.00106617 -0.00143887 0.999999 -0.0474561 0.0949478 -0.068975
FixedParameters: 0 0 0

#Transform 36
Transform: AffineTransform_float_3_3
Parameters: 0.999999 -0.000491755 0.0014444 0.000489246 0.999999 0.00121471 -0.0014446 -0.00121429 0.999998 -0.0706205 0.104708 -0.0483911
FixedParameters: 0 0 0

#Transform 37
Transform: AffineTransform_float_3_3
Parameters: 0.999998 -5.26385e-05 0.00161595 5.03612e-05 0.999999 0.00101408 -0.00161605 -0.00101392 0.999998 -0.0732178 0.114726 -0.0335359
FixedParameters: 0 0 0

#Transform 38
Transform: AffineTransform_float_3_3
Parameters: 0.999999 -5.25145e-05 0.00154395 5.04852e-05 0.999999 0.000981079 -0.00154405 -0.00098092 0.999999 -0.0648843 0.121486 -0.0409117
FixedParameters: 0 0 0

#Transform 39
Transform: AffineTransform_float_3_3
Parameters: 0.999999 -5.27673e-05 0.00154894 5.02325e-05 1 0.00114108 -0.00154906 -0.00114092 0.999998 -0.0713959 0.118665 -0.0580577
FixedParameters: 0 0 0

#Transform 40
Transform: AffineTransform_float_3_3
Parameters: 0.999999 -5.29281e-05 0.00154994 5.00717e-05 0.999999 0.00124408 -0.00155006 -0.00124392 0.999998 -0.0695789 0.0966797 -0.0483307
FixedParameters: 0 0 0

#Transform 41
Transform: AffineTransform_float_3_3
Parameters: 0.999998 -5.26846e-05 0.00200796 5.0316e-05 0.999999 0.000839102 -0.00200704 -0.000838895 0.999997 -0.0932583 0.121237 -0.0551862
FixedParameters: 0 0 0

#Transform 42
Transform: AffineTransform_float_3_3
Parameters: 0.999999 -5.26496e-05 0.00183095 5.03502e-05 0.999999 0.000901093 -0.00183105 -0.000900905 0.999998 -0.0841687 0.136857 -0.0745159
FixedParameters: 0 0 0

#Transform 43
Transform: AffineTransform_float_3_3
Parameters: 0.999998 -5.33171e-05 0.00200794 5.06838e-05 1 0.0011541 -0.00200706 -0.0011539 0.999998 -0.0932792 0.107089 -0.0679238
FixedParameters: 0 0 0

#Transform 44
Transform: AffineTransform_float_3_3
Parameters: 0.999998 -0.00011403 0.00200794 0.00011297 1 0.000513228 -0.00200706 -0.000512772 0.999998 -0.08733 0.140909 -0.0763756
FixedParameters: 0 0 0

#Transform 45
Transform: AffineTransform_float_3_3
Parameters: 0.999999 -0.000452271 0.00127555 0.00045173 1 0.000996577 -0.00127545 -0.000995424 0.999998 -0.0514925 0.135922 -0.0824287
FixedParameters: 0 0 0

#Transform 46
Transform: AffineTransform_float_3_3
Parameters: 0.999999 -0.000449829 0.00171431 0.000451172 0.999999 -0.000683228 -0.00171469 0.000683772 0.999999 -0.0840987 0.198366 -0.108364
FixedParameters: 0 0 0

#Transform 47
Transform: AffineTransform_float_3_3
Parameters: 0.999998 -0.000452396 0.00200769 0.000451604 0.999999 0.000695908 -0.00200731 -0.000695093 0.999997 -0.0963851 0.129167 -0.0756253
FixedParameters: 0 0 0

#Transform 48
Transform: AffineTransform_float_3_3
Parameters: 0.999999 -0.000320839 0.00129154 0.000319161 0.999999 0.00142441 -0.00129146 -0.00142359 0.999998 -0.0611668 0.123025 -0.0640583
FixedParameters: 0 0 0

#Transform 49
Transform: AffineTransform_float_3_3
Parameters: 0.999998 -0.000453069 0.00200753 0.000451932 1 0.00103091 -0.00200747 -0.00103009 0.999998 -0.0898424 0.166555 -0.124617
FixedParameters: 0 0 0

#Transform 50
Transform: AffineTransform_float_3_3
Parameters: 0.999998 -0.000536129 0.0020077 0.000534871 0.999999 0.000563075 -0.0020073 -0.000561925 0.999998 -0.0986861 0.182409 -0.0931475
FixedParameters: 0 0 0

#Transform 51
Transform: AffineTransform_float_3_3
Parameters: 0.999999 -0.000452806 0.00126836 0.000451193 0.999999 0.00142357 -0.00126964 -0.00142343 0.999998 -0.0395502 0.132912 -0.0784315
FixedParameters: 0 0 0

#Transform 52
Transform: AffineTransform_float_3_3
Parameters: 1 -0.000402122 0.00105757 0.000400878 1 0.00106042 -0.00105843 -0.00106058 0.999999 -0.0287659 0.143626 -0.0797975
FixedParameters: 0 0 0

#Transform 53
Transform: AffineTransform_float_3_3
Parameters: 0.999999 -0.000165948 0.00125574 0.000164053 0.999999 0.00155021 -0.00125626 -0.00155079 0.999998 -0.0400708 0.127766 -0.100342
FixedParameters: 0 0 0

#Transform 54
Transform: AffineTransform_float_3_3
Parameters: 0.999999 -4.27357e-05 0.00130995 4.12642e-05 0.999999 0.00132506 -0.00131006 -0.00132495 0.999999 -0.0606687 0.13754 -0.081639
FixedParameters: 0 0 0

#Transform 55
Transform: AffineTransform_float_3_3
Parameters: 1 -0.000366685 0.00106942 0.000364314 0.999998 0.00157539 -0.00107058 -0.00157461 0.999998 -0.0552315 0.123188 -0.0850067
FixedParameters: 0 0 0

#Transform 56
Transform: AffineTransform_float_3_3
Parameters: 0.999999 -0.000214138 0.00125564 0.00021186 0.999998 0.00170327 -0.00125636 -0.00170273 0.999998 -0.046274 0.131824 -0.0982135
FixedParameters: 0 0 0

#Transform 57
Transform: AffineTransform_float_3_3
Parameters: 0.999999 -0.000497796 0.00132733 0.000496205 0.999999 0.00135266 -0.00132767 -0.00135234 0.999998 -0.0682531 0.124269 -0.100576
FixedParameters: 0 0 0

#Transform 58
Transform: AffineTransform_float_3_3
Parameters: 0.999998 0.000124977 0.00225011 -0.000127022 0.999999 0.000898716 -0.00224989 -0.000899283 0.999997 -0.113321 0.140299 -0.0944706
FixedParameters: 0 0 0

#Transform 59
Transform: AffineTransform_float_3_3
Parameters: 0.999999 -0.000115441 0.000961828 0.000113559 0.999999 0.00149811 -0.000962171 -0.00149789 0.999999 -0.0274021 0.142374 -0.0768105
FixedParameters: 0 0 0

#Transform 60
Transform: AffineTransform_float_3_3
Parameters: 1 -0.000180566 0.00115276 0.000179434 0.999999 0.00135821 -0.00115325 -0.00135779 0.999999 -0.01374 0.150475 -0.0796448
FixedParameters: 0 0 0

#Transform 61
Transform: AffineTransform_float_3_3
Parameters: 1 0.000567941 0.000113295 -0.000568059 0.999999 0.000518936 -0.000113705 -0.000519064 1 0.0871638 0.18509 -0.0107342
FixedParameters: 0 0 0

#Transform 62
Transform: AffineTransform_float_3_3
Parameters: 0.999999 0.000280764 0.000954364 -0.000282237 0.999999 0.00129573 -0.000954635 -0.00129527 0.999998 -0.0164246 0.115984 -0.0606173
FixedParameters: 0 0 0

#Transform 63
Transform: AffineTransform_float_3_3
Parameters: 0.999999 0.000566274 0.00127177 -0.000568726 0.999999 0.00135728 -0.00127123 -0.00135772 0.999999 -0.0339383 0.129572 -0.105458
FixedParameters: 0 0 0

#Transform 64
Transform: AffineTransform_float_3_3
Parameters: 0.999999 0.000124733 0.000741214 -0.000126266 0.999998 0.00170891 -0.000740785 -0.00170909 0.999999 -0.00472401 0.128712 -0.0917077
FixedParameters: 0 0 0

#Transform 65
Transform: AffineTransform_float_3_3
Parameters: 1 -0.000179602 0.00117976 0.000177397 0.999999 0.00135821 -0.00118024 -0.00135779 0.999999 -0.0417613 0.16844 -0.0681931
FixedParameters: 0 0 0

#Transform 66
Transform: AffineTransform_float_3_3
Parameters: 0.999998 -0.000146051 0.00173274 0.000143949 0.999999 0.00176125 -0.00173226 -0.00176075 0.999997 -0.0787205 0.131353 -0.0729993
FixedParameters: 0 0 0

#Transform 67
Transform: AffineTransform_float_3_3
Parameters: 1 -0.000106105 5.98134e-05 0.000105896 0.999999 0.00176001 -5.91865e-05 -0.00176 0.999999 0.0516147 0.15597 -0.0946788
FixedParameters: 0 0 0

#Transform 68
Transform: AffineTransform_float_3_3
Parameters: 1 3.89695e-05 1.80659e-05 -3.90303e-05 0.999998 0.00169 -1.79341e-05 -0.00169 0.999998 0.0354865 0.148396 -0.085822
FixedParameters: 0 0 0

#Transform 69
Transform: AffineTransform_float_3_3
Parameters: 1 -0.000559647 0.000289753 0.000558352 0.999998 0.00222916 -0.000291245 -0.00222884 0.999998 -0.0194321 0.0686756 -0.00425172
FixedParameters: 0 0 0

#Transform 70
Transform: AffineTransform_float_3_3
Parameters: 1 0.000259119 -6.14998e-05 -0.000258882 0.999998 0.00193102 6.15e-05 -0.00193098 0.999998 0.0143208 0.103988 0.0211658
FixedParameters: 0 0 0

#Transform 71
Transform: AffineTransform_float_3_3
Parameters: 0.999999 3.77996e-05 0.000709065 -3.82002e-05 0.999998 0.00169297 -0.000708936 -0.00169303 0.999999 -0.0269327 0.103938 -0.010033
FixedParameters: 0 0 0

#Transform 72
Transform: AffineTransform_float_3_3
Parameters: 0.999999 -0.000152326 0.000924619 0.000150673 0.999997 0.00251514 -0.000925381 -0.00251486 0.999996 -0.0424949 0.068571 0.00201316
FixedParameters: 0 0 0

#Transform 73
Transform: AffineTransform_float_3_3
Parameters: 0.999999 -0.00042652 0.00092384 0.000424479 0.999996 0.00272639 -0.00092516 -0.00272561 0.999996 -0.0527895 0.0672822 0.0248311
FixedParameters: 0 0 0

#Transform 74
Transform: AffineTransform_float_3_3
Parameters: 0.999999 -0.000222729 0.00154161 0.00021927 0.999999 0.00177034 -0.00154239 -0.00176966 0.999997 -0.0637622 0.114114 -0.0200545
FixedParameters: 0 0 0

#Transform 75
Transform: AffineTransform_float_3_3
Parameters: 1 -0.000379416 0.00109951 0.000378583 0.999999 0.00128842 -0.00110049 -0.00128758 0.999998 -0.0420432 0.141101 -0.0241367
FixedParameters: 0 0 0

#Transform 76
Transform: AffineTransform_float_3_3
Parameters: 0.999999 -0.000374823 0.000731579 0.000374176 1 0.00112527 -0.000732421 -0.00112473 0.999999 -0.0321651 0.13192 -0.0124487
FixedParameters: 0 0 0

#Transform 77
Transform: AffineTransform_float_3_3
Parameters: 0.999999 -0.000587732 0.000632321 0.000587269 0.999999 0.00115637 -0.00063268 -0.00115663 0.999999 -0.0369342 0.146539 -0.021891
FixedParameters: 0 0 0

#Transform 78
Transform: AffineTransform_float_3_3
Parameters: 1 -0.000119562 0.000546877 0.000118438 1 0.00102807 -0.000547122 -0.00102794 1 -0.0144746 0.155432 -0.0265435
FixedParameters: 0 0 0

#Transform 79
Transform: AffineTransform_float_3_3
Parameters: 0.999999 -0.000588299 0.000694902 0.000586702 0.999998 0.00186841 -0.000695097 -0.00186759 0.999998 -0.0218289 0.129041 -0.0469157
FixedParameters: 0 0 0

#Transform 80
Transform: AffineTransform_float_3_3
Parameters: 0.999999 -0.000588011 0.000632061 0.000586989 0.999998 0.00159837 -0.000632939 -0.00159863 0.999998 -0.0369259 0.108667 -0.0327167
FixedParameters: 0 0 0

#Transform 81
Transform: AffineTransform_float_3_3
Parameters: 1 -0.000370767 0.000589519 0.000370233 0.999999 0.00129922 -0.000590482 -0.00129978 0.999999 -0.0118413 0.121451 -0.0367711
FixedParameters: 0 0 0

#Transform 82
Transform: AffineTransform_float_3_3
Parameters: 0.999999 -0.000823425 0.000218402 0.000823575 0.999998 0.00194118 -0.000219599 -0.00194082 0.999998 0.011786 0.11248 -0.0546734
FixedParameters: 0 0 0

#Transform 83
Transform: AffineTransform_float_3_3
Parameters: 1 -0.000454559 0.000340253 0.00045444 0.999998 0.00164315 -0.000340747 -0.00164284 0.999998 0.00824813 0.123524 -0.0574167
FixedParameters: 0 0 0

#Transform 84
Transform: AffineTransform_float_3_3
Parameters: 1 -0.000412704 0.00043333 0.000412296 0.999998 0.00162518 -0.00043367 -0.00162482 0.999998 -0.00105993 0.119522 -0.0330008
FixedParameters: 0 0 0

#Transform 85
Transform: AffineTransform_float_3_3
Parameters: 0.999999 -0.00049369 0.000570403 0.000492309 0.999999 0.00120928 -0.000571595 -0.00120872 0.999999 -0.00779315 0.146362 -0.0365416
FixedParameters: 0 0 0

#Transform 86
Transform: AffineTransform_float_3_3
Parameters: 1 -0.000551641 0.000413144 0.000551356 0.999998 0.00155223 -0.000414856 -0.00155177 0.999998 0.017153 0.129424 -0.0386952
FixedParameters: 0 0 0

#Transform 87
Transform: AffineTransform_float_3_3
Parameters: 1 -6.80088e-05 0.000490861 6.69908e-05 0.999998 0.00205503 -0.000491139 -0.00205497 0.999998 0.00393075 0.0984931 -0.0537393
FixedParameters: 0 0 0

#Transform 88
Transform: AffineTransform_float_3_3
Parameters: 1 -0.00047426 0.000126026 0.00047374 0.999998 0.00205506 -0.000126974 -0.00205494 0.999998 0.0205767 0.0981422 -0.0473953
FixedParameters: 0 0 0

#Transform 89
Transform: AffineTransform_float_3_3
Parameters: 1 -0.000173741 0.000432703 0.000173258 0.999998 0.00171208 -0.000433297 -0.00171192 0.999999 0.00104107 0.104822 -0.0327087
FixedParameters: 0 0 0

#Transform 90
Transform: AffineTransform_float_3_3
Parameters: 1 -0.000259156 7.54676e-05 0.000258843 0.999998 0.00205502 -7.65321e-05 -0.00205498 0.999998 0.0167518 0.105308 -0.0406517
FixedParameters: 0 0 0

#Transform 91
Transform: AffineTransform_float_3_3
Parameters: 1 -0.000286849 0.000440448 0.000286152 0.999998 0.00192713 -0.000440552 -0.00192687 0.999998 0.00748892 0.115186 -0.0445387
FixedParameters: 0 0 0

#Transform 92
Transform: AffineTransform_float_3_3
Parameters: 1 -0.000104453 0.000353867 0.000103547 0.999999 0.00128004 -0.000354133 -0.00127996 0.999999 -0.00633197 0.161621 -0.0224033
FixedParameters: 0 0 0

#Transform 93
Transform: AffineTransform_float_3_3
Parameters: 1 -0.000289768 0.000443499 0.000289233 0.999999 0.00173113 -0.000443501 -0.00173087 0.999999 -0.00515501 0.125251 -0.0443457
FixedParameters: 0 0 0

#Transform 94
Transform: AffineTransform_float_3_3
Parameters: 1 -0.000188651 0.000488749 0.000188349 0.999999 0.00133109 -0.000489251 -0.00133091 0.999999 -0.0158567 0.171435 -0.0467259
FixedParameters: 0 0 0

#Transform 95
Transform: AffineTransform_float_3_3
Parameters: 1 -0.000289691 0.000488591 0.00028931 0.999999 0.00141414 -0.000488409 -0.00141386 0.999999 -0.00987124 0.162008 -0.0463006
FixedParameters: 0 0 0

#Transform 96
Transform: AffineTransform_float_3_3
Parameters: 1 -0.000384182 0.000128458 0.000383818 0.999999 0.00141105 -0.000129542 -0.00141095 0.999999 -0.0108289 0.159745 -0.0463459
FixedParameters: 0 0 0

#Transform 97
Transform: AffineTransform_float_3_3
Parameters: 1 -0.000289788 0.000488533 0.000289213 0.999998 0.00161114 -0.000488467 -0.00161186 0.999998 -0.00298335 0.157702 -0.0613386
FixedParameters: 0 0 0

#Transform 98
Transform: AffineTransform_float_3_3
Parameters: 1 -0.000296909 -5.25173e-05 0.00029709 0.999999 0.00174198 5.14825e-05 -0.00174202 0.999998 0.0181234 0.150861 -0.0473752
FixedParameters: 0 0 0

#Transform 99
Transform: AffineTransform_float_3_3
Parameters: 1 -0.000334337 0.000217483 0.000333662 0.999998 0.00154607 -0.000218516 -0.00154593 0.999999 0.0084378 0.170931 -0.048854
FixedParameters: 0 0 0

#Transform 100
Transform: AffineTransform_float_3_3
Parameters: 0.999999 -0.000335038 0.00065547 0.000333962 0.999998 0.00158322 -0.000655529 -0.00158378 0.999998 -0.0183123 0.167819 -0.0420564
FixedParameters: 0 0 0

#Transform 101
Transform: AffineTransform_float_3_3
Parameters: 1 -0.000276798 0.000488548 0.000276202 0.999998 0.00163413 -0.000488452 -0.00163386 0.999998 -0.00993902 0.152302 -0.0492979
FixedParameters: 0 0 0

#Transform 102
Transform: AffineTransform_float_3_3
Parameters: 1 -0.000335151 0.000488212 0.000333849 0.999997 0.00235616 -0.000488788 -0.00235584 0.999997 0.00508312 0.123801 -0.0346865
FixedParameters: 0 0 0

#Transform 103
Transform: AffineTransform_float_3_3
Parameters: 1 -0.000334341 0.000301622 0.000333659 1 0.0011311 -0.000301378 -0.0011309 1 0.00632145 0.187146 -0.0411805
FixedParameters: 0 0 0

#Transform 104
Transform: AffineTransform_float_3_3
Parameters: 1 -0.000385385 0.000241386 0.000385614 0.999998 0.00159409 -0.000242615 -0.00159391 0.999998 -0.00928782 0.163952 -0.0526314
FixedParameters: 0 0 0

#Transform 105
Transform: AffineTransform_float_3_3
Parameters: 0.999999 -0.000586749 0.000488101 0.000585251 0.999998 0.00153329 -0.000488898 -0.00153371 0.999998 -0.0157756 0.169387 -0.0558246
FixedParameters: 0 0 0

#Transform 106
Transform: AffineTransform_float_3_3
Parameters: 1 -0.000213655 0.000402653 0.000212344 0.999998 0.00162608 -0.000403346 -0.00162591 0.999998 -0.0110203 0.174788 -0.0591023
FixedParameters: 0 0 0

#Transform 107
Transform: AffineTransform_float_3_3
Parameters: 1 -0.000345788 0.000488443 0.000345212 0.999998 0.00161317 -0.000488557 -0.00161283 0.999998 0.00451834 0.164608 -0.0731683
FixedParameters: 0 0 0

#Transform 108
Transform: AffineTransform_float_3_3
Parameters: 0.999999 -0.000769525 0.000249387 0.000769476 0.999998 0.00209719 -0.000250615 -0.00209781 0.999998 0.0165302 0.124625 -0.0301205
FixedParameters: 0 0 0

#Transform 109
Transform: AffineTransform_float_3_3
Parameters: 1 -0.000568154 0.000117255 0.000567845 0.999999 0.00131207 -0.000118745 -0.00131193 0.999999 0.000677447 0.184209 -0.0303906
FixedParameters: 0 0 0

#Transform 110
Transform: AffineTransform_float_3_3
Parameters: 1 1.54986e-05 -0.000565987 -1.45019e-05 0.999999 0.000880008 0.000566013 -0.000880991 1 0.071988 0.200906 -0.0121434
FixedParameters: 0 0 0

#Transform 111
Transform: AffineTransform_float_3_3
Parameters: 1 -0.000329726 -0.000304297 0.000329274 0.999999 0.000900899 0.000304703 -0.0009011 0.999999 0.073918 0.188716 -0.0151754
FixedParameters: 0 0 0

#Transform 112
Transform: AffineTransform_float_3_3
Parameters: 1 -0.000731058 -0.000733941 0.000731942 0.999999 0.00128546 0.00073206 -0.00128554 0.999999 0.0810498 0.182474 -0.0235887
FixedParameters: 0 0 0

#Transform 113
Transform: AffineTransform_float_3_3
Parameters: 0.999999 -0.000953638 -0.000197751 0.000953361 0.999998 0.00183581 0.00019625 -0.00183619 0.999999 0.054212 0.168878 -0.031582
FixedParameters: 0 0 0

#Transform 114
Transform: AffineTransform_float_3_3
Parameters: 0.999999 -0.000731854 -0.000124856 0.000732145 0.999999 0.00116891 0.000124144 -0.00116909 1 0.04952 0.179357 -0.0184911
FixedParameters: 0 0 0

#Transform 115
Transform: AffineTransform_float_3_3
Parameters: 0.999999 -0.00120169 -0.00079399 0.00120331 0.999998 0.00165405 0.00079201 -0.00165495 0.999999 0.0464313 0.165859 0.0042216
FixedParameters: 0 0 0

#Transform 116
Transform: AffineTransform_float_3_3
Parameters: 0.999999 -0.000731403 -0.000419042 0.000731596 0.999998 0.00142469 0.000417958 -0.00142531 0.999999 0.0279101 0.177141 -0.0174332
FixedParameters: 0 0 0

#Transform 117
Transform: AffineTransform_float_3_3
Parameters: 0.999999 -0.000731367 -0.000345343 0.000731633 0.999998 0.00183475 0.000344658 -0.00183525 0.999999 0.00442057 0.160011 -0.0215249
FixedParameters: 0 0 0

#Transform 118
Transform: AffineTransform_float_3_3
Parameters: 0.999999 -0.00116774 -0.000649277 0.00116926 0.999997 0.00194824 0.000647723 -0.00194876 0.999998 0.0326885 0.159594 0.00371493
FixedParameters: 0 0 0

#Transform 119
Transform: AffineTransform_float_3_3
Parameters: 0.999999 -0.001041 -0.0009502 0.00104301 0.999997 0.00211101 0.0009488 -0.00211199 0.999998 0.0452974 0.13429 -0.00506672
FixedParameters: 0 0 0

#Transform 120
Transform: AffineTransform_float_3_3
Parameters: 0.999999 -0.000732235 -0.000507105 0.000732765 0.999998 0.00150863 0.000506894 -0.00150937 0.999998 0.0332242 0.176981 -0.0260715
FixedParameters: 0 0 0

#Transform 121
Transform: AffineTransform_float_3_3
Parameters: 0.999999 -0.00112487 -0.000523441 0.00112513 0.999997 0.00216841 0.000521561 -0.00216859 0.999997 0.0331233 0.141175 -0.00111909
FixedParameters: 0 0 0

#Transform 122
Transform: AffineTransform_float_3_3
Parameters: 1 -0.000330153 -0.000540518 0.000330848 0.999998 0.00156782 0.000540482 -0.00156818 0.999998 0.042433 0.147684 -0.00651129
FixedParameters: 0 0 0

#Transform 123
Transform: AffineTransform_float_3_3
Parameters: 0.999999 -0.000330079 -0.000774393 0.000330922 0.999999 0.00118974 0.000774607 -0.00118926 0.999999 0.0545123 0.172429 -0.00266221
FixedParameters: 0 0 0

#Transform 124
Transform: AffineTransform_float_3_3
Parameters: 1 -0.000330498 -0.00029656 0.0003305 0.999998 0.0016929 0.000295441 -0.0016921 0.999998 0.0140489 0.141244 -0.000722578
FixedParameters: 0 0 0

#Transform 125
Transform: AffineTransform_float_3_3
Parameters: 1 -0.000398203 -0.000490647 0.000399797 0.999998 0.0016248 0.000490351 -0.00162519 0.999998 0.0175367 0.14559 -0.00937864
FixedParameters: 0 0 0

#Transform 126
Transform: AffineTransform_float_3_3
Parameters: 1 -0.000330146 -0.000515548 0.000330855 0.999998 0.00165783 0.000515452 -0.00165717 0.999998 0.0425808 0.16841 -0.0135542
FixedParameters: 0 0 0

#Transform 127
Transform: AffineTransform_float_3_3
Parameters: 1 -0.000875044 -0.000625341 0.000875957 0.999999 0.00153145 0.000623659 -0.00153155 0.999998 0.0624529 0.16595 0.00537956
FixedParameters: 0 0 0

#Transform 128
Transform: AffineTransform_float_3_3
Parameters: 0.999999 -0.000795156 -0.000705084 0.000796843 0.999997 0.00261744 0.000702916 -0.00261856 0.999997 0.0667765 0.0886329 0.0451056
FixedParameters: 0 0 0

#Transform 129
Transform: AffineTransform_float_3_3
Parameters: 0.999999 -0.000413491 -0.000796785 0.000414509 0.999998 0.00189467 0.000796215 -0.00189533 0.999998 0.0698353 0.126554 -0.00209719
FixedParameters: 0 0 0

#Transform 130
Transform: AffineTransform_float_3_3
Parameters: 0.999999 -0.000596953 -0.000553132 0.000598047 0.999998 0.00189467 0.000551867 -0.00189533 0.999998 0.0466718 0.148967 -0.00534082
FixedParameters: 0 0 0

#Transform 131
Transform: AffineTransform_float_3_3
Parameters: 0.999999 -0.000596926 -0.000625027 0.000598074 0.999999 0.00171963 0.000623972 -0.00172037 0.999999 0.0353853 0.152708 0.00669955
FixedParameters: 0 0 0

#Transform 132
Transform: AffineTransform_float_3_3
Parameters: 0.999999 -0.00047583 -0.000583955 0.00047617 0.999998 0.00200472 0.000583046 -0.00200528 0.999998 0.0459669 0.136513 0.00814069
FixedParameters: 0 0 0

#Transform 133
Transform: AffineTransform_float_3_3
Parameters: 1 -0.000314328 -0.000472447 0.000315671 0.999999 0.00142185 0.000471551 -0.00142215 0.999999 0.0569785 0.18005 -0.0127358
FixedParameters: 0 0 0

#Transform 134
Transform: AffineTransform_float_3_3
Parameters: 0.999999 -0.000925911 -0.000474131 0.000927088 0.999997 0.00230056 0.000471869 -0.00230044 0.999997 0.0419443 0.12666 0.0290608
FixedParameters: 0 0 0

#Transform 135
Transform: AffineTransform_float_3_3
Parameters: 0.999999 -0.00119975 -0.000650307 0.00120125 0.999997 0.00192122 0.000647693 -0.00192178 0.999998 0.0661909 0.149641 0.0280787
FixedParameters: 0 0 0

#Transform 136
Transform: AffineTransform_float_3_3
Parameters: 1 -0.000747714 -0.000636514 0.000748287 0.999997 0.00202252 0.000635488 -0.00202247 0.999998 0.079904 0.17225 0.0119923
FixedParameters: 0 0 0

#Transform 137
Transform: AffineTransform_float_3_3
Parameters: 1 -0.000377223 -0.00047262 0.000377775 0.999998 0.00164382 0.000471379 -0.00164418 0.999998 0.0591068 0.194106 -0.00648073
FixedParameters: 0 0 0

#Transform 138
Transform: AffineTransform_float_3_3
Parameters: 0.999999 -0.00143243 -0.000473722 0.00143257 0.999999 0.00120132 0.000471279 -0.00120168 0.999999 0.0565976 0.216394 -0.0114536
FixedParameters: 0 0 0

#Transform 139
Transform: AffineTransform_float_3_3
Parameters: 0.999998 -0.00192904 2.41103e-05 0.00192896 0.999997 0.00149805 -2.68896e-05 -0.00149795 0.999999 0.0788898 0.218952 0.00638939
FixedParameters: 0 0 0

#Transform 140
Transform: AffineTransform_float_3_3
Parameters: 0.999996 -0.00253554 0.000654036 0.00253445 0.999994 0.00235367 -0.000659963 -0.00235133 0.999997 0.0913988 0.192064 0.0109242
FixedParameters: 0 0 0

#Transform 141
Transform: AffineTransform_float_3_3
Parameters: 0.999992 -0.00365798 0.00126455 0.00365402 0.999989 0.00313365 -0.00127645 -0.00312836 0.999995 0.0537315 0.156923 0.050553
FixedParameters: 0 0 0

#Transform 142
Transform: AffineTransform_float_3_3
Parameters: 0.999995 -0.00288005 0.000688464 0.00287794 0.999992 0.002966 -0.000697536 -0.00296401 0.999996 0.0552537 0.155466 0.0478792
FixedParameters: 0 0 0

#Transform 143
Transform: AffineTransform_float_3_3
Parameters: 0.999998 -0.00224845 0.000543024 0.00224655 0.999994 0.00265923 -0.000548974 -0.00265777 0.999997 0.0750905 0.156642 0.0354014
FixedParameters: 0 0 0

#Transform 144
Transform: AffineTransform_float_3_3
Parameters: 0.999998 -0.00190406 -0.000893285 0.00190694 0.999992 0.0032973 0.000887716 -0.0032987 0.999994 0.101226 0.102097 0.0524533
FixedParameters: 0 0 0

#Transform 145
Transform: AffineTransform_float_3_3
Parameters: 0.999998 -0.00125616 -0.00096939 0.00125784 0.999998 0.00190078 0.000966611 -0.00190122 0.999997 0.0866973 0.164806 0.0274881
FixedParameters: 0 0 0

#Transform 146
Transform: AffineTransform_float_3_3
Parameters: 0.999999 -0.000905446 -0.000888587 0.000907555 0.999998 0.0017502 0.000887413 -0.00175081 0.999998 0.0809556 0.174711 0.0258989
FixedParameters: 0 0 0

#Transform 147
Transform: AffineTransform_float_3_3
Parameters: 0.999997 -0.00134883 -0.00212465 0.00135217 0.999997 0.00196313 0.00212235 -0.00196587 0.999996 0.178404 0.152262 0.0418584
FixedParameters: 0 0 0

#Transform 148
Transform: AffineTransform_float_3_3
Parameters: 0.999998 -0.00193712 -0.000752855 0.00193888 0.999995 0.00250454 0.000748144 -0.00250645 0.999996 0.0969896 0.108858 0.0808566
FixedParameters: 0 0 0

#Transform 149
Transform: AffineTransform_float_3_3
Parameters: 0.999997 -0.00189899 -0.00167583 0.001905 0.999991 0.00358882 0.00166917 -0.00359218 0.999992 0.15829 0.0674742 0.0968137
FixedParameters: 0 0 0

#Transform 150
Transform: AffineTransform_float_3_3
Parameters: 0.999998 -0.00149525 -0.000766428 0.00149675 0.999997 0.00229086 0.000763572 -0.00229215 0.999997 0.0934627 0.156723 0.0277323
FixedParameters: 0 0 0

#Transform 151
Transform: AffineTransform_float_3_3
Parameters: 0.999999 -0.00128987 -0.00089807 0.00129113 0.999997 0.00237784 0.000894932 -0.00237816 0.999997 0.102608 0.155229 0.0367142
FixedParameters: 0 0 0

#Transform 152
Transform: AffineTransform_float_3_3
Parameters: 0.999999 -0.00110831 -0.000668809 0.00110969 0.999996 0.00253226 0.000666191 -0.00253374 0.999996 0.0838678 0.149437 0.0283286
FixedParameters: 0 0 0

#Transform 153
Transform: AffineTransform_float_3_3
Parameters: 0.999999 -0.00111114 -0.000670101 0.00111286 0.999995 0.00278825 0.0006669 -0.00278874 0.999996 0.0847731 0.136283 0.0358322
FixedParameters: 0 0 0

#Transform 154
Transform: AffineTransform_float_3_3
Parameters: 0.999999 -0.00135106 -0.000668937 0.00135294 0.999995 0.0029121 0.000665062 -0.0029129 0.999995 0.0915067 0.13276 0.0478732
FixedParameters: 0 0 0

#Transform 155
Transform: AffineTransform_float_3_3
Parameters: 0.999999 -0.00122674 -0.000493134 0.00122826 0.999996 0.0025534 0.000490864 -0.0025546 0.999996 0.0819684 0.16077 0.0270001
FixedParameters: 0 0 0

#Transform 156
Transform: AffineTransform_float_3_3
Parameters: 0.999999 -0.00112628 -0.000718707 0.00112772 0.999997 0.00240119 0.000715293 -0.00240281 0.999997 0.0931464 0.166172 0.0127154
FixedParameters: 0 0 0

#Transform 157
Transform: AffineTransform_float_3_3
Parameters: 0.999999 -0.00097899 -0.000776542 0.000981012 0.999996 0.00259324 0.000774459 -0.00259376 0.999997 0.0955887 0.160959 0.0142632
FixedParameters: 0 0 0

#Transform 158
Transform: AffineTransform_float_3_3
Parameters: 1 -0.000887381 -0.000685102 0.000889619 0.999997 0.00236639 0.000682896 -0.00236761 0.999997 0.0903882 0.156689 0.0286167
FixedParameters: 0 0 0

#Transform 159
Transform: AffineTransform_float_3_3
Parameters: 0.999999 -0.00120367 -0.000917062 0.00120633 0.999996 0.0025409 0.000913937 -0.0025421 0.999997 0.103713 0.151406 0.0409929
FixedParameters: 0 0 0

#Transform 160
Transform: AffineTransform_float_3_3
Parameters: 0.999999 -0.000966937 -0.000954116 0.000970064 0.999995 0.00321608 0.000950885 -0.00321692 0.999995 0.0869999 0.113682 0.0494406
FixedParameters: 0 0 0

#Transform 161
Transform: AffineTransform_float_3_3
Parameters: 0.999999 -0.00100464 -0.00121777 0.00100736 0.999995 0.00275777 0.00121522 -0.00275922 0.999995 0.118399 0.149712 0.0425982
FixedParameters: 0 0 0

#Transform 162
Transform: AffineTransform_float_3_3
Parameters: 0.999999 -0.000930298 -0.00108732 0.000932701 0.999996 0.00248699 0.00108468 -0.00248801 0.999997 0.108705 0.16409 0.0329953
FixedParameters: 0 0 0

#Transform 163
Transform: AffineTransform_float_3_3
Parameters: 0.999998 -0.0010618 -0.00131839 0.0010662 0.999995 0.0031866 0.00131561 -0.0031884 0.999994 0.12649 0.128023 0.0525689
FixedParameters: 0 0 0

#Transform 164
Transform: AffineTransform_float_3_3
Parameters: 0.999998 -0.000559684 -0.00148226 0.000563318 0.999998 0.00223817 0.00148174 -0.00223883 0.999996 0.11429 0.16011 0.0478001
FixedParameters: 0 0 0

#Transform 165
Transform: AffineTransform_float_3_3
Parameters: 0.999999 -0.00056514 -0.0012493 0.00056786 0.999997 0.00229029 0.0012477 -0.00229071 0.999996 0.102282 0.157371 0.0618078
FixedParameters: 0 0 0

#Transform 166
Transform: AffineTransform_float_3_3
Parameters: 0.999999 -0.000663512 -0.00106356 0.00066649 0.999997 0.00234129 0.00106244 -0.00234171 0.999996 0.10354 0.162003 0.0432236
FixedParameters: 0 0 0

#Transform 167
Transform: AffineTransform_float_3_3
Parameters: 0.999999 -0.000957012 -0.00148358 0.000960989 0.999996 0.00268958 0.00148142 -0.00269142 0.999996 0.131056 0.139515 0.0498225
FixedParameters: 0 0 0

#Transform 168
Transform: AffineTransform_float_3_3
Parameters: 0.999999 -0.000467174 -0.00148221 0.000470826 0.999996 0.0025823 0.00148079 -0.00258269 0.999995 0.124327 0.126496 0.0450121
FixedParameters: 0 0 0

#Transform 169
Transform: AffineTransform_float_3_3
Parameters: 0.999998 -0.000609914 -0.00181372 0.000615087 0.999996 0.00280489 0.00181228 -0.00280611 0.999995 0.143408 0.117201 0.0704791
FixedParameters: 0 0 0

#Transform 170
Transform: AffineTransform_float_3_3
Parameters: 0.999997 -0.0012599 -0.00239528 0.0012681 0.999993 0.00338197 0.00239072 -0.00338502 0.999991 0.196948 0.102422 0.0862131
FixedParameters: 0 0 0

#Transform 171
Transform: AffineTransform_float_3_3
Parameters: 0.999998 -0.000666332 -0.00185604 0.000671668 0.999995 0.00305476 0.00185396 -0.00305624 0.999993 0.151523 0.122065 0.0729764
FixedParameters: 0 0 0

#Transform 172
Transform: AffineTransform_float_3_3
Parameters: 0.999999 -0.000349783 -0.00175105 0.000355218 0.999996 0.00298038 0.00174995 -0.00298062 0.999994 0.151549 0.122175 0.0929452
FixedParameters: 0 0 0

#Transform 173
Transform: AffineTransform_float_3_3
Parameters: 0.999999 -0.000567215 -0.00171359 0.000571786 0.999996 0.00279302 0.00171241 -0.00279397 0.999994 0.137475 0.139965 0.0812658
FixedParameters: 0 0 0

#Transform 174
Transform: AffineTransform_float_3_3
Parameters: 0.999999 -0.000548532 -0.00172874 0.000554469 0.999995 0.00316404 0.00172725 -0.00316495 0.999993 0.130529 0.105436 0.0917864
FixedParameters: 0 0 0

#Transform 175
Transform: AffineTransform_float_3_3
Parameters: 0.999999 -0.000484311 -0.00147455 0.000488687 0.999995 0.00318128 0.00147245 -0.00318172 0.999994 0.113646 0.124064 0.0886349
FixedParameters: 0 0 0

#Transform 176
Transform: AffineTransform_float_3_3
Parameters: 0.999998 -0.000302741 -0.00203494 0.000309258 0.999995 0.00307538 0.00203406 -0.00307662 0.999993 0.151146 0.107173 0.133712
FixedParameters: 0 0 0

#Transform 177
Transform: AffineTransform_float_3_3
Parameters: 0.999999 6.95134e-05 -0.00181183 -6.5486e-05 0.999997 0.00249112 0.00181217 -0.00249088 0.999996 0.108846 0.12377 0.134349
FixedParameters: 0 0 0

#Transform 178
Transform: AffineTransform_float_3_3
Parameters: 0.999998 -0.000417549 -0.00228219 0.000424451 0.999996 0.00282704 0.00228081 -0.00282796 0.999994 0.166059 0.121511 0.141517
FixedParameters: 0 0 0

#Transform 179
Transform: AffineTransform_float_3_3
Parameters: 0.999998 -0.000381393 -0.00218699 0.000386608 0.999996 0.00256416 0.00218602 -0.00256484 0.999995 0.144728 0.118929 0.125621
FixedParameters: 0 0 0
