#Insight Transform File V1.0
#Transform 0
Transform: AffineTransform_float_3_3
Parameters: 1 0.000306215 0.000457856 -0.000306785 1 -0.00047014 -0.000458144 0.00046986 1 0.0358009 -0.0551378 -0.357483
FixedParameters: 0 0 0

#Transform 1
Transform: AffineTransform_float_3_3
Parameters: 1 0.000593008 0.000155969 -0.000592992 1 -5.30925e-05 -0.000156031 5.29075e-05 1 0.00745061 0.0726107 -0.00257535
FixedParameters: 0 0 0

#Transform 2
Transform: AffineTransform_float_3_3
Parameters: 0.999999 0.000289101 0.000876966 -0.000288899 1 -0.000115253 -0.000877032 0.000114746 0.999999 -0.0234348 0.11519 -0.00742148
FixedParameters: 0 0 0

#Transform 3
Transform: AffineTransform_float_3_3
Parameters: 0.999999 0.000592983 0.00049902 -0.000593017 1 3.37041e-05 -0.00049898 -3.42959e-05 1 -0.0150802 0.0989278 0.00150562
FixedParameters: 0 0 0

#Transform 4
Transform: AffineTransform_float_3_3
Parameters: 0.999999 0.000749991 0.000449014 -0.000750008 0.999999 1.86632e-05 -0.000448985 -1.93367e-05 1 -0.025374 0.0832835 0.0165558
FixedParameters: 0 0 0

#Transform 5
Transform: AffineTransform_float_3_3
Parameters: 1 0.000592976 -4.33255e-05 -0.000593024 0.999999 -0.000548974 4.36744e-05 0.000549026 1 -9.5915e-05 0.109186 0.0178318
FixedParameters: 0 0 0

#Transform 6
Transform: AffineTransform_float_3_3
Parameters: 0.999999 0.000593052 0.000448931 -0.000592948 1 -0.000116266 -0.000449069 0.000115734 1 -0.0242878 0.0926691 0.00250376
FixedParameters: 0 0 0

#Transform 7
Transform: AffineTransform_float_3_3
Parameters: 0.999999 0.000592988 0.000449015 -0.000593011 1 2.57337e-05 -0.000448984 -2.62662e-05 1 -0.0206886 0.0977244 -0.00150094
FixedParameters: 0 0 0

#Transform 8
Transform: AffineTransform_float_3_3
Parameters: 0.999999 0.000491542 0.000628577 -0.000490458 0.999999 -0.000862309 -0.000628423 0.000861691 1 -0.0127437 0.160843 0.0081067
FixedParameters: 0 0 0

#Transform 9
Transform: AffineTransform_float_3_3
Parameters: 1 0.000287222 0.000509875 -0.000286777 1 -0.000436146 -0.000510125 0.000435853 1 -0.00344813 0.141709 0.00597726
FixedParameters: 0 0 0

#Transform 10
Transform: AffineTransform_float_3_3
Parameters: 1 -4.90037e-05 -1.69893e-05 4.89963e-05 1 -0.000218001 1.70107e-05 0.000217999 1 -0.0042874 0.106639 0.00970963
FixedParameters: 0 0 0

#Transform 11
Transform: AffineTransform_float_3_3
Parameters: 1 -4.87577e-05 0.000510023 4.92422e-05 1 -0.000474975 -0.000509976 0.000475025 1 -0.00911943 0.147702 -0.000736452
FixedParameters: 0 0 0

#Transform 12
Transform: AffineTransform_float_3_3
Parameters: 1 -6.8889e-05 0.000289026 6.9111e-05 1 -0.00038398 -0.000288973 0.00038402 1 -0.0145413 0.141453 0.00203345
FixedParameters: 0 0 0

#Transform 13
Transform: AffineTransform_float_3_3
Parameters: 0.999999 2.77304e-05 0.000903978 -2.72695e-05 0.999999 -0.000808025 -0.000904022 0.000807975 1 -0.0216476 0.176925 -0.0161009
FixedParameters: 0 0 0

#Transform 14
Transform: AffineTransform_float_3_3
Parameters: 1 -0.00014887 0.000598032 0.00014913 1 -0.000217911 -0.000597967 0.000218089 1 -0.00742282 0.152312 0.00761009
FixedParameters: 0 0 0

#Transform 15
Transform: AffineTransform_float_3_3
Parameters: 1 -0.000148287 0.0010981 0.000148713 1 -0.000648837 -0.0010979 0.000649163 0.999999 -0.00695167 0.199874 -0.0283374
FixedParameters: 0 0 0

#Transform 16
Transform: AffineTransform_float_3_3
Parameters: 1 -0.000149377 0.000667915 0.000148622 1 0.000565099 -0.000668084 -0.0005649 0.999999 -0.0100399 0.125816 -0.0432498
FixedParameters: 0 0 0

#Transform 17
Transform: AffineTransform_float_3_3
Parameters: 1 -0.000149225 0.000498933 0.000148775 1 0.000451074 -0.000499067 -0.000450925 1 0.010885 0.165934 -0.104833
FixedParameters: 0 0 0

#Transform 18
Transform: AffineTransform_float_3_3
Parameters: 1 -0.000566848 0.000680295 0.000566153 0.999999 0.00124539 -0.000680706 -0.00124461 0.999999 -0.00017469 0.116795 -0.0812833
FixedParameters: 0 0 0

#Transform 19
Transform: AffineTransform_float_3_3
Parameters: 1 -0.000259057 0.000186921 0.000258943 1 0.000303048 -0.000187078 -0.000302952 1 0.0199756 0.18283 -0.0776703
FixedParameters: 0 0 0

#Transform 20
Transform: AffineTransform_float_3_3
Parameters: 1 -0.000210001 0.000263999 0.000209999 1 3.05544e-06 -0.000264001 -2.94456e-06 1 -0.0162089 0.138854 0.00533504
FixedParameters: 0 0 0

#Transform 21
Transform: AffineTransform_float_3_3
Parameters: 1 -0.000148939 0.000658014 0.000149061 1 -9.29019e-05 -0.000657986 9.3098e-05 1 -0.00705076 0.187085 -0.0129511
FixedParameters: 0 0 0

#Transform 22
Transform: AffineTransform_float_3_3
Parameters: 0.999999 -4.68511e-05 0.000730009 4.71489e-05 1 -0.000203966 -0.00072999 0.000204034 0.999999 -0.0170241 0.192309 -0.0715982
FixedParameters: 0 0 0

#Transform 23
Transform: AffineTransform_float_3_3
Parameters: 0.999999 3.36982e-05 0.00098301 -3.43017e-05 1 0.000306967 -0.00098299 -0.000307033 1 -0.00957463 0.17085 -0.0737719
FixedParameters: 0 0 0

#Transform 24
Transform: AffineTransform_float_3_3
Parameters: 0.999999 3.39945e-05 0.001376 -3.40055e-05 1 3.95321e-06 -0.001376 -4.04678e-06 0.999999 -0.0356728 0.163709 -0.0271159
FixedParameters: 0 0 0

#Transform 25
Transform: AffineTransform_float_3_3
Parameters: 0.999999 -0.000591701 0.00123519 0.000590298 0.999999 0.00137773 -0.00123581 -0.00137627 0.999999 -0.0579057 0.027287 0.086199
FixedParameters: 0 0 0

#Transform 26
Transform: AffineTransform_float_3_3
Parameters: 1 -0.000410838 0.000546122 0.000410162 1 -0.000297776 -0.000545878 0.000297224 1 0.00354122 0.15775 0.00206614
FixedParameters: 0 0 0

#Transform 27
Transform: AffineTransform_float_3_3
Parameters: 0.999999 -0.000514031 0.000493967 0.000513969 1 6.32539e-05 -0.000494032 -6.27461e-05 1 -0.0122348 0.138277 0.00563359
FixedParameters: 0 0 0

#Transform 28
Transform: AffineTransform_float_3_3
Parameters: 1 -0.000653626 0.00097725 0.000653373 0.999999 -0.000381362 -0.000976751 0.000382639 1 -0.00843721 0.197121 -0.0125716
FixedParameters: 0 0 0

#Transform 29
Transform: AffineTransform_float_3_3
Parameters: 0.999999 -0.00106793 0.000977081 0.00106808 1 -7.59565e-05 -0.000976918 7.70434e-05 0.999999 -0.00540128 0.179196 -0.0162559
FixedParameters: 0 0 0

#Transform 30
Transform: AffineTransform_float_3_3
Parameters: 0.999998 -0.00074086 0.00172949 0.000742142 1 -0.000659718 -0.00172851 0.000660282 0.999999 -0.0146139 0.229873 -0.0170076
FixedParameters: 0 0 0

#Transform 31
Transform: AffineTransform_float_3_3
Parameters: 1 -0.000855721 0.000805297 0.000856279 0.999999 -0.00034631 -0.000805703 0.000346689 0.999999 0.0154772 0.208887 0.0124536
FixedParameters: 0 0 0

#Transform 32
Transform: AffineTransform_float_3_3
Parameters: 1 -0.000910914 0.000711111 0.000911086 0.999999 -0.000121352 -0.00071089 0.000121648 0.999999 0.0148201 0.191436 0.024051
FixedParameters: 0 0 0

#Transform 33
Transform: AffineTransform_float_3_3
Parameters: 1 -0.000987062 0.000379839 0.000986938 0.999999 0.000163375 -0.000380161 -0.000162625 1 0.0274442 0.186394 -0.000347266
FixedParameters: 0 0 0

#Transform 34
Transform: AffineTransform_float_3_3
Parameters: 0.999999 -0.00123595 0.000681087 0.00123605 0.999999 -7.01582e-05 -0.000680913 7.08416e-05 1 0.00236875 0.202606 0.00797152
FixedParameters: 0 0 0

#Transform 35
Transform: AffineTransform_float_3_3
Parameters: 0.999999 -0.00134531 0.00113664 0.00134569 0.999999 0.00027253 -0.00113737 -0.00027147 1 -0.00209539 0.17055 0.0121885
FixedParameters: 0 0 0

#Transform 36
Transform: AffineTransform_float_3_3
Parameters: 0.999998 -0.00110025 0.00121987 0.00109875 0.999999 0.00102834 -0.00122113 -0.00102766 0.999998 -0.0274532 0.132067 0.0698907
FixedParameters: 0 0 0

#Transform 37
Transform: AffineTransform_float_3_3
Parameters: 0.999999 -0.000911969 0.00127931 0.000911031 1 0.000758167 -0.00127969 -0.000756834 0.999999 0.0261939 0.167255 -0.0288827
FixedParameters: 0 0 0

#Transform 38
Transform: AffineTransform_float_3_3
Parameters: 0.999999 -0.00049057 0.00142112 0.000488431 0.999998 0.0018077 -0.00142189 -0.00180731 0.999998 0.0178753 0.186706 -0.103763
FixedParameters: 0 0 0

#Transform 39
Transform: AffineTransform_float_3_3
Parameters: 0.999999 -0.000968113 0.00149699 0.000964888 0.999998 0.00207845 -0.00149901 -0.00207655 0.999996 -0.0139575 0.161823 -0.121762
FixedParameters: 0 0 0

#Transform 40
Transform: AffineTransform_float_3_3
Parameters: 0.999998 -0.000932859 0.00141878 0.000931139 0.999998 0.00131132 -0.00142022 -0.00130968 0.999998 0.00900197 0.19226 -0.0866462
FixedParameters: 0 0 0

#Transform 41
Transform: AffineTransform_float_3_3
Parameters: 0.999999 -0.000863313 0.0011753 0.000860687 0.999997 0.00196701 -0.0011767 -0.00196599 0.999998 0.00845094 0.159011 -0.0991601
FixedParameters: 0 0 0

#Transform 42
Transform: AffineTransform_float_3_3
Parameters: 0.999998 -0.00110479 0.00123251 0.00110221 0.999997 0.00226036 -0.00123549 -0.00225964 0.999996 0.00806998 0.131922 -0.0990511
FixedParameters: 0 0 0

#Transform 43
Transform: AffineTransform_float_3_3
Parameters: 0.999999 -0.000944177 0.0012073 0.000941821 0.999998 0.00180314 -0.0012097 -0.00180186 0.999997 0.0180459 0.170262 -0.113324
FixedParameters: 0 0 0

#Transform 44
Transform: AffineTransform_float_3_3
Parameters: 0.999999 -0.00109541 0.000861206 0.00109459 0.999998 0.00163994 -0.000862796 -0.00163906 0.999999 0.0131206 0.145335 -0.0467344
FixedParameters: 0 0 0

#Transform 45
Transform: AffineTransform_float_3_3
Parameters: 0.999999 -0.00124296 0.00132517 0.00124104 0.999998 0.00147665 -0.00132683 -0.00147535 0.999998 0.0072657 0.176364 -0.0929342
FixedParameters: 0 0 0

#Transform 46
Transform: AffineTransform_float_3_3
Parameters: 0.999998 -0.00139612 0.00135582 0.00139488 0.999998 0.00156089 -0.00135818 -0.00155911 0.999998 -0.0203881 0.16588 -0.0249342
FixedParameters: 0 0 0

#Transform 47
Transform: AffineTransform_float_3_3
Parameters: 0.999998 -0.00139591 0.00151124 0.00139409 0.999998 0.00126311 -0.00151276 -0.00126089 0.999998 0.00773592 0.186493 -0.0528384
FixedParameters: 0 0 0

#Transform 48
Transform: AffineTransform_float_3_3
Parameters: 0.999998 -0.000732085 0.00147545 0.000734913 0.999998 -0.00197592 -0.00147355 0.00197708 0.999997 -0.0370794 0.356861 -0.0727049
FixedParameters: 0 0 0

#Transform 49
Transform: AffineTransform_float_3_3
Parameters: 0.999998 -0.00106288 0.00139309 0.00106311 0.999999 -8.05191e-05 -0.00139291 8.24806e-05 0.999999 -0.0193827 0.265341 -0.0622947
FixedParameters: 0 0 0

#Transform 50
Transform: AffineTransform_float_3_3
Parameters: 0.999999 -0.00103553 0.00152164 0.00103547 1 0.000347576 -0.00152136 -0.000346425 0.999999 -0.0289777 0.239994 -0.0530248
FixedParameters: 0 0 0

#Transform 51
Transform: AffineTransform_float_3_3
Parameters: 0.999998 -0.00133336 0.00181874 0.00133364 0.999999 0.000200426 -0.00181827 -0.000198576 0.999999 -0.0294563 0.264934 -0.0747161
FixedParameters: 0 0 0

#Transform 52
Transform: AffineTransform_float_3_3
Parameters: 0.999998 -0.00178109 0.00146768 0.00177991 0.999998 0.000744614 -0.00146932 -0.000742385 0.999998 -0.0322233 0.228721 -0.0637693
FixedParameters: 0 0 0

#Transform 53
Transform: AffineTransform_float_3_3
Parameters: 0.999996 -0.00170397 0.00218802 0.00170403 0.999998 -1.22716e-05 -0.00218798 1.57283e-05 0.999997 -0.0512044 0.280768 -0.0984689
FixedParameters: 0 0 0

#Transform 54
Transform: AffineTransform_float_3_3
Parameters: 0.999997 -0.001887 0.00157099 0.001887 0.999998 3.96447e-06 -0.001571 -1.03551e-06 0.999999 -0.0359847 0.262788 -0.0666396
FixedParameters: 0 0 0

#Transform 55
Transform: AffineTransform_float_3_3
Parameters: 0.999997 -0.00188669 0.00139842 0.00188731 0.999998 -0.000220361 -0.00139758 0.000222637 0.999999 -0.0347515 0.265189 -0.0275366
FixedParameters: 0 0 0

#Transform 56
Transform: AffineTransform_float_3_3
Parameters: 0.999999 -0.00144474 0.00115132 0.00144526 0.999999 -0.000221336 -0.00115068 0.000222663 1 -0.0450149 0.260106 -0.0208708
FixedParameters: 0 0 0

#Transform 57
Transform: AffineTransform_float_3_3
Parameters: 0.999998 -0.00100336 0.00135248 0.00100364 1 -0.000473643 -0.00135252 0.000475358 0.999999 -0.0781158 0.300038 -0.0386026
FixedParameters: 0 0 0

#Transform 58
Transform: AffineTransform_float_3_3
Parameters: 0.999998 -0.000712054 0.00150145 0.000712944 0.999999 -0.00062893 -0.00150055 0.000630069 0.999998 -0.0459519 0.276258 -0.0162668
FixedParameters: 0 0 0

#Transform 59
Transform: AffineTransform_float_3_3
Parameters: 0.999997 -0.00170163 0.00131348 0.00170137 0.999998 -0.000279766 -0.00131252 0.000282234 0.999999 -0.0500183 0.277821 -0.0287216
FixedParameters: 0 0 0

#Transform 60
Transform: AffineTransform_float_3_3
Parameters: 0.999997 -0.00159368 0.00179917 0.00159532 0.999999 -0.000732132 -0.00179883 0.000735869 0.999998 -0.0494438 0.303152 -0.0222067
FixedParameters: 0 0 0

#Transform 61
Transform: AffineTransform_float_3_3
Parameters: 0.999996 -0.00204635 0.00160383 0.00204765 0.999998 -0.000403717 -0.00160317 0.000407282 0.999998 -0.048897 0.304768 -0.0366309
FixedParameters: 0 0 0

#Transform 62
Transform: AffineTransform_float_3_3
Parameters: 0.999997 -0.00170013 0.00171386 0.00170187 0.999998 -0.00109109 -0.00171214 0.00109391 0.999998 -0.037858 0.344596 -0.0303394
FixedParameters: 0 0 0

#Transform 63
Transform: AffineTransform_float_3_3
Parameters: 0.999995 -0.00239796 0.00179939 0.00239904 0.999997 -0.000576686 -0.00179861 0.000581316 0.999998 -0.0217642 0.327873 -0.0574867
FixedParameters: 0 0 0

#Transform 64
Transform: AffineTransform_float_3_3
Parameters: 0.999996 -0.00214115 0.0018002 0.00214385 0.999997 -0.00102414 -0.0017988 0.00102786 0.999998 0.014537 0.324041 -0.0303073
FixedParameters: 0 0 0

#Transform 65
Transform: AffineTransform_float_3_3
Parameters: 0.999996 -0.00225284 0.00202229 0.00225316 0.999998 -0.000571446 -0.00202071 0.000576555 0.999998 -0.0299521 0.314058 -0.0329234
FixedParameters: 0 0 0

#Transform 66
Transform: AffineTransform_float_3_3
Parameters: 0.999995 -0.00233854 0.00208152 0.00233946 0.999997 -0.000218131 -0.00208148 0.000222869 0.999998 -0.0682481 0.31274 -0.0761304
FixedParameters: 0 0 0

#Transform 67
Transform: AffineTransform_float_3_3
Parameters: 0.999995 -0.00233355 0.00218455 0.00233445 0.999997 -0.000662904 -0.00218345 0.000668099 0.999998 -0.0615988 0.326814 -0.0770881
FixedParameters: 0 0 0

#Transform 68
Transform: AffineTransform_float_3_3
Parameters: 0.999994 -0.00242496 0.00217716 0.00242604 0.999997 -0.00047472 -0.00217584 0.000479279 0.999997 -0.0644013 0.325413 -0.0765653
FixedParameters: 0 0 0

#Transform 69
Transform: AffineTransform_float_3_3
Parameters: 0.999996 -0.00213962 0.00216135 0.00214338 0.999996 -0.00156237 -0.00215765 0.00156762 0.999997 -0.0539398 0.354858 -0.0505382
FixedParameters: 0 0 0

#Transform 70
Transform: AffineTransform_float_3_3
Parameters: 0.999994 -0.00282664 0.00187854 0.00282736 0.999996 -0.00018669 -0.00187746 0.000192308 0.999998 -0.071181 0.29542 -0.046809
FixedParameters: 0 0 0

#Transform 71
Transform: AffineTransform_float_3_3
Parameters: 0.999995 -0.00259619 0.00179317 0.00259681 0.999997 -0.000448346 -0.00179283 0.000453657 0.999999 -0.0399615 0.315429 -0.0363026
FixedParameters: 0 0 0

#Transform 72
Transform: AffineTransform_float_3_3
Parameters: 0.999994 -0.00282645 0.00165494 0.00282655 0.999996 -0.000332324 -0.00165405 0.000336677 0.999998 -0.0343144 0.333275 -0.0382779
FixedParameters: 0 0 0

#Transform 73
Transform: AffineTransform_float_3_3
Parameters: 0.999994 -0.002826 0.00199742 0.002827 0.999996 -0.000498356 -0.00199558 0.000504642 0.999998 -0.0193008 0.343685 -0.0284662
FixedParameters: 0 0 0

#Transform 74
Transform: AffineTransform_float_3_3
Parameters: 0.999995 -0.00293111 0.00161379 0.00293189 0.999995 7.27318e-05 -0.0016132 -6.72719e-05 0.999998 -0.00962705 0.310877 -0.0274876
FixedParameters: 0 0 0

#Transform 75
Transform: AffineTransform_float_3_3
Parameters: 0.999994 -0.00303964 0.00129085 0.00304036 0.999996 -0.000278077 -0.00129015 0.000282923 0.999999 0.0206653 0.318125 -0.00543605
FixedParameters: 0 0 0

#Transform 76
Transform: AffineTransform_float_3_3
Parameters: 0.999993 -0.00326735 0.00137416 0.00326664 0.999994 0.00026049 -0.00137584 -0.000255506 0.999999 0.00328738 0.306683 -0.0248963
FixedParameters: 0 0 0

#Transform 77
Transform: AffineTransform_float_3_3
Parameters: 0.999995 -0.00300845 0.00145815 0.00300856 0.999996 -0.000378615 -0.00145686 0.000382385 0.999999 0.0229986 0.319055 0.00773367
FixedParameters: 0 0 0

#Transform 78
Transform: AffineTransform_float_3_3
Parameters: 0.999993 -0.00316671 0.00158658 0.00316729 0.999995 -0.000179976 -0.00158542 0.000185022 0.999998 0.0106223 0.321884 -0.00761621
FixedParameters: 0 0 0

#Transform 79
Transform: AffineTransform_float_3_3
Parameters: 0.999993 -0.00338433 0.00124281 0.00338466 0.999994 -0.000533797 -0.00124019 0.000538201 0.999999 0.0277604 0.302575 0.011647
FixedParameters: 0 0 0

#Transform 80
Transform: AffineTransform_float_3_3
Parameters: 0.999995 -0.0028276 0.00145783 0.0028274 0.999996 0.000415124 -0.00145917 -0.000410876 0.999999 -0.00833034 0.228283 0.0170422
FixedParameters: 0 0 0

#Transform 81
Transform: AffineTransform_float_3_3
Parameters: 0.999995 -0.00282766 0.00132559 0.00282734 0.999996 0.00050175 -0.00132741 -0.000498249 0.999999 -0.0108831 0.255294 -0.0372586
FixedParameters: 0 0 0

#Transform 82
Transform: AffineTransform_float_3_3
Parameters: 0.999994 -0.00282781 0.00158555 0.00282719 0.999996 0.000513485 -0.00158645 -0.000509516 0.999998 -0.0341781 0.253684 -0.0385931
FixedParameters: 0 0 0

#Transform 83
Transform: AffineTransform_float_3_3
Parameters: 0.999995 -0.00282811 0.00144182 0.00282689 0.999995 0.000773079 -0.00144318 -0.000768922 0.999998 -0.0250557 0.269192 -0.0551736
FixedParameters: 0 0 0

#Transform 84
Transform: AffineTransform_float_3_3
Parameters: 0.999994 -0.00273878 0.00214955 0.00274022 0.999996 -0.000563113 -0.00214845 0.000568887 0.999997 -0.0146608 0.325003 -0.0259346
FixedParameters: 0 0 0

#Transform 85
Transform: AffineTransform_float_3_3
Parameters: 0.999994 -0.00311278 0.00166041 0.00311322 0.999995 -0.000129832 -0.00165959 0.000135167 0.999998 0.000835905 0.308161 -0.0120607
FixedParameters: 0 0 0

#Transform 86
Transform: AffineTransform_float_3_3
Parameters: 0.999995 -0.00323494 0.000885206 0.00323506 0.999995 -6.21366e-05 -0.000884795 6.48626e-05 0.999999 0.0432962 0.28668 0.00683274
FixedParameters: 0 0 0

#Transform 87
Transform: AffineTransform_float_3_3
Parameters: 0.999994 -0.00351132 0.00102247 0.00350968 0.999993 0.0012926 -0.00102653 -0.0012894 0.999998 0.0200779 0.248211 -0.0396266
FixedParameters: 0 0 0

#Transform 88
Transform: AffineTransform_float_3_3
Parameters: 0.999992 -0.0037748 0.00135277 0.0037742 0.999992 0.00059211 -0.00135422 -0.000586893 0.999999 0.0356368 0.26239 0.00965037
FixedParameters: 0 0 0

#Transform 89
Transform: AffineTransform_float_3_3
Parameters: 0.99999 -0.00432933 0.0010405 0.00432867 0.99999 0.00127252 -0.0010465 -0.00126848 0.999998 0.0445955 0.247722 -0.054198
FixedParameters: 0 0 0

#Transform 90
Transform: AffineTransform_float_3_3
Parameters: 0.999991 -0.00410828 0.00105199 0.00410771 0.999991 0.00122133 -0.00105701 -0.00121667 0.999998 0.0500385 0.241178 -0.0464599
FixedParameters: 0 0 0

#Transform 91
Transform: AffineTransform_float_3_3
Parameters: 0.999988 -0.0042032 0.00221801 0.00420979 0.999987 -0.00261369 -0.00220698 0.00262331 0.999994 0.0128092 0.486589 -0.299201
FixedParameters: 0 0 0

#Transform 92
Transform: AffineTransform_float_3_3
Parameters: 0.999987 -0.00437123 0.00258568 0.00437376 0.99999 -0.0010647 -0.00258032 0.00107629 0.999996 0.0234431 0.399335 -0.134678
FixedParameters: 0 0 0

#Transform 93
Transform: AffineTransform_float_3_3
Parameters: 0.999984 -0.00459493 0.00330107 0.00459908 0.999989 -0.00153084 -0.00329493 0.00154617 0.999994 -0.00396201 0.427733 -0.133608
FixedParameters: 0 0 0

#Transform 94
Transform: AffineTransform_float_3_3
Parameters: 0.999986 -0.00461123 0.00265381 0.00461376 0.999989 -0.00103677 -0.00264919 0.00104923 0.999996 0.0040024 0.422265 -0.17396
FixedParameters: 0 0 0

#Transform 95
Transform: AffineTransform_float_3_3
Parameters: 0.999987 -0.00452195 0.00226011 0.00452406 0.99999 -0.000903787 -0.00225689 0.000913218 0.999997 0.0130538 0.417875 -0.19143
FixedParameters: 0 0 0

#Transform 96
Transform: AffineTransform_float_3_3
Parameters: 0.999986 -0.00456882 0.00271768 0.00457119 0.999989 -0.000798588 -0.00271432 0.000810413 0.999996 -0.011279 0.409991 -0.240409
FixedParameters: 0 0 0

#Transform 97
Transform: AffineTransform_float_3_3
Parameters: 0.999986 -0.00431167 0.00323712 0.00431734 0.99999 -0.00164305 -0.00322988 0.00165695 0.999994 0.0460633 0.421386 -0.116181
FixedParameters: 0 0 0

#Transform 98
Transform: AffineTransform_float_3_3
Parameters: 0.999984 -0.00525744 0.0023789 0.00526157 0.999985 -0.00149551 -0.0023711 0.00150749 0.999996 0.0605394 0.399099 -0.019402
FixedParameters: 0 0 0

#Transform 99
Transform: AffineTransform_float_3_3
Parameters: 0.999987 -0.00355833 0.00380502 0.00355367 0.999992 0.00140754 -0.00380998 -0.00139346 0.999992 -0.126324 0.128763 0.268674
FixedParameters: 0 0 0

#Transform 100
Transform: AffineTransform_float_3_3
Parameters: 0.999994 -0.00264128 0.00254916 0.00262073 0.999965 0.00792474 -0.00256984 -0.00791727 0.999966 -0.0726929 -0.179978 0.393606
FixedParameters: 0 0 0

#Transform 101
Transform: AffineTransform_float_3_3
Parameters: 0.99999 -0.00360768 0.00260914 0.00361531 0.999989 -0.00280359 -0.00259886 0.0028134 0.999992 -0.0409504 0.455304 -0.136438
FixedParameters: 0 0 0

#Transform 102
Transform: AffineTransform_float_3_3
Parameters: 0.99999 -0.00351467 0.00268198 0.00350633 0.99999 0.00286043 -0.00269202 -0.00285057 0.999993 -0.0232032 0.169494 0.00197628
FixedParameters: 0 0 0

#Transform 103
Transform: AffineTransform_float_3_3
Parameters: 0.999989 -0.00382604 0.00294735 0.00382396 0.999993 0.000698279 -0.00295065 -0.000686719 0.999996 -0.0392191 0.305203 -0.0539856
FixedParameters: 0 0 0

#Transform 104
Transform: AffineTransform_float_3_3
Parameters: 0.999987 -0.0040891 0.00308685 0.00409191 0.999991 -0.000935381 -0.00308315 0.00094762 0.999995 -0.0136564 0.382857 -0.0209126
FixedParameters: 0 0 0

#Transform 105
Transform: AffineTransform_float_3_3
Parameters: 0.999988 -0.00402858 0.00270312 0.00403042 0.999991 -0.000520111 -0.00270088 0.000530887 0.999996 -0.0337278 0.374919 -0.033492
FixedParameters: 0 0 0

#Transform 106
Transform: AffineTransform_float_3_3
Parameters: 0.999991 -0.00366459 0.00244212 0.00366642 0.999993 -0.000575052 -0.00244088 0.00058395 0.999997 -0.0176739 0.366544 -0.00876415
FixedParameters: 0 0 0

#Transform 107
Transform: AffineTransform_float_3_3
Parameters: 0.999989 -0.00397905 0.00255948 0.00397995 0.999992 -0.000367817 -0.00255852 0.000377185 0.999996 -0.006404 0.373146 -0.0424843
FixedParameters: 0 0 0

#Transform 108
Transform: AffineTransform_float_3_3
Parameters: 0.999987 -0.00424152 0.00256045 0.00424248 0.999991 -0.000573144 -0.00255854 0.000584859 0.999996 0.00898542 0.35918 -0.0274262
FixedParameters: 0 0 0

#Transform 109
Transform: AffineTransform_float_3_3
Parameters: 0.999989 -0.0040998 0.00255672 0.0040982 0.999991 0.000318481 -0.00255828 -0.000307515 0.999996 -0.00554053 0.345238 -0.0709538
FixedParameters: 0 0 0

#Transform 110
Transform: AffineTransform_float_3_3
Parameters: 0.999989 -0.00410065 0.00252432 0.00409835 0.999992 0.000659353 -0.00252768 -0.000648642 0.999996 0.00399113 0.339156 -0.0876601
FixedParameters: 0 0 0

#Transform 111
Transform: AffineTransform_float_3_3
Parameters: 0.999987 -0.0045465 0.0023586 0.0045385 0.999984 0.00317575 -0.0023734 -0.00316525 0.999992 0.0208883 0.268499 -0.122208
FixedParameters: 0 0 0

#Transform 112
Transform: AffineTransform_float_3_3
Parameters: 0.999989 -0.00410312 0.00232975 0.00409888 0.99999 0.00177157 -0.00233624 -0.00176143 0.999995 0.0321612 0.325962 -0.0704352
FixedParameters: 0 0 0

#Transform 113
Transform: AffineTransform_float_3_3
Parameters: 0.99999 -0.00410498 0.00166736 0.00409903 0.999985 0.00357187 -0.00168164 -0.00356413 0.999992 0.04118 0.265606 -0.116817
FixedParameters: 0 0 0

#Transform 114
Transform: AffineTransform_float_3_3
Parameters: 0.999989 -0.00427787 0.00204182 0.00427313 0.999988 0.00238475 -0.00205218 -0.00237625 0.999995 0.0325068 0.322507 -0.0985993
FixedParameters: 0 0 0

#Transform 115
Transform: AffineTransform_float_3_3
Parameters: 0.99999 -0.0041042 0.00189678 0.0040988 0.999988 0.0027388 -0.00190722 -0.0027312 0.999995 0.0307057 0.294443 -0.115255
FixedParameters: 0 0 0

#Transform 116
Transform: AffineTransform_float_3_3
Parameters: 0.999988 -0.00416112 0.00238288 0.00415288 0.999986 0.00340194 -0.00239612 -0.00339207 0.999992 0.0201704 0.316865 -0.0827928
FixedParameters: 0 0 0

#Transform 117
Transform: AffineTransform_float_3_3
Parameters: 0.999988 -0.00436701 0.0022616 0.00435899 0.999985 0.0035339 -0.0022764 -0.0035241 0.999991 0.0416371 0.308829 -0.0877956
FixedParameters: 0 0 0

#Transform 118
Transform: AffineTransform_float_3_3
Parameters: 0.999989 -0.00403864 0.00215345 0.00403235 0.999988 0.00261771 -0.00216455 -0.00260928 0.999995 -0.00533801 0.261733 0.00379136
FixedParameters: 0 0 0

#Transform 119
Transform: AffineTransform_float_3_3
Parameters: 0.999991 -0.00389855 0.00173454 0.00387846 0.999924 0.0116948 -0.00177947 -0.0116882 0.99993 -0.025898 -0.0910541 0.114455
FixedParameters: 0 0 0

#Transform 120
Transform: AffineTransform_float_3_3
Parameters: 0.999989 -0.00383641 0.00252085 0.00383459 0.999993 0.000563672 -0.00252314 -0.000554326 0.999996 -0.0420932 0.401521 -0.131209
FixedParameters: 0 0 0

#Transform 121
Transform: AffineTransform_float_3_3
Parameters: 0.99999 -0.00387049 0.00245249 0.0038665 0.999991 0.0014285 -0.00245851 -0.0014185 0.999996 -0.0258014 0.383259 -0.136947
FixedParameters: 0 0 0

#Transform 122
Transform: AffineTransform_float_3_3
Parameters: 0.999989 -0.00400143 0.00251598 0.00399658 0.999991 0.00176108 -0.00252302 -0.00175093 0.999996 -0.0256229 0.368931 -0.161942
FixedParameters: 0 0 0

#Transform 123
Transform: AffineTransform_float_3_3
Parameters: 0.99999 -0.0038516 0.00237679 0.0038494 0.999992 0.00109716 -0.00238121 -0.00108784 0.999996 -0.0120368 0.390848 -0.111676
FixedParameters: 0 0 0

#Transform 124
Transform: AffineTransform_float_3_3
Parameters: 0.999988 -0.0041242 0.00236869 0.00411979 0.99999 0.00177678 -0.0023763 -0.00176722 0.999995 -0.0312466 0.364792 -0.12034
FixedParameters: 0 0 0

#Transform 125
Transform: AffineTransform_float_3_3
Parameters: 0.999989 -0.00396243 0.00251761 0.00395957 0.999991 0.00136598 -0.00252339 -0.00135602 0.999996 -0.0272767 0.395002 -0.134065
FixedParameters: 0 0 0

#Transform 126
Transform: AffineTransform_float_3_3
Parameters: 0.999988 -0.00403319 0.00251629 0.0040288 0.99999 0.00167016 -0.00252271 -0.00165984 0.999996 -0.0275818 0.419648 -0.189815
FixedParameters: 0 0 0

#Transform 127
Transform: AffineTransform_float_3_3
Parameters: 0.999989 -0.00406121 0.00241428 0.00405879 0.999992 0.000919809 -0.00241771 -0.000910191 0.999996 -0.0171964 0.424786 -0.166327
FixedParameters: 0 0 0

#Transform 128
Transform: AffineTransform_float_3_3
Parameters: 0.999987 -0.00418124 0.00295559 0.00417575 0.999989 0.00177936 -0.00296341 -0.00176663 0.999994 -0.0534032 0.392839 -0.189178
FixedParameters: 0 0 0

#Transform 129
Transform: AffineTransform_float_3_3
Parameters: 0.999989 -0.00403302 0.0026269 0.00403198 0.999991 0.0007736 -0.0026301 -0.000763401 0.999997 -0.0293332 0.443726 -0.135257
FixedParameters: 0 0 0

#Transform 130
Transform: AffineTransform_float_3_3
Parameters: 0.999989 -0.00405719 0.00257341 0.00405281 0.99999 0.00163145 -0.00257959 -0.00162055 0.999996 -0.0402656 0.411357 -0.172953
FixedParameters: 0 0 0

#Transform 131
Transform: AffineTransform_float_3_3
Parameters: 0.999989 -0.00409643 0.00249938 0.00409357 0.99999 0.00137725 -0.00250562 -0.00136675 0.999996 -0.0311598 0.415212 -0.150479
FixedParameters: 0 0 0

#Transform 132
Transform: AffineTransform_float_3_3
Parameters: 0.999986 -0.00439625 0.00295521 0.00439075 0.999989 0.00178 -0.00296279 -0.001767 0.999994 -0.0451287 0.416173 -0.206992
FixedParameters: 0 0 0

#Transform 133
Transform: AffineTransform_float_3_3
Parameters: 0.999988 -0.00400697 0.00304278 0.00400303 0.999991 0.0013092 -0.00304722 -0.00129681 0.999995 -0.0500155 0.431611 -0.17922
FixedParameters: 0 0 0

#Transform 134
Transform: AffineTransform_float_3_3
Parameters: 0.999988 -0.004367 0.00244588 0.00436301 0.999989 0.00163669 -0.00245312 -0.00162631 0.999995 -0.0201686 0.439653 -0.151409
FixedParameters: 0 0 0

#Transform 135
Transform: AffineTransform_float_3_3
Parameters: 0.999987 -0.00441826 0.00254762 0.00441474 0.999989 0.00167727 -0.00255438 -0.00166574 0.999996 -0.0162147 0.440886 -0.142527
FixedParameters: 0 0 0

#Transform 136
Transform: AffineTransform_float_3_3
Parameters: 0.999987 -0.00428264 0.0025489 0.00427936 0.99999 0.00143092 -0.0025541 -0.00142008 0.999995 -0.00325231 0.46623 -0.208984
FixedParameters: 0 0 0

#Transform 137
Transform: AffineTransform_float_3_3
Parameters: 0.999987 -0.00448241 0.00270271 0.00447859 0.999988 0.00163413 -0.0027103 -0.00162287 0.999995 -0.0202511 0.459999 -0.240987
FixedParameters: 0 0 0

#Transform 138
Transform: AffineTransform_float_3_3
Parameters: 0.999987 -0.00435168 0.00242999 0.00435032 0.999991 0.00069758 -0.00243301 -0.000687421 0.999997 0.00408267 0.507085 -0.243644
FixedParameters: 0 0 0

#Transform 139
Transform: AffineTransform_float_3_3
Parameters: 0.999986 -0.00465775 0.0023215 0.00464924 0.999983 0.00333584 -0.0023375 -0.00332516 0.999991 0.0246628 0.441198 -0.223335
FixedParameters: 0 0 0

#Transform 140
Transform: AffineTransform_float_3_3
Parameters: 0.99999 -0.00369452 0.00242416 0.00369148 0.999992 0.00104496 -0.00242784 -0.00103604 0.999996 -0.0523911 0.364823 0.00330888
FixedParameters: 0 0 0

#Transform 141
Transform: AffineTransform_float_3_3
Parameters: 0.999984 -0.00462765 0.00330229 0.00462435 0.999989 0.000809284 -0.00330571 -0.000794715 0.999994 -0.112402 0.215354 0.220008
FixedParameters: 0 0 0

#Transform 142
Transform: AffineTransform_float_3_3
Parameters: 0.999983 -0.004081 0.00427818 0.00405801 0.999978 0.00537046 -0.00429982 -0.00535255 0.999977 -0.208501 -0.0711748 0.676485
FixedParameters: 0 0 0

#Transform 143
Transform: AffineTransform_float_3_3
Parameters: 0.999985 -0.00323118 0.00430191 0.00321081 0.999984 0.00469088 -0.00431708 -0.00467612 0.999979 -0.158207 -0.0566682 0.725494
FixedParameters: 0 0 0

#Transform 144
Transform: AffineTransform_float_3_3
Parameters: 0.999983 -0.00393867 0.00446511 0.00392434 0.999987 0.00328858 -0.0044779 -0.00327142 0.999984 -0.16457 0.0274279 0.61506
FixedParameters: 0 0 0

#Transform 145
Transform: AffineTransform_float_3_3
Parameters: 0.999981 -0.00412412 0.0045769 0.00411388 0.999989 0.00221887 -0.0045861 -0.00220013 0.999987 -0.145079 0.0979709 0.5468
FixedParameters: 0 0 0

#Transform 146
Transform: AffineTransform_float_3_3
Parameters: 0.99998 -0.0043265 0.00465805 0.00431951 0.99999 0.00161715 -0.00466495 -0.00159785 0.999988 -0.15841 0.150819 0.508189
FixedParameters: 0 0 0

#Transform 147
Transform: AffineTransform_float_3_3
Parameters: 0.999988 -0.0041771 0.00251349 0.0041809 0.99999 -0.00154751 -0.00250751 0.00155849 0.999995 -0.0549079 0.336578 0.375011
FixedParameters: 0 0 0

#Transform 148
Transform: AffineTransform_float_3_3
Parameters: 0.999985 -0.00485313 0.00257952 0.00485487 0.999988 -0.000719488 -0.00257548 0.00073151 0.999997 -0.043074 0.322348 0.287906
FixedParameters: 0 0 0

#Transform 149
Transform: AffineTransform_float_3_3
Parameters: 0.999984 -0.00455797 0.00335322 0.00456404 0.999988 -0.00179472 -0.00334478 0.00180927 0.999993 -0.0832766 0.372309 0.234846
FixedParameters: 0 0 0

#Transform 150
Transform: AffineTransform_float_3_3
Parameters: 0.999985 -0.00426196 0.00341979 0.00426904 0.999989 -0.00205343 -0.00341121 0.00206757 0.999992 -0.109072 0.411049 0.232321
FixedParameters: 0 0 0

#Transform 151
Transform: AffineTransform_float_3_3
Parameters: 0.999985 -0.00422078 0.00341869 0.00422722 0.99999 -0.00181358 -0.00341131 0.00182843 0.999993 -0.088716 0.392524 0.200805
FixedParameters: 0 0 0

#Transform 152
Transform: AffineTransform_float_3_3
Parameters: 0.999986 -0.00435919 0.00294265 0.00436281 0.999989 -0.00129018 -0.00293735 0.00130282 0.999995 -0.0770113 0.385136 0.128111
FixedParameters: 0 0 0

#Transform 153
Transform: AffineTransform_float_3_3
Parameters: 0.999985 -0.00458625 0.0030292 0.00459075 0.999988 -0.00156212 -0.0030228 0.00157589 0.999994 -0.0679066 0.456678 0.126693
FixedParameters: 0 0 0

#Transform 154
Transform: AffineTransform_float_3_3
Parameters: 0.999989 -0.00373673 0.00306522 0.00374127 0.999992 -0.00138855 -0.00305979 0.00139945 0.999995 -0.148922 0.251269 0.544813
FixedParameters: 0 0 0

#Transform 155
Transform: AffineTransform_float_3_3
Parameters: 0.999977 -0.00562681 0.0035866 0.00566019 0.99994 -0.00931091 -0.00353439 0.00933109 0.99995 -0.0846934 0.902535 -0.0790812
FixedParameters: 0 0 0

#Transform 156
Transform: AffineTransform_float_3_3
Parameters: 0.999984 -0.00542364 0.00200157 0.00543635 0.999962 -0.00672823 -0.00196444 0.00673877 0.999976 0.0276247 0.862719 -0.226364
FixedParameters: 0 0 0

#Transform 157
Transform: AffineTransform_float_3_3
Parameters: 0.999985 -0.00507001 0.00233085 0.00507999 0.999978 -0.00429923 -0.00230915 0.00431077 0.999988 -0.00610437 0.784869 -0.216536
FixedParameters: 0 0 0

#Transform 158
Transform: AffineTransform_float_3_3
Parameters: 0.999986 -0.00443164 0.00291716 0.00443736 0.999989 -0.00183408 -0.00290884 0.00184692 0.999994 -0.0294397 0.59391 -0.101065
FixedParameters: 0 0 0

#Transform 159
Transform: AffineTransform_float_3_3
Parameters: 0.999983 -0.00488244 0.0031824 0.00488457 0.999988 -0.000484463 -0.0031796 0.000499533 0.999995 -0.0402093 0.58901 -0.176706
FixedParameters: 0 0 0

#Transform 160
Transform: AffineTransform_float_3_3
Parameters: 0.999983 -0.00516127 0.0029031 0.00516274 0.999987 -0.000592023 -0.00289991 0.000606978 0.999995 -0.0138269 0.560179 -0.117373
FixedParameters: 0 0 0

#Transform 161
Transform: AffineTransform_float_3_3
Parameters: 0.999983 -0.00551016 0.00191055 0.00551084 0.999985 8.65302e-05 -0.00191045 -7.64744e-05 0.999998 0.0180446 0.564763 -0.22296
FixedParameters: 0 0 0

#Transform 162
Transform: AffineTransform_float_3_3
Parameters: 0.999981 -0.00563479 0.00255525 0.00563421 0.999984 0.000317403 -0.00255674 -0.000302599 0.999996 0.0123013 0.546311 -0.173134
FixedParameters: 0 0 0

#Transform 163
Transform: AffineTransform_float_3_3
Parameters: 0.999982 -0.00537988 0.00256944 0.00538212 0.999985 -0.000818186 -0.00256456 0.000831812 0.999997 0.000110113 0.595581 -0.201451
FixedParameters: 0 0 0

#Transform 164
Transform: AffineTransform_float_3_3
Parameters: 0.999987 -0.00422008 0.00305328 0.00422093 0.999991 -0.000297116 -0.00305172 0.000309883 0.999996 -0.0999627 0.473031 -0.0297947
FixedParameters: 0 0 0

#Transform 165
Transform: AffineTransform_float_3_3
Parameters: 0.999984 -0.00497463 0.00289865 0.00497538 0.999987 -0.00012258 -0.00289736 0.000136415 0.999996 -0.0272134 0.51984 -0.129553
FixedParameters: 0 0 0

#Transform 166
Transform: AffineTransform_float_3_3
Parameters: 0.999983 -0.00503996 0.00300607 0.00504004 0.999988 -5.84941e-06 -0.00300593 2.11501e-05 0.999996 -0.0230301 0.545297 -0.20445
FixedParameters: 0 0 0

#Transform 167
Transform: AffineTransform_float_3_3
Parameters: 0.999982 -0.0051475 0.00316044 0.00514849 0.999986 -0.000465737 -0.00315756 0.000482262 0.999995 -0.0281768 0.564239 -0.171385
FixedParameters: 0 0 0

#Transform 168
Transform: AffineTransform_float_3_3
Parameters: 0.999981 -0.00523981 0.00302007 0.00524119 0.999986 -0.000386179 -0.00301794 0.000401821 0.999996 -0.0218342 0.572555 -0.204498
FixedParameters: 0 0 0

#Transform 169
Transform: AffineTransform_float_3_3
Parameters: 0.999983 -0.00499431 0.00317981 0.00499769 0.999987 -0.00115413 -0.0031742 0.00116987 0.999995 -0.0134012 0.596257 -0.175395
FixedParameters: 0 0 0

#Transform 170
Transform: AffineTransform_float_3_3
Parameters: 0.999982 -0.00519648 0.00281195 0.00519752 0.999987 -0.000176388 -0.00281105 0.000190611 0.999996 -0.00728837 0.574115 -0.228629
FixedParameters: 0 0 0

#Transform 171
Transform: AffineTransform_float_3_3
Parameters: 0.999979 -0.00573165 0.00279476 0.00573335 0.999984 -0.000473987 -0.00279224 0.000490014 0.999996 0.0237543 0.56699 -0.14999
FixedParameters: 0 0 0

#Transform 172
Transform: AffineTransform_float_3_3
Parameters: 0.999982 -0.00533298 0.00279584 0.00533501 0.999985 -0.000713097 -0.00279216 0.000727903 0.999996 -0.00923041 0.593985 -0.230231
FixedParameters: 0 0 0

#Transform 173
Transform: AffineTransform_float_3_3
Parameters: 0.99998 -0.00575618 0.00279781 0.00575882 0.999983 -0.00100091 -0.00279219 0.00101709 0.999995 0.014008 0.598236 -0.200505
FixedParameters: 0 0 0

#Transform 174
Transform: AffineTransform_float_3_3
Parameters: 0.999976 -0.00610035 0.00310738 0.00609765 0.999981 0.000765966 -0.00311161 -0.000747036 0.999995 0.00550457 0.56021 -0.326662
FixedParameters: 0 0 0

#Transform 175
Transform: AffineTransform_float_3_3
Parameters: 0.999977 -0.00590598 0.003263 0.00590103 0.999982 0.00153329 -0.00327199 -0.00151371 0.999993 -0.0103934 0.498727 -0.190761
FixedParameters: 0 0 0

#Transform 176
Transform: AffineTransform_float_3_3
Parameters: 0.999976 -0.00563247 0.00397485 0.00562653 0.999983 0.0016364 -0.00398415 -0.0016136 0.999991 -0.0629169 0.522427 -0.283562
FixedParameters: 0 0 0

#Transform 177
Transform: AffineTransform_float_3_3
Parameters: 0.999974 -0.00590972 0.00419117 0.00590728 0.999983 0.000660776 -0.00419483 -0.000636227 0.999991 -0.030818 0.562977 -0.285653
FixedParameters: 0 0 0

#Transform 178
Transform: AffineTransform_float_3_3
Parameters: 0.999972 -0.0060724 0.0042165 0.0060626 0.999979 0.00223762 -0.0042305 -0.00221237 0.999988 -0.0348448 0.522109 -0.401719
FixedParameters: 0 0 0

#Transform 179
Transform: AffineTransform_float_3_3
Parameters: 0.999977 -0.00592343 0.00327901 0.00591857 0.999981 0.00135844 -0.00328699 -0.00133956 0.999993 0.0209953 0.525829 -0.282578
FixedParameters: 0 0 0
