#Insight Transform File V1.0
#Transform 0
Transform: AffineTransform_float_3_3
Parameters: 1 -0.000115015 0.000154989 0.000114985 1 9.80178e-05 -0.000155011 -9.79822e-05 1 0.0586895 -0.0820048 -0.316584
FixedParameters: 0 0 0

#Transform 1
Transform: AffineTransform_float_3_3
Parameters: 1 -0.000233551 0.000985871 0.00023245 1 0.00055823 -0.000986131 -0.00055877 1 0.0168124 0.121352 -0.0681315
FixedParameters: 0 0 0

#Transform 2
Transform: AffineTransform_float_3_3
Parameters: 1 -0.00032178 0.000985746 0.00032022 0.999999 0.000791316 -0.000986254 -0.000790683 0.999999 -0.0108224 0.164443 -0.0765418
FixedParameters: 0 0 0

#Transform 3
Transform: AffineTransform_float_3_3
Parameters: 1 -0.000382651 0.000462462 0.000381348 0.999999 0.00140818 -0.000463537 -0.00140782 0.999999 -0.00101286 0.16225 -0.0994083
FixedParameters: 0 0 0

#Transform 4
Transform: AffineTransform_float_3_3
Parameters: 1 -0.00014766 0.000397756 0.000146341 0.999998 0.00165806 -0.000397243 -0.00165794 0.999998 0.0125753 0.136537 -0.11461
FixedParameters: 0 0 0

#Transform 5
Transform: AffineTransform_float_3_3
Parameters: 0.999999 -0.000495838 0.000618328 0.000495162 0.999999 0.00135531 -0.000618671 -0.00135469 0.999999 -0.00514922 0.158497 -0.0958371
FixedParameters: 0 0 0

#Transform 6
Transform: AffineTransform_float_3_3
Parameters: 1 -0.000223305 0.000397829 0.000222696 0.999999 0.000766088 -0.000397171 -0.000765911 0.999999 0.00851525 0.191882 -0.125298
FixedParameters: 0 0 0

#Transform 7
Transform: AffineTransform_float_3_3
Parameters: 0.999999 -0.000675765 0.00103381 0.000677236 0.999999 -0.0011953 -0.00103319 0.0011957 0.999999 0.0036034 0.288073 -0.220543
FixedParameters: 0 0 0

#Transform 8
Transform: AffineTransform_float_3_3
Parameters: 1 -7.90691e-06 -5.60132e-05 8.09306e-06 0.999998 0.001662 5.59866e-05 -0.001662 0.999998 0.0424458 0.187184 -0.149652
FixedParameters: 0 0 0

#Transform 9
Transform: AffineTransform_float_3_3
Parameters: 1 -0.00046324 -0.000307149 0.000463759 0.999997 0.00247886 0.000305851 -0.00247914 0.999997 0.0778413 0.167072 -0.168476
FixedParameters: 0 0 0

#Transform 10
Transform: AffineTransform_float_3_3
Parameters: 1 -0.000259303 -0.000306591 0.000259696 0.999998 0.00227692 0.00030541 -0.00227708 0.999998 0.0528751 0.174434 -0.155273
FixedParameters: 0 0 0

#Transform 11
Transform: AffineTransform_float_3_3
Parameters: 1 -0.000427355 0.000152006 0.000426645 0.999997 0.00232807 -0.000152994 -0.00232894 0.999998 0.0173012 0.172375 -0.159645
FixedParameters: 0 0 0

#Transform 12
Transform: AffineTransform_float_3_3
Parameters: 1 -0.000556882 -5.71573e-05 0.000557117 0.999997 0.00207797 5.58424e-05 -0.00207803 0.999998 0.0202296 0.181088 -0.151913
FixedParameters: 0 0 0

#Transform 13
Transform: AffineTransform_float_3_3
Parameters: 1 -0.000408883 -5.68498e-05 0.000409115 0.999998 0.00207798 5.515e-05 -0.00207802 0.999998 0.0317189 0.18138 -0.139873
FixedParameters: 0 0 0

#Transform 14
Transform: AffineTransform_float_3_3
Parameters: 1 -0.000195859 -5.64922e-05 0.00019614 0.999997 0.00251199 5.55075e-05 -0.00251201 0.999997 0.0351513 0.166383 -0.157928
FixedParameters: 0 0 0

#Transform 15
Transform: AffineTransform_float_3_3
Parameters: 1 -0.000164869 -5.63841e-05 0.00016413 0.999998 0.00232899 5.56179e-05 -0.00232901 0.999998 0.0056999 0.172755 -0.159959
FixedParameters: 0 0 0

#Transform 16
Transform: AffineTransform_float_3_3
Parameters: 1 -0.000363859 -5.69076e-05 0.000364141 0.999997 0.00249398 5.6092e-05 -0.00249402 0.999997 0.0340766 0.166718 -0.165489
FixedParameters: 0 0 0

#Transform 17
Transform: AffineTransform_float_3_3
Parameters: 1 -0.000439836 -5.72727e-05 0.000440163 0.999995 0.00289297 5.57268e-05 -0.00289302 0.999996 0.0330129 0.164305 -0.165747
FixedParameters: 0 0 0

#Transform 18
Transform: AffineTransform_float_3_3
Parameters: 1 -0.000309616 -0.000127934 0.000309385 0.999996 0.00301496 0.000127068 -0.00301504 0.999996 0.0205231 0.148212 -0.18102
FixedParameters: 0 0 0

#Transform 19
Transform: AffineTransform_float_3_3
Parameters: 1 -0.000410856 -5.70478e-05 0.000411144 0.999996 0.00254998 5.59517e-05 -0.00255002 0.999996 0.0110688 0.164702 -0.155321
FixedParameters: 0 0 0

#Transform 20
Transform: AffineTransform_float_3_3
Parameters: 1 -0.00033885 -5.68999e-05 0.000339148 0.999997 0.00265498 5.50998e-05 -0.00265502 0.999997 0.0234902 0.161042 -0.140657
FixedParameters: 0 0 0

#Transform 21
Transform: AffineTransform_float_3_3
Parameters: 1 -0.000380851 -5.70037e-05 0.000381149 0.999997 0.00263498 5.59958e-05 -0.00263502 0.999996 0.0274942 0.161638 -0.140481
FixedParameters: 0 0 0

#Transform 22
Transform: AffineTransform_float_3_3
Parameters: 1 -0.000170828 -5.65216e-05 0.00017117 0.999996 0.00305199 5.54779e-05 -0.00305201 0.999996 0.00840676 0.143222 -0.147015
FixedParameters: 0 0 0

#Transform 23
Transform: AffineTransform_float_3_3
Parameters: 1 -0.000228633 -0.00011871 0.000228368 0.999995 0.00310497 0.000118291 -0.00310503 0.999995 0.02385 0.14533 -0.152359
FixedParameters: 0 0 0

#Transform 24
Transform: AffineTransform_float_3_3
Parameters: 1 -0.000427949 -1.63819e-05 0.000428049 0.999994 0.00322899 1.46179e-05 -0.003229 0.999995 0.0110453 0.140688 -0.146112
FixedParameters: 0 0 0

#Transform 25
Transform: AffineTransform_float_3_3
Parameters: 1 -0.000440432 0.000454616 0.000439566 0.999995 0.0031462 -0.000456385 -0.0031458 0.999995 -0.013861 0.153219 -0.16206
FixedParameters: 0 0 0

#Transform 26
Transform: AffineTransform_float_3_3
Parameters: 1 -0.000416341 -0.000224227 0.000416658 0.999995 0.0029459 0.000222773 -0.00294609 0.999995 0.0223093 0.154686 -0.145031
FixedParameters: 0 0 0

#Transform 27
Transform: AffineTransform_float_3_3
Parameters: 1 -0.000410907 -0.000388161 0.000412093 0.999996 0.00282084 0.000386839 -0.00282116 0.999996 0.0370955 0.155156 -0.1506
FixedParameters: 0 0 0

#Transform 28
Transform: AffineTransform_float_3_3
Parameters: 1 -0.000380832 -6.00715e-05 0.000381167 0.999996 0.00281298 5.8928e-05 -0.00281302 0.999996 0.0244879 0.155391 -0.159948
FixedParameters: 0 0 0

#Transform 29
Transform: AffineTransform_float_3_3
Parameters: 1 -0.000419027 8.81126e-06 0.000418973 0.999996 0.002837 -1.01887e-05 -0.002837 0.999996 0.00571657 0.154557 -0.14688
FixedParameters: 0 0 0

#Transform 30
Transform: AffineTransform_float_3_3
Parameters: 1 -0.000329344 0.000124091 0.000328657 0.999996 0.00276004 -0.000124908 -0.00275996 0.999996 0.00824489 0.163586 -0.154244
FixedParameters: 0 0 0

#Transform 31
Transform: AffineTransform_float_3_3
Parameters: 1 -0.0004685 -0.000201169 0.0004685 0.999997 0.00249391 0.000199832 -0.00249409 0.999997 0.0207572 0.166679 -0.117638
FixedParameters: 0 0 0

#Transform 32
Transform: AffineTransform_float_3_3
Parameters: 1 -0.000263023 8.29539e-06 0.000262975 0.999997 0.002679 -9.70455e-06 -0.002679 0.999997 0.0149594 0.158182 -0.134644
FixedParameters: 0 0 0

#Transform 33
Transform: AffineTransform_float_3_3
Parameters: 1 -0.000265818 -6.47515e-05 0.000266183 0.999996 0.00282598 6.4248e-05 -0.00282602 0.999996 0.00994722 0.148799 -0.13452
FixedParameters: 0 0 0

#Transform 34
Transform: AffineTransform_float_3_3
Parameters: 1 -0.00052034 -0.000252365 0.000520661 0.999997 0.00262087 0.000251636 -0.00262113 0.999997 0.0207514 0.159336 -0.128908
FixedParameters: 0 0 0

#Transform 35
Transform: AffineTransform_float_3_3
Parameters: 1 -0.000417847 -0.000465038 0.000419152 0.999997 0.0024808 0.000463961 -0.00248119 0.999997 0.0384558 0.16716 -0.133051
FixedParameters: 0 0 0

#Transform 36
Transform: AffineTransform_float_3_3
Parameters: 1 -0.000464858 -0.000398336 0.00046614 0.999996 0.00286981 0.000396664 -0.00287018 0.999996 0.0351981 0.153437 -0.1335
FixedParameters: 0 0 0

#Transform 37
Transform: AffineTransform_float_3_3
Parameters: 1 -0.000455673 -9.65562e-05 0.000456328 0.999994 0.00341396 9.54426e-05 -0.00341404 0.999994 0.0186661 0.134122 -0.139891
FixedParameters: 0 0 0

#Transform 38
Transform: AffineTransform_float_3_3
Parameters: 1 -0.000517566 -0.000141596 0.000517435 0.999995 0.00308293 0.000140405 -0.00308307 0.999995 0.0257704 0.14572 -0.116992
FixedParameters: 0 0 0

#Transform 39
Transform: AffineTransform_float_3_3
Parameters: 1 -0.000522465 -0.000156792 0.000523535 0.999994 0.00342792 0.000155206 -0.00342808 0.999994 0.0251652 0.1377 -0.125942
FixedParameters: 0 0 0

#Transform 40
Transform: AffineTransform_float_3_3
Parameters: 1 -0.000527744 -0.00039568 0.000529256 0.999995 0.00317979 0.000394319 -0.00318021 0.999995 0.0342921 0.142259 -0.150959
FixedParameters: 0 0 0

#Transform 41
Transform: AffineTransform_float_3_3
Parameters: 0.999999 -0.000635497 -0.000466055 0.000636501 0.999994 0.0032297 0.000463946 -0.00323029 0.999994 0.0448514 0.14035 -0.135238
FixedParameters: 0 0 0

#Transform 42
Transform: AffineTransform_float_3_3
Parameters: 1 -0.000670519 -0.000176832 0.000671478 0.999996 0.00273188 0.000174166 -0.00273212 0.999997 0.0158296 0.139396 -0.115392
FixedParameters: 0 0 0

#Transform 43
Transform: AffineTransform_float_3_3
Parameters: 1 -0.000547196 -0.000273614 0.000547802 0.999996 0.00294685 0.000271387 -0.00294715 0.999995 0.0316439 0.140059 -0.129404
FixedParameters: 0 0 0

#Transform 44
Transform: AffineTransform_float_3_3
Parameters: 1 -0.000445512 -0.000418589 0.000446489 0.999993 0.00356081 0.000417412 -0.00356118 0.999993 0.0335543 0.136358 -0.162061
FixedParameters: 0 0 0

#Transform 45
Transform: AffineTransform_float_3_3
Parameters: 0.999999 -0.000741841 0.000606755 0.000740157 0.999995 0.00303045 -0.000609245 -0.00302955 0.999995 -0.0453618 0.158828 -0.162094
FixedParameters: 0 0 0

#Transform 46
Transform: AffineTransform_float_3_3
Parameters: 0.999999 -0.000759464 -0.000157604 0.000759533 0.999994 0.00342688 0.000154398 -0.00342712 0.999994 0.0214556 0.147855 -0.147305
FixedParameters: 0 0 0

#Transform 47
Transform: AffineTransform_float_3_3
Parameters: 0.999999 -0.000689123 -0.000240527 0.000689878 0.999993 0.00366384 0.000238474 -0.00366417 0.999994 0.0243973 0.134462 -0.126993
FixedParameters: 0 0 0

#Transform 48
Transform: AffineTransform_float_3_3
Parameters: 1 -0.000923438 -0.000473064 0.000924563 0.999994 0.00331457 0.000469939 -0.00331444 0.999995 0.0404942 0.150317 -0.120718
FixedParameters: 0 0 0

#Transform 49
Transform: AffineTransform_float_3_3
Parameters: 0.999999 -0.00122997 -0.000641841 0.00123303 0.999988 0.00474321 0.000636157 -0.00474478 0.999988 0.0495455 0.0892411 -0.126749
FixedParameters: 0 0 0

#Transform 50
Transform: AffineTransform_float_3_3
Parameters: 0.999999 -0.000800555 -0.000291991 0.000802444 0.999988 0.00498077 0.000288006 -0.00498123 0.999987 0.0156315 0.0766443 -0.119566
FixedParameters: 0 0 0

#Transform 51
Transform: AffineTransform_float_3_3
Parameters: 1 -0.000750624 -0.000741435 0.000754375 0.99999 0.00456445 0.000737565 -0.00456456 0.99999 0.0555836 0.0915965 -0.0991637
FixedParameters: 0 0 0

#Transform 52
Transform: AffineTransform_float_3_3
Parameters: 0.999999 -0.000718277 -0.000208505 0.000718724 0.999993 0.00348585 0.000206496 -0.00348615 0.999994 0.0199592 0.116751 -0.0996761
FixedParameters: 0 0 0

#Transform 53
Transform: AffineTransform_float_3_3
Parameters: 0.999999 -0.000694156 -0.000201923 0.000694844 0.999991 0.00420886 0.000199078 -0.00420814 0.999991 0.02654 0.0971378 -0.109439
FixedParameters: 0 0 0

#Transform 54
Transform: AffineTransform_float_3_3
Parameters: 0.999999 -0.000852286 -0.000183349 0.000852716 0.999992 0.00392785 0.000180652 -0.00392816 0.999993 0.0216654 0.0978258 -0.0952998
FixedParameters: 0 0 0

#Transform 55
Transform: AffineTransform_float_3_3
Parameters: 0.999999 -0.000787549 -0.000116098 0.00078845 0.999992 0.00393191 0.000112901 -0.00393209 0.999993 0.00954313 0.0976727 -0.107832
FixedParameters: 0 0 0

#Transform 56
Transform: AffineTransform_float_3_3
Parameters: 0.999999 -0.000680167 -0.000203802 0.000680834 0.999992 0.00411786 0.000201198 -0.00411814 0.999991 0.0273661 0.0950755 -0.125986
FixedParameters: 0 0 0

#Transform 57
Transform: AffineTransform_float_3_3
Parameters: 0.999999 -0.000842508 -0.000404124 0.000843494 0.999993 0.00370466 0.000401877 -0.00370534 0.999993 0.0371681 0.12181 -0.103669
FixedParameters: 0 0 0

#Transform 58
Transform: AffineTransform_float_3_3
Parameters: 0.999999 -0.000720486 -0.000135758 0.000721515 0.999993 0.0038269 0.00013324 -0.0038261 0.999992 0.0186314 0.11506 -0.111935
FixedParameters: 0 0 0

#Transform 59
Transform: AffineTransform_float_3_3
Parameters: 1 -0.000689764 -5.78796e-05 0.000690236 0.999991 0.00417396 5.51194e-05 -0.00417404 0.999992 0.0208552 0.118811 -0.129408
FixedParameters: 0 0 0

#Transform 60
Transform: AffineTransform_float_3_3
Parameters: 0.999999 -0.000810351 -0.000158356 0.000810647 0.999991 0.00413988 0.000154645 -0.00414013 0.999992 0.025462 0.125234 -0.119571
FixedParameters: 0 0 0

#Transform 61
Transform: AffineTransform_float_3_3
Parameters: 1 -0.000811453 -0.000617363 0.000813546 0.999991 0.0041365 0.00061364 -0.0041375 0.999992 0.0546049 0.10878 -0.13282
FixedParameters: 0 0 0

#Transform 62
Transform: AffineTransform_float_3_3
Parameters: 0.999999 -0.000910786 -0.000297738 0.000912214 0.999991 0.00410173 0.00029426 -0.00410227 0.999991 0.0226728 0.103076 -0.129489
FixedParameters: 0 0 0

#Transform 63
Transform: AffineTransform_float_3_3
Parameters: 1 -0.0010326 -0.000379837 0.0010334 0.999992 0.00371261 0.000376167 -0.00371239 0.999993 0.0267406 0.129461 -0.128853
FixedParameters: 0 0 0

#Transform 64
Transform: AffineTransform_float_3_3
Parameters: 0.999999 -0.000815656 -0.00043453 0.000817341 0.999995 0.00309965 0.000431468 -0.00310035 0.999995 0.0236051 0.138291 -0.1116
FixedParameters: 0 0 0

#Transform 65
Transform: AffineTransform_float_3_3
Parameters: 1 -0.00104645 -0.000517155 0.00104755 0.999995 0.00301246 0.000513847 -0.00301254 0.999996 0.017246 0.146081 -0.12042
FixedParameters: 0 0 0

#Transform 66
Transform: AffineTransform_float_3_3
Parameters: 1 -0.00101011 -0.000567381 0.00101189 0.999994 0.00334343 0.00056362 -0.00334357 0.999995 0.0306458 0.134493 -0.102323
FixedParameters: 0 0 0

#Transform 67
Transform: AffineTransform_float_3_3
Parameters: 0.999999 -0.00115489 -0.000662693 0.00115711 0.999994 0.00319424 0.000659307 -0.00319476 0.999994 0.0270843 0.12708 -0.101678
FixedParameters: 0 0 0

#Transform 68
Transform: AffineTransform_float_3_3
Parameters: 1 -0.00106918 -0.00033165 0.00106982 0.999997 0.00247765 0.00032835 -0.00247835 0.999997 0.0209353 0.1455 -0.0921561
FixedParameters: 0 0 0

#Transform 69
Transform: AffineTransform_float_3_3
Parameters: 0.999999 -0.00117007 -0.0003769 0.00117093 0.999996 0.00247756 0.000374099 -0.00247844 0.999997 0.0189475 0.147619 -0.0975723
FixedParameters: 0 0 0

#Transform 70
Transform: AffineTransform_float_3_3
Parameters: 0.999999 -0.00140852 -0.000715923 0.00140948 0.999997 0.00207399 0.000713077 -0.00207501 0.999997 0.032433 0.155644 -0.0675069
FixedParameters: 0 0 0

#Transform 71
Transform: AffineTransform_float_3_3
Parameters: 0.999998 -0.00153554 -0.000737037 0.00153645 0.999997 0.00197687 0.000733962 -0.00197813 0.999998 0.038224 0.143334 -0.0741687
FixedParameters: 0 0 0

#Transform 72
Transform: AffineTransform_float_3_3
Parameters: 0.999998 -0.00135082 -0.000853869 0.00135218 0.999998 0.00138285 0.000852129 -0.00138415 0.999998 0.0401977 0.16385 -0.0308627
FixedParameters: 0 0 0

#Transform 73
Transform: AffineTransform_float_3_3
Parameters: 0.999999 -0.00127894 -0.000870561 0.00128006 0.999999 0.00121989 0.000869438 -0.00122111 0.999999 0.0535746 0.160981 -0.0572083
FixedParameters: 0 0 0

#Transform 74
Transform: AffineTransform_float_3_3
Parameters: 0.999999 -0.00129682 -0.000282812 0.00129718 0.999999 0.000625634 0.000282188 -0.000626366 1 0.00970718 0.208147 -0.0437877
FixedParameters: 0 0 0

#Transform 75
Transform: AffineTransform_float_3_3
Parameters: 0.999998 -0.00160452 -0.00106324 0.00160648 0.999997 0.00139629 0.00106076 -0.0013977 0.999998 0.0701832 0.168978 -0.0572309
FixedParameters: 0 0 0

#Transform 76
Transform: AffineTransform_float_3_3
Parameters: 0.999999 -0.00150342 -0.000744195 0.00150458 0.999996 0.00212288 0.000740807 -0.00212412 0.999998 0.0257017 0.148488 -0.0720802
FixedParameters: 0 0 0

#Transform 77
Transform: AffineTransform_float_3_3
Parameters: 0.999998 -0.00158676 -0.000591324 0.00158823 0.999996 0.00209406 0.000587673 -0.00209593 0.999997 0.00110663 0.147172 -0.0782903
FixedParameters: 0 0 0

#Transform 78
Transform: AffineTransform_float_3_3
Parameters: 0.999998 -0.0014643 -0.000916718 0.0014657 0.999997 0.00185466 0.000914281 -0.00185634 0.999998 0.0256902 0.162979 -0.0495101
FixedParameters: 0 0 0

#Transform 79
Transform: AffineTransform_float_3_3
Parameters: 0.999999 -0.00152363 -0.000656185 0.00152437 0.999996 0.002089 0.000652816 -0.00209 0.999997 0.0241682 0.14531 -0.0641676
FixedParameters: 0 0 0

#Transform 80
Transform: AffineTransform_float_3_3
Parameters: 0.999998 -0.00156509 -0.00047898 0.00156591 0.999997 0.00190325 0.000476019 -0.00190475 0.999998 0.00632561 0.142961 -0.0641051
FixedParameters: 0 0 0

#Transform 81
Transform: AffineTransform_float_3_3
Parameters: 0.999999 -0.00164411 -0.000596461 0.00164589 0.999998 0.00149602 0.000593538 -0.00149698 0.999998 0.00713307 0.155102 -0.031083
FixedParameters: 0 0 0

#Transform 82
Transform: AffineTransform_float_3_3
Parameters: 0.999999 -0.00160261 -0.000756959 0.00160439 0.999997 0.00184479 0.000754042 -0.00184521 0.999998 0.00916079 0.142857 -0.0462273
FixedParameters: 0 0 0

#Transform 83
Transform: AffineTransform_float_3_3
Parameters: 0.999999 -0.00160379 -0.000573413 0.00160522 0.999997 0.00212708 0.000569586 -0.00212792 0.999997 0.0168421 0.132768 -0.0690617
FixedParameters: 0 0 0

#Transform 84
Transform: AffineTransform_float_3_3
Parameters: 0.999999 -0.00159511 -0.000883425 0.00159689 0.999997 0.00214459 0.000880578 -0.00214541 0.999998 0.034167 0.132178 -0.0642272
FixedParameters: 0 0 0

#Transform 85
Transform: AffineTransform_float_3_3
Parameters: 0.999999 -0.00159319 -0.000820521 0.00159481 0.999997 0.0022077 0.000816482 -0.00220831 0.999997 0.0199319 0.119961 -0.0631641
FixedParameters: 0 0 0

#Transform 86
Transform: AffineTransform_float_3_3
Parameters: 0.999998 -0.00179997 -0.000538451 0.00180103 0.999997 0.00191603 0.000534549 -0.00191697 0.999998 -0.000133197 0.139954 -0.0725367
FixedParameters: 0 0 0

#Transform 87
Transform: AffineTransform_float_3_3
Parameters: 0.999998 -0.00174661 -0.000836912 0.00174739 0.999997 0.00166554 0.000834089 -0.00166746 0.999999 0.0229324 0.148906 -0.0511242
FixedParameters: 0 0 0

#Transform 88
Transform: AffineTransform_float_3_3
Parameters: 0.999999 -0.00166574 -0.000656202 0.00166726 0.999997 0.00192091 0.000653798 -0.00192209 0.999998 0.0201337 0.152572 -0.0705031
FixedParameters: 0 0 0

#Transform 89
Transform: AffineTransform_float_3_3
Parameters: 0.999998 -0.00180539 -0.000703153 0.00180761 0.999995 0.00229873 0.000698847 -0.00229927 0.999997 0.0154031 0.126515 -0.0809244
FixedParameters: 0 0 0

#Transform 90
Transform: AffineTransform_float_3_3
Parameters: 0.999998 -0.00178917 -0.000833942 0.00179083 0.999996 0.00220151 0.000830057 -0.00220349 0.999997 -0.00165204 0.129857 -0.0538697
FixedParameters: 0 0 0

#Transform 91
Transform: AffineTransform_float_3_3
Parameters: 0.999999 -0.00150611 -0.0010208 0.00150789 0.999997 0.00185646 0.0010182 -0.00185754 0.999998 0.0134625 0.147229 -0.0307153
FixedParameters: 0 0 0

#Transform 92
Transform: AffineTransform_float_3_3
Parameters: 0.999999 -0.00158815 -0.000972032 0.00159085 0.999997 0.00190746 0.000968967 -0.00190854 0.999997 0.0351136 0.154133 -0.0475227
FixedParameters: 0 0 0

#Transform 93
Transform: AffineTransform_float_3_3
Parameters: 0.999999 -0.00158602 -0.000973235 0.00158798 0.999996 0.00203746 0.000969767 -0.00203854 0.999998 0.0244724 0.136126 -0.045669
FixedParameters: 0 0 0

#Transform 94
Transform: AffineTransform_float_3_3
Parameters: 0.999998 -0.00195972 -0.00113495 0.00196128 0.999996 0.00201278 0.00113105 -0.00201522 0.999998 0.0190537 0.136299 -0.0394221
FixedParameters: 0 0 0

#Transform 95
Transform: AffineTransform_float_3_3
Parameters: 0.999997 -0.00188784 -0.00111566 0.00189016 0.999997 0.0019389 0.00111134 -0.0019411 0.999998 0.0331119 0.150895 -0.0362764
FixedParameters: 0 0 0

#Transform 96
Transform: AffineTransform_float_3_3
Parameters: 0.999998 -0.00205567 -0.00111929 0.00205833 0.999995 0.0020837 0.00111471 -0.0020853 0.999997 0.0387503 0.133811 -0.0320098
FixedParameters: 0 0 0

#Transform 97
Transform: AffineTransform_float_3_3
Parameters: 0.999997 -0.00199365 -0.0007486 0.00199535 0.999997 0.00180451 0.0007444 -0.00180549 0.999998 0.0286429 0.143704 -0.0412569
FixedParameters: 0 0 0

#Transform 98
Transform: AffineTransform_float_3_3
Parameters: 0.999997 -0.00207199 -0.00111972 0.00207401 0.999996 0.00179468 0.00111628 -0.00179732 0.999998 0.0435369 0.143862 -0.0204223
FixedParameters: 0 0 0

#Transform 99
Transform: AffineTransform_float_3_3
Parameters: 0.999998 -0.00202408 -0.000956074 0.00202592 0.999996 0.00201107 0.000951924 -0.00201393 0.999997 0.0263245 0.136301 -0.0318134
FixedParameters: 0 0 0

#Transform 100
Transform: AffineTransform_float_3_3
Parameters: 0.999998 -0.00192735 -0.000877644 0.00192966 0.999997 0.00188931 0.000874354 -0.00189069 0.999998 0.0363015 0.140773 -0.0435098
FixedParameters: 0 0 0

#Transform 101
Transform: AffineTransform_float_3_3
Parameters: 0.999997 -0.00190267 -0.00108609 0.00190533 0.999996 0.00214494 0.00108191 -0.00214706 0.999997 0.0363419 0.131818 -0.033972
FixedParameters: 0 0 0

#Transform 102
Transform: AffineTransform_float_3_3
Parameters: 0.999997 -0.00188779 -0.00109482 0.00189021 0.999996 0.00201894 0.00109118 -0.00202107 0.999998 0.0325806 0.130682 -0.044587
FixedParameters: 0 0 0

#Transform 103
Transform: AffineTransform_float_3_3
Parameters: 0.999998 -0.0019828 -0.00106113 0.0019852 0.999996 0.0020799 0.00105687 -0.0020821 0.999998 0.0108304 0.128068 -0.0411554
FixedParameters: 0 0 0

#Transform 104
Transform: AffineTransform_float_3_3
Parameters: 0.999998 -0.00201462 -0.00113524 0.00201638 0.999996 0.00210272 0.00113076 -0.00210528 0.999997 0.0415498 0.131666 -0.0300056
FixedParameters: 0 0 0

#Transform 105
Transform: AffineTransform_float_3_3
Parameters: 0.999998 -0.00168644 -0.00107203 0.00168856 0.999995 0.0023892 0.00106797 -0.00239081 0.999997 0.0222738 0.122031 -0.047098
FixedParameters: 0 0 0

#Transform 106
Transform: AffineTransform_float_3_3
Parameters: 0.999997 -0.00192936 -0.00147246 0.00193264 0.999996 0.00179116 0.00146954 -0.00179384 0.999998 0.0546099 0.145664 -0.024749
FixedParameters: 0 0 0

#Transform 107
Transform: AffineTransform_float_3_3
Parameters: 0.999998 -0.00200461 -0.00108542 0.00200739 0.999995 0.00220083 0.00108158 -0.00220317 0.999997 0.0330427 0.131683 -0.0550871
FixedParameters: 0 0 0

#Transform 108
Transform: AffineTransform_float_3_3
Parameters: 0.999998 -0.00200713 -0.00115003 0.00200987 0.999995 0.0025027 0.00114497 -0.0025053 0.999996 0.029444 0.1174 -0.0617068
FixedParameters: 0 0 0

#Transform 109
Transform: AffineTransform_float_3_3
Parameters: 0.999997 -0.00193808 -0.0010356 0.00193992 0.999997 0.001857 0.0010314 -0.001859 0.999997 0.0189666 0.140366 -0.025606
FixedParameters: 0 0 0

#Transform 110
Transform: AffineTransform_float_3_3
Parameters: 0.999998 -0.00190807 -0.00123056 0.00191093 0.999996 0.00238466 0.00122544 -0.00238735 0.999997 0.0232254 0.125323 -0.0476799
FixedParameters: 0 0 0

#Transform 111
Transform: AffineTransform_float_3_3
Parameters: 0.999997 -0.00189101 -0.00100862 0.00189399 0.999994 0.0029701 0.00100238 -0.0029719 0.999995 0.0280659 0.11022 -0.0347488
FixedParameters: 0 0 0

#Transform 112
Transform: AffineTransform_float_3_3
Parameters: 0.999997 -0.00182787 -0.001513 0.00183213 0.999994 0.00273223 0.001508 -0.00273476 0.999995 0.0413514 0.127121 -0.0368792
FixedParameters: 0 0 0

#Transform 113
Transform: AffineTransform_float_3_3
Parameters: 0.999998 -0.00178759 -0.00151204 0.00179141 0.999996 0.0022563 0.00150796 -0.0022587 0.999997 0.0497566 0.149835 -0.0453691
FixedParameters: 0 0 0

#Transform 114
Transform: AffineTransform_float_3_3
Parameters: 0.999998 -0.00160098 -0.00163991 0.00160602 0.999994 0.00306337 0.00163509 -0.00306563 0.999994 0.047521 0.117709 -0.0534547
FixedParameters: 0 0 0

#Transform 115
Transform: AffineTransform_float_3_3
Parameters: 0.999997 -0.00178624 -0.00129022 0.00178976 0.999994 0.0029167 0.00128478 -0.0029193 0.999995 0.0197449 0.12254 -0.0359346
FixedParameters: 0 0 0

#Transform 116
Transform: AffineTransform_float_3_3
Parameters: 0.999997 -0.0017025 -0.00173642 0.0017065 0.999995 0.00259205 0.00173158 -0.00259496 0.999995 0.0414064 0.122269 -0.030262
FixedParameters: 0 0 0

#Transform 117
Transform: AffineTransform_float_3_3
Parameters: 0.999997 -0.00171584 -0.0014041 0.00172016 0.999994 0.00296759 0.0013989 -0.00296941 0.999994 0.0425013 0.11585 -0.0576915
FixedParameters: 0 0 0

#Transform 118
Transform: AffineTransform_float_3_3
Parameters: 0.999998 -0.00181268 -0.00131896 0.00181632 0.999993 0.00328061 0.00131305 -0.00328339 0.999993 0.0304742 0.109695 -0.0547147
FixedParameters: 0 0 0

#Transform 119
Transform: AffineTransform_float_3_3
Parameters: 0.999998 -0.00173224 -0.00145369 0.00173776 0.999993 0.00327948 0.00144831 -0.00328152 0.999993 0.0311531 0.131669 -0.043618
FixedParameters: 0 0 0

#Transform 120
Transform: AffineTransform_float_3_3
Parameters: 0.999997 -0.00177704 -0.00173011 0.00178196 0.999995 0.00286993 0.00172489 -0.00287208 0.999995 0.0507086 0.132907 -0.0540089
FixedParameters: 0 0 0

#Transform 121
Transform: AffineTransform_float_3_3
Parameters: 0.999997 -0.00173464 -0.00140639 0.00173936 0.999993 0.00310456 0.0014006 -0.00310744 0.999994 0.0405382 0.132994 -0.0597803
FixedParameters: 0 0 0

#Transform 122
Transform: AffineTransform_float_3_3
Parameters: 0.999997 -0.00185838 -0.00147284 0.00186362 0.999994 0.00313827 0.00146716 -0.00314174 0.999994 0.043705 0.131576 -0.0492085
FixedParameters: 0 0 0

#Transform 123
Transform: AffineTransform_float_3_3
Parameters: 0.999997 -0.00187081 -0.00157399 0.00187419 0.999994 0.00266506 0.00156901 -0.00266894 0.999995 0.0395453 0.131584 -0.0303745
FixedParameters: 0 0 0

#Transform 124
Transform: AffineTransform_float_3_3
Parameters: 0.999996 -0.00197568 -0.0017002 0.00198032 0.999993 0.00313164 0.0016948 -0.00313436 0.999993 0.0561005 0.131382 -0.0543376
FixedParameters: 0 0 0

#Transform 125
Transform: AffineTransform_float_3_3
Parameters: 0.999997 -0.00190238 -0.00138261 0.00190462 0.999996 0.00189437 0.00137839 -0.00189663 0.999998 0.0427691 0.175366 -0.0263583
FixedParameters: 0 0 0

#Transform 126
Transform: AffineTransform_float_3_3
Parameters: 0.999997 -0.00202688 -0.00127498 0.00203012 0.999995 0.00245342 0.00127002 -0.00245658 0.999996 0.0371794 0.14686 -0.0388847
FixedParameters: 0 0 0

#Transform 127
Transform: AffineTransform_float_3_3
Parameters: 0.999997 -0.00194756 -0.0015207 0.00195244 0.999994 0.00292404 0.00151429 -0.00292696 0.999994 0.0409353 0.138857 -0.0479475
FixedParameters: 0 0 0

#Transform 128
Transform: AffineTransform_float_3_3
Parameters: 0.999996 -0.00231129 -0.00176518 0.00231571 0.999994 0.00267092 0.00175882 -0.00267508 0.999995 0.0598073 0.155215 -0.0308899
FixedParameters: 0 0 0

#Transform 129
Transform: AffineTransform_float_3_3
Parameters: 0.999996 -0.0020396 -0.00167414 0.00204339 0.999996 0.00202859 0.00166985 -0.00203241 0.999997 0.0546409 0.146438 -0.0273464
FixedParameters: 0 0 0

#Transform 130
Transform: AffineTransform_float_3_3
Parameters: 0.999996 -0.00176818 -0.00186159 0.00177282 0.999995 0.00259271 0.00185741 -0.00259529 0.999995 0.0728765 0.119919 0.0164061
FixedParameters: 0 0 0

#Transform 131
Transform: AffineTransform_float_3_3
Parameters: 0.999997 -0.00163166 -0.00171618 0.00163534 0.999997 0.0019462 0.00171282 -0.0019488 0.999996 0.0693316 0.135833 0.00110735
FixedParameters: 0 0 0

#Transform 132
Transform: AffineTransform_float_3_3
Parameters: 0.999997 -0.00176973 -0.00135228 0.00177326 0.999995 0.00241761 0.00134771 -0.00242039 0.999996 0.0502566 0.117863 -0.00670597
FixedParameters: 0 0 0

#Transform 133
Transform: AffineTransform_float_3_3
Parameters: 0.999997 -0.00186322 -0.00198151 0.00186778 0.999996 0.00241331 0.00197649 -0.00241769 0.999995 0.0693594 0.124497 3.19205e-05
FixedParameters: 0 0 0

#Transform 134
Transform: AffineTransform_float_3_3
Parameters: 0.999996 -0.00161512 -0.00221756 0.00162088 0.999997 0.00220041 0.00221444 -0.00220459 0.999995 0.0869481 0.132027 -0.00701974
FixedParameters: 0 0 0

#Transform 135
Transform: AffineTransform_float_3_3
Parameters: 0.999997 -0.00150313 -0.00189507 0.00150687 0.999997 0.00204015 0.00189193 -0.00204285 0.999996 0.080709 0.122988 -0.0154715
FixedParameters: 0 0 0

#Transform 136
Transform: AffineTransform_float_3_3
Parameters: 0.999997 -0.00176223 -0.00176578 0.00176577 0.999996 0.00213889 0.00176123 -0.00214111 0.999996 0.0604803 0.131163 -0.0121442
FixedParameters: 0 0 0

#Transform 137
Transform: AffineTransform_float_3_3
Parameters: 0.999997 -0.00194 -0.00131942 0.001943 0.999996 0.00227545 0.00131458 -0.00227756 0.999997 0.0514719 0.138088 0.0128825
FixedParameters: 0 0 0

#Transform 138
Transform: AffineTransform_float_3_3
Parameters: 0.999997 -0.00184439 -0.00168207 0.00184961 0.999994 0.0027419 0.00167693 -0.0027451 0.999995 0.0722595 0.101127 -0.0113885
FixedParameters: 0 0 0

#Transform 139
Transform: AffineTransform_float_3_3
Parameters: 0.999997 -0.00211307 -0.00126889 0.00211593 0.999995 0.00231332 0.00126411 -0.00231568 0.999996 0.0451564 0.106372 0.0101257
FixedParameters: 0 0 0

#Transform 140
Transform: AffineTransform_float_3_3
Parameters: 0.999996 -0.00213173 -0.0019028 0.00213627 0.999995 0.00224594 0.0018972 -0.00225005 0.999995 0.069247 0.125818 0.0428762
FixedParameters: 0 0 0

#Transform 141
Transform: AffineTransform_float_3_3
Parameters: 0.999997 -0.00211744 -0.00166854 0.00212057 0.999996 0.00213847 0.00166447 -0.00214153 0.999997 0.0556918 0.100142 0.0300101
FixedParameters: 0 0 0

#Transform 142
Transform: AffineTransform_float_3_3
Parameters: 0.999996 -0.00211837 -0.00187823 0.00212263 0.999994 0.00246502 0.00187377 -0.00246898 0.999995 0.0591746 0.10107 0.0444668
FixedParameters: 0 0 0

#Transform 143
Transform: AffineTransform_float_3_3
Parameters: 0.999996 -0.00201033 -0.00201168 0.00201467 0.999996 0.00232196 0.00200732 -0.00232605 0.999996 0.0638059 0.0961548 0.0449185
FixedParameters: 0 0 0

#Transform 144
Transform: AffineTransform_float_3_3
Parameters: 0.999997 -0.00208973 -0.00136501 0.00209326 0.999995 0.00239515 0.00135999 -0.00239785 0.999996 0.041411 0.103458 0.0184349
FixedParameters: 0 0 0

#Transform 145
Transform: AffineTransform_float_3_3
Parameters: 0.999997 -0.00220313 -0.00145687 0.00220687 0.999994 0.0026618 0.00145113 -0.00266521 0.999996 0.0314695 0.0862188 0.0172894
FixedParameters: 0 0 0

#Transform 146
Transform: AffineTransform_float_3_3
Parameters: 0.999995 -0.00225916 -0.00190575 0.00226384 0.999994 0.0025407 0.00189925 -0.0025453 0.999995 0.0504223 0.0914522 0.0439982
FixedParameters: 0 0 0

#Transform 147
Transform: AffineTransform_float_3_3
Parameters: 0.999995 -0.00203517 -0.00219641 0.00204083 0.999995 0.00265453 0.00219158 -0.00265947 0.999994 0.0750788 0.0653828 0.0431095
FixedParameters: 0 0 0

#Transform 148
Transform: AffineTransform_float_3_3
Parameters: 0.999997 -0.00208902 -0.00139347 0.00209198 0.999995 0.00213909 0.00138952 -0.00214191 0.999996 0.0666968 0.0817979 0.00912222
FixedParameters: 0 0 0

#Transform 149
Transform: AffineTransform_float_3_3
Parameters: 0.999997 -0.00210059 -0.00168351 0.00210541 0.999995 0.00262047 0.00167848 -0.00262454 0.999995 0.0803996 0.0876713 0.0441903
FixedParameters: 0 0 0

#Transform 150
Transform: AffineTransform_float_3_3
Parameters: 0.999994 -0.00248652 -0.00211763 0.00249248 0.999992 0.00306074 0.00211037 -0.00306626 0.999993 0.0720761 0.0504802 0.0413259
FixedParameters: 0 0 0

#Transform 151
Transform: AffineTransform_float_3_3
Parameters: 0.999996 -0.00215615 -0.00146369 0.00215985 0.999994 0.00263485 0.00145831 -0.00263816 0.999996 0.0680619 0.0598222 0.0267461
FixedParameters: 0 0 0

#Transform 152
Transform: AffineTransform_float_3_3
Parameters: 0.999997 -0.00197157 -0.00140284 0.00197544 0.999995 0.00245124 0.00139816 -0.00245376 0.999996 0.060317 0.0846053 0.0453529
FixedParameters: 0 0 0

#Transform 153
Transform: AffineTransform_float_3_3
Parameters: 0.999997 -0.00210053 -0.00168061 0.00210547 0.999994 0.00266547 0.00167439 -0.00266853 0.999995 0.0548592 0.0706726 0.0540415
FixedParameters: 0 0 0

#Transform 154
Transform: AffineTransform_float_3_3
Parameters: 0.999996 -0.00213909 -0.0017251 0.00214391 0.999993 0.00284731 0.0017189 -0.00285069 0.999994 0.0517032 0.0619871 0.0320511
FixedParameters: 0 0 0

#Transform 155
Transform: AffineTransform_float_3_3
Parameters: 0.999997 -0.00189767 -0.00163005 0.00190133 0.999994 0.00265791 0.00162495 -0.00266109 0.999995 0.0691649 0.0663789 0.041641
FixedParameters: 0 0 0

#Transform 156
Transform: AffineTransform_float_3_3
Parameters: 0.999996 -0.00196132 -0.00182005 0.00196567 0.999995 0.00257043 0.00181495 -0.00257357 0.999995 0.0689836 0.0733833 0.0573434
FixedParameters: 0 0 0

#Transform 157
Transform: AffineTransform_float_3_3
Parameters: 0.999997 -0.00210614 -0.0016303 0.00211086 0.999994 0.00298657 0.0016237 -0.00298943 0.999994 0.0479783 0.0486285 0.0569464
FixedParameters: 0 0 0

#Transform 158
Transform: AffineTransform_float_3_3
Parameters: 0.999997 -0.0020931 -0.00168511 0.0020989 0.999993 0.00291247 0.00167889 -0.00291552 0.999995 0.0416017 0.0457964 0.0615026
FixedParameters: 0 0 0

#Transform 159
Transform: AffineTransform_float_3_3
Parameters: 0.999997 -0.00220134 -0.00157454 0.00220666 0.999993 0.00296354 0.00156747 -0.00296646 0.999995 0.0600832 0.0544892 0.0539396
FixedParameters: 0 0 0

#Transform 160
Transform: AffineTransform_float_3_3
Parameters: 0.999996 -0.00216542 -0.00146082 0.00216958 0.999992 0.00314284 0.00145418 -0.00314616 0.999994 0.0545224 0.0599635 0.0586472
FixedParameters: 0 0 0

#Transform 161
Transform: AffineTransform_float_3_3
Parameters: 0.999996 -0.00225473 -0.00164425 0.00226027 0.999993 0.0032113 0.00163675 -0.00321571 0.999994 0.0526592 0.0455286 0.0627978
FixedParameters: 0 0 0

#Transform 162
Transform: AffineTransform_float_3_3
Parameters: 0.999996 -0.00199353 -0.00166101 0.00200147 0.999988 0.00450769 0.00165199 -0.00451131 0.999989 0.0439667 0.0170062 0.0741892
FixedParameters: 0 0 0

#Transform 163
Transform: AffineTransform_float_3_3
Parameters: 0.999997 -0.00196644 -0.00161181 0.00197156 0.999992 0.00345583 0.00160419 -0.00345917 0.999992 0.0587186 0.0342694 0.0768681
FixedParameters: 0 0 0

#Transform 164
Transform: AffineTransform_float_3_3
Parameters: 0.999996 -0.00215452 -0.00211665 0.00216148 0.999992 0.00353944 0.00210836 -0.00354356 0.999992 0.0724647 0.0243725 0.0945896
FixedParameters: 0 0 0

#Transform 165
Transform: AffineTransform_float_3_3
Parameters: 0.999997 -0.00209237 -0.0016432 0.00209763 0.999992 0.00343356 0.00163581 -0.00343643 0.999993 0.0444525 0.030832 0.0776774
FixedParameters: 0 0 0

#Transform 166
Transform: AffineTransform_float_3_3
Parameters: 0.999997 -0.00211403 -0.00169747 0.00211997 0.999991 0.00352441 0.00169054 -0.00352759 0.999993 0.0500862 0.043224 0.0701249
FixedParameters: 0 0 0

#Transform 167
Transform: AffineTransform_float_3_3
Parameters: 0.999996 -0.00202558 -0.00161483 0.00203143 0.999993 0.00336473 0.00160817 -0.00336727 0.999993 0.0592831 0.0307516 0.0687607
FixedParameters: 0 0 0

#Transform 168
Transform: AffineTransform_float_3_3
Parameters: 0.999997 -0.00163414 -0.00168271 0.00163986 0.999992 0.00348825 0.00167729 -0.00349075 0.999993 0.0328221 0.0437439 0.0967288
FixedParameters: 0 0 0

#Transform 169
Transform: AffineTransform_float_3_3
Parameters: 0.999996 -0.00199118 -0.00196595 0.00199882 0.99999 0.00398309 0.00195805 -0.00398792 0.99999 0.0719166 -0.0128527 0.114192
FixedParameters: 0 0 0

#Transform 170
Transform: AffineTransform_float_3_3
Parameters: 0.999997 -0.00187282 -0.00143312 0.00187918 0.999989 0.00432632 0.00142488 -0.00432868 0.999989 0.042257 -0.00847839 0.109092
FixedParameters: 0 0 0

#Transform 171
Transform: AffineTransform_float_3_3
Parameters: 0.999997 -0.00179411 -0.00173913 0.00180088 0.99999 0.00396488 0.00173187 -0.00396812 0.99999 0.0655412 0.00599085 0.138188
FixedParameters: 0 0 0

#Transform 172
Transform: AffineTransform_float_3_3
Parameters: 0.999996 -0.00178692 -0.00226722 0.00179108 0.999997 0.00179695 0.00226478 -0.00180105 0.999996 0.103492 0.089504 0.0865374
FixedParameters: 0 0 0

#Transform 173
Transform: AffineTransform_float_3_3
Parameters: 0.999996 -0.00136039 -0.00252557 0.00136761 0.999995 0.00261856 0.00252243 -0.00262244 0.999994 0.104909 0.0614116 0.103384
FixedParameters: 0 0 0

#Transform 174
Transform: AffineTransform_float_3_3
Parameters: 0.999996 -0.00136596 -0.00273404 0.00137604 0.999993 0.00367525 0.00272896 -0.00367874 0.999989 0.102846 0.016646 0.124811
FixedParameters: 0 0 0

#Transform 175
Transform: AffineTransform_float_3_3
Parameters: 0.999996 -0.00147962 -0.00209024 0.00148738 0.999992 0.0035329 0.00208475 -0.00353609 0.999991 0.0490929 0.0215736 0.151005
FixedParameters: 0 0 0

#Transform 176
Transform: AffineTransform_float_3_3
Parameters: 0.999997 -0.00158879 -0.00174783 0.00159321 0.999996 0.00240822 0.00174417 -0.00241078 0.999995 0.0449568 0.0610891 0.110927
FixedParameters: 0 0 0

#Transform 177
Transform: AffineTransform_float_3_3
Parameters: 0.999997 -0.00158215 -0.00159682 0.00158685 0.999994 0.00304047 0.00159218 -0.00304353 0.999994 0.0517026 0.0323884 0.11596
FixedParameters: 0 0 0

#Transform 178
Transform: AffineTransform_float_3_3
Parameters: 0.999997 -0.00139774 -0.00208322 0.00140326 0.999995 0.00300809 0.00207879 -0.00301092 0.999994 0.0821653 0.0288515 0.122904
FixedParameters: 0 0 0

#Transform 179
Transform: AffineTransform_float_3_3
Parameters: 0.999998 -0.00144113 -0.00175184 0.00144687 0.999994 0.00335247 0.00174616 -0.00335453 0.999993 0.0442509 0.0152198 0.152359
FixedParameters: 0 0 0
