#Insight Transform File V1.0
#Transform 0
Transform: AffineTransform_float_3_3
Parameters: 1 -0.00032608 0.000242893 0.00032592 1 0.000328079 -0.000243107 -0.000327921 1 0.0555929 -0.0762167 -0.327342
FixedParameters: 0 0 0

#Transform 1
Transform: AffineTransform_float_3_3
Parameters: 1 0.000396952 8.72191e-05 -0.000396048 1 0.000551965 -8.67814e-05 -0.000552034 1 0.00829506 0.0504635 -0.0227894
FixedParameters: 0 0 0

#Transform 2
Transform: AffineTransform_float_3_3
Parameters: 1 0.000397093 -0.000138734 -0.000396907 0.999999 0.000670055 0.000139266 -0.000669944 1 0.0148962 0.0920663 -0.0148863
FixedParameters: 0 0 0

#Transform 3
Transform: AffineTransform_float_3_3
Parameters: 1 0.000498833 0.000313265 -0.000499166 0.999999 0.000531843 -0.000312734 -0.000532156 1 -0.0259093 0.123151 -0.00928515
FixedParameters: 0 0 0

#Transform 4
Transform: AffineTransform_float_3_3
Parameters: 0.999999 0.000825102 -0.000225624 -0.000824897 0.999999 0.000456186 0.000225376 -0.000455814 1 0.0181811 0.143448 -0.0645554
FixedParameters: 0 0 0

#Transform 5
Transform: AffineTransform_float_3_3
Parameters: 1 0.000643017 -5.0782e-05 -0.000642983 0.999999 0.000339033 5.0218e-05 -0.000338968 1 0.00567853 0.145871 -0.0953874
FixedParameters: 0 0 0

#Transform 6
Transform: AffineTransform_float_3_3
Parameters: 1 0.000583892 0.000109579 -0.000584108 1 0.000991936 -0.000108421 -0.000992063 0.999999 -0.000504752 0.0937033 -0.0523989
FixedParameters: 0 0 0

#Transform 7
Transform: AffineTransform_float_3_3
Parameters: 1 0.000477992 6.61279e-06 -0.000478009 0.999999 0.001282 -6.3872e-06 -0.001282 0.999999 0.00612819 0.0877269 -0.0461123
FixedParameters: 0 0 0

#Transform 8
Transform: AffineTransform_float_3_3
Parameters: 0.999999 0.00125893 -0.00130815 -0.00125707 0.999998 0.00147265 0.00131085 -0.00147035 0.999998 0.117573 0.144574 -0.216857
FixedParameters: 0 0 0

#Transform 9
Transform: AffineTransform_float_3_3
Parameters: 0.999999 0.000567731 -0.00045108 -0.000566268 0.999998 0.00162125 0.000451918 -0.00162074 0.999998 0.0232492 0.10094 -0.0815826
FixedParameters: 0 0 0

#Transform 10
Transform: AffineTransform_float_3_3
Parameters: 0.999999 0.000735855 -0.000621989 -0.000735144 0.999999 0.00137446 0.00062301 -0.00137354 0.999999 0.0314095 0.11979 -0.10622
FixedParameters: 0 0 0

#Transform 11
Transform: AffineTransform_float_3_3
Parameters: 0.999999 0.00078544 -0.000331961 -0.00078456 0.999999 0.00132326 0.000333039 -0.00132374 0.999999 0.0106811 0.127989 -0.0923999
FixedParameters: 0 0 0

#Transform 12
Transform: AffineTransform_float_3_3
Parameters: 1 0.000766038 -0.000577627 -0.000764962 0.999998 0.00179444 0.000579374 -0.00179456 0.999998 0.034373 0.0862306 -0.0912689
FixedParameters: 0 0 0

#Transform 13
Transform: AffineTransform_float_3_3
Parameters: 0.999999 0.000647017 -0.000589887 -0.000645983 0.999999 0.00172238 0.000591113 -0.00172162 0.999999 0.0540411 0.102825 -0.0941356
FixedParameters: 0 0 0

#Transform 14
Transform: AffineTransform_float_3_3
Parameters: 1 0.000666213 -0.000546527 -0.000664788 0.999998 0.00221437 0.000548474 -0.00221464 0.999998 0.0546582 0.071414 -0.0979122
FixedParameters: 0 0 0

#Transform 15
Transform: AffineTransform_float_3_3
Parameters: 1 0.000861332 -0.000598088 -0.000860669 0.999997 0.00222252 0.000599915 -0.00222249 0.999998 0.0324231 0.0675484 -0.088892
FixedParameters: 0 0 0

#Transform 16
Transform: AffineTransform_float_3_3
Parameters: 0.999999 0.000670018 -0.000462529 -0.000668983 0.999998 0.00219731 0.000463471 -0.00219669 0.999998 0.0372675 0.0708505 -0.0916533
FixedParameters: 0 0 0

#Transform 17
Transform: AffineTransform_float_3_3
Parameters: 0.999999 0.000405176 -0.000608218 -0.000403822 0.999998 0.00193325 0.000609781 -0.00193275 0.999998 0.0536394 0.093967 -0.0770121
FixedParameters: 0 0 0

#Transform 18
Transform: AffineTransform_float_3_3
Parameters: 0.999999 0.000414073 -0.000606268 -0.000412927 0.999999 0.00176925 0.000606731 -0.00176875 0.999999 0.0632859 0.103425 -0.0620757
FixedParameters: 0 0 0

#Transform 19
Transform: AffineTransform_float_3_3
Parameters: 0.999999 0.000332274 -0.000657357 -0.000331727 0.999998 0.00193722 0.000657644 -0.00193678 0.999998 0.0640808 0.0765747 -0.0576604
FixedParameters: 0 0 0

#Transform 20
Transform: AffineTransform_float_3_3
Parameters: 1 0.000456895 -0.000467126 -0.000456105 0.999998 0.00191521 0.000467874 -0.00191479 0.999998 0.0303237 0.0819103 -0.0550535
FixedParameters: 0 0 0

#Transform 21
Transform: AffineTransform_float_3_3
Parameters: 1 0.000309702 -0.000403462 -0.000309298 0.999998 0.00173912 0.000403539 -0.00173987 0.999999 0.0181771 0.0747217 -0.0552878
FixedParameters: 0 0 0

#Transform 22
Transform: AffineTransform_float_3_3
Parameters: 1 0.000438978 -0.000520176 -0.000438022 0.999998 0.00187923 0.000520824 -0.00187877 0.999998 0.0377628 0.0775245 -0.0576311
FixedParameters: 0 0 0

#Transform 23
Transform: AffineTransform_float_3_3
Parameters: 1 0.000272906 -0.000570567 -0.000272093 0.999998 0.00158815 0.000571432 -0.00158784 0.999998 0.056334 0.0965115 -0.0635795
FixedParameters: 0 0 0

#Transform 24
Transform: AffineTransform_float_3_3
Parameters: 1 0.000233044 -0.000523537 -0.000231956 0.999998 0.00199212 0.000524463 -0.00199288 0.999998 0.0373122 0.0723368 -0.0581662
FixedParameters: 0 0 0

#Transform 25
Transform: AffineTransform_float_3_3
Parameters: 1 0.000133758 -0.000352713 -0.000133241 0.999997 0.00214905 0.000353287 -0.00214895 0.999997 0.0212829 0.0482405 -0.0351756
FixedParameters: 0 0 0

#Transform 26
Transform: AffineTransform_float_3_3
Parameters: 1 0.000298538 -0.000313489 -0.000298461 0.999999 0.0017151 0.000314512 -0.00171491 0.999999 0.0210111 0.06941 -0.034632
FixedParameters: 0 0 0

#Transform 27
Transform: AffineTransform_float_3_3
Parameters: 1 0.000170433 -0.000252709 -0.000169567 0.999999 0.00171104 0.000253291 -0.00171096 0.999999 0.00992279 0.0674483 -0.0372141
FixedParameters: 0 0 0

#Transform 28
Transform: AffineTransform_float_3_3
Parameters: 0.999999 0.000362287 -0.000664299 -0.000360711 0.999998 0.00193724 0.0006657 -0.00193676 0.999998 0.0499178 0.0628255 -0.042986
FixedParameters: 0 0 0

#Transform 29
Transform: AffineTransform_float_3_3
Parameters: 1 -0.000182971 -0.000581325 0.00018403 0.999998 0.00176989 0.000581675 -0.00177011 0.999999 0.0492617 0.0636849 -0.0424335
FixedParameters: 0 0 0

#Transform 30
Transform: AffineTransform_float_3_3
Parameters: 1 0.000153092 -0.00050567 -0.00015191 0.999997 0.00215808 0.000505329 -0.00215792 0.999997 0.0380211 0.0398174 -0.0456533
FixedParameters: 0 0 0

#Transform 31
Transform: AffineTransform_float_3_3
Parameters: 1 0.00024452 -0.000229447 -0.000243479 0.999997 0.00226306 0.000230552 -0.00226294 0.999998 0.0200976 0.0452713 -0.049394
FixedParameters: 0 0 0

#Transform 32
Transform: AffineTransform_float_3_3
Parameters: 1 7.3089e-05 -4.58585e-05 -7.29108e-05 0.999998 0.001937 4.61413e-05 -0.001937 0.999998 0.00318638 0.0521618 -0.0180321
FixedParameters: 0 0 0

#Transform 33
Transform: AffineTransform_float_3_3
Parameters: 1 0.000349478 -0.000246324 -0.000348523 0.999998 0.00193709 0.000246676 -0.00193691 0.999998 0.0232925 0.0480085 -0.0205385
FixedParameters: 0 0 0

#Transform 34
Transform: AffineTransform_float_3_3
Parameters: 1 0.00035639 -0.000182239 -0.00035561 0.999997 0.00213706 0.00018276 -0.00213693 0.999997 0.0196565 0.0262359 -0.00758128
FixedParameters: 0 0 0

#Transform 35
Transform: AffineTransform_float_3_3
Parameters: 1 0.000417117 -4.49202e-05 -0.000417882 0.999996 0.00258902 4.6082e-05 -0.00258898 0.999996 0.0126312 -0.00523804 0.02493
FixedParameters: 0 0 0

#Transform 36
Transform: AffineTransform_float_3_3
Parameters: 1 0.000276216 -0.000406175 -0.000274784 0.999995 0.00299211 0.000406824 -0.00299189 0.999996 0.0307076 -0.0168473 0.0611702
FixedParameters: 0 0 0

#Transform 37
Transform: AffineTransform_float_3_3
Parameters: 1 0.000208454 -0.000555457 -0.000207545 0.999996 0.00261612 0.000556545 -0.00261688 0.999997 0.0439627 -0.00840111 0.0403188
FixedParameters: 0 0 0

#Transform 38
Transform: AffineTransform_float_3_3
Parameters: 1 0.000626604 -0.000237412 -0.000626397 0.999996 0.00253615 0.000238589 -0.00253585 0.999997 0.0278948 0.00412841 0.0202431
FixedParameters: 0 0 0

#Transform 39
Transform: AffineTransform_float_3_3
Parameters: 1 0.000180137 -4.54612e-05 -0.000179861 0.999995 0.00299201 4.65383e-05 -0.00299199 0.999995 0.00788756 -0.027036 0.0289538
FixedParameters: 0 0 0

#Transform 40
Transform: AffineTransform_float_3_3
Parameters: 1 0.000217085 -0.000415435 -0.000215913 0.999996 0.00261009 0.000416565 -0.00260991 0.999996 0.0334506 0.0149832 0.0373649
FixedParameters: 0 0 0

#Transform 41
Transform: AffineTransform_float_3_3
Parameters: 1 0.000165489 -0.000191579 -0.00016551 0.999996 0.00254803 0.000192422 -0.00254797 0.999996 0.0118817 -0.00128753 0.0306947
FixedParameters: 0 0 0

#Transform 42
Transform: AffineTransform_float_3_3
Parameters: 1 0.000239537 -0.000513286 -0.000238464 0.999995 0.00299212 0.000513716 -0.00299188 0.999996 0.0348315 -0.0187656 0.0298231
FixedParameters: 0 0 0

#Transform 43
Transform: AffineTransform_float_3_3
Parameters: 1 0.000318283 -0.000480152 -0.000316717 0.999997 0.00267015 0.000480847 -0.00266985 0.999997 0.037958 -0.0024628 0.0263258
FixedParameters: 0 0 0

#Transform 44
Transform: AffineTransform_float_3_3
Parameters: 1 5.43016e-06 -0.000477986 -4.56979e-06 0.999995 0.002992 0.000478016 -0.002992 0.999996 0.0416734 -0.00540224 0.027921
FixedParameters: 0 0 0

#Transform 45
Transform: AffineTransform_float_3_3
Parameters: 1 0.000102981 -0.000327693 -0.000102021 0.999996 0.00299204 0.000327307 -0.00299197 0.999996 0.0198089 -0.00365829 0.0386625
FixedParameters: 0 0 0

#Transform 46
Transform: AffineTransform_float_3_3
Parameters: 1 -0.000126742 -0.00051731 0.000127258 0.999997 0.00243393 0.000516692 -0.00243307 0.999997 0.0263004 0.00930596 0.0271794
FixedParameters: 0 0 0

#Transform 47
Transform: AffineTransform_float_3_3
Parameters: 1 -0.000208228 -0.000354454 0.00020877 0.999997 0.00217792 0.000353546 -0.00217807 0.999997 0.019013 0.0272374 0.0384508
FixedParameters: 0 0 0

#Transform 48
Transform: AffineTransform_float_3_3
Parameters: 1 0.000584113 -4.45398e-05 -0.000583885 0.999996 0.00250003 4.64598e-05 -0.00249997 0.999997 0.00125325 0.00972029 0.0433792
FixedParameters: 0 0 0

#Transform 49
Transform: AffineTransform_float_3_3
Parameters: 1 3.53612e-05 -0.000454896 -3.36385e-05 0.999995 0.00299202 0.000455103 -0.00299198 0.999996 0.0328231 -0.014409 0.0503354
FixedParameters: 0 0 0

#Transform 50
Transform: AffineTransform_float_3_3
Parameters: 1 -8.18739e-05 -4.62241e-05 8.21283e-05 0.999997 0.002735 4.67756e-05 -0.00273501 0.999997 0.00322171 -0.00568613 0.0665738
FixedParameters: 0 0 0

#Transform 51
Transform: AffineTransform_float_3_3
Parameters: 1 -0.000234749 -0.000504584 0.000236252 0.999997 0.00247988 0.000504415 -0.00248012 0.999997 0.0378661 -0.00332671 0.0496924
FixedParameters: 0 0 0

#Transform 52
Transform: AffineTransform_float_3_3
Parameters: 1 -0.000118849 -4.63876e-05 0.000119153 0.999994 0.00325899 4.66119e-05 -0.003259 0.999994 0.00785406 -0.0467366 0.0762998
FixedParameters: 0 0 0

#Transform 53
Transform: AffineTransform_float_3_3
Parameters: 1 -0.00033349 -0.000463091 0.000335509 0.999994 0.00326384 0.000461907 -0.00326415 0.999994 0.0331968 -0.0470899 0.058473
FixedParameters: 0 0 0

#Transform 54
Transform: AffineTransform_float_3_3
Parameters: 1 -0.000493165 -0.0002755 0.000493833 0.999996 0.00303787 0.000273501 -0.00303814 0.999996 0.0250003 -0.0318751 0.0731368
FixedParameters: 0 0 0

#Transform 55
Transform: AffineTransform_float_3_3
Parameters: 1 -0.00056479 -0.000386772 0.00056521 0.999995 0.00313478 0.00038523 -0.00313522 0.999995 0.0294133 -0.0374604 0.0800916
FixedParameters: 0 0 0

#Transform 56
Transform: AffineTransform_float_3_3
Parameters: 0.999999 -0.000552628 -0.000454673 0.00055437 0.999996 0.00302275 0.000452326 -0.00302325 0.999996 0.0354745 -0.0236722 0.0904245
FixedParameters: 0 0 0

#Transform 57
Transform: AffineTransform_float_3_3
Parameters: 1 -0.000408544 -0.000482237 0.000409458 0.999996 0.00302281 0.000481764 -0.0030232 0.999996 0.0435856 -0.0227087 0.0880925
FixedParameters: 0 0 0

#Transform 58
Transform: AffineTransform_float_3_3
Parameters: 1 -0.000415779 -0.000367387 0.00041722 0.999995 0.00332985 0.000365613 -0.00333016 0.999995 0.0244437 -0.054064 0.0783904
FixedParameters: 0 0 0

#Transform 59
Transform: AffineTransform_float_3_3
Parameters: 1 -0.000427467 -0.000160427 0.000427535 0.999995 0.00333593 0.000159575 -0.00333607 0.999995 0.0136291 -0.0564942 0.062593
FixedParameters: 0 0 0

#Transform 60
Transform: AffineTransform_float_3_3
Parameters: 1 -0.000658415 -0.000192016 0.000658584 0.999995 0.00305988 0.000189986 -0.00306013 0.999996 0.0266406 -0.0382307 0.089491
FixedParameters: 0 0 0

#Transform 61
Transform: AffineTransform_float_3_3
Parameters: 1 -0.000616855 -4.79075e-05 0.000617145 0.999995 0.00309197 4.6092e-05 -0.00309203 0.999995 0.00450128 -0.0400115 0.0797973
FixedParameters: 0 0 0

#Transform 62
Transform: AffineTransform_float_3_3
Parameters: 0.999999 -0.000607826 -0.000409747 0.000609175 0.999995 0.00287175 0.000408252 -0.00287125 0.999996 0.0392164 -0.0273277 0.0672144
FixedParameters: 0 0 0

#Transform 63
Transform: AffineTransform_float_3_3
Parameters: 0.999999 -0.000611545 -0.000462927 0.000613454 0.999995 0.00314772 0.000461071 -0.00314828 0.999995 0.0471146 -0.0248556 0.0837543
FixedParameters: 0 0 0

#Transform 64
Transform: AffineTransform_float_3_3
Parameters: 0.999999 -0.000636886 -0.000335125 0.000638113 0.999994 0.00333379 0.000332874 -0.00333421 0.999995 0.0289538 -0.0582057 0.102388
FixedParameters: 0 0 0

#Transform 65
Transform: AffineTransform_float_3_3
Parameters: 0.999999 -0.00068536 -0.000237853 0.00068564 0.999996 0.00270184 0.000236148 -0.00270216 0.999997 0.0235225 -0.028527 0.0781623
FixedParameters: 0 0 0

#Transform 66
Transform: AffineTransform_float_3_3
Parameters: 0.999999 -0.00065663 -0.00046992 0.000658368 0.999996 0.00292169 0.000467078 -0.00292231 0.999995 0.0553053 -0.0391964 0.0799566
FixedParameters: 0 0 0

#Transform 67
Transform: AffineTransform_float_3_3
Parameters: 1 -0.000568837 -4.79679e-05 0.000569162 0.999994 0.00345897 4.60315e-05 -0.00345903 0.999994 0.0173577 -0.0609872 0.0807826
FixedParameters: 0 0 0

#Transform 68
Transform: AffineTransform_float_3_3
Parameters: 1 -0.000605859 -4.78257e-05 0.000606142 0.999996 0.00301297 4.61739e-05 -0.00301303 0.999996 0.018371 -0.0347321 0.0742398
FixedParameters: 0 0 0

#Transform 69
Transform: AffineTransform_float_3_3
Parameters: 0.999999 -0.000787598 -0.000468366 0.000788401 0.999995 0.00300063 0.000465637 -0.00300037 0.999996 0.0502535 -0.0377631 0.0807872
FixedParameters: 0 0 0

#Transform 70
Transform: AffineTransform_float_3_3
Parameters: 1 -0.000500868 -4.74181e-05 0.000501134 0.999996 0.00283098 4.65815e-05 -0.00283102 0.999996 0.0149201 -0.0229387 0.063011
FixedParameters: 0 0 0

#Transform 71
Transform: AffineTransform_float_3_3
Parameters: 1 -0.000556332 -0.000225654 0.000556669 0.999996 0.00297087 0.000224347 -0.00297113 0.999995 0.0297185 -0.0231998 0.0641871
FixedParameters: 0 0 0

#Transform 72
Transform: AffineTransform_float_3_3
Parameters: 1 -0.000571567 -0.000141756 0.000571433 0.999995 0.00307092 0.000140246 -0.00307108 0.999996 0.014594 -0.0379445 0.0894311
FixedParameters: 0 0 0

#Transform 73
Transform: AffineTransform_float_3_3
Parameters: 1 -0.000489877 -4.72935e-05 0.000490125 0.999997 0.00263998 4.67062e-05 -0.00264003 0.999997 0.0193826 -0.00964787 0.059797
FixedParameters: 0 0 0

#Transform 74
Transform: AffineTransform_float_3_3
Parameters: 1 -0.000684863 -4.79952e-05 0.000685136 0.999995 0.00291297 4.60044e-05 -0.00291303 0.999996 0.0259864 -0.0173195 0.0639778
FixedParameters: 0 0 0

#Transform 75
Transform: AffineTransform_float_3_3
Parameters: 1 -0.000682474 0.000180214 0.000681526 0.999997 0.00261812 -0.000181785 -0.00261788 0.999996 -0.0035964 -0.00367258 0.0663056
FixedParameters: 0 0 0

#Transform 76
Transform: AffineTransform_float_3_3
Parameters: 0.999999 -0.000705711 -0.000114788 0.000706286 0.999996 0.00253292 0.000112211 -0.00253308 0.999997 0.0177637 -0.0154206 0.0667004
FixedParameters: 0 0 0

#Transform 77
Transform: AffineTransform_float_3_3
Parameters: 0.999999 -0.000687506 -0.000214587 0.000687494 0.999997 0.00230785 0.000213414 -0.00230815 0.999998 0.0304034 0.0173008 0.0742207
FixedParameters: 0 0 0

#Transform 78
Transform: AffineTransform_float_3_3
Parameters: 1 -0.00111665 -0.000140807 0.00111735 0.999996 0.00251284 0.000137192 -0.00251315 0.999997 0.0287206 -0.0139528 0.058366
FixedParameters: 0 0 0

#Transform 79
Transform: AffineTransform_float_3_3
Parameters: 0.999999 -0.000921733 0.000261425 0.000921266 0.999995 0.00279424 -0.000263575 -0.00279376 0.999996 -0.00351002 -0.0127613 0.082267
FixedParameters: 0 0 0

#Transform 80
Transform: AffineTransform_float_3_3
Parameters: 0.999999 -0.000854954 -1.91699e-05 0.000855046 0.999997 0.00253799 1.68299e-05 -0.00253802 0.999997 0.0188909 -0.0106603 0.0611849
FixedParameters: 0 0 0

#Transform 81
Transform: AffineTransform_float_3_3
Parameters: 1 -0.00115369 0.000260971 0.00115231 0.999996 0.0026263 -0.000264027 -0.0026257 0.999997 0.00772305 -0.00957415 0.05574
FixedParameters: 0 0 0

#Transform 82
Transform: AffineTransform_float_3_3
Parameters: 0.999999 -0.00123464 0.000261003 0.00123336 0.999997 0.00242832 -0.000263995 -0.00242768 0.999997 0.00116685 -0.00812959 0.073424
FixedParameters: 0 0 0

#Transform 83
Transform: AffineTransform_float_3_3
Parameters: 0.999999 -0.00139633 0.000128447 0.00139567 0.999996 0.00254518 -0.000131552 -0.00254482 0.999997 0.0117466 -0.0146323 0.0790879
FixedParameters: 0 0 0

#Transform 84
Transform: AffineTransform_float_3_3
Parameters: 1 -0.00116687 -4.63841e-05 0.00116713 0.999995 0.00289995 4.36155e-05 -0.00290005 0.999996 0.0247411 -0.00797908 0.0750423
FixedParameters: 0 0 0

#Transform 85
Transform: AffineTransform_float_3_3
Parameters: 0.999999 -0.00132681 0.000259926 0.0013262 0.999995 0.00307135 -0.000264074 -0.00307065 0.999996 -0.00532683 -0.0378254 0.0741777
FixedParameters: 0 0 0

#Transform 86
Transform: AffineTransform_float_3_3
Parameters: 0.999999 -0.00145441 0.000171566 0.00145459 0.999996 0.00236125 -0.000174435 -0.00236075 0.999997 0.0241393 0.00857213 0.0645179
FixedParameters: 0 0 0

#Transform 87
Transform: AffineTransform_float_3_3
Parameters: 0.999999 -0.00124357 0.000261318 0.00124243 0.999997 0.00215733 -0.00026368 -0.00215667 0.999997 0.0249712 0.00880181 0.0600778
FixedParameters: 0 0 0

#Transform 88
Transform: AffineTransform_float_3_3
Parameters: 0.999999 -0.00133484 -6.63212e-05 0.00133516 0.999996 0.00248791 6.26783e-05 -0.00248809 0.999997 0.029874 -0.000389473 0.0614454
FixedParameters: 0 0 0

#Transform 89
Transform: AffineTransform_float_3_3
Parameters: 1 -0.00106084 -5.52581e-05 0.00106016 0.999994 0.00307094 5.17445e-05 -0.00307106 0.999996 0.0087971 -0.0333658 0.0795016
FixedParameters: 0 0 0

#Transform 90
Transform: AffineTransform_float_3_3
Parameters: 1 -0.00112201 4.2881e-06 0.00112199 0.999997 0.00241701 -6.71186e-06 -0.002417 0.999997 0.0249722 0.0134514 0.0632617
FixedParameters: 0 0 0

#Transform 91
Transform: AffineTransform_float_3_3
Parameters: 1 -0.00110768 0.000261115 0.00110732 0.999996 0.00260529 -0.000263885 -0.00260471 0.999996 0.00474093 -0.0132762 0.0660842
FixedParameters: 0 0 0

#Transform 92
Transform: AffineTransform_float_3_3
Parameters: 0.999999 -0.00132278 0.000260049 0.00132222 0.999994 0.00298835 -0.000263952 -0.00298765 0.999996 -0.00406287 -0.031175 0.0705461
FixedParameters: 0 0 0

#Transform 93
Transform: AffineTransform_float_3_3
Parameters: 0.999999 -0.00130607 2.6535e-05 0.00130593 0.999995 0.00265303 -2.94647e-05 -0.00265296 0.999996 0.0146673 0.00515553 0.0826625
FixedParameters: 0 0 0

#Transform 94
Transform: AffineTransform_float_3_3
Parameters: 1 -0.00102728 -0.000274725 0.00102773 0.999996 0.00265172 0.000272275 -0.00265228 0.999996 0.0257451 0.00697395 0.0612462
FixedParameters: 0 0 0

#Transform 95
Transform: AffineTransform_float_3_3
Parameters: 0.999999 -0.00136775 0.000260107 0.00136725 0.999995 0.00284736 -0.000263893 -0.00284664 0.999996 -0.000826554 -0.00794299 0.0807577
FixedParameters: 0 0 0

#Transform 96
Transform: AffineTransform_float_3_3
Parameters: 1 -0.00115719 7.20285e-05 0.00115681 0.999996 0.00256808 -7.49709e-05 -0.00256791 0.999996 0.00765554 -0.0191224 0.0767384
FixedParameters: 0 0 0

#Transform 97
Transform: AffineTransform_float_3_3
Parameters: 1 -0.00113863 -0.000141036 0.00113937 0.999996 0.00266584 0.000137963 -0.00266616 0.999996 0.0365958 -0.000597032 0.0773854
FixedParameters: 0 0 0

#Transform 98
Transform: AffineTransform_float_3_3
Parameters: 0.999999 -0.00125867 -0.000110866 0.00125933 0.999994 0.00307086 0.000107133 -0.00307114 0.999996 0.0290523 -0.0271209 0.103212
FixedParameters: 0 0 0

#Transform 99
Transform: AffineTransform_float_3_3
Parameters: 0.999999 -0.00134247 -0.000163396 0.00134353 0.999993 0.00327378 0.000159603 -0.00327322 0.999994 0.0186765 -0.0484605 0.100993
FixedParameters: 0 0 0

#Transform 100
Transform: AffineTransform_float_3_3
Parameters: 0.999999 -0.00145167 -0.000113244 0.00145133 0.999994 0.00292284 0.00010976 -0.00292216 0.999995 0.0282658 -0.0302645 0.0955572
FixedParameters: 0 0 0

#Transform 101
Transform: AffineTransform_float_3_3
Parameters: 0.999999 -0.00155725 8.45496e-05 0.00155775 0.999994 0.00285813 -8.84523e-05 -0.00285786 0.999996 0.0178918 -0.0184762 0.0823611
FixedParameters: 0 0 0

#Transform 102
Transform: AffineTransform_float_3_3
Parameters: 0.999999 -0.00134678 0.000218242 0.00134622 0.999993 0.0035343 -0.000222759 -0.0035337 0.999993 0.0197673 -0.0685216 0.107922
FixedParameters: 0 0 0

#Transform 103
Transform: AffineTransform_float_3_3
Parameters: 0.999998 -0.00169341 0.000121372 0.00169259 0.999993 0.00332421 -0.000126627 -0.00332379 0.999995 0.0197109 -0.0464033 0.131053
FixedParameters: 0 0 0

#Transform 104
Transform: AffineTransform_float_3_3
Parameters: 0.999998 -0.00157462 0.000195082 0.00157338 0.999994 0.00312431 -0.000199918 -0.00312469 0.999995 0.023142 -0.0373764 0.111847
FixedParameters: 0 0 0

#Transform 105
Transform: AffineTransform_float_3_3
Parameters: 0.999999 -0.00138582 -6.29914e-05 0.00138518 0.999995 0.00287991 5.90109e-05 -0.00288008 0.999996 0.0379419 -0.0218254 0.0899799
FixedParameters: 0 0 0

#Transform 106
Transform: AffineTransform_float_3_3
Parameters: 0.999999 -0.00176497 -1.11545e-05 0.00176503 0.999993 0.00348699 5.84535e-06 -0.00348702 0.999994 0.0279731 -0.0580064 0.114691
FixedParameters: 0 0 0

#Transform 107
Transform: AffineTransform_float_3_3
Parameters: 0.999998 -0.00160867 0.000217122 0.00160833 0.999994 0.00303335 -0.000221879 -0.00303265 0.999996 0.012385 -0.0328991 0.0965629
FixedParameters: 0 0 0

#Transform 108
Transform: AffineTransform_float_3_3
Parameters: 0.999998 -0.00169517 4.82875e-05 0.00169583 0.999993 0.00337009 -5.37169e-05 -0.00337091 0.999995 0.0174873 -0.0534085 0.120526
FixedParameters: 0 0 0

#Transform 109
Transform: AffineTransform_float_3_3
Parameters: 0.999999 -0.00174799 -6.30867e-06 0.00174801 0.999994 0.00303699 6.91288e-07 -0.00303701 0.999996 0.0265694 -0.0330888 0.104967
FixedParameters: 0 0 0

#Transform 110
Transform: AffineTransform_float_3_3
Parameters: 0.999998 -0.00168899 -6.51457e-06 0.00168901 0.999993 0.00326499 4.85373e-07 -0.00326501 0.999994 0.0272262 -0.0452117 0.104726
FixedParameters: 0 0 0

#Transform 111
Transform: AffineTransform_float_3_3
Parameters: 0.999998 -0.00194959 0.00015992 0.00194841 0.999992 0.00363232 -0.000167077 -0.00363168 0.999994 0.0264239 -0.0665045 0.136454
FixedParameters: 0 0 0

#Transform 112
Transform: AffineTransform_float_3_3
Parameters: 0.999998 -0.00202099 -7.72387e-06 0.00202102 0.999993 0.00332699 1.27607e-06 -0.00332701 0.999995 0.0368266 -0.0730628 0.110637
FixedParameters: 0 0 0

#Transform 113
Transform: AffineTransform_float_3_3
Parameters: 0.999999 -0.0018147 -0.000102466 0.0018143 0.999994 0.00301182 9.65357e-05 -0.00301218 0.999996 0.0419194 -0.021087 0.103529
FixedParameters: 0 0 0

#Transform 114
Transform: AffineTransform_float_3_3
Parameters: 0.999999 -0.00185299 -6.76098e-06 0.00185301 0.999994 0.00310899 1.23898e-06 -0.00310901 0.999995 0.0362373 -0.0365948 0.116596
FixedParameters: 0 0 0

#Transform 115
Transform: AffineTransform_float_3_3
Parameters: 0.999998 -0.00193299 -7.39049e-06 0.00193301 0.999992 0.00330599 6.09453e-07 -0.003306 0.999994 0.031317 -0.047578 0.124327
FixedParameters: 0 0 0

#Transform 116
Transform: AffineTransform_float_3_3
Parameters: 0.999998 -0.00188299 -6.72432e-06 0.00188301 0.999993 0.00303999 1.27564e-06 -0.00304001 0.999996 0.0361532 -0.0221761 0.129119
FixedParameters: 0 0 0

#Transform 117
Transform: AffineTransform_float_3_3
Parameters: 0.999998 -0.00196299 -6.88311e-06 0.00196301 0.999993 0.00299699 1.11685e-06 -0.00299701 0.999996 0.0361569 -0.0396777 0.127333
FixedParameters: 0 0 0

#Transform 118
Transform: AffineTransform_float_3_3
Parameters: 0.999998 -0.00189851 0.000130769 0.00189849 0.999991 0.00380925 -0.000137232 -0.00380875 0.999992 0.017619 -0.0837654 0.141678
FixedParameters: 0 0 0

#Transform 119
Transform: AffineTransform_float_3_3
Parameters: 0.999998 -0.00200498 -7.98341e-06 0.00200502 0.999992 0.00348299 1.01652e-06 -0.00348301 0.999994 0.0414392 -0.0697292 0.151806
FixedParameters: 0 0 0

#Transform 120
Transform: AffineTransform_float_3_3
Parameters: 0.999998 -0.00191134 -0.00019939 0.00191165 0.999992 0.00334262 0.00019261 -0.00334337 0.999995 0.0444196 -0.0559059 0.134809
FixedParameters: 0 0 0

#Transform 121
Transform: AffineTransform_float_3_3
Parameters: 0.999999 -0.00181198 -8.2335e-06 0.00181202 0.999991 0.00399199 7.66417e-07 -0.00399201 0.999992 0.0355289 -0.0862425 0.156912
FixedParameters: 0 0 0

#Transform 122
Transform: AffineTransform_float_3_3
Parameters: 0.999998 -0.00208298 -9.31532e-06 0.00208302 0.99999 0.00399199 6.84574e-07 -0.00399201 0.999992 0.0299022 -0.0884747 0.15577
FixedParameters: 0 0 0

#Transform 123
Transform: AffineTransform_float_3_3
Parameters: 0.999997 -0.0021774 9.62582e-05 0.0021766 0.999989 0.00401522 -0.00010474 -0.00401478 0.999992 0.0233796 -0.099168 0.179094
FixedParameters: 0 0 0

#Transform 124
Transform: AffineTransform_float_3_3
Parameters: 0.999998 -0.00208947 0.000124311 0.00208853 0.999991 0.00368027 -0.000131686 -0.00367973 0.999993 0.0365336 -0.057977 0.153912
FixedParameters: 0 0 0

#Transform 125
Transform: AffineTransform_float_3_3
Parameters: 0.999998 -0.00202158 0.000143068 0.00202142 0.999991 0.0039243 -0.000150935 -0.00392471 0.999993 0.0314194 -0.0718987 0.145556
FixedParameters: 0 0 0

#Transform 126
Transform: AffineTransform_float_3_3
Parameters: 0.999997 -0.00216537 -0.000173963 0.00216662 0.999991 0.00367663 0.000166036 -0.00367637 0.999993 0.0421383 -0.0673028 0.147828
FixedParameters: 0 0 0

#Transform 127
Transform: AffineTransform_float_3_3
Parameters: 0.999998 -0.00225513 3.44342e-05 0.00225487 0.999992 0.00335509 -4.15653e-05 -0.00335492 0.999995 0.0486477 -0.0613441 0.157253
FixedParameters: 0 0 0

#Transform 128
Transform: AffineTransform_float_3_3
Parameters: 0.999998 -0.00223327 7.32754e-05 0.00223273 0.999991 0.00345917 -8.07256e-05 -0.00345983 0.999994 0.0467003 -0.0675847 0.147432
FixedParameters: 0 0 0

#Transform 129
Transform: AffineTransform_float_3_3
Parameters: 0.999997 -0.00221429 8.37373e-05 0.00221371 0.999992 0.00328019 -9.12612e-05 -0.00327981 0.999994 0.024766 -0.0614526 0.135525
FixedParameters: 0 0 0

#Transform 130
Transform: AffineTransform_float_3_3
Parameters: 0.999997 -0.00219188 -3.78931e-05 0.00219212 0.999991 0.00360093 2.91063e-05 -0.00360107 0.999994 0.0459936 -0.071338 0.169565
FixedParameters: 0 0 0

#Transform 131
Transform: AffineTransform_float_3_3
Parameters: 0.999998 -0.00205217 0.000287772 0.00205083 0.99999 0.0040106 -0.000296228 -0.0040104 0.999992 0.0315276 -0.0946272 0.139399
FixedParameters: 0 0 0

#Transform 132
Transform: AffineTransform_float_3_3
Parameters: 0.999998 -0.00210449 0.000120823 0.00210351 0.99999 0.00388627 -0.000129177 -0.00388674 0.999993 0.029338 -0.0860589 0.134481
FixedParameters: 0 0 0

#Transform 133
Transform: AffineTransform_float_3_3
Parameters: 0.999998 -0.00226305 0.000287845 0.00226195 0.999991 0.00360466 -0.000296156 -0.00360434 0.999994 0.019201 -0.0760195 0.189899
FixedParameters: 0 0 0

#Transform 134
Transform: AffineTransform_float_3_3
Parameters: 0.999998 -0.0020447 -9.00362e-05 0.0020453 0.999992 0.00344082 8.29645e-05 -0.00344018 0.999994 0.0535862 -0.0539706 0.131496
FixedParameters: 0 0 0

#Transform 135
Transform: AffineTransform_float_3_3
Parameters: 0.999997 -0.00213822 5.5937e-05 0.00213777 0.99999 0.00377113 -6.4064e-05 -0.00377187 0.999993 0.0510051 -0.0688245 0.170614
FixedParameters: 0 0 0

#Transform 136
Transform: AffineTransform_float_3_3
Parameters: 0.999997 -0.00235707 0.000287391 0.00235594 0.99999 0.00365369 -0.00029561 -0.00365331 0.999994 0.0191179 -0.0557382 0.181423
FixedParameters: 0 0 0

#Transform 137
Transform: AffineTransform_float_3_3
Parameters: 0.999997 -0.00213491 -2.89121e-05 0.00213509 0.999991 0.00370595 2.10874e-05 -0.00370605 0.999993 0.038827 -0.0761611 0.155224
FixedParameters: 0 0 0

#Transform 138
Transform: AffineTransform_float_3_3
Parameters: 0.999998 -0.00204261 -0.000109515 0.00204339 0.999991 0.00367879 0.000101483 -0.00367922 0.999993 0.0501262 -0.051383 0.177645
FixedParameters: 0 0 0

#Transform 139
Transform: AffineTransform_float_3_3
Parameters: 0.999998 -0.0020219 -2.99806e-05 0.0020221 0.99999 0.00394695 2.20189e-05 -0.00394705 0.999992 0.0487312 -0.0912238 0.17571
FixedParameters: 0 0 0

#Transform 140
Transform: AffineTransform_float_3_3
Parameters: 0.999998 -0.00223414 0.000287302 0.00223287 0.99999 0.00389465 -0.000295699 -0.00389435 0.999993 0.0186851 -0.085392 0.17567
FixedParameters: 0 0 0

#Transform 141
Transform: AffineTransform_float_3_3
Parameters: 0.999998 -0.00233071 -7.73466e-05 0.0023313 0.999989 0.00400983 6.86542e-05 -0.00400917 0.999992 0.0443342 -0.0908599 0.187302
FixedParameters: 0 0 0

#Transform 142
Transform: AffineTransform_float_3_3
Parameters: 0.999998 -0.00204803 3.40182e-06 0.00204797 0.999991 0.00371002 -1.1598e-05 -0.00370998 0.999993 0.0369845 -0.0791065 0.164803
FixedParameters: 0 0 0

#Transform 143
Transform: AffineTransform_float_3_3
Parameters: 0.999997 -0.00225337 -0.000157298 0.00225463 0.999989 0.00412566 0.000148698 -0.00412635 0.999992 0.0510297 -0.0967864 0.181156
FixedParameters: 0 0 0

#Transform 144
Transform: AffineTransform_float_3_3
Parameters: 0.999998 -0.00228523 -0.000201957 0.00228677 0.999989 0.00391855 0.000193039 -0.00391945 0.999993 0.0589286 -0.0997652 0.194939
FixedParameters: 0 0 0

#Transform 145
Transform: AffineTransform_float_3_3
Parameters: 0.999997 -0.00219122 -0.00019777 0.00219177 0.999989 0.00400157 0.000189229 -0.00400242 0.999992 0.0470381 -0.0880908 0.191982
FixedParameters: 0 0 0

#Transform 146
Transform: AffineTransform_float_3_3
Parameters: 0.999997 -0.00219266 -0.000100609 0.00219333 0.999991 0.00346979 9.23916e-05 -0.00346921 0.999994 0.0431565 -0.0709154 0.171949
FixedParameters: 0 0 0

#Transform 147
Transform: AffineTransform_float_3_3
Parameters: 0.999998 -0.00231095 -1.87256e-05 0.00231105 0.999991 0.00334297 1.02742e-05 -0.00334303 0.999995 0.0386072 -0.0535583 0.160505
FixedParameters: 0 0 0

#Transform 148
Transform: AffineTransform_float_3_3
Parameters: 0.999998 -0.00222879 -6.56361e-05 0.00222921 0.999991 0.00342586 5.83629e-05 -0.00342614 0.999994 0.0392986 -0.0621187 0.175886
FixedParameters: 0 0 0

#Transform 149
Transform: AffineTransform_float_3_3
Parameters: 0.999998 -0.00200694 -2.24785e-05 0.00200706 0.999993 0.00322796 1.65212e-05 -0.00322804 0.999995 0.0413292 -0.0526188 0.136133
FixedParameters: 0 0 0

#Transform 150
Transform: AffineTransform_float_3_3
Parameters: 0.999998 -0.00202741 -0.00017303 0.00202759 0.999992 0.00346666 0.000165971 -0.00346734 0.999994 0.0577283 -0.0340313 0.128263
FixedParameters: 0 0 0

#Transform 151
Transform: AffineTransform_float_3_3
Parameters: 0.999998 -0.00225066 -0.00010274 0.00225034 0.999991 0.00343878 9.52614e-05 -0.00343922 0.999994 0.0432652 -0.061165 0.177993
FixedParameters: 0 0 0

#Transform 152
Transform: AffineTransform_float_3_3
Parameters: 0.999997 -0.00214914 -0.000291444 0.00214986 0.999993 0.00299738 0.000284557 -0.00299762 0.999996 0.0554289 -0.0377379 0.11935
FixedParameters: 0 0 0

#Transform 153
Transform: AffineTransform_float_3_3
Parameters: 0.999997 -0.00240771 -0.000101968 0.00240829 0.999993 0.00289376 9.50305e-05 -0.00289424 0.999996 0.0437529 -0.0236083 0.157604
FixedParameters: 0 0 0

#Transform 154
Transform: AffineTransform_float_3_3
Parameters: 0.999997 -0.00213671 -0.000377379 0.00213829 0.999992 0.0034522 0.00036962 -0.0034528 0.999994 0.0549689 -0.0717022 0.159586
FixedParameters: 0 0 0

#Transform 155
Transform: AffineTransform_float_3_3
Parameters: 0.999998 -0.00204338 -0.000189787 0.00204362 0.999993 0.00332062 0.000182214 -0.00332138 0.999995 0.0497394 -0.0640053 0.196624
FixedParameters: 0 0 0

#Transform 156
Transform: AffineTransform_float_3_3
Parameters: 0.999997 -0.00219331 -0.000221931 0.00219369 0.999992 0.00315952 0.000215071 -0.00315948 0.999995 0.0571877 -0.054827 0.189222
FixedParameters: 0 0 0

#Transform 157
Transform: AffineTransform_float_3_3
Parameters: 0.999997 -0.00249206 0.000312702 0.00249095 0.999992 0.00333079 -0.000320298 -0.00333021 0.999995 0.0163823 -0.0651268 0.21447
FixedParameters: 0 0 0

#Transform 158
Transform: AffineTransform_float_3_3
Parameters: 0.999998 -0.00229554 -0.000135046 0.00229646 0.999991 0.0035047 0.000126951 -0.0035053 0.999994 0.0470936 -0.0749286 0.18447
FixedParameters: 0 0 0

#Transform 159
Transform: AffineTransform_float_3_3
Parameters: 0.999997 -0.00216435 -0.000209818 0.00216465 0.999992 0.00314955 0.000203184 -0.00314945 0.999995 0.0510481 -0.0409755 0.145629
FixedParameters: 0 0 0

#Transform 160
Transform: AffineTransform_float_3_3
Parameters: 0.999998 -0.00233264 -0.000109824 0.00233336 0.999991 0.00335375 0.000102174 -0.00335425 0.999995 0.0430404 -0.0663057 0.170582
FixedParameters: 0 0 0

#Transform 161
Transform: AffineTransform_float_3_3
Parameters: 0.999998 -0.00228409 -0.000251427 0.00228491 0.99999 0.00368843 0.000242574 -0.00368856 0.999993 0.0586141 -0.0746525 0.165864
FixedParameters: 0 0 0

#Transform 162
Transform: AffineTransform_float_3_3
Parameters: 0.999998 -0.00232145 -0.000158309 0.00232155 0.999991 0.00357864 0.000149692 -0.00357936 0.999993 0.0574547 -0.0604633 0.179388
FixedParameters: 0 0 0

#Transform 163
Transform: AffineTransform_float_3_3
Parameters: 0.999997 -0.0023559 -3.29772e-05 0.0023561 0.999992 0.00338593 2.50223e-05 -0.00338607 0.999995 0.0381766 -0.0681295 0.203593
FixedParameters: 0 0 0

#Transform 164
Transform: AffineTransform_float_3_3
Parameters: 0.999997 -0.00237426 -0.000205779 0.00237575 0.999991 0.00369652 0.000197218 -0.00369748 0.999993 0.0570355 -0.0858895 0.206518
FixedParameters: 0 0 0

#Transform 165
Transform: AffineTransform_float_3_3
Parameters: 0.999998 -0.00229281 -5.9766e-05 0.00229319 0.999991 0.00338687 5.22331e-05 -0.00338713 0.999995 0.0459938 -0.0679563 0.203553
FixedParameters: 0 0 0

#Transform 166
Transform: AffineTransform_float_3_3
Parameters: 0.999997 -0.00243597 -1.42409e-05 0.00243603 0.999992 0.00338298 5.75889e-06 -0.00338303 0.999995 0.037937 -0.06524 0.170124
FixedParameters: 0 0 0

#Transform 167
Transform: AffineTransform_float_3_3
Parameters: 0.999996 -0.00259669 -0.000105016 0.00259731 0.999992 0.00308674 9.69822e-05 -0.00308726 0.999995 0.0344028 -0.0536215 0.200438
FixedParameters: 0 0 0

#Transform 168
Transform: AffineTransform_float_3_3
Parameters: 0.999997 -0.00236886 -5.11588e-05 0.00236914 0.999992 0.00302188 4.38405e-05 -0.00302211 0.999995 0.0348209 -0.0428481 0.146154
FixedParameters: 0 0 0

#Transform 169
Transform: AffineTransform_float_3_3
Parameters: 0.999997 -0.00248364 -0.000110375 0.00248336 0.999991 0.00337174 0.000102629 -0.00337127 0.999995 0.0390819 -0.0401903 0.219813
FixedParameters: 0 0 0

#Transform 170
Transform: AffineTransform_float_3_3
Parameters: 0.999997 -0.00270794 0.00029037 0.00270706 0.999992 0.0031878 -0.000298631 -0.0031872 0.999995 0.0162048 -0.0421277 0.194304
FixedParameters: 0 0 0

#Transform 171
Transform: AffineTransform_float_3_3
Parameters: 0.999996 -0.00257889 -3.76574e-05 0.00257911 0.999991 0.00335692 2.9342e-05 -0.00335709 0.999995 0.0406819 -0.0611773 0.186688
FixedParameters: 0 0 0

#Transform 172
Transform: AffineTransform_float_3_3
Parameters: 0.999996 -0.00258504 6.68133e-06 0.00258496 0.999992 0.00321803 -1.53185e-05 -0.00321797 0.999995 0.0525444 -0.0507749 0.177695
FixedParameters: 0 0 0

#Transform 173
Transform: AffineTransform_float_3_3
Parameters: 0.999996 -0.00261719 5.4256e-05 0.0026178 0.999991 0.00334115 -6.27463e-05 -0.00334085 0.999995 0.0330174 -0.052234 0.162239
FixedParameters: 0 0 0

#Transform 174
Transform: AffineTransform_float_3_3
Parameters: 0.999996 -0.00278804 0.000327291 0.00278697 0.999991 0.00312493 -0.000335707 -0.00312308 0.999995 0.00550033 -0.0458016 0.18101
FixedParameters: 0 0 0

#Transform 175
Transform: AffineTransform_float_3_3
Parameters: 0.999997 -0.00267847 0.000148836 0.00267753 0.999992 0.00304841 -0.000157161 -0.00304759 0.999996 0.0346676 -0.041197 0.169112
FixedParameters: 0 0 0

#Transform 176
Transform: AffineTransform_float_3_3
Parameters: 0.999996 -0.0027133 0.000408467 0.0027127 0.999992 0.00314612 -0.000416535 -0.00314488 0.999995 0.0264003 -0.042786 0.165299
FixedParameters: 0 0 0

#Transform 177
Transform: AffineTransform_float_3_3
Parameters: 0.999995 -0.00314047 0.000133492 0.00314054 0.99999 0.00334644 -0.000143508 -0.00334557 0.999995 0.038807 -0.0588928 0.195666
FixedParameters: 0 0 0

#Transform 178
Transform: AffineTransform_float_3_3
Parameters: 0.999996 -0.00288496 0.000282333 0.00288404 0.99999 0.00335183 -0.000291668 -0.00335117 0.999995 0.0175151 -0.0589088 0.186084
FixedParameters: 0 0 0

#Transform 179
Transform: AffineTransform_float_3_3
Parameters: 0.999996 -0.00276747 0.000170531 0.00276753 0.999992 0.00269948 -0.000177472 -0.00269952 0.999997 0.0437528 -0.00847216 0.181004
FixedParameters: 0 0 0
