#Insight Transform File V1.0
#Transform 0
Transform: AffineTransform_float_3_3
Parameters: 1 -9.53797e-05 0.000670946 9.46201e-05 1 0.000566063 -0.000671053 -0.000565936 0.999999 0.0280255 -0.0123571 -0.37167
FixedParameters: 0 0 0

#Transform 1
Transform: AffineTransform_float_3_3
Parameters: 1 0.000305959 5.42298e-05 -0.00030604 0.999999 0.000750983 -5.37702e-05 -0.000751016 0.999999 -0.00228923 0.0313506 -0.02588
FixedParameters: 0 0 0

#Transform 2
Transform: AffineTransform_float_3_3
Parameters: 1 0.00025399 1.71519e-05 -0.000254011 1 0.000597995 -1.78481e-05 -0.000598004 1 0.000558116 0.0928551 -0.043729
FixedParameters: 0 0 0

#Transform 3
Transform: AffineTransform_float_3_3
Parameters: 0.999999 0.000888436 -0.000276603 -0.000887565 0.999999 0.00157225 0.000277396 -0.00157275 0.999998 0.0462333 0.127483 -0.244841
FixedParameters: 0 0 0

#Transform 4
Transform: AffineTransform_float_3_3
Parameters: 1 0.000591832 8.91234e-05 -0.000592168 0.999998 0.00189795 -8.78762e-05 -0.00189805 0.999998 -0.00470507 0.0852116 -0.137987
FixedParameters: 0 0 0

#Transform 5
Transform: AffineTransform_float_3_3
Parameters: 1 0.000587297 -0.000164947 -0.000586705 0.999998 0.0017941 0.000165053 -0.0017939 0.999999 0.0172651 0.0925288 -0.156243
FixedParameters: 0 0 0

#Transform 6
Transform: AffineTransform_float_3_3
Parameters: 1 0.000350204 -0.0001184 -0.000349796 0.999999 0.00171404 0.0001196 -0.00171396 0.999998 0.0151747 0.109111 -0.217843
FixedParameters: 0 0 0

#Transform 7
Transform: AffineTransform_float_3_3
Parameters: 1 -1.91156e-05 8.19731e-05 1.88844e-05 0.999999 0.00141 -8.20267e-05 -0.00141 0.999999 -0.00635727 0.0986715 -0.173871
FixedParameters: 0 0 0

#Transform 8
Transform: AffineTransform_float_3_3
Parameters: 1 4.57018e-05 0.000221062 -4.62994e-05 0.999999 0.00134899 -0.000221938 -0.00134901 0.999999 0.000435775 0.10244 -0.182357
FixedParameters: 0 0 0

#Transform 9
Transform: AffineTransform_float_3_3
Parameters: 1 1.95684e-05 0.000195044 -1.94315e-05 0.999997 0.00221299 -0.000194957 -0.002213 0.999997 -0.00799395 0.0340494 -0.132943
FixedParameters: 0 0 0

#Transform 10
Transform: AffineTransform_float_3_3
Parameters: 1 -4.13444e-05 0.000171918 4.16574e-05 0.999998 0.00200301 -0.000171084 -0.00200299 0.999998 -0.00588007 0.048202 -0.130517
FixedParameters: 0 0 0

#Transform 11
Transform: AffineTransform_float_3_3
Parameters: 1 -4.09021e-05 0.000414912 4.00977e-05 0.999997 0.00217402 -0.000415088 -0.00217398 0.999997 -0.0166118 0.0563812 -0.183075
FixedParameters: 0 0 0

#Transform 12
Transform: AffineTransform_float_3_3
Parameters: 1 7.00108e-05 0.000508137 -7.09889e-05 0.999998 0.00194696 -0.000507863 -0.00194704 0.999998 -0.024946 0.0532141 -0.123037
FixedParameters: 0 0 0

#Transform 13
Transform: AffineTransform_float_3_3
Parameters: 1 -0.000224955 0.000507578 0.000224046 0.999998 0.00188011 -0.000507422 -0.00187989 0.999998 -0.0409041 0.0453706 -0.0947761
FixedParameters: 0 0 0

#Transform 14
Transform: AffineTransform_float_3_3
Parameters: 1 -0.000102817 0.000338753 0.000102185 0.999997 0.00241104 -0.000338247 -0.00241097 0.999997 -0.0174488 0.0661808 -0.177225
FixedParameters: 0 0 0

#Transform 15
Transform: AffineTransform_float_3_3
Parameters: 1 -0.000124248 9.16655e-05 0.000124752 0.999997 0.00269501 -9.23366e-05 -0.00269499 0.999997 0.00441415 0.0476551 -0.206902
FixedParameters: 0 0 0

#Transform 16
Transform: AffineTransform_float_3_3
Parameters: 1 7.09764e-05 7.2349e-06 -7.10227e-05 0.999994 0.003309 -6.76502e-06 -0.003309 0.999994 0.000671871 -0.0114469 -0.180254
FixedParameters: 0 0 0

#Transform 17
Transform: AffineTransform_float_3_3
Parameters: 1 7.09751e-05 7.24782e-06 -7.1024e-05 0.999994 0.003491 -6.7521e-06 -0.003491 0.999994 0.00603867 -0.00687545 -0.255658
FixedParameters: 0 0 0

#Transform 18
Transform: AffineTransform_float_3_3
Parameters: 1 7.04727e-05 0.000158236 -7.05299e-05 0.999995 0.00333499 -0.000158766 -0.00333501 0.999995 0.00420846 -0.0106955 -0.170675
FixedParameters: 0 0 0

#Transform 19
Transform: AffineTransform_float_3_3
Parameters: 1 -0.000109023 6.63296e-06 0.000108976 0.999995 0.003367 -7.36697e-06 -0.003367 0.999995 0.0269565 -0.0130465 -0.192777
FixedParameters: 0 0 0

#Transform 20
Transform: AffineTransform_float_3_3
Parameters: 1 0.000394974 8.36073e-06 -0.000395025 0.999994 0.003445 -6.63918e-06 -0.003445 0.999994 0.0124599 -0.0125596 -0.248923
FixedParameters: 0 0 0

#Transform 21
Transform: AffineTransform_float_3_3
Parameters: 1 0.000105319 0.000231311 -0.000105683 0.999995 0.00294397 -0.00023169 -0.00294402 0.999995 -0.0119253 -0.00621109 -0.141727
FixedParameters: 0 0 0

#Transform 22
Transform: AffineTransform_float_3_3
Parameters: 1 -9.00238e-05 6.68685e-06 8.99751e-05 0.999994 0.003479 -7.31307e-06 -0.003479 0.999994 0.0101181 -0.0296517 -0.183727
FixedParameters: 0 0 0

#Transform 23
Transform: AffineTransform_float_3_3
Parameters: 1 -2.60247e-05 6.90763e-06 2.5975e-05 0.999993 0.003551 -7.09228e-06 -0.003551 0.999993 0.0126026 0.00308592 -0.213082
FixedParameters: 0 0 0

#Transform 24
Transform: AffineTransform_float_3_3
Parameters: 1 -0.000250019 6.27872e-06 0.000249982 0.999996 0.002885 -6.72122e-06 -0.002885 0.999996 0.00328215 -0.00202712 -0.12949
FixedParameters: 0 0 0

#Transform 25
Transform: AffineTransform_float_3_3
Parameters: 1 0.000110976 7.36282e-06 -0.000111022 0.999994 0.003269 -6.6371e-06 -0.003269 0.999994 0.00678887 0.0276469 -0.275948
FixedParameters: 0 0 0

#Transform 26
Transform: AffineTransform_float_3_3
Parameters: 1 0.000110976 7.36937e-06 -0.000111023 0.999995 0.003328 -6.63056e-06 -0.003328 0.999995 -0.00245179 -0.0112979 -0.182462
FixedParameters: 0 0 0

#Transform 27
Transform: AffineTransform_float_3_3
Parameters: 1 -0.000313021 6.01182e-06 0.000312979 0.999995 0.003157 -6.98811e-06 -0.003157 0.999995 0.0064902 -0.0160658 -0.14042
FixedParameters: 0 0 0

#Transform 28
Transform: AffineTransform_float_3_3
Parameters: 1 0.000110978 7.34185e-06 -0.000111021 0.999996 0.00308 -6.65809e-06 -0.00308 0.999996 0.000412498 0.0110718 -0.209735
FixedParameters: 0 0 0

#Transform 29
Transform: AffineTransform_float_3_3
Parameters: 1 0.000110977 7.35871e-06 -0.000111022 0.999995 0.003232 -6.64121e-06 -0.003232 0.999995 -0.00102705 0.0119575 -0.158601
FixedParameters: 0 0 0

#Transform 30
Transform: AffineTransform_float_3_3
Parameters: 1 0.000110274 0.000283284 -0.000110725 0.999996 0.00256497 -0.000282717 -0.00256503 0.999996 -0.0316571 0.0190968 -0.113736
FixedParameters: 0 0 0

#Transform 31
Transform: AffineTransform_float_3_3
Parameters: 1 6.3629e-06 0.000195022 -7.63702e-06 0.999994 0.003267 -0.000194976 -0.003267 0.999994 -0.0100739 0.00698434 -0.212017
FixedParameters: 0 0 0

#Transform 32
Transform: AffineTransform_float_3_3
Parameters: 1 -0.000109473 0.000145646 0.000108526 0.999994 0.00324401 -0.000146353 -0.00324398 0.999994 -0.010219 0.000467899 -0.179834
FixedParameters: 0 0 0

#Transform 33
Transform: AffineTransform_float_3_3
Parameters: 1 -3.10205e-05 6.9087e-06 3.09792e-05 0.999995 0.002944 -7.09123e-06 -0.002944 0.999995 0.00375672 0.00248336 -0.147691
FixedParameters: 0 0 0

#Transform 34
Transform: AffineTransform_float_3_3
Parameters: 1 -0.000342841 0.000261902 0.000342158 0.999995 0.00320609 -0.000263098 -0.00320591 0.999995 0.00337643 0.000871942 -0.211054
FixedParameters: 0 0 0

#Transform 35
Transform: AffineTransform_float_3_3
Parameters: 1 -0.000314022 5.90692e-06 0.000313977 0.999994 0.003481 -7.093e-06 -0.003481 0.999994 0.0112951 -0.0295132 -0.179453
FixedParameters: 0 0 0

#Transform 36
Transform: AffineTransform_float_3_3
Parameters: 1 -0.000183021 6.41857e-06 0.00018298 0.999995 0.003177 -6.58136e-06 -0.003177 0.999995 0.00220316 -0.0216602 -0.146884
FixedParameters: 0 0 0

#Transform 37
Transform: AffineTransform_float_3_3
Parameters: 1 0.000110571 0.000127374 -0.000110431 0.999995 0.00337199 -0.000127628 -0.00337202 0.999995 -0.00427512 -0.012057 -0.222229
FixedParameters: 0 0 0

#Transform 38
Transform: AffineTransform_float_3_3
Parameters: 1 0.000110082 0.000256396 -0.00011092 0.999993 0.00358097 -0.000256604 -0.00358103 0.999993 -0.0181923 -0.0388393 -0.198505
FixedParameters: 0 0 0

#Transform 39
Transform: AffineTransform_float_3_3
Parameters: 1 0.000110976 7.36393e-06 -0.000111022 0.999994 0.003279 -6.63599e-06 -0.003279 0.999994 -0.00129651 0.0103148 -0.198691
FixedParameters: 0 0 0

#Transform 40
Transform: AffineTransform_float_3_3
Parameters: 1 -0.000235374 0.000100125 0.000235622 0.999993 0.00372202 -0.000101878 -0.00372198 0.999993 0.00637575 0.00964823 -0.257719
FixedParameters: 0 0 0

#Transform 41
Transform: AffineTransform_float_3_3
Parameters: 1 -0.000295291 7.58743e-05 0.000294708 0.999992 0.00381402 -7.71245e-05 -0.00381398 0.999992 -0.00124018 -0.00933167 -0.172145
FixedParameters: 0 0 0

#Transform 42
Transform: AffineTransform_float_3_3
Parameters: 1 0.000110972 7.43485e-06 -0.000111027 0.999993 0.003918 -6.56505e-06 -0.003918 0.999993 0.000852428 -0.00543813 -0.243559
FixedParameters: 0 0 0

#Transform 43
Transform: AffineTransform_float_3_3
Parameters: 1 0.000110971 7.4506e-06 -0.000111027 0.999992 0.00406 -6.54928e-06 -0.00406 0.999992 -0.00122413 -0.00970549 -0.256248
FixedParameters: 0 0 0

#Transform 44
Transform: AffineTransform_float_3_3
Parameters: 1 -9.30221e-05 6.69948e-06 9.29769e-05 0.999995 0.003231 -7.30044e-06 -0.003231 0.999995 -0.000677741 0.0114479 -0.168311
FixedParameters: 0 0 0

#Transform 45
Transform: AffineTransform_float_3_3
Parameters: 1 -1.10221e-05 6.96515e-06 1.09778e-05 0.999995 0.003165 -7.03478e-06 -0.003165 0.999995 -0.00091823 0.0278095 -0.163976
FixedParameters: 0 0 0

#Transform 46
Transform: AffineTransform_float_3_3
Parameters: 1 -0.0003404 -0.000154329 0.000341598 0.999993 0.00390195 0.000152668 -0.00390205 0.999993 0.0219442 0.00216307 -0.220033
FixedParameters: 0 0 0

#Transform 47
Transform: AffineTransform_float_3_3
Parameters: 1 -0.00036302 5.85107e-06 0.000362979 0.999995 0.003165 -7.14886e-06 -0.003165 0.999995 -0.0027126 0.0170579 -0.152741
FixedParameters: 0 0 0

#Transform 48
Transform: AffineTransform_float_3_3
Parameters: 1 -0.00036302 5.86995e-06 0.00036298 0.999995 0.003113 -7.12999e-06 -0.003113 0.999995 -0.00633535 -0.00543071 -0.139779
FixedParameters: 0 0 0

#Transform 49
Transform: AffineTransform_float_3_3
Parameters: 1 -0.000291765 -6.60443e-05 0.000291234 0.999993 0.00357798 6.49583e-05 -0.00357802 0.999993 0.00472049 0.00548919 -0.201536
FixedParameters: 0 0 0

#Transform 50
Transform: AffineTransform_float_3_3
Parameters: 1 0.000128976 7.42424e-06 -0.000129022 0.999994 0.003289 -6.57568e-06 -0.003289 0.999994 -0.00467228 0.0149832 -0.172836
FixedParameters: 0 0 0

#Transform 51
Transform: AffineTransform_float_3_3
Parameters: 1 -0.000107023 6.64323e-06 0.000106976 0.999995 0.003334 -7.3567e-06 -0.003334 0.999995 -0.00491702 -0.00488528 -0.152078
FixedParameters: 0 0 0

#Transform 52
Transform: AffineTransform_float_3_3
Parameters: 1 -0.000363023 5.67355e-06 0.000362976 0.999994 0.003654 -7.32636e-06 -0.003654 0.999994 0.0139815 0.0047344 -0.207071
FixedParameters: 0 0 0

#Transform 53
Transform: AffineTransform_float_3_3
Parameters: 1 -0.000363023 5.69823e-06 0.000362976 0.999993 0.003586 -7.30167e-06 -0.00358599 0.999993 0.00653029 -0.00529814 -0.184925
FixedParameters: 0 0 0

#Transform 54
Transform: AffineTransform_float_3_3
Parameters: 1 -0.000363019 5.9175e-06 0.000362981 0.999996 0.002982 -7.08244e-06 -0.002982 0.999995 -0.0133998 0.00694486 -0.139819
FixedParameters: 0 0 0

#Transform 55
Transform: AffineTransform_float_3_3
Parameters: 1 -0.000363758 0.000248896 0.000363242 0.999996 0.00303909 -0.000250105 -0.00303891 0.999996 -0.0294113 0.0138308 -0.135603
FixedParameters: 0 0 0

#Transform 56
Transform: AffineTransform_float_3_3
Parameters: 0.999999 -0.000800143 0.000343349 0.000799858 0.999994 0.00331628 -0.000345654 -0.00331573 0.999995 -0.0230775 -0.0115661 -0.150586
FixedParameters: 0 0 0

#Transform 57
Transform: AffineTransform_float_3_3
Parameters: 1 -0.000666311 0.000115213 0.000665689 0.999996 0.00268308 -0.000116786 -0.00268292 0.999997 -0.0185704 -0.00551278 -0.0914013
FixedParameters: 0 0 0

#Transform 58
Transform: AffineTransform_float_3_3
Parameters: 0.999999 -0.000790016 4.75005e-06 0.000789982 0.999995 0.002848 -7.24989e-06 -0.00284799 0.999996 -0.0069231 -0.0196951 -0.074991
FixedParameters: 0 0 0

#Transform 59
Transform: AffineTransform_float_3_3
Parameters: 1 -0.000363018 5.96615e-06 0.000362981 0.999996 0.002848 -7.0338e-06 -0.002848 0.999996 -0.0158739 0.00458326 -0.123197
FixedParameters: 0 0 0

#Transform 60
Transform: AffineTransform_float_3_3
Parameters: 1 -0.000363864 0.000317011 0.000363136 0.999996 0.00272212 -0.00031799 -0.00272189 0.999996 -0.0518963 0.0182729 -0.102277
FixedParameters: 0 0 0

#Transform 61
Transform: AffineTransform_float_3_3
Parameters: 1 -0.000681459 0.000615389 0.00068054 0.999997 0.00236742 -0.000617613 -0.00236758 0.999997 -0.0829771 0.0270322 -0.0638491
FixedParameters: 0 0 0

#Transform 62
Transform: AffineTransform_float_3_3
Parameters: 1 -0.000364537 0.00048585 0.000363462 0.999995 0.00316118 -0.000487151 -0.00316082 0.999995 -0.0477498 0.0228803 -0.147878
FixedParameters: 0 0 0

#Transform 63
Transform: AffineTransform_float_3_3
Parameters: 1 -0.000302657 0.000485972 0.000301342 0.999994 0.00340715 -0.000487029 -0.00340685 0.999994 -0.0519051 0.00703081 -0.159722
FixedParameters: 0 0 0

#Transform 64
Transform: AffineTransform_float_3_3
Parameters: 1 -0.000364483 0.000485891 0.000363516 0.999996 0.00304918 -0.000487111 -0.00304882 0.999995 -0.055179 0.023227 -0.125332
FixedParameters: 0 0 0

#Transform 65
Transform: AffineTransform_float_3_3
Parameters: 0.999999 -0.000592612 0.000485038 0.000591388 0.999995 0.00331629 -0.000486964 -0.00331571 0.999995 -0.0460565 0.00812984 -0.134086
FixedParameters: 0 0 0

#Transform 66
Transform: AffineTransform_float_3_3
Parameters: 1 -0.000925254 0.000484614 0.000923746 0.999996 0.00258045 -0.000487386 -0.00258055 0.999996 -0.0424966 0.0196917 -0.0467836
FixedParameters: 0 0 0

#Transform 67
Transform: AffineTransform_float_3_3
Parameters: 0.999999 -0.000880065 0.000403684 0.000879933 0.999996 0.00263236 -0.000406317 -0.00263164 0.999996 -0.00631006 0.0321429 -0.105831
FixedParameters: 0 0 0

#Transform 68
Transform: AffineTransform_float_3_3
Parameters: 0.999999 -0.00105203 0.001057 0.00104897 0.999996 0.00286011 -0.00106 -0.00285889 0.999996 -0.0577232 0.0236223 -0.105229
FixedParameters: 0 0 0

#Transform 69
Transform: AffineTransform_float_3_3
Parameters: 0.999999 -0.00105178 0.000884704 0.00104822 0.999995 0.00313793 -0.000888293 -0.00313707 0.999994 -0.0547468 0.0107047 -0.128942
FixedParameters: 0 0 0

#Transform 70
Transform: AffineTransform_float_3_3
Parameters: 0.999999 -0.00105131 0.000652288 0.00104869 0.999993 0.00353469 -0.000655711 -0.00353431 0.999993 -0.0194451 0.00394917 -0.148261
FixedParameters: 0 0 0

#Transform 71
Transform: AffineTransform_float_3_3
Parameters: 0.999999 -0.000993116 0.000902582 0.000989885 0.999993 0.00344689 -0.000905417 -0.0034461 0.999993 -0.0604287 0.00617551 -0.122482
FixedParameters: 0 0 0

#Transform 72
Transform: AffineTransform_float_3_3
Parameters: 0.999999 -0.000984765 0.000778517 0.000981238 0.999993 0.00354277 -0.000781482 -0.00354224 0.999994 -0.0565832 -0.0161278 -0.119979
FixedParameters: 0 0 0

#Transform 73
Transform: AffineTransform_float_3_3
Parameters: 1 -0.00105078 0.000497248 0.00104821 0.999993 0.00357352 -0.000501749 -0.00357347 0.999993 -0.0311913 0.000427003 -0.140795
FixedParameters: 0 0 0

#Transform 74
Transform: AffineTransform_float_3_3
Parameters: 0.999999 -0.00105195 0.000799126 0.00104905 0.999992 0.00368784 -0.000802873 -0.00368616 0.999993 -0.0449587 0.00458922 -0.155708
FixedParameters: 0 0 0

#Transform 75
Transform: AffineTransform_float_3_3
Parameters: 1 -0.00105122 0.000599128 0.00104878 0.999992 0.00368763 -0.000602871 -0.00368637 0.999993 -0.0251395 -0.0104284 -0.141678
FixedParameters: 0 0 0

#Transform 76
Transform: AffineTransform_float_3_3
Parameters: 1 -0.00104996 0.000283472 0.00104904 0.999994 0.0033623 -0.000286529 -0.0033617 0.999995 -0.00948488 -0.0248071 -0.0990872
FixedParameters: 0 0 0

#Transform 77
Transform: AffineTransform_float_3_3
Parameters: 0.999999 -0.000772779 0.000472099 0.00077122 0.999992 0.00375836 -0.000474901 -0.00375763 0.999993 -0.0342909 -0.0114288 -0.16303
FixedParameters: 0 0 0

#Transform 78
Transform: AffineTransform_float_3_3
Parameters: 0.999999 -0.000792213 0.00104181 0.000787786 0.999991 0.00403782 -0.00104519 -0.00403717 0.999992 -0.110706 -0.0519833 -0.112047
FixedParameters: 0 0 0

#Transform 79
Transform: AffineTransform_float_3_3
Parameters: 1 -0.000904148 0.00064902 0.000901854 0.999994 0.00330059 -0.000651981 -0.00330041 0.999995 -0.0466166 0.0156729 -0.149704
FixedParameters: 0 0 0

#Transform 80
Transform: AffineTransform_float_3_3
Parameters: 0.999999 -0.0010267 0.00104137 0.00102231 0.999993 0.00354207 -0.00104463 -0.00354193 0.999993 -0.0810229 -0.0197846 -0.1131
FixedParameters: 0 0 0

#Transform 81
Transform: AffineTransform_float_3_3
Parameters: 0.999999 -0.00108077 0.000796258 0.00107823 0.999994 0.00346686 -0.000799742 -0.00346614 0.999993 -0.0903868 -0.0147945 -0.0715227
FixedParameters: 0 0 0

#Transform 82
Transform: AffineTransform_float_3_3
Parameters: 0.999999 -0.000819193 0.00033913 0.000817806 0.999993 0.00350528 -0.000341869 -0.00350572 0.999994 -0.0369852 -0.00587194 -0.107246
FixedParameters: 0 0 0

#Transform 83
Transform: AffineTransform_float_3_3
Parameters: 0.999999 -0.00105987 0.000815288 0.00105713 0.999994 0.00350686 -0.000819712 -0.00350613 0.999993 -0.0795343 -0.0128807 -0.112578
FixedParameters: 0 0 0

#Transform 84
Transform: AffineTransform_float_3_3
Parameters: 1 -0.000820591 0.000816404 0.000818407 0.999994 0.00316867 -0.000819597 -0.00316833 0.999994 -0.0945532 0.00258854 -0.092743
FixedParameters: 0 0 0

#Transform 85
Transform: AffineTransform_float_3_3
Parameters: 1 -0.000884046 0.000657257 0.000881955 0.999995 0.00310658 -0.000659743 -0.00310642 0.999995 -0.0722464 0.000348527 -0.0916219
FixedParameters: 0 0 0

#Transform 86
Transform: AffineTransform_float_3_3
Parameters: 1 -0.000821014 0.000815978 0.000817986 0.999993 0.00368767 -0.000819021 -0.00368633 0.999993 -0.0824017 -0.0414519 -0.0885025
FixedParameters: 0 0 0

#Transform 87
Transform: AffineTransform_float_3_3
Parameters: 1 -0.00101256 0.000534056 0.00101044 0.999996 0.00290954 -0.000536941 -0.00290846 0.999995 -0.0631162 -0.0283098 -0.016668
FixedParameters: 0 0 0

#Transform 88
Transform: AffineTransform_float_3_3
Parameters: 0.999999 -0.00135027 0.000641243 0.00134773 0.999993 0.00352587 -0.000645754 -0.00352413 0.999993 -0.0593945 -0.0368991 -0.0389427
FixedParameters: 0 0 0

#Transform 89
Transform: AffineTransform_float_3_3
Parameters: 0.999999 -0.000819888 0.000466696 0.000818109 0.999991 0.00403438 -0.000470304 -0.00403361 0.999992 -0.0324898 -0.0429744 -0.123629
FixedParameters: 0 0 0

#Transform 90
Transform: AffineTransform_float_3_3
Parameters: 1 -0.00089621 0.000570545 0.000893793 0.999992 0.00386051 -0.000573455 -0.00386049 0.999993 -0.0524437 -0.0249719 -0.097512
FixedParameters: 0 0 0

#Transform 91
Transform: AffineTransform_float_3_3
Parameters: 0.999999 -0.00123361 0.000433454 0.00123139 0.999993 0.00368754 -0.000438543 -0.00368646 0.999993 -0.0457896 -0.0209204 -0.0989618
FixedParameters: 0 0 0

#Transform 92
Transform: AffineTransform_float_3_3
Parameters: 0.999999 -0.00122544 0.000364193 0.00122356 0.999991 0.00392545 -0.000368805 -0.00392455 0.999992 -0.024393 -0.0380057 -0.100256
FixedParameters: 0 0 0

#Transform 93
Transform: AffineTransform_float_3_3
Parameters: 0.999999 -0.00137 0.000540952 0.001368 0.999993 0.00368775 -0.000546047 -0.00368626 0.999993 -0.0400073 -0.06788 -0.0330807
FixedParameters: 0 0 0

#Transform 94
Transform: AffineTransform_float_3_3
Parameters: 0.999998 -0.00161903 0.000276032 0.00161797 0.999992 0.00368745 -0.000281967 -0.00368655 0.999993 0.00846116 -0.0388294 -0.100103
FixedParameters: 0 0 0

#Transform 95
Transform: AffineTransform_float_3_3
Parameters: 0.999999 -0.00150176 0.000172478 0.00150123 0.99999 0.00434426 -0.000179523 -0.00434374 0.99999 0.0128901 -0.0788632 -0.0997226
FixedParameters: 0 0 0

#Transform 96
Transform: AffineTransform_float_3_3
Parameters: 0.999998 -0.00161437 7.54535e-05 0.00161363 0.999988 0.00467513 -8.25445e-05 -0.00467487 0.999989 0.022499 -0.0787577 -0.15269
FixedParameters: 0 0 0

#Transform 97
Transform: AffineTransform_float_3_3
Parameters: 0.999999 -0.00150149 9.88524e-05 0.00150151 0.999987 0.00476115 -0.00010615 -0.00476084 0.999988 0.0139344 -0.101221 -0.0818487
FixedParameters: 0 0 0

#Transform 98
Transform: AffineTransform_float_3_3
Parameters: 0.999999 -0.00150189 0.00021485 0.00150111 0.999991 0.00409633 -0.000221152 -0.00409667 0.999991 0.0131233 -0.0529059 -0.0935776
FixedParameters: 0 0 0

#Transform 99
Transform: AffineTransform_float_3_3
Parameters: 0.999998 -0.00190349 0.000123613 0.00190251 0.99999 0.00388124 -0.000130384 -0.00388076 0.999993 0.0212181 -0.0343949 -0.106607
FixedParameters: 0 0 0

#Transform 100
Transform: AffineTransform_float_3_3
Parameters: 0.999998 -0.00150376 0.000588996 0.00150124 0.999988 0.00466189 -0.000596003 -0.00466011 0.999989 -0.0215173 -0.0550912 -0.163543
FixedParameters: 0 0 0

#Transform 101
Transform: AffineTransform_float_3_3
Parameters: 0.999999 -0.00180817 3.65307e-05 0.00180783 0.99999 0.00413107 -4.44685e-05 -0.00413093 0.999992 0.0102495 -0.059675 -0.117063
FixedParameters: 0 0 0

#Transform 102
Transform: AffineTransform_float_3_3
Parameters: 0.999998 -0.001908 0.000248427 0.001907 0.999991 0.00397048 -0.000255574 -0.00397052 0.999992 0.00145771 -0.019675 -0.172069
FixedParameters: 0 0 0

#Transform 103
Transform: AffineTransform_float_3_3
Parameters: 0.999998 -0.00194206 0.000247872 0.00194095 0.99999 0.00418649 -0.000256129 -0.00418651 0.999991 -0.00985975 -0.0631386 -0.0904124
FixedParameters: 0 0 0

#Transform 104
Transform: AffineTransform_float_3_3
Parameters: 0.999999 -0.00185948 0.000135533 0.00185852 0.999992 0.00347826 -0.000141465 -0.00347774 0.999994 0.014626 -0.0233053 -0.101172
FixedParameters: 0 0 0

#Transform 105
Transform: AffineTransform_float_3_3
Parameters: 0.999999 -0.00150031 -0.000179824 0.00150069 0.999992 0.00388074 0.000174178 -0.00388027 0.999993 0.0290142 -0.0401393 -0.117598
FixedParameters: 0 0 0

#Transform 106
Transform: AffineTransform_float_3_3
Parameters: 0.999999 -0.00150167 0.000181542 0.00150133 0.999993 0.00363528 -0.000187458 -0.00363472 0.999994 -0.0068403 -0.0370033 -0.0440848
FixedParameters: 0 0 0

#Transform 107
Transform: AffineTransform_float_3_3
Parameters: 0.999999 -0.00150083 -4.7825e-05 0.00150118 0.999992 0.00388094 4.21742e-05 -0.00388107 0.999993 0.00481506 -0.0500373 -0.0603174
FixedParameters: 0 0 0

#Transform 108
Transform: AffineTransform_float_3_3
Parameters: 0.999999 -0.00140893 -2.04682e-05 0.00140907 0.999992 0.00388098 1.45315e-05 -0.00388103 0.999993 0.0136279 -0.0200915 -0.108403
FixedParameters: 0 0 0

#Transform 109
Transform: AffineTransform_float_3_3
Parameters: 0.999999 -0.00150201 0.000258172 0.00150098 0.999992 0.0038814 -0.000264827 -0.00388061 0.999993 -0.00421554 -0.0435866 -0.0654552
FixedParameters: 0 0 0

#Transform 110
Transform: AffineTransform_float_3_3
Parameters: 0.999998 -0.00160542 0.00010477 0.00160558 0.999991 0.00388117 -0.000110232 -0.00388083 0.999992 0.0141439 -0.0327287 -0.0789178
FixedParameters: 0 0 0

#Transform 111
Transform: AffineTransform_float_3_3
Parameters: 0.999998 -0.00227232 8.15428e-05 0.00227268 0.99999 0.00372219 -8.94594e-05 -0.0037218 0.999993 0.0317201 -0.0264027 -0.0746734
FixedParameters: 0 0 0

#Transform 112
Transform: AffineTransform_float_3_3
Parameters: 0.999998 -0.00191108 1.67017e-05 0.00191092 0.999991 0.00381904 -2.4298e-05 -0.00381896 0.999992 0.0382665 -0.0362785 -0.0538926
FixedParameters: 0 0 0

#Transform 113
Transform: AffineTransform_float_3_3
Parameters: 0.999998 -0.00191733 8.25593e-05 0.00191767 0.99999 0.00388117 -8.9443e-05 -0.00388084 0.999993 0.0295865 -0.0127679 -0.0723483
FixedParameters: 0 0 0

#Transform 114
Transform: AffineTransform_float_3_3
Parameters: 0.999999 -0.0018503 8.3639e-05 0.0018497 0.999993 0.00343816 -8.93616e-05 -0.00343884 0.999994 0.0281409 0.00606477 -0.0671234
FixedParameters: 0 0 0

#Transform 115
Transform: AffineTransform_float_3_3
Parameters: 0.999998 -0.00204725 7.53917e-05 0.00204674 0.999992 0.00322816 -8.26071e-05 -0.00322784 0.999995 0.0340673 -0.00117996 -0.0453213
FixedParameters: 0 0 0

#Transform 116
Transform: AffineTransform_float_3_3
Parameters: 0.999998 -0.00232318 5.70607e-05 0.00232282 0.999993 0.00298714 -6.39384e-05 -0.00298686 0.999995 0.0447206 0.036372 -0.077703
FixedParameters: 0 0 0

#Transform 117
Transform: AffineTransform_float_3_3
Parameters: 0.999997 -0.00218162 -0.000118267 0.00218238 0.999992 0.00333075 0.000110731 -0.00333125 0.999995 0.0413624 0.0132008 -0.110008
FixedParameters: 0 0 0

#Transform 118
Transform: AffineTransform_float_3_3
Parameters: 0.999997 -0.00215917 -0.000244472 0.00215983 0.999991 0.00345948 0.00023653 -0.00345952 0.999994 0.0489944 -0.00265438 -0.105256
FixedParameters: 0 0 0

#Transform 119
Transform: AffineTransform_float_3_3
Parameters: 0.999998 -0.0020337 -0.00038003 0.0020353 0.999992 0.00345523 0.000372969 -0.00345577 0.999994 0.0698368 0.00779252 -0.135465
FixedParameters: 0 0 0

#Transform 120
Transform: AffineTransform_float_3_3
Parameters: 0.999998 -0.00209243 -0.000193311 0.00209257 0.999994 0.0030156 0.000186689 -0.0030164 0.999996 0.0508319 0.0290876 -0.10493
FixedParameters: 0 0 0

#Transform 121
Transform: AffineTransform_float_3_3
Parameters: 0.999997 -0.00217289 -3.68664e-05 0.0021731 0.999992 0.00315993 3.0133e-05 -0.00316007 0.999995 0.0292901 -0.00103446 -0.0638136
FixedParameters: 0 0 0

#Transform 122
Transform: AffineTransform_float_3_3
Parameters: 0.999999 -0.00175563 -0.000379417 0.00175738 0.999992 0.00365334 0.000373581 -0.00365466 0.999994 0.0499981 -0.00983306 -0.0974361
FixedParameters: 0 0 0

#Transform 123
Transform: AffineTransform_float_3_3
Parameters: 0.999999 -0.00175571 -0.000379013 0.00175729 0.999992 0.00342334 0.000372987 -0.00342366 0.999994 0.0331305 -0.0246216 -0.0397036
FixedParameters: 0 0 0

#Transform 124
Transform: AffineTransform_float_3_3
Parameters: 0.999999 -0.00175578 -0.000378727 0.00175723 0.999993 0.00326034 0.000373273 -0.00326066 0.999994 0.0440944 -0.0227804 -0.0372629
FixedParameters: 0 0 0

#Transform 125
Transform: AffineTransform_float_3_3
Parameters: 0.999998 -0.0016335 -0.00013134 0.0016345 0.999991 0.00388079 0.000124659 -0.00388021 0.999993 0.028218 -0.0444947 -0.0815006
FixedParameters: 0 0 0

#Transform 126
Transform: AffineTransform_float_3_3
Parameters: 0.999999 -0.00175566 -0.000379275 0.00175735 0.999992 0.00357234 0.000373723 -0.00357366 0.999993 0.0502921 -0.0291515 -0.0547136
FixedParameters: 0 0 0

#Transform 127
Transform: AffineTransform_float_3_3
Parameters: 0.999998 -0.00175442 -0.000668813 0.00175758 0.999991 0.00387983 0.000662187 -0.00388017 0.999993 0.0916214 -0.0401845 -0.0825688
FixedParameters: 0 0 0

#Transform 128
Transform: AffineTransform_float_3_3
Parameters: 0.999999 -0.00175499 -0.000561312 0.00175701 0.999992 0.00359402 0.000555688 -0.00359498 0.999994 0.0711709 -0.0318059 -0.0618168
FixedParameters: 0 0 0

#Transform 129
Transform: AffineTransform_float_3_3
Parameters: 0.999999 -0.00183805 -0.000274468 0.00183896 0.999992 0.0035175 0.000268534 -0.0035175 0.999994 0.0415453 -0.0371879 -0.0536519
FixedParameters: 0 0 0

#Transform 130
Transform: AffineTransform_float_3_3
Parameters: 0.999999 -0.00175597 -0.000260056 0.00175703 0.999991 0.00401655 0.000252945 -0.00401645 0.999992 0.0403425 -0.0300376 -0.097145
FixedParameters: 0 0 0

#Transform 131
Transform: AffineTransform_float_3_3
Parameters: 0.999998 -0.00196873 -0.000316035 0.00196927 0.999989 0.00407939 0.000307968 -0.00408062 0.999992 0.0265566 -0.0724198 -0.0251829
FixedParameters: 0 0 0

#Transform 132
Transform: AffineTransform_float_3_3
Parameters: 0.999997 -0.00217389 -0.00031571 0.0021751 0.999992 0.00354532 0.000307288 -0.00354668 0.999993 0.0399993 -0.0515536 -0.0268627
FixedParameters: 0 0 0

#Transform 133
Transform: AffineTransform_float_3_3
Parameters: 0.999998 -0.00188992 -0.000314573 0.00189108 0.999992 0.00347641 0.000307428 -0.00347659 0.999994 0.0465168 -0.0446236 -0.0347426
FixedParameters: 0 0 0

#Transform 134
Transform: AffineTransform_float_3_3
Parameters: 0.999999 -0.00175659 -0.000105076 0.00175741 0.999991 0.00402782 9.79218e-05 -0.00402818 0.999992 0.0327165 -0.0752023 0.00382728
FixedParameters: 0 0 0

#Transform 135
Transform: AffineTransform_float_3_3
Parameters: 0.999997 -0.00216042 0.000124897 0.00216058 0.999993 0.00328828 -0.000132104 -0.00328772 0.999994 0.0186463 -0.0427135 0.011423
FixedParameters: 0 0 0

#Transform 136
Transform: AffineTransform_float_3_3
Parameters: 0.999997 -0.00244101 0.000278282 0.00243999 0.99999 0.00357269 -0.000287719 -0.00357231 0.999994 -0.00050498 -0.0613693 0.0160523
FixedParameters: 0 0 0

#Transform 137
Transform: AffineTransform_float_3_3
Parameters: 0.999998 -0.00229334 8.98154e-05 0.00229267 0.999991 0.00356921 -9.81829e-05 -0.00356878 0.999993 0.0124843 -0.0741358 0.0420191
FixedParameters: 0 0 0

#Transform 138
Transform: AffineTransform_float_3_3
Parameters: 0.999997 -0.00236085 -0.00031668 0.00236115 0.999991 0.00367527 0.000307324 -0.00367574 0.999993 0.0536439 -0.0375449 -0.00396909
FixedParameters: 0 0 0

#Transform 139
Transform: AffineTransform_float_3_3
Parameters: 0.999997 -0.00238834 -0.000167698 0.00238866 0.999989 0.00405961 0.000157305 -0.00405939 0.999991 0.043525 -0.0621657 0.0128534
FixedParameters: 0 0 0

#Transform 140
Transform: AffineTransform_float_3_3
Parameters: 0.999997 -0.00238885 -4.65857e-05 0.00238815 0.99999 0.0035939 3.84195e-05 -0.0035931 0.999993 0.0291037 -0.0520584 0.0216065
FixedParameters: 0 0 0

#Transform 141
Transform: AffineTransform_float_3_3
Parameters: 0.999997 -0.00216877 -0.000316527 0.00217022 0.99999 0.00393032 0.000307473 -0.00393068 0.999992 0.0641311 -0.0294622 -0.00922895
FixedParameters: 0 0 0

#Transform 142
Transform: AffineTransform_float_3_3
Parameters: 0.999999 -0.00182649 -0.000141804 0.00182751 0.999992 0.00372475 0.000134193 -0.00372525 0.999993 0.0425058 -0.010743 0.000396669
FixedParameters: 0 0 0

#Transform 143
Transform: AffineTransform_float_3_3
Parameters: 0.999998 -0.00191749 0.000131059 0.00191651 0.999991 0.00362026 -0.000137939 -0.00361974 0.999994 0.0120232 -0.0247817 0.0226001
FixedParameters: 0 0 0

#Transform 144
Transform: AffineTransform_float_3_3
Parameters: 0.999997 -0.00217967 -9.58821e-05 0.00218033 0.999991 0.0036158 8.81163e-05 -0.0036162 0.999994 0.0357312 -0.0309443 0.0128463
FixedParameters: 0 0 0

#Transform 145
Transform: AffineTransform_float_3_3
Parameters: 0.999998 -0.00220469 -0.00031722 0.00220631 0.999989 0.00418031 0.00030778 -0.00418069 0.999991 0.0541061 -0.0344609 -0.0331625
FixedParameters: 0 0 0

#Transform 146
Transform: AffineTransform_float_3_3
Parameters: 0.999998 -0.00229757 -0.000318519 0.00229843 0.999987 0.00457628 0.000307485 -0.00457672 0.99999 0.0405202 -0.0578257 0.00355329
FixedParameters: 0 0 0

#Transform 147
Transform: AffineTransform_float_3_3
Parameters: 0.999998 -0.00229772 -0.00031739 0.00229928 0.999989 0.00408528 0.000307609 -0.00408572 0.999991 0.0624117 -0.0260716 -0.0139835
FixedParameters: 0 0 0

#Transform 148
Transform: AffineTransform_float_3_3
Parameters: 0.999998 -0.00229758 -0.000318438 0.00229842 0.999987 0.00454128 0.000307563 -0.00454272 0.999989 0.08717 -0.0375221 -0.0721263
FixedParameters: 0 0 0

#Transform 149
Transform: AffineTransform_float_3_3
Parameters: 0.999996 -0.00276983 -0.000318374 0.00277117 0.999989 0.00374413 0.000307626 -0.00374487 0.999993 0.0755077 -0.0169013 -0.000353325
FixedParameters: 0 0 0

#Transform 150
Transform: AffineTransform_float_3_3
Parameters: 0.999998 -0.00220877 -0.000316685 0.00221023 0.99999 0.00393031 0.000307316 -0.00393069 0.999992 0.0667851 0.00631546 -0.0857953
FixedParameters: 0 0 0

#Transform 151
Transform: AffineTransform_float_3_3
Parameters: 0.999997 -0.00218167 -8.85766e-05 0.00218133 0.99999 0.00393082 8.04256e-05 -0.00393119 0.999993 0.0247937 -0.0267337 -0.0361039
FixedParameters: 0 0 0

#Transform 152
Transform: AffineTransform_float_3_3
Parameters: 0.999998 -0.00229933 7.99618e-05 0.00229867 0.999989 0.00393119 -8.90366e-05 -0.00393081 0.999993 0.0480699 -0.0226806 -0.0614743
FixedParameters: 0 0 0

#Transform 153
Transform: AffineTransform_float_3_3
Parameters: 0.999998 -0.00229958 0.000153561 0.00229842 0.99999 0.00367036 -0.000162436 -0.00366964 0.999994 0.0312679 -0.0195875 -0.023318
FixedParameters: 0 0 0

#Transform 154
Transform: AffineTransform_float_3_3
Parameters: 0.999998 -0.00229956 0.000141196 0.00229844 0.99999 0.00382933 -0.000149801 -0.00382866 0.999992 0.0358141 -0.0274687 -0.00921672
FixedParameters: 0 0 0

#Transform 155
Transform: AffineTransform_float_3_3
Parameters: 0.999998 -0.00229907 1.29624e-05 0.00229893 0.999989 0.00393104 -2.20372e-05 -0.00393096 0.999993 0.0523488 -0.00627672 -0.0681273
FixedParameters: 0 0 0

#Transform 156
Transform: AffineTransform_float_3_3
Parameters: 0.999998 -0.00229782 -0.000316699 0.00229918 0.99999 0.00378428 0.000307301 -0.00378472 0.999993 0.0688658 -0.0306707 -0.00934184
FixedParameters: 0 0 0

#Transform 157
Transform: AffineTransform_float_3_3
Parameters: 0.999998 -0.00229777 -0.000317034 0.00229923 0.999989 0.00393028 0.000307966 -0.00393072 0.999992 0.0700498 -0.028603 -0.0570787
FixedParameters: 0 0 0

#Transform 158
Transform: AffineTransform_float_3_3
Parameters: 0.999997 -0.00252513 0.000303731 0.00252387 0.99999 0.00367178 -0.000312269 -0.00367122 0.999993 0.0500538 0.00338048 -0.0476693
FixedParameters: 0 0 0

#Transform 159
Transform: AffineTransform_float_3_3
Parameters: 0.999996 -0.00276496 0.000239132 0.00276404 0.999989 0.00393168 -0.000249869 -0.00393133 0.999992 0.0387567 -0.0217519 -0.0161984
FixedParameters: 0 0 0

#Transform 160
Transform: AffineTransform_float_3_3
Parameters: 0.999996 -0.00276541 0.000358297 0.00276459 0.999988 0.00387201 -0.000368706 -0.003871 0.999993 0.0469763 -0.000925056 -0.0427564
FixedParameters: 0 0 0

#Transform 161
Transform: AffineTransform_float_3_3
Parameters: 0.999996 -0.00276505 0.000229716 0.00276495 0.999987 0.00444365 -0.000242286 -0.00444235 0.99999 0.0551773 -0.00748643 -0.0795099
FixedParameters: 0 0 0

#Transform 162
Transform: AffineTransform_float_3_3
Parameters: 0.999996 -0.00276591 0.0004627 0.00276409 0.999988 0.00408729 -0.000473299 -0.0040857 0.999991 0.0344323 -0.0143929 -0.0143381
FixedParameters: 0 0 0

#Transform 163
Transform: AffineTransform_float_3_3
Parameters: 0.999997 -0.00271098 0.000230724 0.00271002 0.999987 0.00416064 -0.000242275 -0.00415936 0.999992 0.0530381 -0.0136629 -0.0435476
FixedParameters: 0 0 0

#Transform 164
Transform: AffineTransform_float_3_3
Parameters: 0.999996 -0.00299698 0.000229558 0.00299602 0.999987 0.00415271 -0.000242444 -0.00415229 0.999992 0.0637612 -0.00948227 -0.050019
FixedParameters: 0 0 0

#Transform 165
Transform: AffineTransform_float_3_3
Parameters: 0.999996 -0.00276618 0.000567454 0.00276482 0.999989 0.00381458 -0.000577547 -0.00381242 0.999992 0.0217546 0.00471993 -0.00637217
FixedParameters: 0 0 0

#Transform 166
Transform: AffineTransform_float_3_3
Parameters: 0.999995 -0.00292794 0.000230342 0.00292706 0.999988 0.00398269 -0.000242656 -0.00398131 0.999992 0.0380715 -0.0124077 0.00321037
FixedParameters: 0 0 0

#Transform 167
Transform: AffineTransform_float_3_3
Parameters: 0.999996 -0.00276493 0.000231099 0.00276407 0.999989 0.00394366 -0.000241903 -0.00394335 0.999992 0.0475137 0.00469628 -0.0213733
FixedParameters: 0 0 0

#Transform 168
Transform: AffineTransform_float_3_3
Parameters: 0.999995 -0.00291093 0.000230514 0.00290906 0.999988 0.00394669 -0.000242483 -0.00394631 0.999992 0.0522617 0.0025772 -0.00622913
FixedParameters: 0 0 0

#Transform 169
Transform: AffineTransform_float_3_3
Parameters: 0.999995 -0.0030507 0.000456775 0.0030493 0.999988 0.00368141 -0.000468226 -0.00367959 0.999993 0.015268 0.0238285 0.00710745
FixedParameters: 0 0 0

#Transform 170
Transform: AffineTransform_float_3_3
Parameters: 0.999996 -0.00288483 0.000231929 0.00288417 0.999989 0.00349168 -0.000242072 -0.00349131 0.999994 0.0446493 0.0259726 -0.00520098
FixedParameters: 0 0 0

#Transform 171
Transform: AffineTransform_float_3_3
Parameters: 0.999995 -0.00292499 0.000229657 0.002924 0.999987 0.00422069 -0.000242343 -0.00422031 0.999991 0.0660846 -0.0104377 -0.0359185
FixedParameters: 0 0 0

#Transform 172
Transform: AffineTransform_float_3_3
Parameters: 0.999996 -0.00276496 0.000230811 0.00276404 0.999988 0.00404765 -0.000242187 -0.00404635 0.999992 0.0559053 -0.0170646 -0.0113898
FixedParameters: 0 0 0

#Transform 173
Transform: AffineTransform_float_3_3
Parameters: 0.999995 -0.0031053 6.85355e-05 0.0031057 0.999987 0.00401423 -8.14666e-05 -0.00401377 0.999992 0.0587982 -0.0394443 0.0402867
FixedParameters: 0 0 0

#Transform 174
Transform: AffineTransform_float_3_3
Parameters: 0.999996 -0.00305085 0.000231027 0.00305015 0.999989 0.00359772 -0.000241975 -0.00359728 0.999994 0.0665438 0.0146733 0.00572654
FixedParameters: 0 0 0

#Transform 175
Transform: AffineTransform_float_3_3
Parameters: 0.999995 -0.00321628 6.87589e-05 0.00321571 0.999987 0.00380624 -8.12392e-05 -0.00380576 0.999993 0.0802496 -0.0161683 0.034537
FixedParameters: 0 0 0

#Transform 176
Transform: AffineTransform_float_3_3
Parameters: 0.999993 -0.00369537 -0.000174887 0.00369563 0.999986 0.00375738 0.000161115 -0.00375762 0.999993 0.119254 -0.0154088 0.00431749
FixedParameters: 0 0 0

#Transform 177
Transform: AffineTransform_float_3_3
Parameters: 0.999993 -0.00361132 -0.000175586 0.00361168 0.999986 0.00403839 0.000160416 -0.00403861 0.999992 0.120896 -0.0332297 0.0211025
FixedParameters: 0 0 0

#Transform 178
Transform: AffineTransform_float_3_3
Parameters: 0.999993 -0.00375738 -0.000174854 0.00375762 0.999986 0.00368637 0.000161149 -0.00368663 0.999993 0.104648 -0.0223755 0.0520508
FixedParameters: 0 0 0

#Transform 179
Transform: AffineTransform_float_3_3
Parameters: 0.999992 -0.00402071 -8.75429e-05 0.00402129 0.999986 0.00361668 7.34588e-05 -0.00361633 0.999994 0.106587 -0.0235946 0.0569062
FixedParameters: 0 0 0
