#Insight Transform File V1.0
#Transform 0
Transform: AffineTransform_float_3_3
Parameters: 1 -2.99051e-06 -4.70006e-05 3.00949e-06 1 0.000202 4.69994e-05 -0.000202 1 0.0579065 -0.0948693 -0.369694
FixedParameters: 0 0 0

#Transform 1
Transform: AffineTransform_float_3_3
Parameters: 1 0.00116706 0.000221699 -0.00116694 1 -0.000258259 -0.000222301 0.000257741 1 -0.0206522 0.0931507 0.0330818
FixedParameters: 0 0 0

#Transform 2
Transform: AffineTransform_float_3_3
Parameters: 1 0.000909447 0.000489031 -0.000910554 0.999999 0.00113256 -0.000487969 -0.00113344 0.999999 -0.0432053 0.073159 0.0367334
FixedParameters: 0 0 0

#Transform 3
Transform: AffineTransform_float_3_3
Parameters: 0.999999 0.00141096 1.84922e-05 -0.00141104 0.999996 0.00247498 -1.45077e-05 -0.00247502 0.999997 -0.0302638 -0.0784494 0.0794378
FixedParameters: 0 0 0

#Transform 4
Transform: AffineTransform_float_3_3
Parameters: 0.999999 0.00177952 -0.000500638 -0.00177848 0.999994 0.0030149 0.000505364 -0.00301411 0.999996 0.0247068 -0.0386365 0.0543241
FixedParameters: 0 0 0

#Transform 5
Transform: AffineTransform_float_3_3
Parameters: 0.999998 0.00159327 0.00123565 -0.00159273 0.999998 -0.000221968 -0.00123635 0.000220031 0.999999 -0.114268 0.0788028 0.131814
FixedParameters: 0 0 0

#Transform 6
Transform: AffineTransform_float_3_3
Parameters: 0.999999 0.000903905 0.00152306 -0.000904096 0.999999 6.26231e-05 -0.00152294 -6.33767e-05 0.999999 -0.0944055 0.030129 0.258104
FixedParameters: 0 0 0

#Transform 7
Transform: AffineTransform_float_3_3
Parameters: 0.999997 0.00185782 0.00193003 -0.00186218 0.999996 0.00216441 -0.00192597 -0.00216759 0.999996 -0.151909 -0.0364501 0.197623
FixedParameters: 0 0 0

#Transform 8
Transform: AffineTransform_float_3_3
Parameters: 0.999998 0.00183285 0.000887378 -0.00183415 0.999998 0.00129638 -0.000884622 -0.00129762 0.999999 -0.0548194 0.0417568 0.0542049
FixedParameters: 0 0 0

#Transform 9
Transform: AffineTransform_float_3_3
Parameters: 0.999999 0.0016452 0.000809622 -0.0016458 0.999998 0.00098467 -0.000808379 -0.000986332 0.999999 -0.0661174 0.100453 0.00886505
FixedParameters: 0 0 0

#Transform 10
Transform: AffineTransform_float_3_3
Parameters: 0.999997 0.00173034 0.00165169 -0.00173066 0.999999 0.000398143 -0.00165131 -0.000400858 0.999998 -0.114113 0.0848007 0.0570137
FixedParameters: 0 0 0

#Transform 11
Transform: AffineTransform_float_3_3
Parameters: 0.999998 0.00144149 0.00122625 -0.00144051 0.999998 -0.00121777 -0.00122775 0.00121623 0.999998 -0.135802 0.18586 0.0656604
FixedParameters: 0 0 0

#Transform 12
Transform: AffineTransform_float_3_3
Parameters: 1 0.00122305 1.99021e-05 -0.00122295 0.999996 -0.00253303 -2.20978e-05 0.00253297 0.999997 -0.00407546 0.262819 0.14726
FixedParameters: 0 0 0

#Transform 13
Transform: AffineTransform_float_3_3
Parameters: 0.999999 0.000615454 0.000467403 -0.000614546 1 -0.000971288 -0.000467597 0.000970713 1 -0.0476792 0.178126 0.0507071
FixedParameters: 0 0 0

#Transform 14
Transform: AffineTransform_float_3_3
Parameters: 0.999999 0.00136658 0.00043015 -0.00136542 0.999998 -0.00135459 -0.00043185 0.00135441 0.999999 -0.0430768 0.252499 0.031836
FixedParameters: 0 0 0

#Transform 15
Transform: AffineTransform_float_3_3
Parameters: 0.999999 0.0013669 0.000596933 -0.0013661 0.999998 -0.00151282 -0.000599067 0.00151218 0.999998 -0.0569851 0.220325 0.0523958
FixedParameters: 0 0 0

#Transform 16
Transform: AffineTransform_float_3_3
Parameters: 1 0.00103949 0.000591392 -0.00103751 0.999997 -0.00251062 -0.000594607 0.00251038 0.999996 -0.0653359 0.23796 0.12054
FixedParameters: 0 0 0

#Transform 17
Transform: AffineTransform_float_3_3
Parameters: 0.999999 0.00136558 -0.000108398 -0.00136542 0.999992 -0.00395186 0.000102605 0.00395215 0.999992 0.0239201 0.422608 0.0573346
FixedParameters: 0 0 0

#Transform 18
Transform: AffineTransform_float_3_3
Parameters: 0.999999 0.00109926 0.000576723 -0.00109675 0.999992 -0.00389564 -0.000580277 0.00389537 0.999992 -0.0242759 0.386035 0.101416
FixedParameters: 0 0 0

#Transform 19
Transform: AffineTransform_float_3_3
Parameters: 0.999999 0.000693361 0.00164534 -0.000686641 0.999993 -0.00386314 -0.00164767 0.00386187 0.999991 -0.0878323 0.306853 0.194037
FixedParameters: 0 0 0

#Transform 20
Transform: AffineTransform_float_3_3
Parameters: 0.999997 -1.29303e-05 0.0024971 2.60691e-05 0.999987 -0.00523395 -0.0024969 0.00523405 0.999983 -0.0904835 0.348274 0.402636
FixedParameters: 0 0 0

#Transform 21
Transform: AffineTransform_float_3_3
Parameters: 0.999998 -2.73618e-06 0.00162903 1.02637e-05 0.99999 -0.00445899 -0.00162897 0.00445901 0.999988 -0.0358849 0.31258 0.314413
FixedParameters: 0 0 0

#Transform 22
Transform: AffineTransform_float_3_3
Parameters: 1 0.00101235 0.000595014 -0.00100965 0.999991 -0.0039426 -0.000598985 0.0039414 0.999992 -0.00289103 0.317579 0.248408
FixedParameters: 0 0 0

#Transform 23
Transform: AffineTransform_float_3_3
Parameters: 0.999999 0.00104887 0.000702218 -0.00104713 0.999996 -0.00265574 -0.000704784 0.00265526 0.999996 -0.0103471 0.267896 0.130737
FixedParameters: 0 0 0

#Transform 24
Transform: AffineTransform_float_3_3
Parameters: 0.999996 -0.000422175 0.00281111 0.000436823 0.999988 -0.00491879 -0.00280888 0.0049202 0.999984 -0.130671 0.345999 0.265088
FixedParameters: 0 0 0

#Transform 25
Transform: AffineTransform_float_3_3
Parameters: 0.999998 0.000181432 0.00209037 -0.000173571 0.999993 -0.00355437 -0.00209063 0.00355463 0.999992 -0.0841461 0.303793 0.290715
FixedParameters: 0 0 0

#Transform 26
Transform: AffineTransform_float_3_3
Parameters: 0.999998 0.00119188 0.00105363 -0.00118812 0.999992 -0.00367325 -0.00105737 0.00367174 0.999992 -0.0636823 0.311501 0.236804
FixedParameters: 0 0 0

#Transform 27
Transform: AffineTransform_float_3_3
Parameters: 0.999999 0.00105406 0.00105495 -0.00105094 0.999995 -0.00289811 -0.00105805 0.00289689 0.999995 -0.0640911 0.275913 0.132768
FixedParameters: 0 0 0

#Transform 28
Transform: AffineTransform_float_3_3
Parameters: 0.999998 0.0012563 0.00105527 -0.0012537 0.999997 -0.00217633 -0.00105773 0.00217467 0.999997 -0.0728023 0.255212 0.128617
FixedParameters: 0 0 0

#Transform 29
Transform: AffineTransform_float_3_3
Parameters: 0.999998 0.00153458 0.000595949 -0.00153342 0.999996 -0.00264192 -0.000600053 0.00264108 0.999997 -0.0559271 0.264796 0.18814
FixedParameters: 0 0 0

#Transform 30
Transform: AffineTransform_float_3_3
Parameters: 0.999998 0.00164284 0.000369274 -0.00164216 0.999996 -0.00226861 -0.000373725 0.00226739 0.999998 -0.0318258 0.266862 0.0990514
FixedParameters: 0 0 0

#Transform 31
Transform: AffineTransform_float_3_3
Parameters: 0.999998 0.00207973 -0.000130405 -0.00208027 0.999995 -0.00211773 0.000125596 0.00211726 0.999997 0.00534596 0.241494 0.191225
FixedParameters: 0 0 0

#Transform 32
Transform: AffineTransform_float_3_3
Parameters: 0.999998 0.00222704 0.000161539 -0.00222697 0.999998 -0.00020736 -0.000161463 0.000207641 1 -0.0407788 0.0983312 0.177305
FixedParameters: 0 0 0

#Transform 33
Transform: AffineTransform_float_3_3
Parameters: 0.999998 0.00180357 0.000638595 -0.00180244 0.999996 -0.00244416 -0.000642408 0.00244385 0.999997 -0.0493164 0.2196 0.198997
FixedParameters: 0 0 0

#Transform 34
Transform: AffineTransform_float_3_3
Parameters: 0.999997 0.000685643 0.00233177 -0.000677358 0.999995 -0.00327759 -0.00233323 0.00327541 0.999992 -0.131846 0.244808 0.376047
FixedParameters: 0 0 0

#Transform 35
Transform: AffineTransform_float_3_3
Parameters: 1 0.000970881 0.000611021 -0.000969119 0.999995 -0.00307159 -0.000613979 0.00307041 0.999995 -0.0349896 0.243339 0.23636
FixedParameters: 0 0 0

#Transform 36
Transform: AffineTransform_float_3_3
Parameters: 0.999998 0.00158916 0.000384229 -0.00158884 0.999994 -0.00300362 -0.000388774 0.00300339 0.999996 -0.0234755 0.285038 0.149827
FixedParameters: 0 0 0

#Transform 37
Transform: AffineTransform_float_3_3
Parameters: 0.999999 0.00122225 0.000707122 -0.00121975 0.999994 -0.00317587 -0.000710877 0.00317513 0.999994 -0.0702365 0.295883 0.253587
FixedParameters: 0 0 0

#Transform 38
Transform: AffineTransform_float_3_3
Parameters: 0.999999 0.00137603 0.000575155 -0.00137397 0.999993 -0.00352379 -0.000579845 0.0035232 0.999993 -0.0507526 0.28605 0.169563
FixedParameters: 0 0 0

#Transform 39
Transform: AffineTransform_float_3_3
Parameters: 0.999998 0.00128836 0.000983614 -0.00128464 0.999994 -0.00340927 -0.000987385 0.00340873 0.999993 -0.0462373 0.350984 0.141514
FixedParameters: 0 0 0

#Transform 40
Transform: AffineTransform_float_3_3
Parameters: 0.999999 0.0013686 0.00119001 -0.0013664 0.999996 -0.00218663 -0.00119299 0.00218437 0.999997 -0.0724039 0.273952 0.167386
FixedParameters: 0 0 0

#Transform 41
Transform: AffineTransform_float_3_3
Parameters: 0.999999 0.000704813 0.000524909 -0.000704186 0.999998 -0.00154837 -0.000526091 0.00154863 0.999998 -0.0509088 0.160724 0.289071
FixedParameters: 0 0 0

#Transform 42
Transform: AffineTransform_float_3_3
Parameters: 0.999999 0.000829468 0.00107934 -0.000825532 0.999994 -0.00320989 -0.00108166 0.00320911 0.999995 -0.0529061 0.268551 0.196726
FixedParameters: 0 0 0

#Transform 43
Transform: AffineTransform_float_3_3
Parameters: 0.999999 0.000602699 0.00107994 -0.000598302 0.999994 -0.00342165 -0.00108205 0.00342135 0.999993 -0.0531129 0.314777 0.206601
FixedParameters: 0 0 0

#Transform 44
Transform: AffineTransform_float_3_3
Parameters: 1 0.000835393 0.00088575 -0.000833607 0.999996 -0.00269774 -0.000888252 0.00269726 0.999996 -0.0538048 0.230656 0.229892
FixedParameters: 0 0 0

#Transform 45
Transform: AffineTransform_float_3_3
Parameters: 0.999999 0.000428876 0.000795456 -0.000426123 0.999994 -0.00361134 -0.000797544 0.00361166 0.999993 -0.0384015 0.275801 0.255838
FixedParameters: 0 0 0

#Transform 46
Transform: AffineTransform_float_3_3
Parameters: 0.999997 0.000840149 0.00225899 -0.000832851 0.999993 -0.00360589 -0.00226202 0.00360411 0.999991 -0.161251 0.231953 0.543486
FixedParameters: 0 0 0

#Transform 47
Transform: AffineTransform_float_3_3
Parameters: 1 0.00040347 0.000165861 -0.00040353 0.999996 -0.00282407 -0.00016714 0.00282393 0.999996 -0.00216115 0.19435 0.377583
FixedParameters: 0 0 0

#Transform 48
Transform: AffineTransform_float_3_3
Parameters: 0.999999 0.000908254 -0.000218126 -0.000909747 0.999993 -0.0034408 0.000215871 0.0034412 0.999994 0.0288273 0.273009 0.285622
FixedParameters: 0 0 0

#Transform 49
Transform: AffineTransform_float_3_3
Parameters: 1 0.00106221 -0.000493873 -0.00106379 0.999993 -0.00364248 0.000490128 0.00364352 0.999993 0.0299338 0.306124 0.284004
FixedParameters: 0 0 0

#Transform 50
Transform: AffineTransform_float_3_3
Parameters: 0.999998 0.00156807 -0.000555478 -0.00157093 0.999992 -0.00349113 0.000549518 0.00349186 0.999994 0.0212092 0.300511 0.206082
FixedParameters: 0 0 0

#Transform 51
Transform: AffineTransform_float_3_3
Parameters: 0.999998 0.00153118 -0.000495645 -0.00153282 0.999992 -0.00368425 0.000490356 0.00368476 0.999993 0.0320866 0.336873 0.187596
FixedParameters: 0 0 0

#Transform 52
Transform: AffineTransform_float_3_3
Parameters: 0.999999 0.0012796 -0.000493648 -0.0012814 0.999995 -0.00284937 0.00049035 0.00285063 0.999996 0.0109528 0.308141 0.140278
FixedParameters: 0 0 0

#Transform 53
Transform: AffineTransform_float_3_3
Parameters: 0.999999 0.00149369 -0.000109375 -0.00149331 0.999994 -0.00292884 0.000104626 0.00292916 0.999995 -0.0399299 0.289184 0.187996
FixedParameters: 0 0 0

#Transform 54
Transform: AffineTransform_float_3_3
Parameters: 0.999999 0.00159967 -0.000560686 -0.00160233 0.99999 -0.00417611 0.000553313 0.00417689 0.999991 0.0198817 0.414451 0.147576
FixedParameters: 0 0 0

#Transform 55
Transform: AffineTransform_float_3_3
Parameters: 0.999998 0.0019088 -0.000880783 -0.0019112 0.999995 -0.00250332 0.000876218 0.00250468 0.999997 -0.026875 0.246651 0.218395
FixedParameters: 0 0 0

#Transform 56
Transform: AffineTransform_float_3_3
Parameters: 0.999997 0.00159659 -0.00181124 -0.00159741 0.999999 -0.000776109 0.00180976 0.000778892 0.999998 0.0758379 0.153999 0.148449
FixedParameters: 0 0 0

#Transform 57
Transform: AffineTransform_float_3_3
Parameters: 0.999997 0.00206119 -0.00178709 -0.00206281 0.999998 -0.00101032 0.00178491 0.00101368 0.999998 0.0669342 0.179422 0.187345
FixedParameters: 0 0 0

#Transform 58
Transform: AffineTransform_float_3_3
Parameters: 0.999998 0.00133285 -0.000940628 -0.00133415 0.999999 -0.00122075 0.00093937 0.00122225 0.999999 0.00232655 0.154661 0.229523
FixedParameters: 0 0 0

#Transform 59
Transform: AffineTransform_float_3_3
Parameters: 0.999997 0.00163224 -0.00147805 -0.00163476 0.999997 -0.00186659 0.00147495 0.00186941 0.999997 0.0593971 0.226246 0.154583
FixedParameters: 0 0 0

#Transform 60
Transform: AffineTransform_float_3_3
Parameters: 0.999999 0.0011374 -0.00146602 -0.0011396 0.999998 -0.00177433 0.00146398 0.00177567 0.999998 0.0646857 0.193551 0.275187
FixedParameters: 0 0 0

#Transform 61
Transform: AffineTransform_float_3_3
Parameters: 1 0.00059694 -0.000121293 -0.000597059 0.999999 -0.000490927 0.000120707 0.000491072 1 -0.00114722 0.0580045 0.323067
FixedParameters: 0 0 0

#Transform 62
Transform: AffineTransform_float_3_3
Parameters: 1 0.000308259 -0.000421543 -0.000308742 0.999999 -0.00175887 0.000421458 0.00175913 0.999999 0.0310588 0.188674 0.219962
FixedParameters: 0 0 0

#Transform 63
Transform: AffineTransform_float_3_3
Parameters: 0.999998 0.000392984 -0.0019866 -0.000396015 0.999999 -0.00151822 0.0019854 0.00151878 0.999997 0.135304 0.146649 0.333882
FixedParameters: 0 0 0

#Transform 64
Transform: AffineTransform_float_3_3
Parameters: 0.999999 0.000778348 -0.000300317 -0.00077965 0.999985 -0.00554077 0.000295684 0.00554124 0.999985 0.0290475 0.412973 0.321162
FixedParameters: 0 0 0

#Transform 65
Transform: AffineTransform_float_3_3
Parameters: 1 0.000619264 -0.00017266 -0.000619737 0.99999 -0.00429289 0.000170341 0.0042931 0.999991 0.00151056 0.390292 0.179522
FixedParameters: 0 0 0

#Transform 66
Transform: AffineTransform_float_3_3
Parameters: 0.999999 0.00106029 -0.000641499 -0.00106271 0.999991 -0.00423732 0.000636502 0.00423868 0.999991 0.0104989 0.428689 0.13226
FixedParameters: 0 0 0

#Transform 67
Transform: AffineTransform_float_3_3
Parameters: 0.999994 0.00145862 0.00319372 -0.00144738 0.999993 -0.00363965 -0.00319829 0.00363436 0.999989 -0.215957 0.330895 0.165234
FixedParameters: 0 0 0

#Transform 68
Transform: AffineTransform_float_3_3
Parameters: 0.999998 0.000749683 0.00144555 -0.000742319 0.999989 -0.00461808 -0.00144844 0.00461692 0.999989 -0.0840039 0.464409 0.0853673
FixedParameters: 0 0 0

#Transform 69
Transform: AffineTransform_float_3_3
Parameters: 0.999992 -0.00187607 0.00331507 0.00188493 0.999994 -0.00269177 -0.00330993 0.00269723 0.999991 -0.201143 0.227215 0.29199
FixedParameters: 0 0 0

#Transform 70
Transform: AffineTransform_float_3_3
Parameters: 1 -0.000528996 2.33995e-06 0.000529003 0.999996 -0.002533 -6.60037e-07 0.002533 0.999997 0.0119934 0.308412 0.0989088
FixedParameters: 0 0 0

#Transform 71
Transform: AffineTransform_float_3_3
Parameters: 1 -0.000527975 0.000441229 0.000529024 0.999997 -0.00232477 -0.000439771 0.00232523 0.999997 -0.040065 0.285995 0.101157
FixedParameters: 0 0 0

#Transform 72
Transform: AffineTransform_float_3_3
Parameters: 1 -0.000528822 6.64339e-05 0.00052918 0.999996 -0.00271097 -6.55662e-05 0.00271004 0.999997 -0.0225063 0.317738 0.118402
FixedParameters: 0 0 0

#Transform 73
Transform: AffineTransform_float_3_3
Parameters: 1 -0.000390326 -0.000161213 0.000390672 0.999998 -0.00201706 0.000162788 0.00201694 0.999998 0.00717217 0.314334 0.049949
FixedParameters: 0 0 0

#Transform 74
Transform: AffineTransform_float_3_3
Parameters: 1 -0.000668627 0.000139796 0.000669374 0.999996 -0.00268591 -0.000138203 0.00268609 0.999997 -0.0377978 0.312033 0.130472
FixedParameters: 0 0 0

#Transform 75
Transform: AffineTransform_float_3_3
Parameters: 1 -0.0001024 -0.000161748 0.0001016 0.999997 -0.00247002 0.000162251 0.00246998 0.999997 -0.00818505 0.341449 0.0551964
FixedParameters: 0 0 0

#Transform 76
Transform: AffineTransform_float_3_3
Parameters: 1 0.000529902 -5.10228e-05 -0.000530097 0.999998 -0.00192997 4.9977e-05 0.00193003 0.999998 -0.0189844 0.303485 0.050103
FixedParameters: 0 0 0

#Transform 77
Transform: AffineTransform_float_3_3
Parameters: 0.999999 0.000550135 0.000486719 -0.000548864 0.999997 -0.00233027 -0.00048828 0.00232973 0.999997 -0.0680446 0.312059 0.114182
FixedParameters: 0 0 0

#Transform 78
Transform: AffineTransform_float_3_3
Parameters: 1 0.000121672 -0.000162246 -0.000122329 0.999998 -0.00202198 0.000162753 0.00202202 0.999998 -0.0158178 0.318855 0.0479956
FixedParameters: 0 0 0

#Transform 79
Transform: AffineTransform_float_3_3
Parameters: 1 0.000268717 0.000342438 -0.000268282 0.999998 -0.00209209 -0.000343562 0.00209191 0.999998 -0.103856 0.331678 0.1006
FixedParameters: 0 0 0

#Transform 80
Transform: AffineTransform_float_3_3
Parameters: 0.999999 0.000941504 -0.000907556 -0.000943498 0.999998 -0.00165015 0.000906444 0.00165086 0.999998 -0.0510632 0.304489 0.0629222
FixedParameters: 0 0 0

#Transform 81
Transform: AffineTransform_float_3_3
Parameters: 0.999996 0.00150641 -0.00208605 -0.00151259 0.999996 -0.00267985 0.00208195 0.00268315 0.999994 0.0578468 0.38353 0.048759
FixedParameters: 0 0 0

#Transform 82
Transform: AffineTransform_float_3_3
Parameters: 0.999999 0.000821998 -0.00159707 -0.000826002 0.999996 -0.00250668 0.00159493 0.00250831 0.999995 0.0194968 0.320891 0.0870803
FixedParameters: 0 0 0

#Transform 83
Transform: AffineTransform_float_3_3
Parameters: 0.999997 0.00135217 -0.00174653 -0.00135783 0.999994 -0.00334064 0.00174147 0.00334236 0.999993 0.0284668 0.400584 0.0766843
FixedParameters: 0 0 0

#Transform 84
Transform: AffineTransform_float_3_3
Parameters: 0.999998 0.00120393 -0.00195438 -0.00121107 0.999992 -0.00362264 0.00194962 0.00362435 0.999991 0.0627969 0.42032 0.0694692
FixedParameters: 0 0 0

#Transform 85
Transform: AffineTransform_float_3_3
Parameters: 1 0.000659307 -0.000748099 -0.000655689 0.99999 0.00441249 0.0007519 -0.00441151 0.99999 0.0455557 -0.216702 0.268221
FixedParameters: 0 0 0

#Transform 86
Transform: AffineTransform_float_3_3
Parameters: 0.999999 0.000595707 0.000590281 -0.000594292 0.999995 -0.00288935 -0.000591719 0.00288865 0.999995 -0.0416619 0.319421 0.233877
FixedParameters: 0 0 0

#Transform 87
Transform: AffineTransform_float_3_3
Parameters: 1 0.000570037 6.21316e-06 -0.000569964 0.999988 -0.004889 -8.78666e-06 0.004889 0.999988 -0.0594828 0.428511 0.25175
FixedParameters: 0 0 0

#Transform 88
Transform: AffineTransform_float_3_3
Parameters: 0.999999 0.000213711 -0.000845096 -0.000217288 0.999987 -0.00507782 0.000843907 0.00507818 0.999987 -0.00948813 0.411696 0.247107
FixedParameters: 0 0 0

#Transform 89
Transform: AffineTransform_float_3_3
Parameters: 1 -0.000372837 -0.00111239 0.000368165 0.999991 -0.00434541 0.00111361 0.00434459 0.99999 0.0270728 0.389742 0.245551
FixedParameters: 0 0 0

#Transform 90
Transform: AffineTransform_float_3_3
Parameters: 1 0.000285436 -0.000996029 -0.000289565 0.999994 -0.00358072 0.00099497 0.00358029 0.999993 -0.00483203 0.253626 0.434636
FixedParameters: 0 0 0

#Transform 91
Transform: AffineTransform_float_3_3
Parameters: 0.999999 0.000214384 -0.00150752 -0.000217614 0.999997 -0.00239867 0.00150648 0.00239933 0.999996 0.0296049 0.247208 0.249581
FixedParameters: 0 0 0

#Transform 92
Transform: AffineTransform_float_3_3
Parameters: 0.999996 0.00111018 -0.00252501 -0.00111682 0.999995 -0.00270219 0.00252199 0.00270481 0.999993 0.0799191 0.286547 0.176993
FixedParameters: 0 0 0

#Transform 93
Transform: AffineTransform_float_3_3
Parameters: 0.999978 0.00384397 -0.00536712 -0.00386503 0.999985 -0.00391234 0.00535288 0.00393366 0.999978 0.283941 0.378312 0.399743
FixedParameters: 0 0 0

#Transform 94
Transform: AffineTransform_float_3_3
Parameters: 0.999993 0.00201952 -0.00322407 -0.00202648 0.999996 -0.00200948 0.00321993 0.00201552 0.999993 0.170341 0.229824 0.322192
FixedParameters: 0 0 0

#Transform 95
Transform: AffineTransform_float_3_3
Parameters: 0.999992 0.00164968 -0.0035913 -0.00165933 0.999996 -0.00259506 0.0035877 0.00260094 0.99999 0.202774 0.268259 0.247363
FixedParameters: 0 0 0

#Transform 96
Transform: AffineTransform_float_3_3
Parameters: 0.999991 0.00159889 -0.00389417 -0.00160911 0.999996 -0.00259476 0.00389083 0.00260125 0.999989 0.233429 0.313251 0.226027
FixedParameters: 0 0 0

#Transform 97
Transform: AffineTransform_float_3_3
Parameters: 0.999992 0.00156852 -0.00364279 -0.00157448 0.999997 -0.00177528 0.0036402 0.00178172 0.999992 0.184749 0.239689 0.201067
FixedParameters: 0 0 0

#Transform 98
Transform: AffineTransform_float_3_3
Parameters: 0.999992 0.00125655 -0.00364292 -0.00126445 0.999996 -0.00231941 0.00364007 0.00232359 0.99999 0.21689 0.26129 0.266902
FixedParameters: 0 0 0

#Transform 99
Transform: AffineTransform_float_3_3
Parameters: 0.999992 0.00111508 -0.00364243 -0.00112292 0.999997 -0.00217293 0.00364057 0.00217708 0.999991 0.22831 0.250125 0.298591
FixedParameters: 0 0 0

#Transform 100
Transform: AffineTransform_float_3_3
Parameters: 0.999992 0.00147564 -0.0037559 -0.00148336 0.999997 -0.00195844 0.0037531 0.00196355 0.999991 0.236705 0.262404 0.194049
FixedParameters: 0 0 0

#Transform 101
Transform: AffineTransform_float_3_3
Parameters: 0.999993 0.00156761 -0.00321162 -0.00157439 0.999996 -0.00230096 0.00320738 0.00230604 0.999992 0.178023 0.292685 0.224816
FixedParameters: 0 0 0

#Transform 102
Transform: AffineTransform_float_3_3
Parameters: 0.999992 0.00156882 -0.00364267 -0.00157418 0.999998 -0.00169528 0.00364033 0.00170072 0.999992 0.216217 0.266124 0.162198
FixedParameters: 0 0 0

#Transform 103
Transform: AffineTransform_float_3_3
Parameters: 0.999991 0.00156944 -0.00389225 -0.00157457 0.999997 -0.00142688 0.00389075 0.00143312 0.999992 0.249808 0.25154 0.15467
FixedParameters: 0 0 0

#Transform 104
Transform: AffineTransform_float_3_3
Parameters: 0.999992 0.00125218 -0.00373328 -0.00125582 0.999998 -0.00102032 0.00373172 0.00102468 0.999992 0.241212 0.231714 0.126252
FixedParameters: 0 0 0

#Transform 105
Transform: AffineTransform_float_3_3
Parameters: 0.999992 0.00128232 -0.00364129 -0.00128568 0.999998 -0.00100733 0.0036407 0.00101268 0.999993 0.22108 0.228901 0.133854
FixedParameters: 0 0 0

#Transform 106
Transform: AffineTransform_float_3_3
Parameters: 0.999995 0.00157011 -0.0029636 -0.00157489 0.999998 -0.00164934 0.00296141 0.00165366 0.999994 0.171773 0.278061 0.210898
FixedParameters: 0 0 0

#Transform 107
Transform: AffineTransform_float_3_3
Parameters: 0.999998 0.000311668 -0.00228632 -0.000314332 1 -0.00101928 0.00228668 0.00102072 0.999997 0.145023 0.193908 0.249088
FixedParameters: 0 0 0

#Transform 108
Transform: AffineTransform_float_3_3
Parameters: 0.999997 -0.000509696 -0.00207561 0.000503302 0.999996 -0.00274405 0.00207739 0.00274295 0.999994 0.149838 0.303388 0.255901
FixedParameters: 0 0 0

#Transform 109
Transform: AffineTransform_float_3_3
Parameters: 0.999995 0.00209488 -0.00235499 -0.00209612 0.999997 -0.000472066 0.00235401 0.000476934 0.999997 0.147446 0.128865 0.310041
FixedParameters: 0 0 0

#Transform 110
Transform: AffineTransform_float_3_3
Parameters: 0.999995 0.0011541 -0.00295235 -0.0011559 1 -0.000303589 0.00295165 0.000306408 0.999995 0.204811 0.157641 0.202136
FixedParameters: 0 0 0

#Transform 111
Transform: AffineTransform_float_3_3
Parameters: 0.999996 0.000817871 -0.00272964 -0.000820129 1 -0.000778765 0.00272936 0.000781236 0.999996 0.188006 0.18677 0.194152
FixedParameters: 0 0 0

#Transform 112
Transform: AffineTransform_float_3_3
Parameters: 0.999995 0.000573385 -0.00315766 -0.000576616 0.999999 -0.00114419 0.00315734 0.00114582 0.999995 0.205751 0.202119 0.20969
FixedParameters: 0 0 0

#Transform 113
Transform: AffineTransform_float_3_3
Parameters: 0.999994 0.00104476 -0.00332313 -0.00104124 0.999999 0.000832465 0.00332387 -0.000829533 0.999994 0.21659 0.0870996 0.217781
FixedParameters: 0 0 0

#Transform 114
Transform: AffineTransform_float_3_3
Parameters: 0.999996 0.000713483 -0.00294688 -0.000713517 0.999999 0.000165103 0.00294712 -0.000162898 0.999995 0.200873 0.119863 0.244127
FixedParameters: 0 0 0

#Transform 115
Transform: AffineTransform_float_3_3
Parameters: 0.999999 -0.000462424 -0.000802181 0.000460576 0.999999 -0.00177437 0.000802818 0.00177463 0.999998 0.0548477 0.153089 0.474711
FixedParameters: 0 0 0

#Transform 116
Transform: AffineTransform_float_3_3
Parameters: 0.999997 7.32251e-05 -0.00235519 -7.87741e-05 0.999997 -0.00245182 0.00235481 0.00245218 0.999994 0.178877 0.250655 0.362884
FixedParameters: 0 0 0

#Transform 117
Transform: AffineTransform_float_3_3
Parameters: 0.999997 7.23999e-05 -0.00242921 -7.85991e-05 0.999997 -0.00271682 0.0024288 0.00271719 0.999994 0.155139 0.273821 0.313966
FixedParameters: 0 0 0

#Transform 118
Transform: AffineTransform_float_3_3
Parameters: 0.999996 7.28274e-05 -0.00281717 -7.91716e-05 0.999997 -0.00219078 0.00281683 0.00219121 0.999993 0.168442 0.226165 0.320428
FixedParameters: 0 0 0

#Transform 119
Transform: AffineTransform_float_3_3
Parameters: 0.999996 0.000330877 -0.00286471 -0.000337123 0.999997 -0.00213704 0.00286428 0.00213796 0.999993 0.182257 0.272278 0.206634
FixedParameters: 0 0 0

#Transform 120
Transform: AffineTransform_float_3_3
Parameters: 0.999997 7.22386e-05 -0.00268519 -7.87604e-05 0.999997 -0.0025178 0.00268481 0.0025182 0.999993 0.168144 0.295179 0.231282
FixedParameters: 0 0 0

#Transform 121
Transform: AffineTransform_float_3_3
Parameters: 0.999996 0.00033128 -0.00287966 -0.00033672 0.999998 -0.00198604 0.00287934 0.00198696 0.999994 0.161535 0.271041 0.197732
FixedParameters: 0 0 0

#Transform 122
Transform: AffineTransform_float_3_3
Parameters: 0.999997 0.000649176 -0.00263069 -0.000655826 0.999997 -0.00259429 0.00262931 0.00259572 0.999993 0.172084 0.341786 0.186588
FixedParameters: 0 0 0

#Transform 123
Transform: AffineTransform_float_3_3
Parameters: 0.999996 0.000797495 -0.00295422 -0.000802506 0.999998 -0.00152464 0.00295278 0.00152636 0.999995 0.178186 0.245333 0.205305
FixedParameters: 0 0 0

#Transform 124
Transform: AffineTransform_float_3_3
Parameters: 0.999996 0.000612968 -0.00279611 -0.000618032 0.999998 -0.00179928 0.00279489 0.00180072 0.999994 0.164853 0.243012 0.272989
FixedParameters: 0 0 0

#Transform 125
Transform: AffineTransform_float_3_3
Parameters: 0.999995 0.000728611 -0.0032902 -0.000734388 0.999999 -0.00163659 0.0032888 0.00163941 0.999993 0.204957 0.27945 0.156731
FixedParameters: 0 0 0

#Transform 126
Transform: AffineTransform_float_3_3
Parameters: 0.999996 0.000813414 -0.00269539 -0.00081759 0.999998 -0.0017018 0.00269461 0.0017032 0.999995 0.167151 0.250771 0.254701
FixedParameters: 0 0 0

#Transform 127
Transform: AffineTransform_float_3_3
Parameters: 0.999997 0.00035057 -0.00262987 -0.000356431 0.999997 -0.00244507 0.00262914 0.00244593 0.999993 0.162553 0.295454 0.226871
FixedParameters: 0 0 0

#Transform 128
Transform: AffineTransform_float_3_3
Parameters: 0.999995 0.000811696 -0.00300971 -0.000818302 0.999998 -0.00209355 0.00300729 0.00209645 0.999994 0.187247 0.298074 0.153348
FixedParameters: 0 0 0

#Transform 129
Transform: AffineTransform_float_3_3
Parameters: 0.999998 0.000497872 -0.0018691 -0.000502131 0.999998 -0.00220907 0.0018689 0.00220994 0.999996 0.108565 0.29964 0.247501
FixedParameters: 0 0 0

#Transform 130
Transform: AffineTransform_float_3_3
Parameters: 0.999997 0.000410664 -0.00246873 -0.000415336 0.999999 -0.00175598 0.00246827 0.00175702 0.999996 0.159177 0.235357 0.194652
FixedParameters: 0 0 0

#Transform 131
Transform: AffineTransform_float_3_3
Parameters: 1 7.92009e-05 -0.000556259 -8.07982e-05 0.999995 -0.00323495 0.000555741 0.00323504 0.999994 0.0226897 0.347396 0.273697
FixedParameters: 0 0 0

#Transform 132
Transform: AffineTransform_float_3_3
Parameters: 0.999997 -0.000133167 -0.00241277 0.000128832 0.999998 -0.00172731 0.00241323 0.00172668 0.999995 0.139638 0.228293 0.245121
FixedParameters: 0 0 0

#Transform 133
Transform: AffineTransform_float_3_3
Parameters: 0.999996 0.000403742 -0.00274348 -0.000406257 0.999999 -0.00118689 0.00274252 0.00118811 0.999995 0.195905 0.233736 0.18754
FixedParameters: 0 0 0

#Transform 134
Transform: AffineTransform_float_3_3
Parameters: 0.999997 -0.000207613 -0.00241278 0.000205389 1 -0.0010825 0.00241322 0.0010825 0.999996 0.175505 0.147768 0.36096
FixedParameters: 0 0 0

#Transform 135
Transform: AffineTransform_float_3_3
Parameters: 0.999997 -9.42405e-05 -0.00216186 9.07588e-05 0.999999 -0.0014992 0.00216214 0.0014988 0.999996 0.146926 0.226288 0.24469
FixedParameters: 0 0 0

#Transform 136
Transform: AffineTransform_float_3_3
Parameters: 0.999999 -0.000114166 -0.00184487 0.000111836 1 -0.00117321 0.00184513 0.00117379 0.999997 0.119033 0.214273 0.242014
FixedParameters: 0 0 0

#Transform 137
Transform: AffineTransform_float_3_3
Parameters: 0.999997 -0.000114723 -0.00252388 0.000112276 1 -0.00107929 0.00252412 0.00107871 0.999996 0.162785 0.179471 0.261484
FixedParameters: 0 0 0

#Transform 138
Transform: AffineTransform_float_3_3
Parameters: 0.999997 -0.00014376 -0.00249679 0.00014024 0.999999 -0.00150635 0.00249621 0.00150565 0.999995 0.163631 0.245879 0.166395
FixedParameters: 0 0 0

#Transform 139
Transform: AffineTransform_float_3_3
Parameters: 0.999998 -0.0008374 -0.00175333 0.000836602 1 -0.000798469 0.00175367 0.000797533 0.999998 0.106361 0.177226 0.231633
FixedParameters: 0 0 0

#Transform 140
Transform: AffineTransform_float_3_3
Parameters: 0.999997 -0.00103793 -0.00189394 0.00103607 0.999999 -0.00102096 0.00189506 0.00101904 0.999997 0.113157 0.166525 0.283414
FixedParameters: 0 0 0

#Transform 141
Transform: AffineTransform_float_3_3
Parameters: 0.999997 -0.000372793 -0.00239041 0.000369208 0.999998 -0.00158689 0.00239059 0.00158611 0.999996 0.154811 0.255271 0.235257
FixedParameters: 0 0 0

#Transform 142
Transform: AffineTransform_float_3_3
Parameters: 0.999998 -0.000643444 -0.00222758 0.000642555 0.999999 -0.000649433 0.00222742 0.000647568 0.999998 0.150176 0.174758 0.211727
FixedParameters: 0 0 0

#Transform 143
Transform: AffineTransform_float_3_3
Parameters: 0.999997 -0.00126972 -0.00238903 0.00126629 0.999998 -0.00155603 0.00239097 0.00155297 0.999996 0.153397 0.203051 0.285516
FixedParameters: 0 0 0

#Transform 144
Transform: AffineTransform_float_3_3
Parameters: 0.999996 -0.000573552 -0.00272305 0.00056945 0.999999 -0.00167156 0.00272396 0.00167044 0.999995 0.185926 0.249192 0.199891
FixedParameters: 0 0 0

#Transform 145
Transform: AffineTransform_float_3_3
Parameters: 0.999997 -0.000747814 -0.00239012 0.000745184 0.999999 -0.00117879 0.00239088 0.00117622 0.999997 0.156982 0.207688 0.284231
FixedParameters: 0 0 0

#Transform 146
Transform: AffineTransform_float_3_3
Parameters: 0.999996 -0.00103966 -0.00237871 0.00103934 1 -0.000277473 0.00237929 0.000274527 0.999997 0.150025 0.119669 0.265355
FixedParameters: 0 0 0

#Transform 147
Transform: AffineTransform_float_3_3
Parameters: 0.999997 -0.000314402 -0.00272038 0.000308599 0.999998 -0.00198585 0.00272062 0.00198515 0.999995 0.177729 0.262567 0.241267
FixedParameters: 0 0 0

#Transform 148
Transform: AffineTransform_float_3_3
Parameters: 0.999997 -0.000312135 -0.00219755 0.000308862 0.999999 -0.00142768 0.00219844 0.00142632 0.999996 0.138449 0.234059 0.288744
FixedParameters: 0 0 0

#Transform 149
Transform: AffineTransform_float_3_3
Parameters: 0.999997 -0.000311254 -0.00269374 0.000308747 0.999999 -0.000836834 0.00269426 0.000836164 0.999996 0.162901 0.178066 0.220838
FixedParameters: 0 0 0

#Transform 150
Transform: AffineTransform_float_3_3
Parameters: 0.999996 -0.000312994 -0.00281156 0.000309005 0.999999 -0.00142087 0.00281244 0.00142013 0.999995 0.188282 0.258255 0.148064
FixedParameters: 0 0 0

#Transform 151
Transform: AffineTransform_float_3_3
Parameters: 0.999997 -0.000815496 -0.00254252 0.000814505 1 -0.000589073 0.00254348 0.000586928 0.999996 0.144519 0.195891 0.198239
FixedParameters: 0 0 0

#Transform 152
Transform: AffineTransform_float_3_3
Parameters: 0.999996 -0.000720863 -0.0025259 0.000717138 0.999998 -0.00152982 0.0025261 0.00152818 0.999995 0.151062 0.273278 0.20203
FixedParameters: 0 0 0

#Transform 153
Transform: AffineTransform_float_3_3
Parameters: 0.999996 -0.000812997 -0.00243833 0.000811002 1 -0.00081998 0.00243966 0.000818019 0.999996 0.136 0.214543 0.215331
FixedParameters: 0 0 0

#Transform 154
Transform: AffineTransform_float_3_3
Parameters: 0.999996 -0.00124747 -0.00256277 0.00124753 0.999999 -0.000185198 0.00256323 0.000181803 0.999996 0.138132 0.145532 0.223767
FixedParameters: 0 0 0

#Transform 155
Transform: AffineTransform_float_3_3
Parameters: 0.999996 -0.000912421 -0.00274586 0.000908577 0.999999 -0.0012475 0.00274713 0.0012445 0.999995 0.166546 0.214073 0.23183
FixedParameters: 0 0 0

#Transform 156
Transform: AffineTransform_float_3_3
Parameters: 0.999998 -0.00102842 -0.00168313 0.00102658 0.999999 -0.00084373 0.00168387 0.00084227 0.999998 0.0990839 0.185381 0.273957
FixedParameters: 0 0 0

#Transform 157
Transform: AffineTransform_float_3_3
Parameters: 0.999997 -0.000951318 -0.00215598 0.000949682 0.999999 -0.00107605 0.00215702 0.00107395 0.999997 0.119886 0.188831 0.280856
FixedParameters: 0 0 0

#Transform 158
Transform: AffineTransform_float_3_3
Parameters: 0.999995 -0.0009532 -0.00281658 0.000948802 0.999999 -0.00149168 0.00281742 0.00148932 0.999995 0.177 0.246745 0.202066
FixedParameters: 0 0 0

#Transform 159
Transform: AffineTransform_float_3_3
Parameters: 0.999997 -0.00167895 -0.0013085 0.00167705 0.999998 -0.0014932 0.0013115 0.0014908 0.999998 0.0708868 0.204593 0.31614
FixedParameters: 0 0 0

#Transform 160
Transform: AffineTransform_float_3_3
Parameters: 0.999997 -0.0015309 -0.00196252 0.0015291 0.999999 -0.000968004 0.00196348 0.000964997 0.999997 0.109532 0.177964 0.191303
FixedParameters: 0 0 0

#Transform 161
Transform: AffineTransform_float_3_3
Parameters: 0.999997 -0.00128487 -0.00172935 0.00128412 0.999999 -0.000507222 0.00173065 0.000504778 0.999999 0.0915219 0.178312 0.20482
FixedParameters: 0 0 0

#Transform 162
Transform: AffineTransform_float_3_3
Parameters: 0.999998 -0.00142435 -0.00177411 0.00142265 0.999998 -0.00132753 0.00177589 0.00132447 0.999997 0.0945724 0.201077 0.306125
FixedParameters: 0 0 0

#Transform 163
Transform: AffineTransform_float_3_3
Parameters: 0.999997 -0.000775125 -0.0020482 0.000772874 0.999999 -0.00103859 0.0020488 0.00103641 0.999998 0.124969 0.229974 0.186741
FixedParameters: 0 0 0

#Transform 164
Transform: AffineTransform_float_3_3
Parameters: 0.999997 -0.00119916 -0.00207775 0.00119684 0.999998 -0.00104249 0.00207925 0.00103951 0.999998 0.126106 0.220512 0.204077
FixedParameters: 0 0 0

#Transform 165
Transform: AffineTransform_float_3_3
Parameters: 0.999997 -0.000874206 -0.00257491 0.000870796 0.999999 -0.00124525 0.00257609 0.00124375 0.999996 0.144294 0.233857 0.166991
FixedParameters: 0 0 0

#Transform 166
Transform: AffineTransform_float_3_3
Parameters: 0.999998 -0.000592566 -0.00218231 0.000590435 0.999999 -0.00117629 0.0021827 0.00117471 0.999997 0.136821 0.21033 0.301425
FixedParameters: 0 0 0

#Transform 167
Transform: AffineTransform_float_3_3
Parameters: 0.999996 -0.000784771 -0.00249851 0.000780228 0.999998 -0.00190996 0.00250049 0.00190804 0.999995 0.1771 0.242934 0.244101
FixedParameters: 0 0 0

#Transform 168
Transform: AffineTransform_float_3_3
Parameters: 0.999995 -0.000896668 -0.0029726 0.000892332 0.999999 -0.00157166 0.00297341 0.00156834 0.999995 0.212431 0.250422 0.175235
FixedParameters: 0 0 0

#Transform 169
Transform: AffineTransform_float_3_3
Parameters: 0.999999 -0.00119982 -0.000892557 0.00119818 0.999997 -0.00203807 0.000895443 0.00203693 0.999997 0.0630606 0.238973 0.313107
FixedParameters: 0 0 0

#Transform 170
Transform: AffineTransform_float_3_3
Parameters: 0.999999 -0.000963591 -0.00115917 0.000965409 0.999999 0.00121488 0.00115883 -0.00121612 0.999998 0.0902082 0.0372571 0.387142
FixedParameters: 0 0 0

#Transform 171
Transform: AffineTransform_float_3_3
Parameters: 0.999998 -0.00141719 -0.00170985 0.00141781 0.999999 -0.000110424 0.00171015 0.000107577 0.999998 0.129672 0.140821 0.130593
FixedParameters: 0 0 0

#Transform 172
Transform: AffineTransform_float_3_3
Parameters: 0.999997 -0.00077021 -0.00225893 0.00077079 0.999999 -9.37414e-05 0.00225907 9.22603e-05 0.999998 0.168116 0.176707 0.168288
FixedParameters: 0 0 0

#Transform 173
Transform: AffineTransform_float_3_3
Parameters: 0.999998 -0.00137304 -0.00180697 0.00137296 0.999999 -2.2481e-05 0.00180703 1.95189e-05 0.999999 0.11331 0.148535 0.192247
FixedParameters: 0 0 0

#Transform 174
Transform: AffineTransform_float_3_3
Parameters: 0.999997 -0.000984236 -0.00254914 0.000981764 0.999999 -0.000878506 0.00254986 0.000875494 0.999997 0.178146 0.229697 0.144496
FixedParameters: 0 0 0

#Transform 175
Transform: AffineTransform_float_3_3
Parameters: 0.999998 -0.00104481 -0.00180811 0.00104519 1 0.00010311 0.00180789 -0.000104889 0.999999 0.119663 0.15929 0.173186
FixedParameters: 0 0 0

#Transform 176
Transform: AffineTransform_float_3_3
Parameters: 0.999997 -0.00145159 -0.00231163 0.00145041 0.999999 -0.000257354 0.00231237 0.000253644 0.999998 0.137195 0.18284 0.160885
FixedParameters: 0 0 0

#Transform 177
Transform: AffineTransform_float_3_3
Parameters: 0.999997 -0.00110711 -0.00216294 0.00110689 1 -5.43943e-05 0.00216306 5.16054e-05 0.999997 0.141272 0.202505 0.121837
FixedParameters: 0 0 0

#Transform 178
Transform: AffineTransform_float_3_3
Parameters: 0.999997 -0.00139244 -0.00228157 0.00139557 0.999999 0.00112282 0.00227943 -0.00112618 0.999997 0.121839 0.0934831 0.108559
FixedParameters: 0 0 0

#Transform 179
Transform: AffineTransform_float_3_3
Parameters: 0.999998 -0.00125676 -0.00193851 0.00125624 0.999999 -0.000392436 0.00193849 0.000389565 0.999998 0.132138 0.195185 0.104231
FixedParameters: 0 0 0
