#Insight Transform File V1.0
#Transform 0
Transform: AffineTransform_float_3_3
Parameters: 1 -5.49444e-05 0.000214014 5.50556e-05 1 -0.000259988 -0.000213986 0.000260012 1 0.0403039 -0.08275 -0.364723
FixedParameters: 0 0 0

#Transform 1
Transform: AffineTransform_float_3_3
Parameters: 0.999999 0.000617146 0.000514824 -0.000616854 1 -0.000284318 -0.000514175 0.000283683 1 -0.0223748 0.117491 -0.0259062
FixedParameters: 0 0 0

#Transform 2
Transform: AffineTransform_float_3_3
Parameters: 0.999999 0.000710001 -2.79616e-05 -0.000709998 0.999999 5.40199e-05 2.80383e-05 -5.39801e-05 1 0.0356964 0.200335 -0.0623981
FixedParameters: 0 0 0

#Transform 3
Transform: AffineTransform_float_3_3
Parameters: 0.999999 0.000651928 -0.000321145 -0.000652071 1 -0.000222791 0.000320854 0.000223209 1 0.0713535 0.225649 -0.0930738
FixedParameters: 0 0 0

#Transform 4
Transform: AffineTransform_float_3_3
Parameters: 0.999999 0.00065172 -0.000668272 -0.000652279 0.999999 -0.000417564 0.000668727 0.000418436 0.999999 0.0730289 0.229783 -0.106233
FixedParameters: 0 0 0

#Transform 5
Transform: AffineTransform_float_3_3
Parameters: 1 0.000769689 -0.000668359 -0.000770312 0.999999 -0.000465485 0.000668642 0.000465515 0.999999 0.0997582 0.234647 -0.0947462
FixedParameters: 0 0 0

#Transform 6
Transform: AffineTransform_float_3_3
Parameters: 1 0.000734626 -0.000803342 -0.000735374 0.999999 -0.000465409 0.000802657 0.00046659 0.999999 0.122248 0.237135 -0.107898
FixedParameters: 0 0 0

#Transform 7
Transform: AffineTransform_float_3_3
Parameters: 0.999995 0.00030508 0.00296602 -0.000251921 0.99984 -0.0178798 -0.00297098 0.0178792 0.999835 -0.0847199 0.361525 0.778483
FixedParameters: 0 0 0

#Transform 8
Transform: AffineTransform_float_3_3
Parameters: 0.999994 -9.36529e-05 0.00362954 0.000165354 0.999806 -0.0196615 -0.00362745 0.0196625 0.9998 -0.157873 0.509348 0.772598
FixedParameters: 0 0 0

#Transform 9
Transform: AffineTransform_float_3_3
Parameters: 0.999996 0.000322761 0.00304534 -0.000263227 0.999814 -0.0192759 -0.00305164 0.0192751 0.999809 -0.118627 0.628674 0.52068
FixedParameters: 0 0 0

#Transform 10
Transform: AffineTransform_float_3_3
Parameters: 0.999996 -0.000208781 0.00301334 0.000263214 0.999832 -0.0183363 -0.00300868 0.0183367 0.999828 -0.0878029 0.696611 0.327009
FixedParameters: 0 0 0

#Transform 11
Transform: AffineTransform_float_3_3
Parameters: 0.999997 3.20891e-05 0.0023788 9.09257e-06 0.999851 -0.017271 -0.0023792 0.017271 0.999848 -0.0716775 0.641953 0.350207
FixedParameters: 0 0 0

#Transform 12
Transform: AffineTransform_float_3_3
Parameters: 0.999997 0.000139215 0.00215697 -0.000102786 0.999859 -0.0167803 -0.00215903 0.0167807 0.999857 -0.0681864 0.629109 0.343153
FixedParameters: 0 0 0

#Transform 13
Transform: AffineTransform_float_3_3
Parameters: 0.999997 5.46384e-05 0.00242842 -1.33514e-05 0.999853 -0.0171431 -0.00242959 0.0171429 0.99985 -0.087477 0.634618 0.377985
FixedParameters: 0 0 0

#Transform 14
Transform: AffineTransform_float_3_3
Parameters: 0.999999 0.000271029 0.00178069 -0.000240966 0.999858 -0.0168425 -0.00178531 0.0168415 0.999856 -0.0615746 0.59053 0.41418
FixedParameters: 0 0 0

#Transform 15
Transform: AffineTransform_float_3_3
Parameters: 0.999998 -1.98003e-05 0.00203742 4.51942e-05 0.999918 -0.0128599 -0.00203659 0.0128601 0.999915 -0.024553 0.541931 0.216924
FixedParameters: 0 0 0

#Transform 16
Transform: AffineTransform_float_3_3
Parameters: 0.999998 0.000146248 0.00205536 -0.000120755 0.999924 -0.0122793 -0.00205664 0.0122787 0.999922 -0.0154596 0.533948 0.188106
FixedParameters: 0 0 0

#Transform 17
Transform: AffineTransform_float_3_3
Parameters: 0.999998 -9.2476e-05 0.00208235 0.000118532 0.999919 -0.0127408 -0.00208166 0.0127412 0.999916 -0.0480531 0.534601 0.26089
FixedParameters: 0 0 0

#Transform 18
Transform: AffineTransform_float_3_3
Parameters: 0.999997 -9.19445e-05 0.00213933 0.000119051 0.99992 -0.0126498 -0.00213766 0.0126502 0.999917 -0.0422146 0.535681 0.200973
FixedParameters: 0 0 0

#Transform 19
Transform: AffineTransform_float_3_3
Parameters: 0.999999 0.000165839 0.0018561 -0.00014315 0.999925 -0.0122983 -0.0018589 0.0122977 0.999922 -0.0428371 0.561964 0.172957
FixedParameters: 0 0 0

#Transform 20
Transform: AffineTransform_float_3_3
Parameters: 0.999999 0.00014098 0.00184145 -0.000119025 0.999929 -0.0119312 -0.00184255 0.0119308 0.999927 -0.0451276 0.544095 0.160057
FixedParameters: 0 0 0

#Transform 21
Transform: AffineTransform_float_3_3
Parameters: 0.999998 0.00013519 0.00194247 -0.000110815 0.999922 -0.0124482 -0.00194353 0.0124478 0.99992 -0.0499927 0.56926 0.1644
FixedParameters: 0 0 0

#Transform 22
Transform: AffineTransform_float_3_3
Parameters: 0.999999 0.00013893 0.00147843 -0.000121063 0.999926 -0.0121212 -0.00148058 0.0121208 0.999926 -0.0277578 0.550989 0.130766
FixedParameters: 0 0 0

#Transform 23
Transform: AffineTransform_float_3_3
Parameters: 0.999999 0.000143435 0.00181837 -0.000121569 0.999924 -0.0123322 -0.00181964 0.0123318 0.999923 -0.051872 0.564918 0.138437
FixedParameters: 0 0 0

#Transform 24
Transform: AffineTransform_float_3_3
Parameters: 0.999998 0.000145465 0.00199837 -0.000121527 0.999925 -0.0122373 -0.00200064 0.0122367 0.999923 -0.068872 0.558941 0.170754
FixedParameters: 0 0 0

#Transform 25
Transform: AffineTransform_float_3_3
Parameters: 0.999998 0.000246642 0.00188606 -0.000223358 0.999921 -0.0125254 -0.00188895 0.0125245 0.99992 -0.053424 0.576387 0.133034
FixedParameters: 0 0 0

#Transform 26
Transform: AffineTransform_float_3_3
Parameters: 0.999998 -4.03222e-06 0.00164617 2.39657e-05 0.999927 -0.01213 -0.00164583 0.01213 0.999925 -0.0407471 0.550158 0.154227
FixedParameters: 0 0 0

#Transform 27
Transform: AffineTransform_float_3_3
Parameters: 0.999997 -0.000108617 0.00243949 0.000137391 0.999928 -0.0120487 -0.00243852 0.0120483 0.999925 -0.0876007 0.550602 0.17409
FixedParameters: 0 0 0

#Transform 28
Transform: AffineTransform_float_3_3
Parameters: 0.999998 -3.26188e-05 0.00204756 5.83865e-05 0.999923 -0.0123969 -0.00204743 0.0123971 0.999921 -0.055641 0.575098 0.170035
FixedParameters: 0 0 0

#Transform 29
Transform: AffineTransform_float_3_3
Parameters: 0.999997 -0.000128864 0.00211975 0.00015514 0.999924 -0.0123347 -0.00211825 0.0123343 0.999921 -0.0524744 0.572648 0.143249
FixedParameters: 0 0 0

#Transform 30
Transform: AffineTransform_float_3_3
Parameters: 0.999998 -6.7792e-05 0.0021041 9.62084e-05 0.99991 -0.0134098 -0.0021029 0.0134092 0.999908 -0.0571536 0.642775 0.116911
FixedParameters: 0 0 0

#Transform 31
Transform: AffineTransform_float_3_3
Parameters: 0.999998 -6.73347e-05 0.00210911 9.66633e-05 0.999907 -0.0135938 -0.00210788 0.0135942 0.999906 -0.0631187 0.651487 0.147606
FixedParameters: 0 0 0

#Transform 32
Transform: AffineTransform_float_3_3
Parameters: 0.999998 -6.97598e-05 0.0019731 9.62385e-05 0.999911 -0.0133018 -0.00197189 0.0133022 0.999909 -0.0429051 0.634944 0.112911
FixedParameters: 0 0 0

#Transform 33
Transform: AffineTransform_float_3_3
Parameters: 0.999998 -0.00049494 0.00201185 0.000522062 0.999909 -0.013472 -0.00200515 0.013473 0.999907 -0.0510487 0.651415 0.163344
FixedParameters: 0 0 0

#Transform 34
Transform: AffineTransform_float_3_3
Parameters: 0.999998 -0.000344856 0.00207523 0.000375142 0.999894 -0.0145433 -0.00206976 0.0145437 0.999892 -0.0572919 0.71252 0.139733
FixedParameters: 0 0 0

#Transform 35
Transform: AffineTransform_float_3_3
Parameters: 0.999997 -0.000482949 0.00216165 0.000516055 0.999882 -0.0153149 -0.00215435 0.0153161 0.999881 -0.0579806 0.720745 0.119342
FixedParameters: 0 0 0

#Transform 36
Transform: AffineTransform_float_3_3
Parameters: 0.999997 -0.000349417 0.00213024 0.000380579 0.999896 -0.0143732 -0.00212475 0.0143738 0.999895 -0.0541457 0.701981 0.112329
FixedParameters: 0 0 0

#Transform 37
Transform: AffineTransform_float_3_3
Parameters: 0.999997 -0.00052939 0.00213781 0.000559612 0.999897 -0.0143428 -0.00213019 0.0143442 0.999895 -0.0633632 0.69821 0.152191
FixedParameters: 0 0 0

#Transform 38
Transform: AffineTransform_float_3_3
Parameters: 0.999997 -0.000475528 0.00229796 0.000507472 0.999899 -0.0141509 -0.00229105 0.0141521 0.999897 -0.0701869 0.649559 0.160036
FixedParameters: 0 0 0

#Transform 39
Transform: AffineTransform_float_3_3
Parameters: 0.999997 -0.000543065 0.00232669 0.000574941 0.999906 -0.0137477 -0.00231931 0.0137483 0.999903 -0.0699209 0.666013 0.126141
FixedParameters: 0 0 0

#Transform 40
Transform: AffineTransform_float_3_3
Parameters: 0.999998 -0.000539383 0.00227797 0.000572619 0.999897 -0.0143427 -0.00227002 0.0143433 0.999894 -0.0690104 0.693106 0.138877
FixedParameters: 0 0 0

#Transform 41
Transform: AffineTransform_float_3_3
Parameters: 0.999998 -0.000499979 0.00225757 0.00053303 0.999893 -0.0146508 -0.00225043 0.0146512 0.99989 -0.06452 0.68977 0.117484
FixedParameters: 0 0 0

#Transform 42
Transform: AffineTransform_float_3_3
Parameters: 0.999997 -0.000208195 0.0021502 0.000238801 0.999897 -0.0143355 -0.0021468 0.0143365 0.999895 -0.0552015 0.681632 0.0811516
FixedParameters: 0 0 0

#Transform 43
Transform: AffineTransform_float_3_3
Parameters: 0.999997 -0.000562876 0.00231257 0.000597131 0.999891 -0.0147817 -0.00230443 0.0147833 0.999888 -0.0562435 0.709448 0.0833629
FixedParameters: 0 0 0

#Transform 44
Transform: AffineTransform_float_3_3
Parameters: 0.999998 -0.000463374 0.00226514 0.000496624 0.99989 -0.0148669 -0.00225787 0.0148681 0.999887 -0.0743883 0.710723 0.105004
FixedParameters: 0 0 0

#Transform 45
Transform: AffineTransform_float_3_3
Parameters: 0.999998 -0.000471594 0.00206642 0.000503414 0.999884 -0.015224 -0.00205957 0.015225 0.999882 -0.0492156 0.724006 0.0744225
FixedParameters: 0 0 0

#Transform 46
Transform: AffineTransform_float_3_3
Parameters: 0.999998 -0.000266087 0.00210015 0.000296912 0.999892 -0.0147334 -0.00209585 0.0147336 0.99989 -0.0518802 0.710279 0.0582469
FixedParameters: 0 0 0

#Transform 47
Transform: AffineTransform_float_3_3
Parameters: 0.999996 -0.000483468 0.00256935 0.000520528 0.999893 -0.0146277 -0.00256166 0.0146283 0.999889 -0.0813002 0.706332 0.109479
FixedParameters: 0 0 0

#Transform 48
Transform: AffineTransform_float_3_3
Parameters: 0.999998 -0.000492287 0.00228453 0.000525705 0.99989 -0.0147798 -0.00227648 0.0147812 0.999888 -0.0601977 0.69657 0.0886211
FixedParameters: 0 0 0

#Transform 49
Transform: AffineTransform_float_3_3
Parameters: 0.999998 -0.000469883 0.00201526 0.000500113 0.999888 -0.01497 -0.00200774 0.014971 0.999886 -0.0415194 0.720659 0.0505825
FixedParameters: 0 0 0

#Transform 50
Transform: AffineTransform_float_3_3
Parameters: 0.999997 -0.000590993 0.00229005 0.000625006 0.999889 -0.0148776 -0.00228095 0.0148794 0.999886 -0.051789 0.721166 0.104666
FixedParameters: 0 0 0

#Transform 51
Transform: AffineTransform_float_3_3
Parameters: 0.999998 -0.000529477 0.00220979 0.000560526 0.999898 -0.0142888 -0.00220222 0.0142902 0.999896 -0.0575533 0.694751 0.0759594
FixedParameters: 0 0 0

#Transform 52
Transform: AffineTransform_float_3_3
Parameters: 0.999998 -0.000593753 0.00216709 0.000626245 0.999888 -0.0149097 -0.0021579 0.0149113 0.999886 -0.0552057 0.716009 0.0623091
FixedParameters: 0 0 0

#Transform 53
Transform: AffineTransform_float_3_3
Parameters: 0.999997 -0.000555177 0.00210465 0.000586828 0.999885 -0.0151498 -0.00209635 0.0151512 0.999883 -0.0488504 0.74538 0.0782332
FixedParameters: 0 0 0

#Transform 54
Transform: AffineTransform_float_3_3
Parameters: 0.999998 -0.00055607 0.00223446 0.000588938 0.999891 -0.0147637 -0.00222655 0.0147653 0.999889 -0.0531238 0.717327 0.0802216
FixedParameters: 0 0 0

#Transform 55
Transform: AffineTransform_float_3_3
Parameters: 0.999998 -0.000455157 0.00222198 0.000487844 0.999891 -0.014803 -0.00221502 0.0148041 0.999888 -0.052291 0.701527 0.084394
FixedParameters: 0 0 0

#Transform 56
Transform: AffineTransform_float_3_3
Parameters: 0.999997 -0.000587452 0.00242788 0.000622549 0.999892 -0.0146665 -0.00241913 0.0146685 0.99989 -0.0696967 0.698944 0.0885203
FixedParameters: 0 0 0

#Transform 57
Transform: AffineTransform_float_3_3
Parameters: 0.999998 -0.000594335 0.00194798 0.000622665 0.999891 -0.0147478 -0.00193903 0.0147492 0.99989 -0.0331315 0.718763 0.090885
FixedParameters: 0 0 0

#Transform 58
Transform: AffineTransform_float_3_3
Parameters: 0.999997 -0.00059223 0.00209196 0.000622772 0.999891 -0.0147397 -0.00208305 0.0147403 0.999889 -0.0488265 0.715004 0.105948
FixedParameters: 0 0 0

#Transform 59
Transform: AffineTransform_float_3_3
Parameters: 0.999998 -0.000590804 0.00215807 0.000623197 0.999888 -0.0149497 -0.00214892 0.0149503 0.999886 -0.0540614 0.710699 0.106376
FixedParameters: 0 0 0

#Transform 60
Transform: AffineTransform_float_3_3
Parameters: 0.999998 -0.000589549 0.00225202 0.00062245 0.999889 -0.0148816 -0.00224298 0.0148834 0.999886 -0.0530597 0.721498 0.121329
FixedParameters: 0 0 0

#Transform 61
Transform: AffineTransform_float_3_3
Parameters: 0.999998 -0.000593034 0.00199217 0.00062298 0.999886 -0.0150758 -0.00198383 0.0150762 0.999885 -0.0308779 0.718907 0.0681485
FixedParameters: 0 0 0

#Transform 62
Transform: AffineTransform_float_3_3
Parameters: 0.999998 -0.000956321 0.00187041 0.000983674 0.999889 -0.0148542 -0.00185559 0.0148558 0.999888 -0.0440351 0.701302 0.0919888
FixedParameters: 0 0 0

#Transform 63
Transform: AffineTransform_float_3_3
Parameters: 0.999997 -0.00106352 0.00190758 0.00109048 0.999895 -0.0144609 -0.00189243 0.014463 0.999893 -0.0552291 0.706738 0.122403
FixedParameters: 0 0 0

#Transform 64
Transform: AffineTransform_float_3_3
Parameters: 0.999998 -0.00077886 0.0021181 0.000811138 0.999884 -0.0152153 -0.0021059 0.0152177 0.999882 -0.0507673 0.725189 0.0819613
FixedParameters: 0 0 0

#Transform 65
Transform: AffineTransform_float_3_3
Parameters: 0.999997 -0.00101635 0.00215422 0.00104765 0.999891 -0.0147418 -0.00213879 0.0147442 0.999889 -0.0526194 0.727378 0.0662448
FixedParameters: 0 0 0

#Transform 66
Transform: AffineTransform_float_3_3
Parameters: 0.999997 -0.000590987 0.00214508 0.000623028 0.999888 -0.0149547 -0.00213692 0.0149553 0.999886 -0.0516069 0.739118 0.0790544
FixedParameters: 0 0 0

#Transform 67
Transform: AffineTransform_float_3_3
Parameters: 0.999997 -0.00107764 0.00214802 0.00110836 0.999892 -0.0146537 -0.00213199 0.0146563 0.999891 -0.0569393 0.714547 0.0895996
FixedParameters: 0 0 0

#Transform 68
Transform: AffineTransform_float_3_3
Parameters: 0.999997 -0.00104476 0.00230979 0.00107923 0.999889 -0.0148715 -0.0022932 0.0148744 0.999886 -0.0619039 0.722493 0.0997353
FixedParameters: 0 0 0

#Transform 69
Transform: AffineTransform_float_3_3
Parameters: 0.999997 -0.0010767 0.00217628 0.0011093 0.999889 -0.0148976 -0.00215971 0.0149004 0.999886 -0.0410046 0.734088 0.0721856
FixedParameters: 0 0 0

#Transform 70
Transform: AffineTransform_float_3_3
Parameters: 0.999997 -0.00101443 0.00212635 0.00104657 0.999888 -0.0148968 -0.00211164 0.0148992 0.999887 -0.0439 0.735377 0.0726683
FixedParameters: 0 0 0

#Transform 71
Transform: AffineTransform_float_3_3
Parameters: 0.999996 -0.00103866 0.00234895 0.00107434 0.999886 -0.0150935 -0.00233305 0.0150955 0.999884 -0.0677487 0.733621 0.113874
FixedParameters: 0 0 0

#Transform 72
Transform: AffineTransform_float_3_3
Parameters: 0.999997 -0.00102213 0.00215591 0.00105285 0.999897 -0.0143648 -0.00214009 0.0143672 0.999894 -0.0466778 0.700354 0.0969398
FixedParameters: 0 0 0

#Transform 73
Transform: AffineTransform_float_3_3
Parameters: 0.999997 -0.00102567 0.00212839 0.00105733 0.999891 -0.0147728 -0.00211261 0.0147752 0.999888 -0.0439045 0.7352 0.0784579
FixedParameters: 0 0 0

#Transform 74
Transform: AffineTransform_float_3_3
Parameters: 0.999997 -0.00106006 0.00242205 0.00109594 0.999889 -0.0148864 -0.00240595 0.0148896 0.999887 -0.0714443 0.73765 0.132135
FixedParameters: 0 0 0

#Transform 75
Transform: AffineTransform_float_3_3
Parameters: 0.999997 -0.00108904 0.00225174 0.00112296 0.999885 -0.0151345 -0.00223526 0.0151365 0.999883 -0.0575607 0.740352 0.0909907
FixedParameters: 0 0 0

#Transform 76
Transform: AffineTransform_float_3_3
Parameters: 0.999997 -0.000810573 0.00203141 0.00084042 0.999887 -0.0150223 -0.0020186 0.0150237 0.999885 -0.0511214 0.740205 0.0724109
FixedParameters: 0 0 0

#Transform 77
Transform: AffineTransform_float_3_3
Parameters: 0.999997 -0.00106786 0.00227236 0.00110115 0.999886 -0.0150745 -0.00225666 0.0150765 0.999884 -0.068649 0.730274 0.123185
FixedParameters: 0 0 0

#Transform 78
Transform: AffineTransform_float_3_3
Parameters: 0.999997 -0.00106974 0.00213051 0.00110127 0.999884 -0.0151997 -0.0021145 0.0152023 0.999882 -0.0592972 0.725551 0.138371
FixedParameters: 0 0 0

#Transform 79
Transform: AffineTransform_float_3_3
Parameters: 0.999997 -0.00105872 0.00188021 0.00108728 0.999886 -0.015105 -0.00186379 0.015107 0.999884 -0.0476756 0.733549 0.103492
FixedParameters: 0 0 0

#Transform 80
Transform: AffineTransform_float_3_3
Parameters: 0.999998 -0.00106038 0.00200991 0.00108962 0.99989 -0.0147938 -0.0019941 0.0147961 0.999888 -0.0622613 0.725743 0.116577
FixedParameters: 0 0 0

#Transform 81
Transform: AffineTransform_float_3_3
Parameters: 0.999997 -0.00105136 0.0024708 0.00108964 0.999877 -0.0156884 -0.00245421 0.0156906 0.999874 -0.0852768 0.761346 0.144643
FixedParameters: 0 0 0

#Transform 82
Transform: AffineTransform_float_3_3
Parameters: 0.999997 -0.00106121 0.00187162 0.00108978 0.99988 -0.015451 -0.00185438 0.015453 0.999879 -0.0646096 0.73448 0.128474
FixedParameters: 0 0 0

#Transform 83
Transform: AffineTransform_float_3_3
Parameters: 0.999997 -0.00111253 0.00226576 0.00114847 0.999876 -0.0157134 -0.00224823 0.0157165 0.999874 -0.0625279 0.77419 0.107286
FixedParameters: 0 0 0

#Transform 84
Transform: AffineTransform_float_3_3
Parameters: 0.999997 -0.00107275 0.0022169 0.00110725 0.999879 -0.0155076 -0.00220009 0.0155104 0.999878 -0.0652287 0.76815 0.0849332
FixedParameters: 0 0 0

#Transform 85
Transform: AffineTransform_float_3_3
Parameters: 0.999998 -0.000986039 0.00162739 0.00101095 0.999881 -0.0154084 -0.00161161 0.0154106 0.99988 -0.0434221 0.755 0.0950694
FixedParameters: 0 0 0

#Transform 86
Transform: AffineTransform_float_3_3
Parameters: 0.999997 -0.000977131 0.00223114 0.00101088 0.999884 -0.0152298 -0.00221686 0.0152322 0.999881 -0.0480354 0.752641 0.0683504
FixedParameters: 0 0 0

#Transform 87
Transform: AffineTransform_float_3_3
Parameters: 0.999997 -0.00121162 0.00222252 0.00124539 0.999885 -0.0150793 -0.00220447 0.0150817 0.999884 -0.0442864 0.761625 0.0640224
FixedParameters: 0 0 0

#Transform 88
Transform: AffineTransform_float_3_3
Parameters: 0.999995 -0.00126808 0.00264551 0.00130791 0.999884 -0.0151426 -0.00262549 0.0151464 0.999882 -0.0717053 0.758435 0.0715467
FixedParameters: 0 0 0

#Transform 89
Transform: AffineTransform_float_3_3
Parameters: 0.999996 -0.00108633 0.00264308 0.00112666 0.999881 -0.0154331 -0.00262592 0.0154359 0.999878 -0.055974 0.773053 0.0867205
FixedParameters: 0 0 0

#Transform 90
Transform: AffineTransform_float_3_3
Parameters: 0.999995 -0.00120322 0.00270802 0.00124277 0.99989 -0.0147347 -0.00268998 0.0147383 0.999888 -0.0597254 0.743805 0.0645019
FixedParameters: 0 0 0

#Transform 91
Transform: AffineTransform_float_3_3
Parameters: 0.999995 -0.00151042 0.00275365 0.00155158 0.99989 -0.0147968 -0.00273034 0.0148002 0.999886 -0.0795787 0.743512 0.0763635
FixedParameters: 0 0 0

#Transform 92
Transform: AffineTransform_float_3_3
Parameters: 0.999995 -0.00117534 0.00268463 0.00121765 0.999878 -0.0155688 -0.00266536 0.0155722 0.999875 -0.0611872 0.777318 0.0431368
FixedParameters: 0 0 0

#Transform 93
Transform: AffineTransform_float_3_3
Parameters: 0.999995 -0.00114355 0.00312814 0.00119145 0.999878 -0.0155304 -0.00310987 0.0155346 0.999875 -0.0881129 0.778083 0.0864595
FixedParameters: 0 0 0

#Transform 94
Transform: AffineTransform_float_3_3
Parameters: 0.999997 -0.00139465 0.00234439 0.00143034 0.999885 -0.0151437 -0.0023226 0.0151473 0.999882 -0.0574435 0.762024 0.0620142
FixedParameters: 0 0 0

#Transform 95
Transform: AffineTransform_float_3_3
Parameters: 0.999996 -0.00152298 0.00264049 0.00156303 0.999883 -0.0152199 -0.00261751 0.0152241 0.99988 -0.0553638 0.766529 0.0563579
FixedParameters: 0 0 0

#Transform 96
Transform: AffineTransform_float_3_3
Parameters: 0.999996 -0.00108525 0.00270314 0.00112675 0.99988 -0.015493 -0.00268586 0.015496 0.999877 -0.0670929 0.798389 0.10141
FixedParameters: 0 0 0

#Transform 97
Transform: AffineTransform_float_3_3
Parameters: 0.999995 -0.00128 0.00270331 0.00132 0.999889 -0.0148485 -0.00268369 0.0148515 0.999886 -0.0654178 0.766917 0.0664662
FixedParameters: 0 0 0

#Transform 98
Transform: AffineTransform_float_3_3
Parameters: 0.999995 -0.00155631 0.00270383 0.00159667 0.999884 -0.0151118 -0.00267917 0.0151162 0.999882 -0.0777427 0.784964 0.0689139
FixedParameters: 0 0 0

#Transform 99
Transform: AffineTransform_float_3_3
Parameters: 0.999996 -0.00154996 0.0026532 0.00158904 0.999889 -0.0147759 -0.00262981 0.0147801 0.999888 -0.0554995 0.786741 0.068
FixedParameters: 0 0 0

#Transform 100
Transform: AffineTransform_float_3_3
Parameters: 0.999996 -0.00115441 0.00252108 0.00119159 0.999894 -0.0145591 -0.00250392 0.0145619 0.999891 -0.0470344 0.773433 0.00936494
FixedParameters: 0 0 0

#Transform 101
Transform: AffineTransform_float_3_3
Parameters: 0.999995 -0.00151023 0.0027359 0.00155077 0.999887 -0.0149598 -0.0027131 0.0149642 0.999885 -0.0642438 0.797159 0.0612189
FixedParameters: 0 0 0

#Transform 102
Transform: AffineTransform_float_3_3
Parameters: 0.999996 -0.00115805 0.00227356 0.00118996 0.9999 -0.0141033 -0.00225744 0.0141067 0.999898 -0.0192926 0.764695 0.00858583
FixedParameters: 0 0 0

#Transform 103
Transform: AffineTransform_float_3_3
Parameters: 0.999996 -0.00134233 0.00256705 0.00138067 0.99989 -0.0147285 -0.00254694 0.0147315 0.999888 -0.0404118 0.776016 0.00882738
FixedParameters: 0 0 0

#Transform 104
Transform: AffineTransform_float_3_3
Parameters: 0.999996 -0.000979444 0.00261676 0.00101756 0.999891 -0.0147744 -0.00260225 0.0147766 0.999888 -0.046061 0.787632 -0.00754814
FixedParameters: 0 0 0

#Transform 105
Transform: AffineTransform_float_3_3
Parameters: 0.999996 -0.00126798 0.00227655 0.00129902 0.999905 -0.0136761 -0.00225944 0.0136789 0.999904 -0.0419758 0.732753 0.0340285
FixedParameters: 0 0 0

#Transform 106
Transform: AffineTransform_float_3_3
Parameters: 0.999996 -0.00122251 0.00226727 0.00125349 0.999902 -0.0139422 -0.00224974 0.0139448 0.9999 -0.0350157 0.73042 0.0354679
FixedParameters: 0 0 0

#Transform 107
Transform: AffineTransform_float_3_3
Parameters: 0.999997 -0.00128049 0.0024111 0.00131451 0.999902 -0.0139469 -0.0023929 0.0139501 0.9999 -0.0369751 0.721858 0.0560187
FixedParameters: 0 0 0

#Transform 108
Transform: AffineTransform_float_3_3
Parameters: 0.999996 -0.00151041 0.00229411 0.00154159 0.999903 -0.0138315 -0.00227289 0.0138345 0.999901 -0.0246314 0.723865 0.00971958
FixedParameters: 0 0 0

#Transform 109
Transform: AffineTransform_float_3_3
Parameters: 0.999997 -0.00131008 0.00240225 0.00134292 0.999905 -0.0137548 -0.00238375 0.0137582 0.999903 -0.0347833 0.73158 0.0545684
FixedParameters: 0 0 0

#Transform 110
Transform: AffineTransform_float_3_3
Parameters: 0.999996 -0.00130935 0.00244731 0.00134366 0.999904 -0.0138008 -0.00242969 0.0138042 0.999902 -0.0471955 0.730442 0.0385486
FixedParameters: 0 0 0

#Transform 111
Transform: AffineTransform_float_3_3
Parameters: 0.999996 -0.00130666 0.00256682 0.00134334 0.999898 -0.0142066 -0.00254817 0.0142104 0.999896 -0.0449528 0.743197 0.0248789
FixedParameters: 0 0 0

#Transform 112
Transform: AffineTransform_float_3_3
Parameters: 0.999995 -0.00173985 0.00263127 0.00177616 0.999903 -0.0138004 -0.00260773 0.0138046 0.999902 -0.0401705 0.73646 0.047947
FixedParameters: 0 0 0

#Transform 113
Transform: AffineTransform_float_3_3
Parameters: 0.999995 -0.00177049 0.00238943 0.0018025 0.999905 -0.0136717 -0.00236457 0.0136762 0.999903 -0.0306292 0.731636 0.0183826
FixedParameters: 0 0 0

#Transform 114
Transform: AffineTransform_float_3_3
Parameters: 0.999995 -0.00192529 0.00256222 0.00196071 0.9999 -0.014008 -0.00253478 0.0140129 0.999898 -0.0527213 0.729843 0.0489193
FixedParameters: 0 0 0

#Transform 115
Transform: AffineTransform_float_3_3
Parameters: 0.999995 -0.00204331 0.00231626 0.00207669 0.999897 -0.0142013 -0.00228674 0.0142057 0.999897 -0.0395733 0.732006 0.0451289
FixedParameters: 0 0 0

#Transform 116
Transform: AffineTransform_float_3_3
Parameters: 0.999995 -0.00174969 0.00264506 0.00178631 0.999898 -0.0141693 -0.00261995 0.0141747 0.999896 -0.0499835 0.762296 0.0505059
FixedParameters: 0 0 0

#Transform 117
Transform: AffineTransform_float_3_3
Parameters: 0.999996 -0.00175387 0.00248869 0.00178714 0.999909 -0.0133756 -0.00246532 0.0133794 0.999908 -0.0467625 0.721635 0.031165
FixedParameters: 0 0 0

#Transform 118
Transform: AffineTransform_float_3_3
Parameters: 0.999997 -0.00175861 0.00205761 0.0017864 0.999902 -0.0138784 -0.0020334 0.0138816 0.999901 -0.0361156 0.726196 0.0350602
FixedParameters: 0 0 0

#Transform 119
Transform: AffineTransform_float_3_3
Parameters: 0.999995 -0.00175411 0.00238554 0.00178689 0.999903 -0.0138568 -0.00236046 0.0138602 0.999901 -0.0405032 0.734956 0.062093
FixedParameters: 0 0 0

#Transform 120
Transform: AffineTransform_float_3_3
Parameters: 0.999996 -0.0017539 0.00240945 0.00178711 0.999903 -0.0138048 -0.00238555 0.0138092 0.999902 -0.0485113 0.750796 0.0154777
FixedParameters: 0 0 0

#Transform 121
Transform: AffineTransform_float_3_3
Parameters: 0.999996 -0.00175666 0.00226783 0.00178635 0.999908 -0.013448 -0.00224418 0.013452 0.999907 -0.0452828 0.744017 0.029464
FixedParameters: 0 0 0

#Transform 122
Transform: AffineTransform_float_3_3
Parameters: 0.999996 -0.00175682 0.00228948 0.00178719 0.99991 -0.013248 -0.00226652 0.013252 0.999909 -0.0512416 0.716392 0.0538819
FixedParameters: 0 0 0

#Transform 123
Transform: AffineTransform_float_3_3
Parameters: 0.999994 -0.00175061 0.00273365 0.00178638 0.999909 -0.0133672 -0.00270936 0.0133718 0.999907 -0.0639617 0.707819 0.0399117
FixedParameters: 0 0 0

#Transform 124
Transform: AffineTransform_float_3_3
Parameters: 0.999995 -0.00202338 0.00241458 0.00205762 0.9999 -0.0140031 -0.00238642 0.0140079 0.999899 -0.044922 0.767242 0.0615251
FixedParameters: 0 0 0

#Transform 125
Transform: AffineTransform_float_3_3
Parameters: 0.999996 -0.00186791 0.00237757 0.0019001 0.999906 -0.0135685 -0.00235243 0.0135725 0.999905 -0.0437715 0.750522 0.0185122
FixedParameters: 0 0 0

#Transform 126
Transform: AffineTransform_float_3_3
Parameters: 0.999996 -0.00166804 0.0023483 0.00169897 0.999911 -0.0132451 -0.0023267 0.0132489 0.999909 -0.0520243 0.734797 0.0199411
FixedParameters: 0 0 0

#Transform 127
Transform: AffineTransform_float_3_3
Parameters: 0.999993 -0.00206782 0.0028798 0.00210618 0.999909 -0.013319 -0.00285219 0.013325 0.999907 -0.0677289 0.743424 0.00104782
FixedParameters: 0 0 0

#Transform 128
Transform: AffineTransform_float_3_3
Parameters: 0.999996 -0.00166497 0.00253171 0.00169903 0.999907 -0.0134997 -0.00250929 0.0135042 0.999905 -0.0442497 0.756404 -0.0202249
FixedParameters: 0 0 0

#Transform 129
Transform: AffineTransform_float_3_3
Parameters: 0.999994 -0.00201271 0.00274498 0.00204929 0.999909 -0.0132814 -0.00271802 0.0132875 0.999908 -0.0607577 0.744551 -0.00890807
FixedParameters: 0 0 0

#Transform 130
Transform: AffineTransform_float_3_3
Parameters: 0.999995 -0.00155785 0.00280949 0.00159614 0.999906 -0.0136276 -0.0027875 0.0136324 0.999903 -0.0819697 0.752996 -0.0232156
FixedParameters: 0 0 0

#Transform 131
Transform: AffineTransform_float_3_3
Parameters: 0.999994 -0.00120542 0.0032893 0.00124958 0.999911 -0.01328 -0.00327269 0.013284 0.999907 -0.084588 0.762767 -0.0217559
FixedParameters: 0 0 0

#Transform 132
Transform: AffineTransform_float_3_3
Parameters: 0.999987 -0.00297026 0.00412997 0.00302174 0.99992 -0.0123337 -0.00409302 0.0123463 0.999916 -0.0381314 0.734568 -0.0618323
FixedParameters: 0 0 0

#Transform 133
Transform: AffineTransform_float_3_3
Parameters: 0.999979 -0.00563185 0.00315395 0.00567115 0.999905 -0.0125454 -0.00308305 0.0125626 0.999917 0.150346 0.778282 -0.151482
FixedParameters: 0 0 0

#Transform 134
Transform: AffineTransform_float_3_3
Parameters: 0.999996 -0.00188421 0.00200966 0.00190579 0.999939 -0.0108982 -0.00198834 0.0109018 0.999938 0.0697758 0.688879 -0.138297
FixedParameters: 0 0 0

#Transform 135
Transform: AffineTransform_float_3_3
Parameters: 0.99998 -0.00326122 0.00530015 0.00332378 0.999924 -0.0118796 -0.00526086 0.0118964 0.999916 -0.0862724 0.72098 -0.0502872
FixedParameters: 0 0 0

#Transform 136
Transform: AffineTransform_float_3_3
Parameters: 0.999954 -0.0068958 0.00664175 0.00698221 0.999888 -0.0131972 -0.00655027 0.0132428 0.999891 0.0249587 0.760044 -0.165295
FixedParameters: 0 0 0

#Transform 137
Transform: AffineTransform_float_3_3
Parameters: 0.999979 -0.00500741 0.00407378 0.0050606 0.9999 -0.0132537 -0.00400723 0.0132743 0.999904 0.0863998 0.805917 -0.18399
FixedParameters: 0 0 0

#Transform 138
Transform: AffineTransform_float_3_3
Parameters: 0.999983 -0.00430344 0.00378379 0.00435156 0.999911 -0.0126527 -0.0037292 0.0126693 0.999913 0.0655906 0.790302 -0.18945
FixedParameters: 0 0 0

#Transform 139
Transform: AffineTransform_float_3_3
Parameters: 0.999986 -0.00410624 0.0035532 0.00415075 0.999914 -0.0123954 -0.00350179 0.0124106 0.999917 0.0560721 0.77612 -0.146266
FixedParameters: 0 0 0

#Transform 140
Transform: AffineTransform_float_3_3
Parameters: 0.999987 -0.00375976 0.00348217 0.00380125 0.999919 -0.0122049 -0.00343684 0.0122181 0.99992 0.0478491 0.775978 -0.183868
FixedParameters: 0 0 0

#Transform 141
Transform: AffineTransform_float_3_3
Parameters: 0.999986 -0.0038892 0.00359694 0.0039328 0.999917 -0.01225 -0.00354906 0.012264 0.999919 0.0453708 0.7746 -0.178978
FixedParameters: 0 0 0

#Transform 142
Transform: AffineTransform_float_3_3
Parameters: 0.999986 -0.00374139 0.00371947 0.00378861 0.999914 -0.0126031 -0.00367251 0.0126179 0.999913 0.0378088 0.797245 -0.157909
FixedParameters: 0 0 0

#Transform 143
Transform: AffineTransform_float_3_3
Parameters: 0.999987 -0.00371251 0.00328813 0.00375149 0.99992 -0.0120848 -0.00324387 0.0120972 0.999921 0.0545451 0.761125 -0.167883
FixedParameters: 0 0 0

#Transform 144
Transform: AffineTransform_float_3_3
Parameters: 0.999988 -0.00345812 0.00353249 0.00349988 0.999923 -0.0119198 -0.00349051 0.0119322 0.999922 0.0431438 0.772726 -0.161153
FixedParameters: 0 0 0

#Transform 145
Transform: AffineTransform_float_3_3
Parameters: 0.999988 -0.00360786 0.00329327 0.00364613 0.999925 -0.0116471 -0.00325073 0.0116599 0.999926 0.0419767 0.754984 -0.164878
FixedParameters: 0 0 0

#Transform 146
Transform: AffineTransform_float_3_3
Parameters: 0.999987 -0.00374996 0.00347384 0.00379104 0.999922 -0.011884 -0.00342917 0.011897 0.999924 0.0246046 0.763196 -0.152087
FixedParameters: 0 0 0

#Transform 147
Transform: AffineTransform_float_3_3
Parameters: 0.999988 -0.00348633 0.0034082 0.00352967 0.999915 -0.0125951 -0.00336379 0.0126069 0.999915 0.0424341 0.813051 -0.181702
FixedParameters: 0 0 0

#Transform 148
Transform: AffineTransform_float_3_3
Parameters: 0.999985 -0.00312628 0.00435778 0.00318072 0.999916 -0.0126063 -0.00431822 0.0126197 0.999911 0.0249814 0.827856 -0.214938
FixedParameters: 0 0 0

#Transform 149
Transform: AffineTransform_float_3_3
Parameters: 0.999982 -0.00377481 0.00455431 0.00383018 0.999918 -0.0121708 -0.00450768 0.0121882 0.999915 0.0667635 0.808143 -0.206418
FixedParameters: 0 0 0

#Transform 150
Transform: AffineTransform_float_3_3
Parameters: 0.999978 -0.00460075 0.00473036 0.00466325 0.999901 -0.0132342 -0.00466865 0.0132558 0.999901 0.0628075 0.866652 -0.238109
FixedParameters: 0 0 0

#Transform 151
Transform: AffineTransform_float_3_3
Parameters: 0.99998 -0.0045043 0.00430405 0.00455969 0.999905 -0.0130186 -0.00424495 0.0130384 0.999906 0.0575185 0.846318 -0.229183
FixedParameters: 0 0 0

#Transform 152
Transform: AffineTransform_float_3_3
Parameters: 0.999982 -0.0045051 0.00398691 0.0045599 0.999894 -0.0138691 -0.00392409 0.0138869 0.999896 0.091231 0.908703 -0.256447
FixedParameters: 0 0 0

#Transform 153
Transform: AffineTransform_float_3_3
Parameters: 0.999984 -0.00434985 0.00376099 0.00440115 0.999897 -0.0137007 -0.00370101 0.0137173 0.999899 0.0668203 0.896997 -0.24612
FixedParameters: 0 0 0

#Transform 154
Transform: AffineTransform_float_3_3
Parameters: 0.999983 -0.00457123 0.00377927 0.00462178 0.999897 -0.0135368 -0.00371774 0.0135542 0.999901 0.0888231 0.883329 -0.239596
FixedParameters: 0 0 0

#Transform 155
Transform: AffineTransform_float_3_3
Parameters: 0.999981 -0.00450631 0.00403576 0.00455968 0.9999 -0.0133928 -0.00397525 0.0134112 0.999902 0.086295 0.895691 -0.263847
FixedParameters: 0 0 0

#Transform 156
Transform: AffineTransform_float_3_3
Parameters: 0.999983 -0.00450883 0.00385074 0.00456017 0.9999 -0.0133857 -0.00378926 0.0134033 0.999903 0.072917 0.878099 -0.224317
FixedParameters: 0 0 0

#Transform 157
Transform: AffineTransform_float_3_3
Parameters: 0.999982 -0.00449673 0.00410624 0.00455129 0.999901 -0.0133056 -0.00404676 0.0133234 0.999903 0.0524835 0.873803 -0.243606
FixedParameters: 0 0 0

#Transform 158
Transform: AffineTransform_float_3_3
Parameters: 0.999982 -0.00429785 0.00413404 0.00435215 0.999903 -0.0131802 -0.00407695 0.0131977 0.999904 0.0354622 0.864917 -0.24794
FixedParameters: 0 0 0

#Transform 159
Transform: AffineTransform_float_3_3
Parameters: 0.999983 -0.00404151 0.0041636 0.0040965 0.999905 -0.0131642 -0.00411039 0.0131808 0.999904 0.0431687 0.867813 -0.235649
FixedParameters: 0 0 0

#Transform 160
Transform: AffineTransform_float_3_3
Parameters: 0.999983 -0.00418179 0.00400714 0.00423321 0.999909 -0.0128583 -0.00395286 0.0128748 0.99991 0.0450316 0.842938 -0.249348
FixedParameters: 0 0 0

#Transform 161
Transform: AffineTransform_float_3_3
Parameters: 0.999983 -0.00407156 0.00412546 0.00412643 0.9999 -0.0135202 -0.00406955 0.0135368 0.9999 0.0492369 0.884089 -0.243598
FixedParameters: 0 0 0

#Transform 162
Transform: AffineTransform_float_3_3
Parameters: 0.999984 -0.00381495 0.00404571 0.00386704 0.999909 -0.0129346 -0.00399628 0.0129504 0.999908 0.0513108 0.849962 -0.254165
FixedParameters: 0 0 0

#Transform 163
Transform: AffineTransform_float_3_3
Parameters: 0.999984 -0.00408272 0.00405144 0.00413727 0.9999 -0.0134805 -0.00399556 0.0134965 0.999901 0.0492349 0.872634 -0.240757
FixedParameters: 0 0 0

#Transform 164
Transform: AffineTransform_float_3_3
Parameters: 0.999983 -0.00419638 0.00405122 0.00424961 0.999905 -0.013067 -0.00399578 0.013084 0.999907 0.0625846 0.850602 -0.251019
FixedParameters: 0 0 0

#Transform 165
Transform: AffineTransform_float_3_3
Parameters: 0.999983 -0.00408439 0.00401913 0.00413661 0.999908 -0.0129186 -0.00396586 0.0129344 0.999908 0.0535321 0.86126 -0.259661
FixedParameters: 0 0 0

#Transform 166
Transform: AffineTransform_float_3_3
Parameters: 0.999984 -0.00422917 0.00376065 0.00427784 0.999906 -0.0130731 -0.00370536 0.0130889 0.999908 0.0697391 0.862448 -0.253742
FixedParameters: 0 0 0

#Transform 167
Transform: AffineTransform_float_3_3
Parameters: 0.999982 -0.00425205 0.0040947 0.00430495 0.999906 -0.0130096 -0.0040393 0.0130264 0.999907 0.0573892 0.860266 -0.23512
FixedParameters: 0 0 0

#Transform 168
Transform: AffineTransform_float_3_3
Parameters: 0.999984 -0.00427525 0.00381972 0.00432775 0.999897 -0.0136437 -0.00376127 0.0136593 0.999899 0.0747148 0.902983 -0.272997
FixedParameters: 0 0 0

#Transform 169
Transform: AffineTransform_float_3_3
Parameters: 0.999983 -0.00439887 0.00365102 0.00444813 0.999898 -0.013559 -0.00359098 0.013575 0.999902 0.0773011 0.89926 -0.275356
FixedParameters: 0 0 0

#Transform 170
Transform: AffineTransform_float_3_3
Parameters: 0.999984 -0.00439792 0.00369642 0.00444809 0.999897 -0.0136518 -0.00363658 0.0136672 0.9999 0.0583054 0.908707 -0.239278
FixedParameters: 0 0 0

#Transform 171
Transform: AffineTransform_float_3_3
Parameters: 0.999984 -0.00423769 0.00368001 0.00428431 0.99991 -0.0126684 -0.00362598 0.0126836 0.999913 0.0643835 0.855316 -0.235675
FixedParameters: 0 0 0

#Transform 172
Transform: AffineTransform_float_3_3
Parameters: 0.999985 -0.00399711 0.00361002 0.00404689 0.999895 -0.0139206 -0.00355398 0.0139344 0.999896 0.0542109 0.927977 -0.273588
FixedParameters: 0 0 0

#Transform 173
Transform: AffineTransform_float_3_3
Parameters: 0.999984 -0.00415974 0.00363927 0.00421028 0.999895 -0.0139149 -0.00358173 0.0139301 0.999897 0.0580535 0.93048 -0.289875
FixedParameters: 0 0 0

#Transform 174
Transform: AffineTransform_float_3_3
Parameters: 0.999985 -0.00433853 0.00349559 0.00438848 0.999885 -0.0145629 -0.00343242 0.0145781 0.999888 0.0580799 0.93843 -0.292799
FixedParameters: 0 0 0

#Transform 175
Transform: AffineTransform_float_3_3
Parameters: 0.999983 -0.00455574 0.00365483 0.00461426 0.99986 -0.0160934 -0.00358116 0.0161106 0.999864 0.073415 1.01565 -0.319199
FixedParameters: 0 0 0

#Transform 176
Transform: AffineTransform_float_3_3
Parameters: 0.999987 -0.00412553 0.00306338 0.00417447 0.999864 -0.0159894 -0.00299661 0.0160016 0.999867 0.0662266 1.03661 -0.334297
FixedParameters: 0 0 0

#Transform 177
Transform: AffineTransform_float_3_3
Parameters: 0.999985 -0.00403446 0.0036558 0.00410154 0.999822 -0.0183803 -0.00358119 0.0183957 0.999825 0.0115458 1.13543 -0.38115
FixedParameters: 0 0 0

#Transform 178
Transform: AffineTransform_float_3_3
Parameters: 0.999987 -0.004045 0.00314537 0.004101 0.99983 -0.0180063 -0.00307162 0.0180197 0.999833 0.04678 1.10898 -0.374866
FixedParameters: 0 0 0

#Transform 179
Transform: AffineTransform_float_3_3
Parameters: 0.999986 -0.00441318 0.00287068 0.00446382 0.999829 -0.0179434 -0.00279132 0.0179566 0.999835 0.0742703 1.13002 -0.375007
FixedParameters: 0 0 0
