#Insight Transform File V1.0
#Transform 0
Transform: AffineTransform_float_3_3
Parameters: 1 0.000166973 5.10873e-05 -0.000167027 1 0.000522991 -5.09126e-05 -0.000523008 1 0.061988 -0.0780055 -0.384614
FixedParameters: 0 0 0

#Transform 1
Transform: AffineTransform_float_3_3
Parameters: 1 0.00097214 0.000293539 -0.000971862 1 -0.000474286 -0.000293462 0.000474715 1 -0.00857552 0.0960586 0.0801416
FixedParameters: 0 0 0

#Transform 2
Transform: AffineTransform_float_3_3
Parameters: 1 0.000972047 0.000260824 -0.000971953 0.999999 -0.000181254 -0.000261176 0.000180746 1 0.0297181 0.145901 0.00475116
FixedParameters: 0 0 0

#Transform 3
Transform: AffineTransform_float_3_3
Parameters: 0.999999 0.000404426 0.000590708 -0.000404574 0.999999 -0.000721239 -0.000590291 0.000720761 0.999999 0.00681447 0.217998 0.0163948
FixedParameters: 0 0 0

#Transform 4
Transform: AffineTransform_float_3_3
Parameters: 1 0.00055802 0.000111898 -0.000557979 1 -0.000182062 -0.000112102 0.000181937 1 0.0313376 0.164484 0.00475631
FixedParameters: 0 0 0

#Transform 5
Transform: AffineTransform_float_3_3
Parameters: 1 0.000557922 -0.000165263 -0.000558078 0.999999 -0.000470908 0.000165737 0.000471092 1 0.0812492 0.211987 0.0109477
FixedParameters: 0 0 0

#Transform 6
Transform: AffineTransform_float_3_3
Parameters: 0.999999 0.000953048 8.64719e-05 -0.000952952 1 -0.000554083 -8.65279e-05 0.000553918 1 0.0556328 0.231274 0.0103687
FixedParameters: 0 0 0

#Transform 7
Transform: AffineTransform_float_3_3
Parameters: 1 2.68344e-05 -0.000100045 -2.71656e-05 0.999998 -0.001656 9.99551e-05 0.001656 0.999998 0.0843546 0.314292 -0.0466875
FixedParameters: 0 0 0

#Transform 8
Transform: AffineTransform_float_3_3
Parameters: 0.999999 0.000308097 -0.000815342 -0.000309903 1 -0.00110775 0.000814657 0.00110825 0.999999 0.155127 0.267545 -0.0135177
FixedParameters: 0 0 0

#Transform 9
Transform: AffineTransform_float_3_3
Parameters: 0.999999 0.000557686 -0.000507345 -0.000557314 0.999999 -0.000618717 0.000507655 0.000619283 0.999999 0.109105 0.23354 -0.0110839
FixedParameters: 0 0 0

#Transform 10
Transform: AffineTransform_float_3_3
Parameters: 1 0.000557492 -0.000848335 -0.000557508 0.999999 -0.000598527 0.000847667 0.000599473 1 0.142858 0.244016 -0.00710778
FixedParameters: 0 0 0

#Transform 11
Transform: AffineTransform_float_3_3
Parameters: 0.999999 0.00055752 -0.000639418 -0.000557479 0.999999 -0.000749643 0.000639581 0.000750356 0.999999 0.141855 0.263333 -0.0165101
FixedParameters: 0 0 0

#Transform 12
Transform: AffineTransform_float_3_3
Parameters: 0.999999 0.000557306 -0.000725534 -0.000557694 1 -0.000957596 0.000724466 0.000957405 1 0.123176 0.271069 -0.0272518
FixedParameters: 0 0 0

#Transform 13
Transform: AffineTransform_float_3_3
Parameters: 1 0.000131201 -0.00119109 -0.000132799 1 -0.000670842 0.00119091 0.000671157 0.999999 0.207041 0.257498 -0.0166034
FixedParameters: 0 0 0

#Transform 14
Transform: AffineTransform_float_3_3
Parameters: 1 0.000131606 -0.00107905 -0.000132394 1 -0.000364857 0.00107895 0.000365142 1 0.202382 0.218312 -0.0157181
FixedParameters: 0 0 0

#Transform 15
Transform: AffineTransform_float_3_3
Parameters: 1 0.000131696 -0.000366109 -0.000132304 0.999999 -0.000830951 0.00036589 0.000831048 0.999999 0.117792 0.280936 -0.0170292
FixedParameters: 0 0 0

#Transform 16
Transform: AffineTransform_float_3_3
Parameters: 0.999999 0.000131691 -0.000777052 -0.000132308 1 -0.000396897 0.000776947 0.000397102 0.999999 0.142606 0.232871 -0.0163508
FixedParameters: 0 0 0

#Transform 17
Transform: AffineTransform_float_3_3
Parameters: 0.999999 0.00174118 -0.000623505 -0.00174082 0.999999 0.000285086 0.000623495 -0.000283915 1 0.163336 0.175557 -0.0170297
FixedParameters: 0 0 0

#Transform 18
Transform: AffineTransform_float_3_3
Parameters: 1 0.000296182 0.000352847 -0.000295818 1 -0.000515104 -0.000353152 0.000514895 1 0.0636223 0.240156 0.00448714
FixedParameters: 0 0 0

#Transform 19
Transform: AffineTransform_float_3_3
Parameters: 1 4.39001e-05 -0.000199022 -4.40999e-05 1 -0.000501991 0.000198978 0.000502009 1 0.13935 0.230556 -0.0104424
FixedParameters: 0 0 0

#Transform 20
Transform: AffineTransform_float_3_3
Parameters: 1 -0.000429119 0.000159681 0.000429881 0.999999 0.000743068 -0.000160319 -0.000742931 0.999999 0.102056 0.0632363 0.00656459
FixedParameters: 0 0 0

#Transform 21
Transform: AffineTransform_float_3_3
Parameters: 0.999999 -0.000943502 0.00101854 0.000942499 1 0.000492961 -0.00101846 -0.00049204 1 0.0212693 0.106738 0.00130128
FixedParameters: 0 0 0

#Transform 22
Transform: AffineTransform_float_3_3
Parameters: 0.999999 -0.000429032 0.000639978 0.000429967 1 5.12752e-05 -0.000640022 -5.07254e-05 1 0.0741092 0.152242 0.00544267
FixedParameters: 0 0 0

#Transform 23
Transform: AffineTransform_float_3_3
Parameters: 1 -0.000429018 -7.99043e-05 0.000429982 1 -0.000223034 8.00959e-05 0.000222966 1 0.15134 0.198438 0.00544889
FixedParameters: 0 0 0

#Transform 24
Transform: AffineTransform_float_3_3
Parameters: 1 -0.000429085 0.000321886 0.000429915 1 0.000265138 -0.000322114 -0.000264862 1 0.0861318 0.156909 -0.0123038
FixedParameters: 0 0 0

#Transform 25
Transform: AffineTransform_float_3_3
Parameters: 1 -0.000428974 -0.0001111 0.000429026 1 0.000231952 0.0001109 -0.000232048 1 0.128577 0.181388 -0.00859698
FixedParameters: 0 0 0

#Transform 26
Transform: AffineTransform_float_3_3
Parameters: 1 -0.000428899 0.000322135 0.000429101 1 -0.000313862 -0.000321865 0.000314138 1 0.107918 0.205101 0.00278297
FixedParameters: 0 0 0

#Transform 27
Transform: AffineTransform_float_3_3
Parameters: 1 -0.000428947 0.000322071 0.000429053 1 -0.000164862 -0.000321929 0.000165138 1 0.0944287 0.187662 -0.00249481
FixedParameters: 0 0 0

#Transform 28
Transform: AffineTransform_float_3_3
Parameters: 1 -0.000429003 7.39794e-05 0.000428996 1 4.80317e-05 -7.40206e-05 -4.79682e-05 1 0.113816 0.172477 0.00126911
FixedParameters: 0 0 0

#Transform 29
Transform: AffineTransform_float_3_3
Parameters: 1 -0.000429003 0.00013399 0.000428997 1 2.30575e-05 -0.00013401 -2.29425e-05 1 0.116233 0.207092 0.00117376
FixedParameters: 0 0 0

#Transform 30
Transform: AffineTransform_float_3_3
Parameters: 1 -0.000429 -4.99978e-05 0.000429 1 -5.02145e-06 5.00021e-05 4.97855e-06 1 0.11758 0.199181 0.0016266
FixedParameters: 0 0 0

#Transform 31
Transform: AffineTransform_float_3_3
Parameters: 1 -0.000496031 0.000321952 0.000495969 1 9.61597e-05 -0.000322048 -9.58403e-05 1 0.0846974 0.174294 -0.00594091
FixedParameters: 0 0 0

#Transform 32
Transform: AffineTransform_float_3_3
Parameters: 0.999999 -0.000667031 0.000321936 0.000666969 1 9.62147e-05 -0.000322064 -9.57852e-05 1 0.102514 0.185413 -0.00341571
FixedParameters: 0 0 0

#Transform 33
Transform: AffineTransform_float_3_3
Parameters: 0.999999 -0.000813023 0.000248922 0.000812976 0.999999 9.62024e-05 -0.000249078 -9.57975e-05 1 0.0914925 0.185047 -0.00464885
FixedParameters: 0 0 0

#Transform 34
Transform: AffineTransform_float_3_3
Parameters: 0.999999 -0.000720933 0.000322149 0.000721066 0.999999 -0.000206768 -0.000321851 0.000207232 1 0.0756674 0.2111 0.00890754
FixedParameters: 0 0 0

#Transform 35
Transform: AffineTransform_float_3_3
Parameters: 0.999999 -0.000957977 0.000201109 0.000958023 1 -0.000113807 -0.000200891 0.000114193 1 0.107067 0.206134 0.00115963
FixedParameters: 0 0 0

#Transform 36
Transform: AffineTransform_float_3_3
Parameters: 0.999999 -0.000767002 0.000321995 0.000766998 0.999999 6.24697e-06 -0.000322005 -6.75302e-06 1 0.0718807 0.19218 0.000883481
FixedParameters: 0 0 0

#Transform 37
Transform: AffineTransform_float_3_3
Parameters: 0.999999 -0.000766993 0.000187026 0.000767006 0.999999 -3.38565e-05 -0.000186974 3.41434e-05 1 0.084725 0.206026 0.00108922
FixedParameters: 0 0 0

#Transform 38
Transform: AffineTransform_float_3_3
Parameters: 0.999999 -0.001276 -5.10319e-05 0.001276 0.999999 2.49349e-05 5.09681e-05 -2.50651e-05 1 0.16703 0.221128 -0.00233575
FixedParameters: 0 0 0

#Transform 39
Transform: AffineTransform_float_3_3
Parameters: 1 -0.00112404 8.95166e-05 0.00112396 1 0.000430101 -8.94833e-05 -0.0004299 1 0.124543 0.185353 -0.0151636
FixedParameters: 0 0 0

#Transform 40
Transform: AffineTransform_float_3_3
Parameters: 0.999999 -0.00142982 0.000165596 0.00143018 0.999999 -0.00111577 -0.000164404 0.00111624 1 0.135452 0.295043 -0.0101129
FixedParameters: 0 0 0

#Transform 41
Transform: AffineTransform_float_3_3
Parameters: 0.999999 -0.00149 -5.10446e-05 0.00149 0.999999 2.9924e-05 5.09552e-05 -3.0076e-05 1 0.148189 0.20556 -0.00265909
FixedParameters: 0 0 0

#Transform 42
Transform: AffineTransform_float_3_3
Parameters: 0.999999 -0.000794004 0.000139976 0.000793995 0.999999 3.01111e-05 -0.000140024 -2.98888e-05 1 0.113083 0.223547 0.00113049
FixedParameters: 0 0 0

#Transform 43
Transform: AffineTransform_float_3_3
Parameters: 1 -0.00051599 0.000103052 0.00051601 1 -9.99468e-05 -0.000102948 0.000100053 1 0.126713 0.242452 0.00116209
FixedParameters: 0 0 0

#Transform 44
Transform: AffineTransform_float_3_3
Parameters: 1 -0.000618999 -2.90186e-05 0.000619001 1 2.9982e-05 2.89814e-05 -3.00179e-05 1 0.133611 0.223924 0.00152
FixedParameters: 0 0 0

#Transform 45
Transform: AffineTransform_float_3_3
Parameters: 0.999999 -0.000698968 0.000130171 0.000699031 0.999999 -0.000244909 -0.000129829 0.000245091 1 0.105959 0.255127 0.00118255
FixedParameters: 0 0 0

#Transform 46
Transform: AffineTransform_float_3_3
Parameters: 0.999999 -0.000748002 8.89775e-05 0.000747997 0.999999 3.00666e-05 -8.90224e-05 -2.99334e-05 1 0.12391 0.258399 0.00124218
FixedParameters: 0 0 0

#Transform 47
Transform: AffineTransform_float_3_3
Parameters: 0.999999 -0.000718002 8.39784e-05 0.000717997 0.999999 3.00603e-05 -8.40215e-05 -2.99397e-05 1 0.109264 0.21809 -0.00339807
FixedParameters: 0 0 0

#Transform 48
Transform: AffineTransform_float_3_3
Parameters: 1 -0.000660997 1.80813e-05 0.000661002 1 -0.000122988 -1.79187e-05 0.000123012 1 0.106236 0.236023 0.00137487
FixedParameters: 0 0 0

#Transform 49
Transform: AffineTransform_float_3_3
Parameters: 1 -0.00060401 -0.000110942 0.000603989 1 -9.6067e-05 0.000111058 9.59329e-05 1 0.153189 0.235669 -0.000842758
FixedParameters: 0 0 0

#Transform 50
Transform: AffineTransform_float_3_3
Parameters: 1 -0.000197134 -0.000607957 0.000196867 1 -0.00021912 0.000608043 0.00021988 1 0.173518 0.259549 -0.00672172
FixedParameters: 0 0 0

#Transform 51
Transform: AffineTransform_float_3_3
Parameters: 1 -0.000351015 -0.000110952 0.000350985 1 -0.000138039 0.000111048 0.000137961 1 0.119355 0.250227 0.00162696
FixedParameters: 0 0 0

#Transform 52
Transform: AffineTransform_float_3_3
Parameters: 1 -0.000414021 -0.000183952 0.000414979 1 -0.000116076 0.000184048 0.000115924 1 0.13902 0.23601 -0.00548489
FixedParameters: 0 0 0

#Transform 53
Transform: AffineTransform_float_3_3
Parameters: 1 -0.000530007 -0.000110968 0.000529993 1 -6.00588e-05 0.000111032 5.99412e-05 1 0.151694 0.249893 0.00164496
FixedParameters: 0 0 0

#Transform 54
Transform: AffineTransform_float_3_3
Parameters: 1 -0.000346937 -0.000230095 0.000347063 1 0.00027392 0.000229905 -0.00027408 1 0.148455 0.231879 -0.0143773
FixedParameters: 0 0 0

#Transform 55
Transform: AffineTransform_float_3_3
Parameters: 1 0.000289062 -0.000410956 -0.000288938 1 0.000151119 0.000411044 -0.000150881 1 0.149481 0.236234 -0.0109724
FixedParameters: 0 0 0

#Transform 56
Transform: AffineTransform_float_3_3
Parameters: 1 -0.000233082 -0.000598968 0.000233918 1 -0.00013714 0.000599032 0.00013686 1 0.163838 0.272272 -0.00778413
FixedParameters: 0 0 0

#Transform 57
Transform: AffineTransform_float_3_3
Parameters: 1 -0.00027902 -0.000485988 0.00027898 1 -4.11356e-05 0.000486011 4.08644e-05 1 0.151025 0.243798 -0.00367567
FixedParameters: 0 0 0

#Transform 58
Transform: AffineTransform_float_3_3
Parameters: 1 -0.000349115 -0.000589932 0.000348885 1 -0.000195206 0.000590068 0.000194794 1 0.167121 0.247413 -0.00246606
FixedParameters: 0 0 0

#Transform 59
Transform: AffineTransform_float_3_3
Parameters: 1 -0.00014092 -0.000603019 0.00014108 1 0.000132915 0.000602981 -0.000133085 1 0.172965 0.221501 -0.00645463
FixedParameters: 0 0 0

#Transform 60
Transform: AffineTransform_float_3_3
Parameters: 1 -0.00014102 -0.000602995 0.000140979 1 -3.4085e-05 0.000603005 3.3915e-05 1 0.130323 0.224327 -0.00207832
FixedParameters: 0 0 0

#Transform 61
Transform: AffineTransform_float_3_3
Parameters: 1 -0.000140756 -0.000603057 0.000141244 1 0.000403915 0.000602943 -0.000404085 0.999999 0.20104 0.16874 -0.0136024
FixedParameters: 0 0 0

#Transform 62
Transform: AffineTransform_float_3_3
Parameters: 1 -0.000639016 -3.9738e-05 0.000638983 0.999999 -0.000410025 4.0262e-05 0.000409974 1 0.091216 0.263181 0.000184366
FixedParameters: 0 0 0

#Transform 63
Transform: AffineTransform_float_3_3
Parameters: 1 -0.000573974 -0.000385038 0.000574026 1 6.6779e-05 0.000384961 -6.7221e-05 1 0.155474 0.241506 -0.0114858
FixedParameters: 0 0 0

#Transform 64
Transform: AffineTransform_float_3_3
Parameters: 1 -0.000945848 -0.000399361 0.000946154 1 0.000381622 0.000399639 -0.000382378 1 0.160922 0.17177 -0.0116569
FixedParameters: 0 0 0

#Transform 65
Transform: AffineTransform_float_3_3
Parameters: 1 -0.000789641 -0.000916449 0.000789361 1 -0.000698724 0.000916552 0.000698277 1 0.199718 0.299562 -0.0415262
FixedParameters: 0 0 0

#Transform 66
Transform: AffineTransform_float_3_3
Parameters: 0.999999 -0.000781226 -0.000410568 0.000780773 0.999999 -0.00055232 0.000410431 0.000551679 1 0.149532 0.256254 0.00271754
FixedParameters: 0 0 0

#Transform 67
Transform: AffineTransform_float_3_3
Parameters: 0.999999 -0.000694066 -0.00065893 0.000693933 1 -0.000100457 0.000659069 0.000100543 1 0.199508 0.249296 -0.013272
FixedParameters: 0 0 0

#Transform 68
Transform: AffineTransform_float_3_3
Parameters: 1 -0.0007815 -0.000831531 0.0007815 0.999999 -0.00060165 0.00083147 0.000600351 1 0.187298 0.288162 0.0167505
FixedParameters: 0 0 0

#Transform 69
Transform: AffineTransform_float_3_3
Parameters: 0.999999 -0.000564114 -0.00116395 0.000563886 1 -9.86564e-05 0.00116406 9.73434e-05 1 0.217463 0.223925 -0.00890184
FixedParameters: 0 0 0

#Transform 70
Transform: AffineTransform_float_3_3
Parameters: 1 -0.000628177 -0.000820864 0.000628823 1 -0.000216516 0.000821136 0.000215484 0.999999 0.205076 0.266699 -0.00118556
FixedParameters: 0 0 0

#Transform 71
Transform: AffineTransform_float_3_3
Parameters: 0.999999 -0.000494104 -0.000795935 0.000493895 1 -0.000131393 0.000796064 0.000130607 0.999999 0.192777 0.236377 -0.0052751
FixedParameters: 0 0 0

#Transform 72
Transform: AffineTransform_float_3_3
Parameters: 0.999999 -0.000297991 -0.000811003 0.000298009 1 1.07583e-05 0.000810996 -1.12417e-05 0.999999 0.175634 0.220415 -0.00541666
FixedParameters: 0 0 0

#Transform 73
Transform: AffineTransform_float_3_3
Parameters: 1 -0.000298445 -0.00114688 0.000298555 1 -0.000388343 0.00114712 0.000387658 1 0.228766 0.267231 0.0067618
FixedParameters: 0 0 0

#Transform 74
Transform: AffineTransform_float_3_3
Parameters: 0.999999 -0.000157052 -0.000757989 0.000156948 1 -6.9119e-05 0.00075801 6.8881e-05 0.999999 0.187377 0.225226 0.00229584
FixedParameters: 0 0 0

#Transform 75
Transform: AffineTransform_float_3_3
Parameters: 0.999999 2.78822e-05 -0.000818003 -2.81178e-05 1 -0.000143977 0.000817995 0.000144023 0.999999 0.1745 0.23422 -0.00351986
FixedParameters: 0 0 0

#Transform 76
Transform: AffineTransform_float_3_3
Parameters: 1 9.18719e-05 -0.00103301 -9.21281e-05 1 -0.000123905 0.00103299 0.000124095 1 0.194731 0.246539 -0.00204527
FixedParameters: 0 0 0

#Transform 77
Transform: AffineTransform_float_3_3
Parameters: 0.999999 -0.00060611 -0.000555879 0.000606889 1 -0.000199337 0.00055612 0.000198663 1 0.149259 0.243366 -0.00047105
FixedParameters: 0 0 0

#Transform 78
Transform: AffineTransform_float_3_3
Parameters: 0.999999 -0.000605968 -0.000556034 0.000606031 1 5.5663e-05 0.000555966 -5.63369e-05 1 0.161276 0.239143 -0.00434265
FixedParameters: 0 0 0

#Transform 79
Transform: AffineTransform_float_3_3
Parameters: 1 -2.40249e-05 -0.000360998 2.39751e-05 1 -6.90087e-05 0.000361002 6.89913e-05 1 0.116691 0.24154 -0.00373202
FixedParameters: 0 0 0

#Transform 80
Transform: AffineTransform_float_3_3
Parameters: 0.999999 0.000389017 -0.000887992 -0.000388983 1 1.93454e-05 0.000888007 -1.86546e-05 0.999999 0.176299 0.256525 -0.00548941
FixedParameters: 0 0 0

#Transform 81
Transform: AffineTransform_float_3_3
Parameters: 1 0.000389033 -0.000555977 -0.000388968 1 5.82163e-05 0.000556023 -5.87837e-05 1 0.12773 0.22953 -0.00329849
FixedParameters: 0 0 0

#Transform 82
Transform: AffineTransform_float_3_3
Parameters: 1 -0.000115177 -0.000555963 0.000115823 1 -0.000319064 0.000556037 0.000318936 1 0.119805 0.263951 0.00913697
FixedParameters: 0 0 0

#Transform 83
Transform: AffineTransform_float_3_3
Parameters: 1 -0.000162047 -0.00106999 0.000161953 1 -4.41733e-05 0.00107001 4.38267e-05 1 0.198229 0.249949 0.000214128
FixedParameters: 0 0 0

#Transform 84
Transform: AffineTransform_float_3_3
Parameters: 0.999999 -0.00016217 -0.000757963 0.000161831 1 -0.000223123 0.000758036 0.000223877 0.999999 0.173902 0.262882 -0.000447263
FixedParameters: 0 0 0

#Transform 85
Transform: AffineTransform_float_3_3
Parameters: 1 -0.000162058 -0.00047298 0.000161942 1 -0.000123077 0.00047302 0.000122923 1 0.131361 0.273485 0.00849394
FixedParameters: 0 0 0

#Transform 86
Transform: AffineTransform_float_3_3
Parameters: 1 -9.90383e-05 -0.000555993 9.89616e-05 1 -6.9055e-05 0.000556007 6.89449e-05 1 0.152766 0.285239 -0.00749694
FixedParameters: 0 0 0

#Transform 87
Transform: AffineTransform_float_3_3
Parameters: 0.999999 -0.00058798 -0.00055602 0.000588019 1 3.4673e-05 0.000555979 -3.53269e-05 1 0.157988 0.248639 -0.0022305
FixedParameters: 0 0 0

#Transform 88
Transform: AffineTransform_float_3_3
Parameters: 1 -0.00015501 -4.69685e-05 0.00015499 1 -0.000203007 4.70315e-05 0.000202993 1 0.0913688 0.267984 0.00264428
FixedParameters: 0 0 0

#Transform 89
Transform: AffineTransform_float_3_3
Parameters: 0.999999 -0.000736053 -0.000369894 0.000735946 0.999999 -0.000144272 0.000369106 0.000143728 1 0.141975 0.248804 0.00272094
FixedParameters: 0 0 0

#Transform 90
Transform: AffineTransform_float_3_3
Parameters: 0.999998 -0.00137092 -0.000818455 0.00137008 0.999999 -0.00112812 0.000820545 0.00112688 0.999999 0.193058 0.325735 0.0164547
FixedParameters: 0 0 0

#Transform 91
Transform: AffineTransform_float_3_3
Parameters: 0.999997 -0.00152528 -0.00179946 0.00152672 0.999999 0.000955256 0.00179754 -0.000958745 0.999998 0.272099 0.0831742 0.0109915
FixedParameters: 0 0 0

#Transform 92
Transform: AffineTransform_float_3_3
Parameters: 0.999999 -0.00131901 0.000585738 0.00131799 0.999997 0.00171577 -0.000588262 -0.00171523 0.999999 0.0756132 0.0348308 0.0398385
FixedParameters: 0 0 0

#Transform 93
Transform: AffineTransform_float_3_3
Parameters: 1 -0.000571973 -1.23402e-05 0.000572029 0.999997 0.00234299 1.16598e-05 -0.00234301 0.999998 0.110657 -0.0196749 0.0502758
FixedParameters: 0 0 0

#Transform 94
Transform: AffineTransform_float_3_3
Parameters: 1 -0.00105993 -0.000572986 0.00106107 0.999997 0.00187239 0.000571013 -0.00187361 0.999998 0.18082 0.0165895 0.0354188
FixedParameters: 0 0 0

#Transform 95
Transform: AffineTransform_float_3_3
Parameters: 1 -0.000958848 -0.000441334 0.000958155 1 0.000347577 0.000441667 -0.000347424 1 0.156228 0.200176 -0.0119534
FixedParameters: 0 0 0

#Transform 96
Transform: AffineTransform_float_3_3
Parameters: 0.999999 -0.00106136 -0.000830541 0.00106064 1 -0.000432881 0.000831459 0.000432118 0.999999 0.189868 0.281526 -0.0169422
FixedParameters: 0 0 0

#Transform 97
Transform: AffineTransform_float_3_3
Parameters: 0.999999 -0.00106081 -0.000785264 0.0010612 1 0.000248167 0.000784736 -0.000248833 0.999999 0.201598 0.267895 -0.0146305
FixedParameters: 0 0 0

#Transform 98
Transform: AffineTransform_float_3_3
Parameters: 0.999999 -0.00136586 -0.000594313 0.00136614 0.999999 0.000229188 0.000593686 -0.000229811 1 0.175999 0.255934 -0.0161253
FixedParameters: 0 0 0

#Transform 99
Transform: AffineTransform_float_3_3
Parameters: 0.999999 -0.00131694 -0.000182403 0.00131706 0.999999 0.00030576 0.000181597 -0.000306239 1 0.140133 0.25947 -0.011024
FixedParameters: 0 0 0

#Transform 100
Transform: AffineTransform_float_3_3
Parameters: 0.999998 -0.00147498 -0.000826026 0.00147501 0.999999 1.77816e-05 0.000825972 -1.92183e-05 0.999999 0.220198 0.275951 -0.00955609
FixedParameters: 0 0 0

#Transform 101
Transform: AffineTransform_float_3_3
Parameters: 0.999999 -0.001306 -0.000408015 0.00130601 0.999999 1.14671e-05 0.000407985 -1.15328e-05 1 0.185238 0.259983 -0.0104807
FixedParameters: 0 0 0

#Transform 102
Transform: AffineTransform_float_3_3
Parameters: 0.999999 -0.001238 -0.000165973 0.001238 0.999999 -2.22055e-05 0.000166028 2.27945e-05 1 0.154438 0.269128 0.000493804
FixedParameters: 0 0 0

#Transform 103
Transform: AffineTransform_float_3_3
Parameters: 0.999996 -0.00178161 -0.00189643 0.00178139 0.999999 -0.00032338 0.00189657 0.000319622 0.999998 0.320891 0.316228 -0.0149262
FixedParameters: 0 0 0

#Transform 104
Transform: AffineTransform_float_3_3
Parameters: 0.999998 -0.00159819 -0.000570456 0.0015978 0.999998 -0.000340912 0.000571544 0.000340087 1 0.196651 0.310345 -0.002127
FixedParameters: 0 0 0

#Transform 105
Transform: AffineTransform_float_3_3
Parameters: 0.999998 -0.00132857 -0.00143939 0.00132843 0.999999 0.000295088 0.00143961 -0.000296913 0.999999 0.308993 0.284185 -0.0203128
FixedParameters: 0 0 0

#Transform 106
Transform: AffineTransform_float_3_3
Parameters: 0.999998 -0.00178601 -0.00140399 0.00178599 0.999999 -9.50753e-06 0.00140401 6.49243e-06 0.999999 0.301522 0.290979 -0.0236733
FixedParameters: 0 0 0

#Transform 107
Transform: AffineTransform_float_3_3
Parameters: 0.999997 -0.00190004 -0.00160396 0.00189996 0.999998 -2.40475e-05 0.00160404 2.09523e-05 0.999998 0.324696 0.278296 -0.0151066
FixedParameters: 0 0 0

#Transform 108
Transform: AffineTransform_float_3_3
Parameters: 0.999999 -0.00139603 -0.000500927 0.00139597 0.999999 -5.26993e-05 0.000501073 5.23005e-05 1 0.202701 0.25504 -0.00203673
FixedParameters: 0 0 0

#Transform 109
Transform: AffineTransform_float_3_3
Parameters: 1 -0.000839815 -0.000579269 0.000840185 0.999999 0.000319513 0.000578732 -0.000319486 1 0.164317 0.227907 -0.0106901
FixedParameters: 0 0 0

#Transform 110
Transform: AffineTransform_float_3_3
Parameters: 0.999999 -0.00157108 -0.000856859 0.00157092 0.999999 -9.03461e-05 0.00085714 8.86535e-05 0.999999 0.243015 0.296483 -0.00988847
FixedParameters: 0 0 0

#Transform 111
Transform: AffineTransform_float_3_3
Parameters: 0.999998 -0.00157161 -0.00118719 0.00157139 0.999998 -0.000513866 0.00118881 0.000512133 0.999999 0.262341 0.331419 -0.0206361
FixedParameters: 0 0 0

#Transform 112
Transform: AffineTransform_float_3_3
Parameters: 0.999997 -0.00166385 -0.00180222 0.00166215 0.999998 -0.000472997 0.00180278 0.000470002 0.999999 0.355197 0.321555 -0.00608889
FixedParameters: 0 0 0

#Transform 113
Transform: AffineTransform_float_3_3
Parameters: 0.999999 -0.00118966 -0.000860467 0.00119034 0.999999 0.000391976 0.000860532 -0.000393024 0.999999 0.217013 0.2113 0.00611417
FixedParameters: 0 0 0

#Transform 114
Transform: AffineTransform_float_3_3
Parameters: 0.999998 -0.00157078 -0.000608574 0.00157122 0.999998 0.000365044 0.000608425 -0.000365956 0.999999 0.219883 0.236349 -0.00371266
FixedParameters: 0 0 0

#Transform 115
Transform: AffineTransform_float_3_3
Parameters: 0.999999 -0.00140201 -0.000575973 0.00140199 0.999999 -1.98075e-05 0.000576027 1.91924e-05 1 0.207767 0.263545 -0.00521382
FixedParameters: 0 0 0

#Transform 116
Transform: AffineTransform_float_3_3
Parameters: 1 -0.00108189 -0.000372321 0.00108211 1 0.000296597 0.00037268 -0.000296403 1 0.180921 0.261083 -0.00926295
FixedParameters: 0 0 0

#Transform 117
Transform: AffineTransform_float_3_3
Parameters: 0.999998 -0.00114826 -0.00117375 0.00114774 1 -0.000222348 0.00117425 0.000220652 1 0.28197 0.293116 -0.0183224
FixedParameters: 0 0 0

#Transform 118
Transform: AffineTransform_float_3_3
Parameters: 0.999998 -0.00161707 -0.000641814 0.00161693 0.999998 -0.000115038 0.000642185 0.000113962 1 0.174088 0.258108 0.000896659
FixedParameters: 0 0 0

#Transform 119
Transform: AffineTransform_float_3_3
Parameters: 0.999968 -0.00173909 -0.00781382 0.00161691 0.999877 -0.0156041 0.00784017 0.0155909 0.999847 0.727028 1.57175 -0.324385
FixedParameters: 0 0 0

#Transform 120
Transform: AffineTransform_float_3_3
Parameters: 0.99996 0.000605267 -0.00886113 -0.000828736 0.999681 -0.0252677 0.00884288 0.0252734 0.999642 0.778286 2.45774 -0.551669
FixedParameters: 0 0 0

#Transform 121
Transform: AffineTransform_float_3_3
Parameters: 0.999993 -0.00108107 -0.00337971 0.00105793 0.999976 -0.00681862 0.00338729 0.00681538 0.999971 0.356668 0.90594 -0.232393
FixedParameters: 0 0 0

#Transform 122
Transform: AffineTransform_float_3_3
Parameters: 0.999994 -0.00120346 -0.00328658 0.00118354 0.99998 -0.00622093 0.00329342 0.00621708 0.999975 0.357938 0.872614 -0.210335
FixedParameters: 0 0 0

#Transform 123
Transform: AffineTransform_float_3_3
Parameters: 0.999994 -0.000463429 -0.00359143 0.000443575 0.999983 -0.00568663 0.00359358 0.00568537 0.999978 0.400843 0.836279 -0.199097
FixedParameters: 0 0 0

#Transform 124
Transform: AffineTransform_float_3_3
Parameters: 0.999995 -0.000906614 -0.00318905 0.000889389 0.999985 -0.00551987 0.00319396 0.00551713 0.999979 0.341484 0.821276 -0.203947
FixedParameters: 0 0 0

#Transform 125
Transform: AffineTransform_float_3_3
Parameters: 0.999995 -0.000769115 -0.0032255 0.000749888 0.999982 -0.00592345 0.0032295 0.00592055 0.999978 0.348436 0.855924 -0.178729
FixedParameters: 0 0 0

#Transform 126
Transform: AffineTransform_float_3_3
Parameters: 0.999996 -0.00114305 -0.00283619 0.00112595 0.999982 -0.00600522 0.00284281 0.00600178 0.999978 0.328223 0.866523 -0.197367
FixedParameters: 0 0 0

#Transform 127
Transform: AffineTransform_float_3_3
Parameters: 0.999992 -0.00169723 -0.00359753 0.00167678 0.999983 -0.00561707 0.00360647 0.00561192 0.999978 0.434019 0.8344 -0.203733
FixedParameters: 0 0 0

#Transform 128
Transform: AffineTransform_float_3_3
Parameters: 0.999991 -0.00111555 -0.00405587 0.00109245 0.999984 -0.00555848 0.00406113 0.00555352 0.999977 0.469205 0.832269 -0.189507
FixedParameters: 0 0 0

#Transform 129
Transform: AffineTransform_float_3_3
Parameters: 0.999992 -0.00112731 -0.00367994 0.00110369 0.99998 -0.00633111 0.00368606 0.00632689 0.999973 0.441008 0.894663 -0.182512
FixedParameters: 0 0 0

#Transform 130
Transform: AffineTransform_float_3_3
Parameters: 0.999992 -0.00107197 -0.00383575 0.00105303 0.999987 -0.00494408 0.00384025 0.00493993 0.999981 0.421464 0.772419 -0.170368
FixedParameters: 0 0 0

#Transform 131
Transform: AffineTransform_float_3_3
Parameters: 0.999988 -0.000604019 -0.00470973 0.00057798 0.999984 -0.00552378 0.00471326 0.00552121 0.999973 0.527111 0.818489 -0.185018
FixedParameters: 0 0 0

#Transform 132
Transform: AffineTransform_float_3_3
Parameters: 0.999992 -0.00108727 -0.00379397 0.00106573 0.999983 -0.00560309 0.00380003 0.00559891 0.999977 0.43457 0.833582 -0.149485
FixedParameters: 0 0 0

#Transform 133
Transform: AffineTransform_float_3_3
Parameters: 0.999994 -0.00103286 -0.00323072 0.00101315 0.99998 -0.00614231 0.00323628 0.00613869 0.999976 0.373063 0.883355 -0.225358
FixedParameters: 0 0 0

#Transform 134
Transform: AffineTransform_float_3_3
Parameters: 0.999994 -0.000466538 -0.00322579 0.000451462 0.999989 -0.00481548 0.00322821 0.00481452 0.999983 0.374223 0.79759 -0.219931
FixedParameters: 0 0 0

#Transform 135
Transform: AffineTransform_float_3_3
Parameters: 0.999994 -0.00108106 -0.0033662 0.00106595 0.99999 -0.00447062 0.0033708 0.00446739 0.999985 0.416048 0.807796 -0.268523
FixedParameters: 0 0 0

#Transform 136
Transform: AffineTransform_float_3_3
Parameters: 0.999996 -0.00107821 -0.0026681 0.00106579 0.999989 -0.00457286 0.0026729 0.00457014 0.999986 0.342048 0.783587 -0.254294
FixedParameters: 0 0 0

#Transform 137
Transform: AffineTransform_float_3_3
Parameters: 0.999995 -0.000603694 -0.00309698 0.000587306 0.999987 -0.00506585 0.00310002 0.00506416 0.999983 0.370095 0.821474 -0.198704
FixedParameters: 0 0 0

#Transform 138
Transform: AffineTransform_float_3_3
Parameters: 0.999996 -0.000780364 -0.00277099 0.000766636 0.999987 -0.00518115 0.00277501 0.00517886 0.999982 0.34391 0.837138 -0.215519
FixedParameters: 0 0 0

#Transform 139
Transform: AffineTransform_float_3_3
Parameters: 0.999996 -0.000778779 -0.00272638 0.000766218 0.999988 -0.00468511 0.00273062 0.00468289 0.999986 0.325344 0.782137 -0.174675
FixedParameters: 0 0 0

#Transform 140
Transform: AffineTransform_float_3_3
Parameters: 0.999994 -0.000350665 -0.00325956 0.000337336 0.999991 -0.00419112 0.00326144 0.00419088 0.999986 0.36347 0.737995 -0.166847
FixedParameters: 0 0 0

#Transform 141
Transform: AffineTransform_float_3_3
Parameters: 0.999995 -0.000660677 -0.00305987 0.000646323 0.999989 -0.004795 0.00306313 0.004793 0.999984 0.374453 0.790086 -0.19068
FixedParameters: 0 0 0

#Transform 142
Transform: AffineTransform_float_3_3
Parameters: 0.999995 -0.000331096 -0.00307531 0.000314906 0.999987 -0.00523299 0.00307669 0.00523201 0.999981 0.355231 0.849999 -0.183991
FixedParameters: 0 0 0

#Transform 143
Transform: AffineTransform_float_3_3
Parameters: 0.999994 -0.000513956 -0.0033523 0.000496043 0.999985 -0.00535569 0.0033547 0.0053533 0.99998 0.393081 0.855618 -0.201293
FixedParameters: 0 0 0

#Transform 144
Transform: AffineTransform_float_3_3
Parameters: 0.999994 -0.000579022 -0.0032407 0.000565976 0.999992 -0.00401785 0.0032433 0.00401614 0.999986 0.388542 0.744052 -0.164472
FixedParameters: 0 0 0

#Transform 145
Transform: AffineTransform_float_3_3
Parameters: 0.999996 -0.000344023 -0.00260621 0.000337978 0.999998 -0.00231089 0.00260679 0.00231011 0.999994 0.2962 0.574766 -0.124397
FixedParameters: 0 0 0

#Transform 146
Transform: AffineTransform_float_3_3
Parameters: 0.999996 -0.000498127 -0.00302571 0.000483878 0.999989 -0.00466749 0.00302729 0.00466652 0.999985 0.350546 0.785431 -0.157934
FixedParameters: 0 0 0

#Transform 147
Transform: AffineTransform_float_3_3
Parameters: 0.999996 -0.000688081 -0.00279654 0.000677922 0.999994 -0.00360391 0.00279846 0.00360209 0.999989 0.319309 0.688576 -0.138044
FixedParameters: 0 0 0

#Transform 148
Transform: AffineTransform_float_3_3
Parameters: 0.999995 -0.000770578 -0.00282413 0.000759424 0.999992 -0.00374416 0.00282686 0.00374284 0.999989 0.323547 0.709133 -0.158608
FixedParameters: 0 0 0

#Transform 149
Transform: AffineTransform_float_3_3
Parameters: 0.999996 -0.000771708 -0.00273372 0.000759292 0.999991 -0.0042811 0.00273727 0.00427891 0.999987 0.325005 0.757293 -0.149557
FixedParameters: 0 0 0

#Transform 150
Transform: AffineTransform_float_3_3
Parameters: 0.999997 -0.00076951 -0.00243001 0.00075949 0.999992 -0.00391186 0.00243299 0.00391014 0.99999 0.298744 0.721491 -0.151544
FixedParameters: 0 0 0

#Transform 151
Transform: AffineTransform_float_3_3
Parameters: 0.999996 -0.000771208 -0.00292407 0.000759793 0.999993 -0.00383224 0.00292693 0.00382976 0.999989 0.323529 0.733774 -0.166198
FixedParameters: 0 0 0

#Transform 152
Transform: AffineTransform_float_3_3
Parameters: 0.999996 -0.00150368 -0.00247354 0.00149333 0.99999 -0.00431171 0.00247946 0.00430829 0.999987 0.298955 0.718241 -0.0677679
FixedParameters: 0 0 0

#Transform 153
Transform: AffineTransform_float_3_3
Parameters: 0.999994 -0.00242401 -0.00242601 0.00241799 0.999994 -0.00247888 0.00243199 0.00247312 0.999994 0.33666 0.543017 -0.0238791
FixedParameters: 0 0 0

#Transform 154
Transform: AffineTransform_float_3_3
Parameters: 0.999995 -0.00209807 -0.00231322 0.00208494 0.999982 -0.00563585 0.00232478 0.00563115 0.999982 0.293026 0.841687 -0.124156
FixedParameters: 0 0 0

#Transform 155
Transform: AffineTransform_float_3_3
Parameters: 0.999998 -0.00158707 -0.00166498 0.00158593 0.999998 -0.000646642 0.00166602 0.000643358 0.999999 0.230216 0.363782 -0.0309625
FixedParameters: 0 0 0

#Transform 156
Transform: AffineTransform_float_3_3
Parameters: 0.999977 -0.000985912 -0.00679963 0.000904101 0.999927 -0.0120384 0.00681038 0.0120326 0.999905 0.752568 1.46292 -0.657127
FixedParameters: 0 0 0

#Transform 157
Transform: AffineTransform_float_3_3
Parameters: 0.99999 -0.000937432 -0.00438927 0.000915568 0.999986 -0.00511007 0.00439374 0.00510593 0.999978 0.533467 0.875265 -0.286595
FixedParameters: 0 0 0

#Transform 158
Transform: AffineTransform_float_3_3
Parameters: 0.999988 -0.00089447 -0.00477139 0.000874531 0.999992 -0.00408122 0.00477461 0.00407678 0.999981 0.568098 0.790919 -0.281012
FixedParameters: 0 0 0

#Transform 159
Transform: AffineTransform_float_3_3
Parameters: 0.999992 -0.000945031 -0.00393194 0.000927974 0.99999 -0.00433068 0.00393505 0.00432732 0.999983 0.49142 0.817294 -0.238964
FixedParameters: 0 0 0

#Transform 160
Transform: AffineTransform_float_3_3
Parameters: 0.99999 -0.00100845 -0.00431573 0.000990548 0.999991 -0.00427532 0.00432028 0.00427069 0.999982 0.515592 0.80028 -0.229684
FixedParameters: 0 0 0

#Transform 161
Transform: AffineTransform_float_3_3
Parameters: 0.999992 -0.000594439 -0.00413667 0.000578562 0.999992 -0.00397443 0.00413833 0.00397157 0.999983 0.493409 0.782732 -0.216203
FixedParameters: 0 0 0

#Transform 162
Transform: AffineTransform_float_3_3
Parameters: 0.999991 -0.000618734 -0.00435424 0.000599268 0.999989 -0.00453165 0.00435676 0.00452935 0.999981 0.513209 0.819519 -0.195967
FixedParameters: 0 0 0

#Transform 163
Transform: AffineTransform_float_3_3
Parameters: 0.99999 -0.000839344 -0.00422678 0.000822653 0.999992 -0.00386751 0.00423021 0.00386348 0.999983 0.5131 0.773145 -0.231423
FixedParameters: 0 0 0

#Transform 164
Transform: AffineTransform_float_3_3
Parameters: 0.999991 -0.000942252 -0.0041321 0.000924749 0.999991 -0.00417486 0.00413589 0.00417114 0.999982 0.49709 0.785922 -0.214927
FixedParameters: 0 0 0

#Transform 165
Transform: AffineTransform_float_3_3
Parameters: 0.999993 -0.000937531 -0.00380093 0.000924468 0.999994 -0.00329754 0.00380407 0.00329346 0.999988 0.468686 0.672234 -0.171314
FixedParameters: 0 0 0

#Transform 166
Transform: AffineTransform_float_3_3
Parameters: 0.999997 -0.000932774 -0.00197535 0.000925227 0.999992 -0.00393284 0.00197865 0.00393116 0.999991 0.269514 0.704192 -0.118481
FixedParameters: 0 0 0

#Transform 167
Transform: AffineTransform_float_3_3
Parameters: 0.999996 -0.00128958 -0.0026128 0.00127842 0.999991 -0.00404736 0.00261819 0.00404464 0.999989 0.359019 0.764671 -0.163747
FixedParameters: 0 0 0

#Transform 168
Transform: AffineTransform_float_3_3
Parameters: 0.999996 -0.00098017 -0.00260857 0.000971832 0.999994 -0.00351455 0.00261143 0.00351146 0.999991 0.33799 0.738847 -0.14678
FixedParameters: 0 0 0

#Transform 169
Transform: AffineTransform_float_3_3
Parameters: 0.999994 -0.000811252 -0.00317664 0.000797747 0.999991 -0.00417056 0.00318035 0.00416844 0.999987 0.393451 0.797722 -0.184821
FixedParameters: 0 0 0

#Transform 170
Transform: AffineTransform_float_3_3
Parameters: 0.999995 -0.000744819 -0.00302736 0.000734186 0.999994 -0.00357224 0.00302964 0.00357076 0.999989 0.394898 0.734689 -0.178227
FixedParameters: 0 0 0

#Transform 171
Transform: AffineTransform_float_3_3
Parameters: 0.999996 -0.000624793 -0.00269298 0.000616204 0.999994 -0.00326567 0.00269503 0.00326333 0.999991 0.338783 0.714753 -0.166598
FixedParameters: 0 0 0

#Transform 172
Transform: AffineTransform_float_3_3
Parameters: 0.999995 -0.000814211 -0.00286083 0.000802786 0.999992 -0.00391831 0.00286417 0.00391569 0.999988 0.363685 0.759308 -0.178444
FixedParameters: 0 0 0

#Transform 173
Transform: AffineTransform_float_3_3
Parameters: 0.999994 -0.00169878 -0.00298332 0.00168722 0.999991 -0.00394606 0.00298968 0.00394094 0.999988 0.40061 0.75619 -0.141686
FixedParameters: 0 0 0

#Transform 174
Transform: AffineTransform_float_3_3
Parameters: 0.999994 -0.001523 -0.00328793 0.00151201 0.999994 -0.00334399 0.00329307 0.00333901 0.999989 0.429589 0.705239 -0.151055
FixedParameters: 0 0 0

#Transform 175
Transform: AffineTransform_float_3_3
Parameters: 0.999995 -0.00103139 -0.00318101 0.00101961 0.999992 -0.00389427 0.003185 0.00389074 0.999988 0.410313 0.764339 -0.172226
FixedParameters: 0 0 0

#Transform 176
Transform: AffineTransform_float_3_3
Parameters: 0.999994 -0.00120449 -0.00345902 0.00119351 0.999994 -0.00332115 0.00346298 0.00331685 0.999989 0.42833 0.715543 -0.172029
FixedParameters: 0 0 0

#Transform 177
Transform: AffineTransform_float_3_3
Parameters: 0.999993 -0.00160774 -0.00344894 0.00159926 0.999995 -0.00253553 0.00345306 0.00252947 0.999991 0.449324 0.610834 -0.122852
FixedParameters: 0 0 0

#Transform 178
Transform: AffineTransform_float_3_3
Parameters: 0.999993 -0.000974457 -0.00357162 0.000947547 0.99997 -0.00768144 0.00357838 0.00767757 0.999964 0.420435 1.05603 -0.2411
FixedParameters: 0 0 0

#Transform 179
Transform: AffineTransform_float_3_3
Parameters: 0.999992 -0.00148134 -0.00373116 0.00146366 0.999988 -0.0046455 0.00373884 0.0046405 0.999982 0.468466 0.820872 -0.161433
FixedParameters: 0 0 0
