# transform file /out/sourcedata/freesurfer/sub-v2s8x29190_ses-1/mri/transforms/cc_up.lta
# created by oesteban on Sat Mar 14 01:54:53 2026

type      = 0 # LINEAR_VOX_TO_VOX
nxforms   = 1
mean      = 129.0000 124.0000 121.0000
sigma     = 10000.0000
1 4 4
9.971500039100647e-01 7.425257563591003e-02 1.335720252245665e-02 -1.303300476074219e+01 
-7.424591481685638e-02 9.972394704818726e-01 -9.945521596819162e-04 2.318271827697754e+01 
-1.339417789131403e-02 0.000000000000000e+00 9.999102950096130e-01 2.577039146423340e+01 
0.000000000000000e+00 0.000000000000000e+00 0.000000000000000e+00 1.000000000000000e+00 
src volume info
valid = 1  # volume info valid
filename = /out/sourcedata/freesurfer/sub-v2s8x29190_ses-1/mri/norm.mgz
volume = 256 256 256
voxelsize = 1.000000000000000e+00 1.000000000000000e+00 1.000000000000000e+00
xras   = -1.000000000000000e+00 0.000000000000000e+00 0.000000000000000e+00
yras   = 0.000000000000000e+00 0.000000000000000e+00 -1.000000000000000e+00
zras   = 0.000000000000000e+00 1.000000000000000e+00 0.000000000000000e+00
cras   = -6.563796997070312e+00 1.000000000000000e+00 2.771072387695312e-01
dst volume info
valid = 1  # volume info valid
filename = /out/sourcedata/freesurfer/sub-v2s8x29190_ses-1/mri/norm.mgz
volume = 256 256 256
voxelsize = 1.000000000000000e+00 1.000000000000000e+00 1.000000000000000e+00
xras   = -1.000000000000000e+00 0.000000000000000e+00 0.000000000000000e+00
yras   = 0.000000000000000e+00 0.000000000000000e+00 -1.000000000000000e+00
zras   = 0.000000000000000e+00 1.000000000000000e+00 0.000000000000000e+00
cras   = -6.563796997070312e+00 1.000000000000000e+00 2.771072387695312e-01
