#Insight Transform File V1.0
#Transform 0
Transform: AffineTransform_float_3_3
Parameters: 1 -0.000388211 -0.00028171 0.00038779 0.999999 -0.000748109 0.00028129 0.00074789 0.999999 0.100033 0.108502 0.420475
FixedParameters: 0 0 0

#Transform 1
Transform: AffineTransform_float_3_3
Parameters: 0.999999 0.000725865 0.000420231 -0.000726133 0.999999 0.000318695 -0.000419768 -0.000319305 1 0.00369051 0.0201462 0.0113883
FixedParameters: 0 0 0

#Transform 2
Transform: AffineTransform_float_3_3
Parameters: 0.999999 0.000979001 3.59363e-05 -0.000978997 0.999999 -6.50352e-05 -3.60636e-05 6.49647e-05 1 0.02105 0.114287 -0.00102465
FixedParameters: 0 0 0

#Transform 3
Transform: AffineTransform_float_3_3
Parameters: 1 0.00117113 0.000236382 -0.00117088 0.999999 -0.000528277 -0.000237618 0.000527722 1 0.0118579 0.157754 -0.00658332
FixedParameters: 0 0 0

#Transform 4
Transform: AffineTransform_float_3_3
Parameters: 0.999999 0.00121809 0.000274595 -0.00121791 0.999999 -0.000332335 -0.000274405 0.000332666 1 0.0098157 0.150448 -0.00306188
FixedParameters: 0 0 0

#Transform 5
Transform: AffineTransform_float_3_3
Parameters: 0.999999 0.00127151 -0.000340851 -0.00127149 0.999998 -0.00145557 0.00033815 0.00145543 0.999999 0.0476767 0.201284 0.00868278
FixedParameters: 0 0 0

#Transform 6
Transform: AffineTransform_float_3_3
Parameters: 0.999999 0.00134827 0.000303808 -0.00134773 0.999998 -0.00088441 -0.000305192 0.000884589 0.999999 -0.00830786 0.118208 0.051632
FixedParameters: 0 0 0

#Transform 7
Transform: AffineTransform_float_3_3
Parameters: 1 0.001108 -6.21273e-06 -0.001108 1 -0.000191993 5.78726e-06 0.000192007 1 0.0291118 0.106144 0.00860643
FixedParameters: 0 0 0

#Transform 8
Transform: AffineTransform_float_3_3
Parameters: 1 0.00109902 0.000101842 -0.00109899 1 -0.000144112 -0.000102158 0.000143888 1 0.0170734 0.0906273 0.0128566
FixedParameters: 0 0 0

#Transform 9
Transform: AffineTransform_float_3_3
Parameters: 1 0.00104202 7.87791e-05 -0.00104198 1 -0.000212082 -7.82209e-05 0.000211919 1 0.018283 0.0938263 0.0130854
FixedParameters: 0 0 0

#Transform 10
Transform: AffineTransform_float_3_3
Parameters: 1 0.00115101 3.57963e-05 -0.00115099 1 -0.000177041 -3.52037e-05 0.00017696 1 0.0209526 0.120341 0.00964914
FixedParameters: 0 0 0

#Transform 11
Transform: AffineTransform_float_3_3
Parameters: 0.999999 0.000980989 -6.11687e-05 -0.00098101 0.999999 -0.00017194 6.08312e-05 0.00017206 1 0.0263861 0.125696 0.00821881
FixedParameters: 0 0 0

#Transform 12
Transform: AffineTransform_float_3_3
Parameters: 0.999999 0.00139893 -0.000339286 -0.00139907 0.999999 -0.000204526 0.000338714 0.000204474 1 0.0361172 0.114852 0.0032983
FixedParameters: 0 0 0

#Transform 13
Transform: AffineTransform_float_3_3
Parameters: 1 0.00101 2.69798e-05 -0.00101 1 -2.00273e-05 -2.70202e-05 1.99727e-05 1 0.0212467 0.116089 0.00202912
FixedParameters: 0 0 0

#Transform 14
Transform: AffineTransform_float_3_3
Parameters: 1 0.00115399 -4.0442e-05 -0.00115402 1 -0.000382954 3.9558e-05 0.000383046 1 0.0254398 0.15636 0.0133248
FixedParameters: 0 0 0

#Transform 15
Transform: AffineTransform_float_3_3
Parameters: 1 0.0010509 -0.000175595 -0.0010511 1 -0.000565816 0.000174405 0.000566184 1 0.0332911 0.159501 0.0193282
FixedParameters: 0 0 0

#Transform 16
Transform: AffineTransform_float_3_3
Parameters: 1 0.00117898 -6.54291e-05 -0.00117902 0.999999 -0.000363923 6.55708e-05 0.000364078 1 0.0346894 0.150543 0.0190693
FixedParameters: 0 0 0

#Transform 17
Transform: AffineTransform_float_3_3
Parameters: 0.999998 0.001699 9.47839e-06 -0.001699 0.999998 -0.000307016 -1.05216e-05 0.000306982 1 0.0232469 0.14438 0.0128651
FixedParameters: 0 0 0

#Transform 18
Transform: AffineTransform_float_3_3
Parameters: 0.999998 0.00166795 -0.000144527 -0.00166804 0.999998 -0.000315759 0.000144473 0.000316241 1 0.0359552 0.155627 0.00902562
FixedParameters: 0 0 0

#Transform 19
Transform: AffineTransform_float_3_3
Parameters: 0.999999 0.00154601 -0.00011689 -0.00154599 0.999999 7.11808e-05 0.00011711 -7.0819e-05 1 0.0424453 0.159888 -0.00196527
FixedParameters: 0 0 0

#Transform 20
Transform: AffineTransform_float_3_3
Parameters: 0.999999 0.00128302 -0.000108763 -0.00128298 0.999999 0.00018514 0.000109239 -0.00018586 1 0.0312702 0.163861 -0.0121582
FixedParameters: 0 0 0

#Transform 21
Transform: AffineTransform_float_3_3
Parameters: 0.999999 0.00128699 -0.000268053 -0.00128701 0.999999 -4.06551e-05 0.000267947 4.13449e-05 1 0.0440985 0.143517 -0.000422764
FixedParameters: 0 0 0

#Transform 22
Transform: AffineTransform_float_3_3
Parameters: 0.999999 0.00148602 -0.000267873 -0.00148598 0.999999 8.53981e-05 0.000267126 -8.46031e-05 1 0.0529343 0.139587 -0.00671855
FixedParameters: 0 0 0

#Transform 23
Transform: AffineTransform_float_3_3
Parameters: 0.999999 0.00147298 4.75067e-05 -0.00147302 0.999999 0.00034393 -4.74932e-05 -0.00034407 1 0.0446561 0.14029 -0.0203695
FixedParameters: 0 0 0

#Transform 24
Transform: AffineTransform_float_3_3
Parameters: 0.999999 0.00153304 -6.20019e-05 -0.00153296 0.999998 0.000651095 6.29979e-05 -0.000650904 1 0.052465 0.163838 -0.0472858
FixedParameters: 0 0 0

#Transform 25
Transform: AffineTransform_float_3_3
Parameters: 1 0.00112398 0.000347077 -0.00112402 1 6.86099e-05 -0.000346922 -6.939e-05 1 0.0249886 0.204872 -0.0476714
FixedParameters: 0 0 0

#Transform 26
Transform: AffineTransform_float_3_3
Parameters: 0.999999 0.001577 7.69825e-05 -0.001577 0.999999 -1.11214e-05 -7.70172e-05 1.08786e-05 1 0.053769 0.239756 -0.0817036
FixedParameters: 0 0 0

#Transform 27
Transform: AffineTransform_float_3_3
Parameters: 0.999999 0.00127901 0.000173896 -0.00127899 0.999999 -8.12225e-05 -0.000173103 8.07787e-05 1 0.0444567 0.237691 -0.0730931
FixedParameters: 0 0 0

#Transform 28
Transform: AffineTransform_float_3_3
Parameters: 1 0.00109609 0.000486788 -0.00109591 1 -0.000193534 -0.000487211 0.000192466 1 0.0429465 0.283814 -0.138659
FixedParameters: 0 0 0

#Transform 29
Transform: AffineTransform_float_3_3
Parameters: 0.999999 0.00132381 0.000651391 -0.00132419 0.999999 0.000295138 -0.000650609 -0.000295862 0.999999 0.0221063 0.251092 -0.13827
FixedParameters: 0 0 0

#Transform 30
Transform: AffineTransform_float_3_3
Parameters: 0.999999 0.000908293 0.00100164 -0.000908708 1 0.000706091 -0.00100136 -0.000706911 0.999999 0.010182 0.217501 -0.139103
FixedParameters: 0 0 0

#Transform 31
Transform: AffineTransform_float_3_3
Parameters: 1 0.000931245 0.000736955 -0.000931755 0.999999 0.00102431 -0.000736045 -0.00102569 0.999999 0.0327207 0.172438 -0.0712709
FixedParameters: 0 0 0

#Transform 32
Transform: AffineTransform_float_3_3
Parameters: 1 0.000741671 0.000830294 -0.000741329 0.999999 0.000396384 -0.000829706 -0.000396615 0.999999 0.0389911 0.218197 -0.0479425
FixedParameters: 0 0 0

#Transform 33
Transform: AffineTransform_float_3_3
Parameters: 1 0.000981977 0.000715031 -0.000982022 0.999999 3.12978e-05 -0.000714969 -3.17021e-05 0.999999 0.0586693 0.25019 -0.0796206
FixedParameters: 0 0 0

#Transform 34
Transform: AffineTransform_float_3_3
Parameters: 0.999999 0.00100382 0.00152746 -0.00100218 1 -0.000534532 -0.00152854 0.000533467 0.999998 0.00536955 0.292204 -0.120087
FixedParameters: 0 0 0

#Transform 35
Transform: AffineTransform_float_3_3
Parameters: 0.999999 0.000866896 0.00152693 -0.000865104 0.999999 -0.00124232 -0.00152808 0.00124068 0.999998 0.00396028 0.355145 -0.17684
FixedParameters: 0 0 0

#Transform 36
Transform: AffineTransform_float_3_3
Parameters: 0.999998 0.000370146 0.00189639 -0.000367853 0.999998 -0.0016597 -0.00189661 0.0016583 0.999997 -0.0218321 0.380219 -0.163641
FixedParameters: 0 0 0

#Transform 37
Transform: AffineTransform_float_3_3
Parameters: 0.999998 0.000370266 0.0019964 -0.000367735 0.999998 -0.00163574 -0.0019966 0.00163526 0.999996 -0.0274363 0.370801 -0.124912
FixedParameters: 0 0 0

#Transform 38
Transform: AffineTransform_float_3_3
Parameters: 0.999998 0.000243382 0.00190857 -0.000239617 0.999999 -0.00177246 -0.00190943 0.00177154 0.999996 -0.0147646 0.393536 -0.124725
FixedParameters: 0 0 0

#Transform 39
Transform: AffineTransform_float_3_3
Parameters: 0.999999 -7.59263e-05 0.00177818 8.00754e-05 0.999998 -0.00229086 -0.00177882 0.00229114 0.999996 0.00228314 0.436434 -0.165392
FixedParameters: 0 0 0

#Transform 40
Transform: AffineTransform_float_3_3
Parameters: 0.999998 0.000370514 0.00158818 -0.000367486 0.999998 -0.00221259 -0.00158882 0.00221142 0.999997 0.0141938 0.421935 -0.137299
FixedParameters: 0 0 0

#Transform 41
Transform: AffineTransform_float_3_3
Parameters: 0.999999 0.000570744 0.00132125 -0.000569255 0.999999 -0.00131975 -0.00132275 0.00131925 0.999999 0.0240037 0.358594 -0.0893299
FixedParameters: 0 0 0

#Transform 42
Transform: AffineTransform_float_3_3
Parameters: 0.999999 0.000624599 0.00121218 -0.0006234 0.999999 -0.00131976 -0.00121282 0.00131824 0.999999 0.0269027 0.368198 -0.10491
FixedParameters: 0 0 0

#Transform 43
Transform: AffineTransform_float_3_3
Parameters: 0.999999 0.000368319 0.00147667 -0.000367682 1 -0.000892544 -0.00147733 0.000892457 0.999998 0.00398289 0.338126 -0.11487
FixedParameters: 0 0 0

#Transform 44
Transform: AffineTransform_float_3_3
Parameters: 0.999999 0.000133473 0.00151096 -0.000132527 1 -0.000313201 -0.00151104 0.000312799 0.999999 -0.0168175 0.239468 -0.0201382
FixedParameters: 0 0 0

#Transform 45
Transform: AffineTransform_float_3_3
Parameters: 0.999999 -0.000245491 0.00155024 0.000246508 0.999999 -0.000972619 -0.00154976 0.000973381 0.999999 -0.00293582 0.296137 -0.0573978
FixedParameters: 0 0 0

#Transform 46
Transform: AffineTransform_float_3_3
Parameters: 0.999999 -0.00024726 0.00152412 0.00024774 1 -0.000485623 -0.00152388 0.000485377 0.999998 -0.001344 0.308019 -0.129218
FixedParameters: 0 0 0

#Transform 47
Transform: AffineTransform_float_3_3
Parameters: 1 -8.87537e-06 0.00116301 1.01246e-05 0.999999 -0.000966988 -0.00116299 0.00096701 0.999999 0.0248674 0.370032 -0.221252
FixedParameters: 0 0 0

#Transform 48
Transform: AffineTransform_float_3_3
Parameters: 0.999999 0.000158305 0.00156477 -0.000155696 0.999999 -0.00147324 -0.00156423 0.00147275 0.999997 -0.00448754 0.389557 -0.208901
FixedParameters: 0 0 0

#Transform 49
Transform: AffineTransform_float_3_3
Parameters: 0.999999 0.000415989 0.00135139 -0.000414009 0.999999 -0.00147256 -0.00135261 0.00147144 0.999998 -0.0203258 0.381435 -0.162842
FixedParameters: 0 0 0

#Transform 50
Transform: AffineTransform_float_3_3
Parameters: 0.999999 0.000732504 0.00109199 -0.000731495 0.999999 -0.0013778 -0.00109301 0.0013762 0.999999 0.0138956 0.378602 -0.212614
FixedParameters: 0 0 0

#Transform 51
Transform: AffineTransform_float_3_3
Parameters: 1 0.00042044 0.00109245 -0.00041956 0.999999 -0.00131846 -0.00109255 0.00131754 0.999998 0.021082 0.396505 -0.219947
FixedParameters: 0 0 0

#Transform 52
Transform: AffineTransform_float_3_3
Parameters: 1 0.000324437 0.00109257 -0.000323565 0.999999 -0.00131435 -0.00109243 0.00131465 0.999998 0.0272796 0.395986 -0.240924
FixedParameters: 0 0 0

#Transform 53
Transform: AffineTransform_float_3_3
Parameters: 0.999998 0.000526051 0.00149993 -0.000522951 0.999998 -0.00203379 -0.00150007 0.00203321 0.999997 -0.0165341 0.429652 -0.195794
FixedParameters: 0 0 0

#Transform 54
Transform: AffineTransform_float_3_3
Parameters: 0.999998 0.000205118 0.00157973 -0.000202882 0.999999 -0.00134132 -0.00157927 0.00134068 0.999998 -0.0181514 0.39837 -0.172738
FixedParameters: 0 0 0

#Transform 55
Transform: AffineTransform_float_3_3
Parameters: 0.999998 -7.78526e-05 0.0016231 8.0147e-05 0.999999 -0.00132287 -0.00162289 0.00132313 0.999998 -0.0241393 0.377023 -0.12205
FixedParameters: 0 0 0

#Transform 56
Transform: AffineTransform_float_3_3
Parameters: 0.999999 0.000328212 0.00148773 -0.000326787 0.999999 -0.000815486 -0.00148827 0.000814512 0.999998 -0.0250972 0.354063 -0.141837
FixedParameters: 0 0 0

#Transform 57
Transform: AffineTransform_float_3_3
Parameters: 1 0.00057655 0.00085563 -0.000576449 0.999999 -0.000643494 -0.000856371 0.000642507 1 0.00957648 0.352021 -0.179519
FixedParameters: 0 0 0

#Transform 58
Transform: AffineTransform_float_3_3
Parameters: 0.999999 0.000577745 0.00123665 -0.000576253 0.999999 -0.000603713 -0.00123735 0.000602286 0.999999 -0.0122093 0.364953 -0.184142
FixedParameters: 0 0 0

#Transform 59
Transform: AffineTransform_float_3_3
Parameters: 0.999999 0.000729261 0.00118584 -0.000729738 0.999999 -0.000220866 -0.00118616 0.000220135 1 -0.0171952 0.32722 -0.191344
FixedParameters: 0 0 0

#Transform 60
Transform: AffineTransform_float_3_3
Parameters: 1 0.00074322 0.000934824 -0.000742779 0.999999 -0.000236694 -0.000934175 0.000235306 0.999999 0.0083512 0.345762 -0.239466
FixedParameters: 0 0 0

#Transform 61
Transform: AffineTransform_float_3_3
Parameters: 1 0.000607936 0.000859339 -0.000607064 0.999999 -0.00108952 -0.000859662 0.00108848 0.999999 0.0104684 0.384739 -0.236131
FixedParameters: 0 0 0

#Transform 62
Transform: AffineTransform_float_3_3
Parameters: 1 0.000591004 0.00100141 -0.000589998 1 -0.00100159 -0.00100159 0.00100141 0.999999 0.0021402 0.376761 -0.19375
FixedParameters: 0 0 0

#Transform 63
Transform: AffineTransform_float_3_3
Parameters: 0.999999 0.000881582 0.00116156 -0.000880419 1 -0.000501024 -0.00116244 0.000499976 0.999999 -0.0195541 0.350157 -0.170657
FixedParameters: 0 0 0

#Transform 64
Transform: AffineTransform_float_3_3
Parameters: 0.999999 0.00115379 0.00133618 -0.00115421 1 0.000157458 -0.00133582 -0.000158542 0.999999 -0.0323333 0.309631 -0.17482
FixedParameters: 0 0 0

#Transform 65
Transform: AffineTransform_float_3_3
Parameters: 0.999998 0.00126825 0.00116073 -0.00126875 0.999999 -0.000216473 -0.00116127 0.000214528 1 -0.0215609 0.349183 -0.201774
FixedParameters: 0 0 0

#Transform 66
Transform: AffineTransform_float_3_3
Parameters: 0.999998 0.00145922 0.000697532 -0.00145878 0.999999 -0.000321018 -0.000697467 0.000319983 0.999999 -0.00111301 0.35639 -0.180073
FixedParameters: 0 0 0

#Transform 67
Transform: AffineTransform_float_3_3
Parameters: 0.999999 0.00142227 0.000548309 -0.00142173 0.999999 -0.00048578 -0.00054869 0.00048522 0.999999 0.0103532 0.360992 -0.215769
FixedParameters: 0 0 0

#Transform 68
Transform: AffineTransform_float_3_3
Parameters: 0.999999 0.00125431 0.000539271 -0.00125369 0.999999 -0.000581676 -0.000540728 0.000580322 0.999999 0.00814798 0.366838 -0.209521
FixedParameters: 0 0 0

#Transform 69
Transform: AffineTransform_float_3_3
Parameters: 0.999999 0.0011083 0.000947644 -0.0011087 1 -0.000321051 -0.000947355 0.00031995 0.999999 -0.0112535 0.348147 -0.192847
FixedParameters: 0 0 0

#Transform 70
Transform: AffineTransform_float_3_3
Parameters: 0.999999 0.00124318 0.000762702 -0.00124282 0.999999 -0.000239948 -0.000763297 0.000239051 0.999999 -0.0121385 0.344462 -0.166753
FixedParameters: 0 0 0

#Transform 71
Transform: AffineTransform_float_3_3
Parameters: 0.999999 0.00124346 0.000947394 -0.00124354 0.999999 -0.000488179 -0.000947606 0.000486823 1 -0.0222156 0.353813 -0.1337
FixedParameters: 0 0 0

#Transform 72
Transform: AffineTransform_float_3_3
Parameters: 0.999999 0.00118007 0.000648872 -0.00117993 1 -0.000108766 -0.000648128 0.000108235 1 -0.00462829 0.327406 -0.162788
FixedParameters: 0 0 0

#Transform 73
Transform: AffineTransform_float_3_3
Parameters: 0.999999 0.00122428 0.000811582 -0.00122372 0.999999 -0.000341993 -0.000811418 0.000341007 0.999999 -0.0196676 0.353454 -0.170018
FixedParameters: 0 0 0

#Transform 74
Transform: AffineTransform_float_3_3
Parameters: 0.999999 0.00127824 0.0005044 -0.00127776 0.999999 -0.000469645 -0.0005056 0.000469354 1 -0.00129884 0.360373 -0.165951
FixedParameters: 0 0 0

#Transform 75
Transform: AffineTransform_float_3_3
Parameters: 0.999999 0.00116004 0.000504909 -0.00115996 1 -7.85858e-05 -0.000505091 7.84142e-05 1 0.002959 0.336835 -0.157836
FixedParameters: 0 0 0

#Transform 76
Transform: AffineTransform_float_3_3
Parameters: 1 0.00110835 0.000504234 -0.00110865 0.999999 -0.000691559 -0.000505767 0.00069144 0.999999 0.0142753 0.371004 -0.150008
FixedParameters: 0 0 0

#Transform 77
Transform: AffineTransform_float_3_3
Parameters: 0.999999 0.00121921 0.000589562 -0.00121879 0.999999 -0.000359719 -0.000589438 0.000359282 1 -0.00212309 0.352353 -0.167328
FixedParameters: 0 0 0

#Transform 78
Transform: AffineTransform_float_3_3
Parameters: 0.999999 0.00121995 0.000731083 -0.00122005 1 6.81081e-05 -0.000730916 -6.88918e-05 0.999999 -0.00625564 0.326574 -0.196143
FixedParameters: 0 0 0

#Transform 79
Transform: AffineTransform_float_3_3
Parameters: 0.999999 0.00129703 0.000664937 -0.00129697 0.999999 -4.88625e-05 -0.000665063 4.81374e-05 1 -0.000320019 0.332268 -0.205365
FixedParameters: 0 0 0

#Transform 80
Transform: AffineTransform_float_3_3
Parameters: 1 0.00106611 0.000548795 -0.0010659 1 -0.000192585 -0.000549205 0.000192415 1 0.00360929 0.343516 -0.173067
FixedParameters: 0 0 0

#Transform 81
Transform: AffineTransform_float_3_3
Parameters: 0.999999 0.00130913 0.00018408 -0.00130887 0.999999 -0.000703241 -0.000184921 0.000703758 0.999999 0.0272961 0.384781 -0.215838
FixedParameters: 0 0 0

#Transform 82
Transform: AffineTransform_float_3_3
Parameters: 0.999999 0.00130848 0.000599956 -0.00130752 0.999999 -0.000797785 -0.000601043 0.000797214 0.999999 -0.0101461 0.385984 -0.177648
FixedParameters: 0 0 0

#Transform 83
Transform: AffineTransform_float_3_3
Parameters: 0.999999 0.000975338 0.000748561 -0.000974663 1 -0.00045073 -0.000749439 0.000450269 0.999999 -0.0185299 0.360868 -0.161565
FixedParameters: 0 0 0

#Transform 84
Transform: AffineTransform_float_3_3
Parameters: 1 0.000972104 0.000591829 -0.000971895 0.999999 -0.000176575 -0.000592171 0.000175424 1 0.000367638 0.339328 -0.159191
FixedParameters: 0 0 0

#Transform 85
Transform: AffineTransform_float_3_3
Parameters: 0.999999 0.000988764 0.000727322 -0.000988237 1 0.000325282 -0.000726678 -0.000325719 0.999999 -0.0169438 0.320951 -0.13714
FixedParameters: 0 0 0

#Transform 86
Transform: AffineTransform_float_3_3
Parameters: 0.999999 0.00124761 0.000586824 -0.00124739 0.999999 0.000660268 -0.000586175 -0.000661732 0.999999 -0.00867715 0.294425 -0.137895
FixedParameters: 0 0 0

#Transform 87
Transform: AffineTransform_float_3_3
Parameters: 0.999999 0.0014228 0.000313926 -0.0014222 0.999999 0.000650554 -0.000313075 -0.000650446 0.999999 0.0106057 0.306374 -0.146866
FixedParameters: 0 0 0

#Transform 88
Transform: AffineTransform_float_3_3
Parameters: 0.999998 0.00156465 0.000567958 -0.00156535 0.999998 0.000612111 -0.000567041 -0.000612888 0.999999 -0.0185189 0.327158 -0.1678
FixedParameters: 0 0 0

#Transform 89
Transform: AffineTransform_float_3_3
Parameters: 0.999997 0.00203479 0.000670645 -0.00203521 0.999998 0.000316636 -0.000670355 -0.000317365 0.999999 -0.031685 0.354168 -0.204394
FixedParameters: 0 0 0

#Transform 90
Transform: AffineTransform_float_3_3
Parameters: 0.999998 0.00159271 0.000785589 -0.00159329 0.999998 0.000369749 -0.00078541 -0.000370251 0.999999 -0.0488077 0.346576 -0.170773
FixedParameters: 0 0 0

#Transform 91
Transform: AffineTransform_float_3_3
Parameters: 0.999999 0.00142301 0.000389955 -0.00142299 0.999999 -3.15549e-05 -0.000390044 3.0445e-05 1 -0.017958 0.363035 -0.167016
FixedParameters: 0 0 0

#Transform 92
Transform: AffineTransform_float_3_3
Parameters: 0.999999 0.00150598 0.000328091 -0.00150602 0.999999 6.05059e-05 -0.000327908 -6.14939e-05 1 -0.0107892 0.36747 -0.201266
FixedParameters: 0 0 0

#Transform 93
Transform: AffineTransform_float_3_3
Parameters: 0.999999 0.00127591 0.00022752 -0.00127609 0.999999 0.00040771 -0.000227479 -0.000408291 1 -0.00598268 0.35215 -0.228135
FixedParameters: 0 0 0

#Transform 94
Transform: AffineTransform_float_3_3
Parameters: 0.999999 0.00130174 0.000509661 -0.00130226 0.999999 0.000507337 -0.000508338 -0.000508662 0.999999 -0.0201008 0.327289 -0.182953
FixedParameters: 0 0 0

#Transform 95
Transform: AffineTransform_float_3_3
Parameters: 0.999999 0.00134893 0.000603156 -0.00134907 0.999999 0.000115186 -0.000603844 -0.000115815 1 -0.0336128 0.368188 -0.205709
FixedParameters: 0 0 0

#Transform 96
Transform: AffineTransform_float_3_3
Parameters: 0.999999 0.00169205 0.000602852 -0.00169195 0.999998 -8.80201e-05 -0.000603148 8.69795e-05 1 -0.0292188 0.410502 -0.243508
FixedParameters: 0 0 0

#Transform 97
Transform: AffineTransform_float_3_3
Parameters: 0.999999 0.00182296 0.000213346 -0.00182304 0.999999 0.000189611 -0.000212653 -0.000190388 1 -0.0112172 0.383255 -0.25365
FixedParameters: 0 0 0

#Transform 98
Transform: AffineTransform_float_3_3
Parameters: 0.999998 0.00157695 0.000164512 -0.00157705 0.999998 0.000324741 -0.000164487 -0.00032526 1 -0.00608429 0.376859 -0.271668
FixedParameters: 0 0 0

#Transform 99
Transform: AffineTransform_float_3_3
Parameters: 0.999999 0.00169206 0.000602825 -0.00169194 0.999998 -0.00010402 -0.000603175 0.000102979 1 -0.0346198 0.418826 -0.278507
FixedParameters: 0 0 0

#Transform 100
Transform: AffineTransform_float_3_3
Parameters: 0.999999 0.00169206 0.000602823 -0.00169194 0.999998 -0.00010502 -0.000603177 0.000103979 1 -0.0533935 0.413131 -0.235517
FixedParameters: 0 0 0

#Transform 101
Transform: AffineTransform_float_3_3
Parameters: 0.999998 0.00148397 0.000681066 -0.00148403 0.999999 4.39893e-05 -0.000680934 -4.50105e-05 1 -0.0439926 0.403823 -0.228019
FixedParameters: 0 0 0

#Transform 102
Transform: AffineTransform_float_3_3
Parameters: 0.999998 0.00143301 0.000669969 -0.00143299 0.999999 -2.19601e-05 -0.000670031 2.10399e-05 1 -0.0404777 0.430515 -0.284941
FixedParameters: 0 0 0

#Transform 103
Transform: AffineTransform_float_3_3
Parameters: 0.999999 0.00128299 0.000603021 -0.00128301 0.999999 1.62263e-05 -0.000602979 -1.67736e-05 1 -0.0368203 0.425917 -0.266757
FixedParameters: 0 0 0

#Transform 104
Transform: AffineTransform_float_3_3
Parameters: 0.999999 0.00150291 0.000467291 -0.00150309 0.999999 0.000193298 -0.000466709 -0.000193702 1 -0.0357998 0.418766 -0.270863
FixedParameters: 0 0 0

#Transform 105
Transform: AffineTransform_float_3_3
Parameters: 0.999999 0.00146888 0.000576294 -0.00146812 0.999999 0.000200154 -0.000575706 -0.000200846 1 -0.0388354 0.39804 -0.23587
FixedParameters: 0 0 0

#Transform 106
Transform: AffineTransform_float_3_3
Parameters: 0.999998 0.00152498 0.000557049 -0.00152502 0.999999 3.21505e-05 -0.00055695 -3.28494e-05 1 -0.0335182 0.415201 -0.246418
FixedParameters: 0 0 0

#Transform 107
Transform: AffineTransform_float_3_3
Parameters: 0.999999 0.00153696 0.000198339 -0.00153704 0.999999 0.000220695 -0.00019866 -0.000221306 1 -0.00781694 0.394512 -0.254417
FixedParameters: 0 0 0

#Transform 108
Transform: AffineTransform_float_3_3
Parameters: 0.999999 0.00142902 0.000258864 -0.00142898 0.999999 -9.537e-05 -0.000259135 9.46298e-05 1 -0.00170262 0.422537 -0.22571
FixedParameters: 0 0 0

#Transform 109
Transform: AffineTransform_float_3_3
Parameters: 0.999999 0.00128286 0.000308603 -0.00128315 0.999999 0.000469604 -0.000308397 -0.000470396 1 -0.00515528 0.403498 -0.211405
FixedParameters: 0 0 0

#Transform 110
Transform: AffineTransform_float_3_3
Parameters: 0.999999 0.001283 1.1449e-05 -0.001283 0.999999 0.000349986 -1.15522e-05 -0.000349015 1 -0.00115572 0.42264 -0.247578
FixedParameters: 0 0 0

#Transform 111
Transform: AffineTransform_float_3_3
Parameters: 0.999999 0.00128217 0.000720472 -0.00128383 0.999998 0.00114708 -0.000719527 -0.00114792 0.999999 -0.0428907 0.324483 -0.0952792
FixedParameters: 0 0 0

#Transform 112
Transform: AffineTransform_float_3_3
Parameters: 0.999999 0.00128397 0.000717267 -0.00128303 0.999999 -0.00135092 -0.000718733 0.00135008 0.999999 -0.0328097 0.520117 -0.241378
FixedParameters: 0 0 0

#Transform 113
Transform: AffineTransform_float_3_3
Parameters: 0.999999 0.00111136 0.00101752 -0.00110964 0.999998 -0.00133513 -0.00101948 0.00133387 0.999999 -0.0477485 0.542765 -0.309268
FixedParameters: 0 0 0

#Transform 114
Transform: AffineTransform_float_3_3
Parameters: 0.999998 0.00128352 0.000950305 -0.00128348 0.999999 -0.000542221 -0.000950696 0.000541781 1 -0.0508471 0.506266 -0.303909
FixedParameters: 0 0 0

#Transform 115
Transform: AffineTransform_float_3_3
Parameters: 0.999998 0.00141292 0.000756147 -0.00141308 0.999999 0.000103932 -0.000755852 -0.000105068 0.999999 -0.037025 0.471473 -0.318605
FixedParameters: 0 0 0

#Transform 116
Transform: AffineTransform_float_3_3
Parameters: 0.999999 0.00128332 0.000833501 -0.00128368 0.999999 -0.00038907 -0.000833498 0.000387931 0.999999 -0.0428158 0.500006 -0.317842
FixedParameters: 0 0 0

#Transform 117
Transform: AffineTransform_float_3_3
Parameters: 0.999998 0.00152308 0.000562784 -0.00152292 0.999999 -0.000141857 -0.000563215 0.000141142 1 -0.037905 0.479805 -0.321169
FixedParameters: 0 0 0

#Transform 118
Transform: AffineTransform_float_3_3
Parameters: 0.999998 0.00183713 0.000432443 -0.00183687 0.999999 -0.000303795 -0.000433558 0.000303204 1 -0.0336956 0.47977 -0.309437
FixedParameters: 0 0 0

#Transform 119
Transform: AffineTransform_float_3_3
Parameters: 0.999999 0.00138191 0.000411309 -0.00138209 0.999999 0.000223432 -0.00041069 -0.000224568 1 -0.0356966 0.497117 -0.3962
FixedParameters: 0 0 0

#Transform 120
Transform: AffineTransform_float_3_3
Parameters: 0.999998 0.00154785 0.000450504 -0.00154815 0.999998 0.000325303 -0.000449496 -0.000325696 1 -0.0439725 0.487568 -0.347873
FixedParameters: 0 0 0

#Transform 121
Transform: AffineTransform_float_3_3
Parameters: 0.999999 0.00128318 0.000445494 -0.00128382 0.999999 -0.000394572 -0.000446505 0.000393427 1 -0.018003 0.532851 -0.364326
FixedParameters: 0 0 0

#Transform 122
Transform: AffineTransform_float_3_3
Parameters: 0.999999 0.0012833 0.000289669 -0.0012837 0.999998 -0.00103737 -0.000291331 0.00103663 1 -0.010411 0.585333 -0.418741
FixedParameters: 0 0 0

#Transform 123
Transform: AffineTransform_float_3_3
Parameters: 0.999999 0.00128326 0.000679515 -0.00128374 0.999999 -0.000377873 -0.000680485 0.000377127 0.999999 -0.0365166 0.547564 -0.397315
FixedParameters: 0 0 0

#Transform 124
Transform: AffineTransform_float_3_3
Parameters: 0.999999 0.00128318 0.000575595 -0.00128382 0.999999 -0.000315739 -0.000576405 0.000315261 1 -0.0227924 0.547399 -0.396842
FixedParameters: 0 0 0

#Transform 125
Transform: AffineTransform_float_3_3
Parameters: 1 0.00112004 0.00036087 -0.00111996 1 -0.000116404 -0.00036113 0.000115596 1 -0.00868763 0.553549 -0.419071
FixedParameters: 0 0 0

#Transform 126
Transform: AffineTransform_float_3_3
Parameters: 1 0.000959621 0.000741492 -0.000959381 1 0.000512289 -0.000741508 -0.000512712 0.999999 -0.0360955 0.519131 -0.382143
FixedParameters: 0 0 0

#Transform 127
Transform: AffineTransform_float_3_3
Parameters: 0.999999 0.000789671 0.000460564 -0.000790329 1 0.000714636 -0.000459435 -0.000714363 0.999999 -0.0165731 0.502007 -0.378385
FixedParameters: 0 0 0

#Transform 128
Transform: AffineTransform_float_3_3
Parameters: 0.999999 0.00091679 0.000142351 -0.000917207 0.999998 0.00147387 -0.000140648 -0.00147413 0.999999 0.00738647 0.471192 -0.414295
FixedParameters: 0 0 0

#Transform 129
Transform: AffineTransform_float_3_3
Parameters: 1 0.000991271 0.000448618 -0.00099273 0.999998 0.00163056 -0.000446383 -0.00163044 0.999999 -0.0147008 0.450301 -0.399945
FixedParameters: 0 0 0

#Transform 130
Transform: AffineTransform_float_3_3
Parameters: 0.999999 0.00080961 0.000420751 -0.00081039 0.999999 0.000927659 -0.000420248 -0.00092834 0.999999 -0.0130544 0.489187 -0.394031
FixedParameters: 0 0 0

#Transform 131
Transform: AffineTransform_float_3_3
Parameters: 0.999999 0.00128107 -8.08419e-05 -0.00128093 0.999999 0.000904104 8.21579e-05 -0.000903895 0.999999 0.0127286 0.491063 -0.397892
FixedParameters: 0 0 0

#Transform 132
Transform: AffineTransform_float_3_3
Parameters: 0.999998 0.001577 0.00013696 -0.001577 0.999999 -2.5216e-05 -0.000137039 2.47839e-05 1 -0.0183743 0.554505 -0.397427
FixedParameters: 0 0 0

#Transform 133
Transform: AffineTransform_float_3_3
Parameters: 0.999999 0.00145479 0.000537574 -0.00145521 0.999999 0.000394218 -0.000536424 -0.000395781 1 -0.026276 0.527956 -0.396473
FixedParameters: 0 0 0

#Transform 134
Transform: AffineTransform_float_3_3
Parameters: 0.999999 0.00151483 0.000424602 -0.00151417 0.999999 0.000397357 -0.000423398 -0.000397642 1 -0.0234185 0.526061 -0.417624
FixedParameters: 0 0 0

#Transform 135
Transform: AffineTransform_float_3_3
Parameters: 0.999998 0.00163499 0.000327063 -0.00163501 0.999998 3.84653e-05 -0.000326937 -3.85346e-05 1 -0.0134874 0.554564 -0.404781
FixedParameters: 0 0 0

#Transform 136
Transform: AffineTransform_float_3_3
Parameters: 0.999998 0.00163493 0.000482233 -0.00163507 0.999998 0.000142212 -0.000481767 -0.000142788 1 -0.0184334 0.543688 -0.38274
FixedParameters: 0 0 0

#Transform 137
Transform: AffineTransform_float_3_3
Parameters: 0.999999 0.00178808 0.000326556 -0.00178792 0.999999 -0.000248584 -0.000327443 0.000247415 1 -0.00108296 0.581421 -0.434435
FixedParameters: 0 0 0

#Transform 138
Transform: AffineTransform_float_3_3
Parameters: 0.999999 0.00128295 0.000169353 -0.00128305 0.999999 0.000274783 -0.000168647 -0.000275217 1 0.00329959 0.546065 -0.410069
FixedParameters: 0 0 0

#Transform 139
Transform: AffineTransform_float_3_3
Parameters: 1 0.00106604 0.000326862 -0.00106596 1 -0.000129349 -0.000327138 0.000129651 1 0.00144724 0.558673 -0.368556
FixedParameters: 0 0 0

#Transform 140
Transform: AffineTransform_float_3_3
Parameters: 0.999999 0.000504703 0.000503297 -0.000504296 0.999999 0.000588746 -0.000503703 -0.000589254 0.999999 -0.00380446 0.508893 -0.336262
FixedParameters: 0 0 0

#Transform 141
Transform: AffineTransform_float_3_3
Parameters: 0.999999 0.000888832 0.000327457 -0.000889169 1 0.000514709 -0.000327543 -0.000514292 1 0.0100378 0.541575 -0.399156
FixedParameters: 0 0 0

#Transform 142
Transform: AffineTransform_float_3_3
Parameters: 1 0.00104999 0.000327027 -0.00105001 1 2.56566e-05 -0.000326973 -2.63433e-05 1 0.0145669 0.579391 -0.419871
FixedParameters: 0 0 0

#Transform 143
Transform: AffineTransform_float_3_3
Parameters: 0.999999 0.000199595 0.000726111 -0.000199406 1 0.000558855 -0.000725888 -0.000558145 0.999999 0.00533832 0.537818 -0.381285
FixedParameters: 0 0 0

#Transform 144
Transform: AffineTransform_float_3_3
Parameters: 0.999999 9.73556e-05 0.000780081 -9.76442e-05 0.999999 0.000825924 -0.00077992 -0.000826076 1 -0.00778402 0.508765 -0.345933
FixedParameters: 0 0 0

#Transform 145
Transform: AffineTransform_float_3_3
Parameters: 0.999999 0.000616638 0.00067433 -0.000617361 0.999999 0.000535584 -0.000674669 -0.000536416 0.999999 0.00446451 0.53923 -0.371807
FixedParameters: 0 0 0

#Transform 146
Transform: AffineTransform_float_3_3
Parameters: 1 0.000993907 0.00061315 -0.000994092 0.999999 0.00015039 -0.00061285 -0.000151609 1 -0.00294494 0.546767 -0.381208
FixedParameters: 0 0 0

#Transform 147
Transform: AffineTransform_float_3_3
Parameters: 1 0.000621915 0.000844063 -0.000622085 1 0.000100475 -0.000843937 -0.000101525 0.999999 -0.00600487 0.530831 -0.359386
FixedParameters: 0 0 0

#Transform 148
Transform: AffineTransform_float_3_3
Parameters: 0.999999 0.000676939 0.00112064 -0.000678061 1 0.000947241 -0.00111936 -0.000947759 0.999999 -0.0413522 0.481541 -0.346499
FixedParameters: 0 0 0

#Transform 149
Transform: AffineTransform_float_3_3
Parameters: 1 0.000268776 0.00101832 -0.000270225 0.999999 0.00120173 -0.00101868 -0.00120227 0.999999 -0.0209758 0.471988 -0.349416
FixedParameters: 0 0 0

#Transform 150
Transform: AffineTransform_float_3_3
Parameters: 1 0.000407961 0.00101842 -0.00040904 1 0.00102058 -0.00101858 -0.00102142 0.999999 -0.0212031 0.481802 -0.363734
FixedParameters: 0 0 0

#Transform 151
Transform: AffineTransform_float_3_3
Parameters: 0.999999 0.00095287 0.000838286 -0.000954129 0.999998 0.0013482 -0.000836713 -0.0013498 0.999998 -0.0159343 0.486658 -0.390254
FixedParameters: 0 0 0

#Transform 152
Transform: AffineTransform_float_3_3
Parameters: 1 0.00105647 0.000464217 -0.00105653 0.999999 0.00115151 -0.000462783 -0.00115249 0.999999 -0.00782187 0.480227 -0.36133
FixedParameters: 0 0 0

#Transform 153
Transform: AffineTransform_float_3_3
Parameters: 0.999999 0.00141355 0.000642979 -0.00141444 0.999999 0.000692091 -0.00064202 -0.000692908 0.999999 -0.0178651 0.478828 -0.312678
FixedParameters: 0 0 0

#Transform 154
Transform: AffineTransform_float_3_3
Parameters: 0.999999 0.00117981 0.00101938 -0.00118119 0.999998 0.0011658 -0.00101862 -0.0011672 0.999999 -0.037996 0.443048 -0.290265
FixedParameters: 0 0 0

#Transform 155
Transform: AffineTransform_float_3_3
Parameters: 0.999999 0.00108796 0.00101911 -0.00108904 0.999999 0.00102289 -0.00101789 -0.00102311 0.999999 -0.0341908 0.453631 -0.303175
FixedParameters: 0 0 0

#Transform 156
Transform: AffineTransform_float_3_3
Parameters: 0.999999 0.000557292 0.00130173 -0.000558709 0.999999 0.00131227 -0.00130127 -0.00131273 0.999999 -0.0373715 0.393056 -0.266897
FixedParameters: 0 0 0

#Transform 157
Transform: AffineTransform_float_3_3
Parameters: 0.999999 0.00102644 0.00107748 -0.00102855 0.999999 0.00144389 -0.00107552 -0.00144511 0.999999 -0.0589131 0.388819 -0.224155
FixedParameters: 0 0 0

#Transform 158
Transform: AffineTransform_float_3_3
Parameters: 0.999998 0.00167489 0.000890086 -0.00167611 0.999998 0.00124451 -0.000887914 -0.00124549 0.999999 -0.0670456 0.403967 -0.223874
FixedParameters: 0 0 0

#Transform 159
Transform: AffineTransform_float_3_3
Parameters: 0.999999 0.0013509 0.00113831 -0.0013511 0.999998 0.000965463 -0.00113769 -0.000967538 0.999999 -0.0606711 0.404623 -0.229449
FixedParameters: 0 0 0

#Transform 160
Transform: AffineTransform_float_3_3
Parameters: 0.999999 0.00136539 0.00119085 -0.00136761 0.999998 0.00135437 -0.00118915 -0.00135563 0.999999 -0.0615179 0.379046 -0.237399
FixedParameters: 0 0 0

#Transform 161
Transform: AffineTransform_float_3_3
Parameters: 0.999999 0.000659661 0.00120483 -0.00066334 0.999996 0.0027732 -0.00120317 -0.0027738 0.999996 -0.047553 0.261943 -0.190138
FixedParameters: 0 0 0

#Transform 162
Transform: AffineTransform_float_3_3
Parameters: 0.999999 3.98001e-05 0.00181505 -4.21997e-05 1 0.00121193 -0.00181495 -0.00121207 0.999997 -0.082775 0.34773 -0.15535
FixedParameters: 0 0 0

#Transform 163
Transform: AffineTransform_float_3_3
Parameters: 0.999999 0.000202757 0.00138704 -0.000202244 1 0.00017572 -0.00138696 -0.000175281 0.999999 -0.0754293 0.461041 -0.235203
FixedParameters: 0 0 0

#Transform 164
Transform: AffineTransform_float_3_3
Parameters: 0.999999 0.000927407 0.00113349 -0.000927593 1 0.000522949 -0.00113251 -0.000524051 0.999999 -0.0582652 0.450205 -0.257034
FixedParameters: 0 0 0

#Transform 165
Transform: AffineTransform_float_3_3
Parameters: 0.999999 0.00100623 0.00120564 -0.00100677 1 0.000637787 -0.00120436 -0.000639213 0.999999 -0.0611434 0.421715 -0.214235
FixedParameters: 0 0 0

#Transform 166
Transform: AffineTransform_float_3_3
Parameters: 0.999998 0.000946878 0.00129356 -0.000949123 0.999998 0.00164077 -0.00129244 -0.00164223 0.999998 -0.0628524 0.345069 -0.161744
FixedParameters: 0 0 0

#Transform 167
Transform: AffineTransform_float_3_3
Parameters: 0.999998 0.00117547 0.00156091 -0.00117854 0.999998 0.00162416 -0.00155909 -0.00162584 0.999998 -0.0803255 0.351996 -0.179098
FixedParameters: 0 0 0

#Transform 168
Transform: AffineTransform_float_3_3
Parameters: 0.999998 0.00027825 0.00189641 -0.000280748 0.999999 0.00144947 -0.0018956 -0.00145053 0.999997 -0.0970302 0.382053 -0.180554
FixedParameters: 0 0 0

#Transform 169
Transform: AffineTransform_float_3_3
Parameters: 0.999998 -0.000200961 0.00189569 0.000198041 0.999999 0.00156138 -0.00189531 -0.00156162 0.999997 -0.0779637 0.37267 -0.177861
FixedParameters: 0 0 0

#Transform 170
Transform: AffineTransform_float_3_3
Parameters: 0.999998 -0.000257768 0.00189549 0.000254234 0.999998 0.00198749 -0.00189551 -0.00198752 0.999996 -0.0611863 0.357133 -0.234781
FixedParameters: 0 0 0

#Transform 171
Transform: AffineTransform_float_3_3
Parameters: 0.999998 -0.000315869 0.00189569 0.000314131 1 0.000986597 -0.00189531 -0.000985403 0.999997 -0.0679854 0.404807 -0.248993
FixedParameters: 0 0 0

#Transform 172
Transform: AffineTransform_float_3_3
Parameters: 0.999998 -0.000257584 0.00205055 0.000254416 0.999999 0.00174853 -0.00205045 -0.00174748 0.999997 -0.0868452 0.351583 -0.225918
FixedParameters: 0 0 0

#Transform 173
Transform: AffineTransform_float_3_3
Parameters: 0.999998 -0.000655887 0.001895 0.000653114 0.999998 0.00152324 -0.001896 -0.00152276 0.999997 -0.0727915 0.37917 -0.220387
FixedParameters: 0 0 0

#Transform 174
Transform: AffineTransform_float_3_3
Parameters: 0.999998 -0.000820041 0.00189425 0.000815959 0.999998 0.00213355 -0.00189574 -0.00213145 0.999996 -0.0612432 0.350071 -0.210857
FixedParameters: 0 0 0

#Transform 175
Transform: AffineTransform_float_3_3
Parameters: 0.999998 -0.000691516 0.00184168 0.000688483 0.999998 0.00190927 -0.00184332 -0.00190773 0.999997 -0.0643958 0.358765 -0.240927
FixedParameters: 0 0 0

#Transform 176
Transform: AffineTransform_float_3_3
Parameters: 0.999997 -0.00106886 0.00189382 0.00106514 0.999998 0.00204002 -0.00189618 -0.00203798 0.999996 -0.055581 0.362206 -0.246894
FixedParameters: 0 0 0

#Transform 177
Transform: AffineTransform_float_3_3
Parameters: 0.999999 -0.000351669 0.00135831 0.000349332 0.999998 0.00196448 -0.00135869 -0.00196452 0.999997 -0.0367636 0.372662 -0.259623
FixedParameters: 0 0 0

#Transform 178
Transform: AffineTransform_float_3_3
Parameters: 1 1.51884e-05 0.00110803 -1.78132e-05 0.999998 0.00163498 -0.00110897 -0.00163502 0.999998 -0.0323756 0.374598 -0.273134
FixedParameters: 0 0 0

#Transform 179
Transform: AffineTransform_float_3_3
Parameters: 0.999999 -0.00046314 0.00123357 0.00046186 1 0.000924571 -0.00123343 -0.00092343 0.999999 -0.0264099 0.414375 -0.276278
FixedParameters: 0 0 0
