#Insight Transform File V1.0
#Transform 0
Transform: AffineTransform_float_3_3
Parameters: 0.999993 0.00326896 -0.00178041 -0.00326704 0.999994 0.00110282 0.00178359 -0.00109718 0.999998 0.128883 -0.303383 0.814899
FixedParameters: 0 0 0

#Transform 1
Transform: AffineTransform_float_3_3
Parameters: 0.999999 0.00154944 0.000128005 -0.00154956 0.999988 0.0045198 -0.000120997 -0.00452019 0.99999 -0.0719096 -0.223801 -0.192773
FixedParameters: 0 0 0

#Transform 2
Transform: AffineTransform_float_3_3
Parameters: 0.999999 0.00130363 0.000323568 -0.00130437 0.99999 0.00426858 -0.000317434 -0.00426942 0.999991 -0.0671191 -0.169715 -0.183783
FixedParameters: 0 0 0

#Transform 3
Transform: AffineTransform_float_3_3
Parameters: 0.999999 0.00117633 0.000425654 -0.00117867 0.999992 0.0039535 -0.000420344 -0.0039535 0.999992 0.0330145 -0.120506 -0.15115
FixedParameters: 0 0 0

#Transform 4
Transform: AffineTransform_float_3_3
Parameters: 1 0.000566144 0.000913776 -0.000568857 0.999995 0.00312848 -0.000912224 -0.00312952 0.999994 -0.0598275 -0.0824416 -0.18212
FixedParameters: 0 0 0

#Transform 5
Transform: AffineTransform_float_3_3
Parameters: 0.999999 0.000720405 0.00103152 -0.000723593 0.999993 0.00348926 -0.00102848 -0.00348974 0.999994 -0.0279846 -0.119756 -0.151641
FixedParameters: 0 0 0

#Transform 6
Transform: AffineTransform_float_3_3
Parameters: 0.999998 0.00129858 0.0010763 -0.00129742 0.999999 -0.000541397 -0.0010777 0.000539601 1 -0.0394213 0.0380152 -0.183323
FixedParameters: 0 0 0

#Transform 7
Transform: AffineTransform_float_3_3
Parameters: 1 0.00047414 0.00107782 -0.00047586 0.999999 0.00172549 -0.00107718 -0.00172651 0.999998 -0.0902824 -0.0501863 -0.154742
FixedParameters: 0 0 0

#Transform 8
Transform: AffineTransform_float_3_3
Parameters: 1 0.00112913 0.000405429 -0.00112987 0.999997 0.00215054 -0.00040357 -0.00215146 0.999997 0.051286 -0.0779324 -0.0661691
FixedParameters: 0 0 0

#Transform 9
Transform: AffineTransform_float_3_3
Parameters: 1 0.000475147 0.000358135 -0.000475853 0.999997 0.00238683 -0.000356866 -0.00238617 0.999997 -0.0276854 -0.0860612 -0.137127
FixedParameters: 0 0 0

#Transform 10
Transform: AffineTransform_float_3_3
Parameters: 0.999999 -9.97581e-05 0.000825909 9.92416e-05 0.999999 0.000918082 -0.000826091 -0.000917918 0.999999 -0.0959299 -0.01979 -0.191028
FixedParameters: 0 0 0

#Transform 11
Transform: AffineTransform_float_3_3
Parameters: 0.999999 -9.95405e-05 0.000716925 9.94593e-05 0.999999 0.000754072 -0.000717075 -0.000753929 1 -0.0915099 0.00537255 -0.192629
FixedParameters: 0 0 0

#Transform 12
Transform: AffineTransform_float_3_3
Parameters: 1 -0.000291603 0.000966819 0.000290398 1 0.000623281 -0.000966182 -0.000623719 1 -0.103754 0.00646058 -0.182639
FixedParameters: 0 0 0

#Transform 13
Transform: AffineTransform_float_3_3
Parameters: 1 0.000174762 0.000403103 -0.000174238 1 0.00059093 -0.000402897 -0.00059107 0.999999 0.0208901 0.0114377 -0.131083
FixedParameters: 0 0 0

#Transform 14
Transform: AffineTransform_float_3_3
Parameters: 1 2.77832e-05 0.000653009 -2.82168e-05 1 0.000331982 -0.00065299 -0.000332018 0.999999 -0.0660534 0.0221017 -0.146635
FixedParameters: 0 0 0

#Transform 15
Transform: AffineTransform_float_3_3
Parameters: 1 0.000100788 0.000403053 -0.000100212 1 0.000524959 -0.000402947 -0.00052504 1 -0.063008 -0.00729233 -0.161388
FixedParameters: 0 0 0

#Transform 16
Transform: AffineTransform_float_3_3
Parameters: 1 2.28901e-05 0.000493005 -2.31099e-05 1 0.000222989 -0.000492995 -0.000223011 1 -0.0706285 0.0185209 -0.125423
FixedParameters: 0 0 0

#Transform 17
Transform: AffineTransform_float_3_3
Parameters: 1 0.000568034 0.000402952 -0.000567966 1 -8.42289e-05 -0.000403048 8.37711e-05 1 -0.0654533 0.00746837 -0.0706109
FixedParameters: 0 0 0

#Transform 18
Transform: AffineTransform_float_3_3
Parameters: 0.999999 0.000159109 0.00129899 -0.000158891 1 -8.42065e-05 -0.00129901 8.37934e-05 0.999999 -0.104582 0.0158267 -0.00851643
FixedParameters: 0 0 0

#Transform 19
Transform: AffineTransform_float_3_3
Parameters: 0.999999 0.000158582 0.00134305 -0.000159418 1 0.000310786 -0.00134295 -0.000311213 0.999999 -0.0901797 -0.000160245 -0.0104897
FixedParameters: 0 0 0

#Transform 20
Transform: AffineTransform_float_3_3
Parameters: 1 0.000327062 0.000132848 -0.000326939 1 -0.000464043 -0.000132152 0.000463957 1 -0.00236967 0.0128806 -0.0164292
FixedParameters: 0 0 0

#Transform 21
Transform: AffineTransform_float_3_3
Parameters: 0.999998 0.000620113 0.00150936 -0.000620887 0.999999 0.000587063 -0.00150963 -0.000587937 0.999998 -0.0472106 -0.0262416 0.0265605
FixedParameters: 0 0 0

#Transform 22
Transform: AffineTransform_float_3_3
Parameters: 1 -0.000569021 0.000332964 0.000568979 1 6.31894e-05 -0.000333036 -6.28105e-05 1 -0.0362311 -0.0155871 0.0658764
FixedParameters: 0 0 0

#Transform 23
Transform: AffineTransform_float_3_3
Parameters: 0.999999 -6.41564e-05 0.00100299 6.38435e-05 1 0.000156064 -0.00100301 -0.000155936 0.999999 -0.0752627 -0.0204617 -0.00521874
FixedParameters: 0 0 0

#Transform 24
Transform: AffineTransform_float_3_3
Parameters: 0.999999 -0.000740234 0.00133687 0.000739765 0.999999 0.000175989 -0.00133613 -0.000175011 0.999999 -0.122506 -0.0037687 0.0223803
FixedParameters: 0 0 0

#Transform 25
Transform: AffineTransform_float_3_3
Parameters: 1 -0.000439249 0.0010629 0.000438752 1 0.000233467 -0.0010631 -0.000233533 1 -0.0297795 -0.012795 0.0384108
FixedParameters: 0 0 0

#Transform 26
Transform: AffineTransform_float_3_3
Parameters: 0.999999 -0.000664543 0.00127072 0.000664456 0.999999 0.000427845 -0.00127128 -0.000427156 0.999999 -0.100494 -0.0141046 0.0200614
FixedParameters: 0 0 0

#Transform 27
Transform: AffineTransform_float_3_3
Parameters: 1 -0.0005709 0.000283201 0.000571099 1 -0.000351838 -0.000282799 0.000352161 1 -0.016802 0.00795783 0.0473913
FixedParameters: 0 0 0

#Transform 28
Transform: AffineTransform_float_3_3
Parameters: 0.999998 -0.000369614 0.00160509 0.000369385 1 -0.000239407 -0.00160491 0.000240593 0.999998 -0.116138 -0.0190402 -0.00157857
FixedParameters: 0 0 0

#Transform 29
Transform: AffineTransform_float_3_3
Parameters: 1 -0.000986161 0.000519696 0.000985841 1 0.000308513 -0.000519304 -0.000308488 1 0.0172008 -0.0389789 0.0991716
FixedParameters: 0 0 0

#Transform 30
Transform: AffineTransform_float_3_3
Parameters: 1 -0.000998988 0.000627018 0.000999011 0.999999 -1.73736e-05 -0.000626982 1.86263e-05 1 -0.0869051 -0.0140242 0.0342701
FixedParameters: 0 0 0

#Transform 31
Transform: AffineTransform_float_3_3
Parameters: 0.999999 -0.000998175 0.00103783 0.000997823 0.999999 0.000170036 -0.00103817 -0.000168964 0.999999 -0.0985045 -0.00870799 -0.037617
FixedParameters: 0 0 0

#Transform 32
Transform: AffineTransform_float_3_3
Parameters: 0.999999 -4.9485e-05 -0.000997976 4.85149e-05 1 -0.000486049 0.000998024 0.000485951 1 0.0818472 0.0129438 -0.00437265
FixedParameters: 0 0 0

#Transform 33
Transform: AffineTransform_float_3_3
Parameters: 0.999999 -0.000993011 0.000215942 0.000992986 0.999999 5.82144e-05 -0.000216057 -5.77855e-05 1 -0.0519423 0.00521714 -0.0651701
FixedParameters: 0 0 0

#Transform 34
Transform: AffineTransform_float_3_3
Parameters: 1 -0.000570937 -8.04482e-05 0.000571062 0.999999 0.000784954 7.95517e-05 -0.000785045 0.999999 0.0452743 -0.021334 -0.0253572
FixedParameters: 0 0 0

#Transform 35
Transform: AffineTransform_float_3_3
Parameters: 0.999999 -0.000852251 0.000464538 0.000851747 0.999999 0.000542396 -0.000465462 -0.000542603 0.999999 -0.0259994 -0.0223698 -0.0858662
FixedParameters: 0 0 0

#Transform 36
Transform: AffineTransform_float_3_3
Parameters: 0.999999 -0.000570949 -0.000642045 0.00057105 1 7.86334e-05 0.000641955 -7.83665e-05 1 0.0546017 0.000333292 0.0269435
FixedParameters: 0 0 0

#Transform 37
Transform: AffineTransform_float_3_3
Parameters: 0.999999 -0.000746933 -0.000213234 0.000747066 0.999999 0.000312841 0.000212766 -0.000313159 1 0.0136487 0.00275844 -0.081799
FixedParameters: 0 0 0

#Transform 38
Transform: AffineTransform_float_3_3
Parameters: 1 -0.000976239 0.000418445 0.000976763 1 0.000568409 -0.000418556 -0.000568592 1 -0.0576873 0.00926205 -0.122268
FixedParameters: 0 0 0

#Transform 39
Transform: AffineTransform_float_3_3
Parameters: 1 -0.000571021 -0.000120902 0.000570979 1 -0.000171069 0.000120098 0.000171931 1 0.019269 0.0528757 -0.101468
FixedParameters: 0 0 0

#Transform 40
Transform: AffineTransform_float_3_3
Parameters: 0.999999 -0.00119403 0.000404905 0.00119397 1 7.94835e-05 -0.000405094 -7.85164e-05 1 -0.0647546 0.0439738 -0.149781
FixedParameters: 0 0 0

#Transform 41
Transform: AffineTransform_float_3_3
Parameters: 0.999999 -0.000888891 -0.000203474 0.000889109 1 0.000533819 0.000203525 -0.000534181 1 0.0128198 0.0114534 -0.118811
FixedParameters: 0 0 0

#Transform 42
Transform: AffineTransform_float_3_3
Parameters: 1 -0.00111503 0.000425912 0.00111497 1 7.9475e-05 -0.000425088 -7.85261e-05 1 -0.063628 0.0438289 -0.139248
FixedParameters: 0 0 0

#Transform 43
Transform: AffineTransform_float_3_3
Parameters: 0.999999 -0.000755973 -0.000337059 0.000756026 0.999999 7.87452e-05 0.000336941 -7.82547e-05 1 0.0287169 0.0432753 -0.116621
FixedParameters: 0 0 0

#Transform 44
Transform: AffineTransform_float_3_3
Parameters: 0.999999 -0.00119412 0.000356596 0.00119488 0.999999 0.000338426 -0.000356405 -0.000338575 1 -0.0806424 0.0322882 -0.18297
FixedParameters: 0 0 0

#Transform 45
Transform: AffineTransform_float_3_3
Parameters: 0.999999 -0.00103981 0.000128575 0.00104019 0.999999 -0.00151487 -0.000127424 0.00151513 0.999999 -0.0612068 0.129543 -0.217293
FixedParameters: 0 0 0

#Transform 46
Transform: AffineTransform_float_3_3
Parameters: 1 -0.00100777 0.000294788 0.00100823 0.999999 -0.000781703 -0.000294212 0.000782297 0.999999 -0.00745472 0.0776773 -0.137945
FixedParameters: 0 0 0

#Transform 47
Transform: AffineTransform_float_3_3
Parameters: 1 -0.000218933 -0.000336395 0.000218068 0.999996 -0.00277107 0.000336606 0.00277093 0.999996 0.0513607 0.143711 -0.0344334
FixedParameters: 0 0 0

#Transform 48
Transform: AffineTransform_float_3_3
Parameters: 0.999999 -0.00129917 -0.000176763 0.00129883 0.999998 -0.00095223 0.000178236 0.000951769 0.999999 -0.0227268 0.0663016 -0.0776485
FixedParameters: 0 0 0

#Transform 49
Transform: AffineTransform_float_3_3
Parameters: 1 -0.000480355 -0.000463599 0.000478643 0.999995 -0.00291922 0.000465399 0.00291877 0.999995 0.0699812 0.147435 -0.0540454
FixedParameters: 0 0 0

#Transform 50
Transform: AffineTransform_float_3_3
Parameters: 0.999999 -0.00118642 -0.000307375 0.00118558 0.999999 -0.00137037 0.000308624 0.00136964 0.999999 -0.0263832 0.0716622 -0.0206083
FixedParameters: 0 0 0

#Transform 51
Transform: AffineTransform_float_3_3
Parameters: 0.999999 -0.00150394 4.78919e-05 0.00150406 0.999998 -0.00125793 -4.61079e-05 0.00125807 0.999999 -0.0117299 0.0650653 -0.0133353
FixedParameters: 0 0 0

#Transform 52
Transform: AffineTransform_float_3_3
Parameters: 0.999999 -0.00150446 -0.000393237 0.00150454 0.999998 -0.00117259 0.000394765 0.00117241 0.999999 0.00674091 0.0570451 0.00157993
FixedParameters: 0 0 0

#Transform 53
Transform: AffineTransform_float_3_3
Parameters: 0.999999 -0.00175392 0.000644218 0.00175408 0.999999 -0.00012387 -0.000643782 0.000125129 1 -0.100678 0.0418901 -0.0940367
FixedParameters: 0 0 0

#Transform 54
Transform: AffineTransform_float_3_3
Parameters: 0.999999 -0.00133791 0.000179657 0.00133809 0.999999 -0.00049076 -0.000179343 0.00049124 1 -0.00605554 0.087307 -0.089958
FixedParameters: 0 0 0

#Transform 55
Transform: AffineTransform_float_3_3
Parameters: 0.999999 -0.00150393 9.80902e-05 0.00150407 0.999998 -0.000724853 -9.69094e-05 0.000725146 0.999999 0.00719071 0.0767138 -0.0745137
FixedParameters: 0 0 0

#Transform 56
Transform: AffineTransform_float_3_3
Parameters: 0.999998 -0.00150363 0.000534029 0.00150436 0.999998 -0.000684197 -0.00053297 0.000684802 0.999999 -0.0740606 0.0881678 -0.0766732
FixedParameters: 0 0 0

#Transform 57
Transform: AffineTransform_float_3_3
Parameters: 0.999999 -0.00150353 0.000352997 0.00150447 0.999998 -0.00132747 -0.000351003 0.00132753 0.999999 -0.00631907 0.0823982 -0.0207254
FixedParameters: 0 0 0

#Transform 58
Transform: AffineTransform_float_3_3
Parameters: 0.999998 -0.00161595 4.20522e-05 0.00161605 0.999998 -0.00126993 -3.99476e-05 0.00127007 0.999999 0.0177428 0.0699301 0.0510742
FixedParameters: 0 0 0

#Transform 59
Transform: AffineTransform_float_3_3
Parameters: 0.999998 -0.00188531 0.000544413 0.0018857 0.999998 -0.00127898 -0.000541588 0.00128002 0.999999 -0.0642217 0.0707132 -0.00637481
FixedParameters: 0 0 0

#Transform 60
Transform: AffineTransform_float_3_3
Parameters: 0.999998 -0.00175274 0.000722071 0.00175426 0.999997 -0.00175074 -0.000718929 0.00175226 0.999998 -0.088066 0.0934844 -0.00122906
FixedParameters: 0 0 0

#Transform 61
Transform: AffineTransform_float_3_3
Parameters: 0.999998 -0.00193617 0.000611623 0.00193683 0.999997 -0.00135382 -0.000608377 0.00135518 0.999999 -0.0613085 0.0738536 0.0357927
FixedParameters: 0 0 0

#Transform 62
Transform: AffineTransform_float_3_3
Parameters: 0.999999 -0.00156414 -0.00021196 0.00156486 0.999998 -0.000665332 0.00021304 0.000664667 1 0.0656055 0.037513 0.101273
FixedParameters: 0 0 0

#Transform 63
Transform: AffineTransform_float_3_3
Parameters: 0.999998 -0.00193696 6.70923e-05 0.00193704 0.999998 -0.000563871 -6.59074e-05 0.000564129 1 -0.0378665 0.0420109 0.0571487
FixedParameters: 0 0 0

#Transform 64
Transform: AffineTransform_float_3_3
Parameters: 0.999999 -0.00166914 0.000487952 0.00166986 0.999997 -0.00176719 -0.00048505 0.00176781 0.999999 -0.0768068 0.113806 -0.0162151
FixedParameters: 0 0 0

#Transform 65
Transform: AffineTransform_float_3_3
Parameters: 0.999998 -0.00163084 0.000234144 0.00163116 0.999999 -0.000701619 -0.000232855 0.000702381 0.999999 -0.0492803 0.0612393 0.000891146
FixedParameters: 0 0 0

#Transform 66
Transform: AffineTransform_float_3_3
Parameters: 0.999998 -0.00193725 -0.000601179 0.00193675 0.999998 -0.000424165 0.00060182 0.000422835 0.999999 -0.0105336 0.0433699 0.0253264
FixedParameters: 0 0 0

#Transform 67
Transform: AffineTransform_float_3_3
Parameters: 0.999997 -0.00238913 0.000823613 0.00238887 0.999997 0.000162968 -0.000823387 -0.000161033 0.999999 0.000785244 0.0377116 -0.00138523
FixedParameters: 0 0 0

#Transform 68
Transform: AffineTransform_float_3_3
Parameters: 0.999998 -0.00190899 0.000100126 0.00190901 0.999998 -6.5809e-05 -9.98738e-05 6.61908e-05 1 0.00731034 0.0458628 0.0484544
FixedParameters: 0 0 0

#Transform 69
Transform: AffineTransform_float_3_3
Parameters: 0.999997 -0.00214092 0.00121514 0.00214008 0.999997 -6.33997e-05 -0.00121486 6.66011e-05 1 -0.059037 0.0461647 0.00446193
FixedParameters: 0 0 0

#Transform 70
Transform: AffineTransform_float_3_3
Parameters: 0.999999 -0.00147487 -0.000517364 0.00147513 0.999999 0.000246237 0.000516635 -0.000247762 1 0.103428 -0.00798235 0.167775
FixedParameters: 0 0 0

#Transform 71
Transform: AffineTransform_float_3_3
Parameters: 0.999998 -0.00209898 -0.000104386 0.00209902 0.999998 0.000183781 0.000104614 -0.00018422 1 -0.0200736 -0.0043815 0.132002
FixedParameters: 0 0 0

#Transform 72
Transform: AffineTransform_float_3_3
Parameters: 0.999998 -0.00195213 -0.000255977 0.00195187 0.999998 -0.000524501 0.000257024 0.000524499 1 0.0515579 0.0365144 0.080684
FixedParameters: 0 0 0

#Transform 73
Transform: AffineTransform_float_3_3
Parameters: 0.999997 -0.00231754 0.000750417 0.00231846 0.999997 -0.000610262 -0.000749582 0.000612739 1 -0.0761082 0.0578472 0.0273209
FixedParameters: 0 0 0

#Transform 74
Transform: AffineTransform_float_3_3
Parameters: 0.999997 -0.00244393 -7.04144e-05 0.00244407 0.999996 0.00098783 6.75851e-05 -0.000988167 0.999999 -0.0437996 -0.0199034 0.0170535
FixedParameters: 0 0 0

#Transform 75
Transform: AffineTransform_float_3_3
Parameters: 0.999998 -0.00230631 0.000227875 0.00230569 0.999997 0.00135553 -0.000231124 -0.00135447 0.999999 -0.0787782 -0.0462741 0.0122893
FixedParameters: 0 0 0

#Transform 76
Transform: AffineTransform_float_3_3
Parameters: 0.999997 -0.00244453 0.000444097 0.00244447 0.999997 0.00118809 -0.000446903 -0.00118691 0.999999 -0.0781189 -0.0165784 -0.0105894
FixedParameters: 0 0 0

#Transform 77
Transform: AffineTransform_float_3_3
Parameters: 0.999997 -0.00244436 0.000352521 0.00244464 0.999997 0.00101487 -0.000354481 -0.00101414 1 -0.0531054 -0.0181193 -0.0510264
FixedParameters: 0 0 0

#Transform 78
Transform: AffineTransform_float_3_3
Parameters: 0.999997 -0.00229796 -0.00109918 0.00229904 0.999997 0.000945476 0.00109682 -0.000947523 0.999999 0.023977 -0.00248074 0.0287183
FixedParameters: 0 0 0

#Transform 79
Transform: AffineTransform_float_3_3
Parameters: 0.999998 -0.0014081 -0.00181971 0.00141791 0.999984 0.00545244 0.0018123 -0.00545457 0.999984 0.0509794 -0.186134 0.0861427
FixedParameters: 0 0 0

#Transform 80
Transform: AffineTransform_float_3_3
Parameters: 0.999997 -0.00152358 -0.00190519 0.00153542 0.999981 0.00600909 0.00189581 -0.00601191 0.99998 0.0367408 -0.208306 0.0829468
FixedParameters: 0 0 0

#Transform 81
Transform: AffineTransform_float_3_3
Parameters: 0.999997 -0.00166699 -0.00138526 0.00167301 0.999989 0.00434869 0.00137773 -0.00435131 0.999989 0.00694658 -0.141307 0.071069
FixedParameters: 0 0 0

#Transform 82
Transform: AffineTransform_float_3_3
Parameters: 0.999998 -0.00166809 -0.00126251 0.0016729 0.999991 0.0038939 0.00125549 -0.0038961 0.999991 0.00928407 -0.123076 0.0534562
FixedParameters: 0 0 0

#Transform 83
Transform: AffineTransform_float_3_3
Parameters: 0.999998 -0.00166937 -0.000874954 0.00167363 0.99999 0.00416054 0.000868044 -0.00416146 0.999991 -0.00630887 -0.133744 0.047751
FixedParameters: 0 0 0

#Transform 84
Transform: AffineTransform_float_3_3
Parameters: 0.999999 -0.00153786 -0.00103319 0.00154214 0.99999 0.00401641 0.00102681 -0.00401759 0.999992 0.00151089 -0.112698 0.0582121
FixedParameters: 0 0 0

#Transform 85
Transform: AffineTransform_float_3_3
Parameters: 0.999998 -0.00166898 -0.00102656 0.00167302 0.999991 0.00392729 0.00101944 -0.00392871 0.999992 -0.000323755 -0.106486 0.0679016
FixedParameters: 0 0 0

#Transform 86
Transform: AffineTransform_float_3_3
Parameters: 0.999998 -0.0017988 -0.00110785 0.0018022 0.999991 0.00380401 0.00110115 -0.00380599 0.999992 0.00154342 -0.100766 0.0524447
FixedParameters: 0 0 0

#Transform 87
Transform: AffineTransform_float_3_3
Parameters: 0.999998 -0.00166866 -0.00120305 0.00167334 0.999992 0.00361899 0.00119695 -0.003621 0.999992 0.00675377 -0.09427 0.0896088
FixedParameters: 0 0 0

#Transform 88
Transform: AffineTransform_float_3_3
Parameters: 0.999998 -0.00207374 -0.00100775 0.00207726 0.999992 0.00324891 0.00100025 -0.00325108 0.999994 -0.00217109 -0.0807593 0.107886
FixedParameters: 0 0 0

#Transform 89
Transform: AffineTransform_float_3_3
Parameters: 0.999998 -0.00209967 -0.00080311 0.00210233 0.999993 0.00290732 0.000796891 -0.00290868 0.999996 -0.00772068 -0.0758204 0.108817
FixedParameters: 0 0 0

#Transform 90
Transform: AffineTransform_float_3_3
Parameters: 0.999997 -0.00245391 -0.000485553 0.00245509 0.999995 0.00226182 0.000480446 -0.00226319 0.999998 -0.0207437 -0.0548382 0.119394
FixedParameters: 0 0 0

#Transform 91
Transform: AffineTransform_float_3_3
Parameters: 0.999997 -0.00252254 -0.000828467 0.00252346 0.999996 0.00176892 0.000823538 -0.00177008 0.999998 0.0431421 -0.0406822 0.134717
FixedParameters: 0 0 0

#Transform 92
Transform: AffineTransform_float_3_3
Parameters: 0.999997 -0.00228795 -0.00147653 0.00228705 0.999997 -0.000644379 0.00147847 0.00064162 0.999998 0.0336431 0.036074 0.155849
FixedParameters: 0 0 0

#Transform 93
Transform: AffineTransform_float_3_3
Parameters: 0.999997 -0.00235843 -0.000828621 0.00235857 0.999997 0.000686048 0.00082738 -0.000687954 1 0.0553851 -0.0147834 0.178677
FixedParameters: 0 0 0

#Transform 94
Transform: AffineTransform_float_3_3
Parameters: 0.999997 -0.00210742 -0.00124269 0.00210858 0.999997 0.00127338 0.00123931 -0.00127562 0.999999 0.0533463 -0.055705 0.244959
FixedParameters: 0 0 0

#Transform 95
Transform: AffineTransform_float_3_3
Parameters: 0.999997 -0.00237233 -0.000689302 0.00237267 0.999996 0.000969367 0.000686697 -0.000971632 1 0.0133485 -0.0310003 0.195224
FixedParameters: 0 0 0

#Transform 96
Transform: AffineTransform_float_3_3
Parameters: 0.999996 -0.00279131 -0.000430507 0.00279269 0.999995 0.0016138 0.000425491 -0.00161519 0.999998 -0.0260422 -0.0415019 0.145647
FixedParameters: 0 0 0

#Transform 97
Transform: AffineTransform_float_3_3
Parameters: 0.999996 -0.00279247 -0.000481262 0.00279253 0.999995 -0.000981348 0.000483738 0.000979653 1 -0.0187978 0.0668258 0.129759
FixedParameters: 0 0 0

#Transform 98
Transform: AffineTransform_float_3_3
Parameters: 0.999996 -0.00279173 -0.000695072 0.00279227 0.999996 0.000383061 0.000693928 -0.000384939 0.999999 0.0153716 -0.00480178 0.149161
FixedParameters: 0 0 0

#Transform 99
Transform: AffineTransform_float_3_3
Parameters: 0.999996 -0.0028639 -0.00017664 0.0028641 0.999995 0.000572496 0.000174358 -0.000573501 1 -0.0182414 -0.0192675 0.128767
FixedParameters: 0 0 0

#Transform 100
Transform: AffineTransform_float_3_3
Parameters: 0.999996 -0.00279195 -8.18591e-05 0.00279205 0.999996 0.000665774 8.01402e-05 -0.000666226 1 -0.0132345 -0.00359744 0.141374
FixedParameters: 0 0 0

#Transform 101
Transform: AffineTransform_float_3_3
Parameters: 0.999994 -0.00324117 0.000358429 0.00324082 0.999994 0.000485164 -0.00036057 -0.000483834 1 -0.0360722 0.02149 0.0830014
FixedParameters: 0 0 0

#Transform 102
Transform: AffineTransform_float_3_3
Parameters: 0.999994 -0.00343518 0.000358291 0.00343482 0.999994 0.000498234 -0.000360708 -0.000496764 1 -0.0483663 0.0196341 0.0852362
FixedParameters: 0 0 0

#Transform 103
Transform: AffineTransform_float_3_3
Parameters: 0.999994 -0.00345423 0.000548556 0.00345477 0.999994 0.000418898 -0.000549444 -0.000417105 1 -0.0615939 0.022893 0.0588912
FixedParameters: 0 0 0

#Transform 104
Transform: AffineTransform_float_3_3
Parameters: 0.999994 -0.00324133 0.000357009 0.00324067 0.999995 0.000923162 -0.000359989 -0.000921838 0.999999 -0.0583088 0.00899934 0.088468
FixedParameters: 0 0 0

#Transform 105
Transform: AffineTransform_float_3_3
Parameters: 0.999994 -0.00324099 0.00012709 0.003241 0.999994 -2.75882e-05 -0.000126909 2.84115e-05 1 -0.0022449 0.0405634 0.0804474
FixedParameters: 0 0 0

#Transform 106
Transform: AffineTransform_float_3_3
Parameters: 0.999994 -0.00339216 0.000502901 0.00339184 0.999994 0.000324708 -0.000504099 -0.000323292 1 -0.0568584 0.0318916 0.106546
FixedParameters: 0 0 0

#Transform 107
Transform: AffineTransform_float_3_3
Parameters: 0.999994 -0.00324099 0.000108239 0.00324101 0.999994 -7.36496e-05 -0.00010776 7.43496e-05 1 -0.0224067 0.0324943 0.108399
FixedParameters: 0 0 0

#Transform 108
Transform: AffineTransform_float_3_3
Parameters: 0.999995 -0.00312386 0.000432019 0.00312414 0.999995 -0.000325652 -0.000430983 0.000326348 1 -0.019904 0.0539538 0.110697
FixedParameters: 0 0 0

#Transform 109
Transform: AffineTransform_float_3_3
Parameters: 0.999994 -0.00324098 0.000205278 0.00324102 0.999994 -8.53351e-05 -0.000204723 8.56639e-05 1 -0.0240056 0.0353868 0.11491
FixedParameters: 0 0 0

#Transform 110
Transform: AffineTransform_float_3_3
Parameters: 0.999995 -0.00324086 0.000555814 0.00324114 0.999994 -0.0002502 -0.000554187 0.000251797 1 -0.00730335 0.0469975 0.116068
FixedParameters: 0 0 0

#Transform 111
Transform: AffineTransform_float_3_3
Parameters: 0.999994 -0.00362298 0.000152539 0.00362303 0.999994 -0.000148448 -0.000151463 0.00014855 1 -0.0191804 0.0433113 0.140054
FixedParameters: 0 0 0

#Transform 112
Transform: AffineTransform_float_3_3
Parameters: 0.999994 -0.00324089 0.000369944 0.00324111 0.999994 -0.000290802 -0.000369055 0.000292198 1 -0.0197809 0.0509337 0.137014
FixedParameters: 0 0 0

#Transform 113
Transform: AffineTransform_float_3_3
Parameters: 0.999993 -0.00352182 0.000370699 0.00352118 0.999993 -0.000481697 -0.0003683 0.0004833 1 -0.0570958 0.0516595 0.136061
FixedParameters: 0 0 0

#Transform 114
Transform: AffineTransform_float_3_3
Parameters: 0.999994 -0.00362482 0.000370748 0.00362518 0.999994 -0.000481659 -0.000369254 0.000482342 1 -0.0311704 0.0580972 0.133087
FixedParameters: 0 0 0

#Transform 115
Transform: AffineTransform_float_3_3
Parameters: 0.999993 -0.00369982 0.000370784 0.00370018 0.999993 -0.000481631 -0.000369218 0.000482369 1 -0.0222712 0.0661038 0.137433
FixedParameters: 0 0 0

#Transform 116
Transform: AffineTransform_float_3_3
Parameters: 0.999993 -0.0036999 0.000541681 0.0037001 0.999993 -0.000182997 -0.000541319 0.000185004 1 -0.0384727 0.0571408 0.108868
FixedParameters: 0 0 0

#Transform 117
Transform: AffineTransform_float_3_3
Parameters: 0.999993 -0.00369987 0.000397229 0.00370013 0.999993 -0.000331532 -0.000395769 0.000333467 1 -0.0430028 0.0648146 0.120928
FixedParameters: 0 0 0

#Transform 118
Transform: AffineTransform_float_3_3
Parameters: 0.999993 -0.00369986 0.000297785 0.00370014 0.999993 -0.000481901 -0.000295215 0.000483096 1 -0.014404 0.0609406 0.129855
FixedParameters: 0 0 0

#Transform 119
Transform: AffineTransform_float_3_3
Parameters: 0.999993 -0.00369991 0.000293186 0.00370009 0.999993 -0.000319917 -0.000291814 0.000321082 1 -0.0300449 0.0645404 0.130531
FixedParameters: 0 0 0

#Transform 120
Transform: AffineTransform_float_3_3
Parameters: 0.999993 -0.00369984 0.000509192 0.00370016 0.999993 -0.000321118 -0.000507809 0.000322881 1 -0.0492888 0.0543914 0.135061
FixedParameters: 0 0 0

#Transform 121
Transform: AffineTransform_float_3_3
Parameters: 0.999993 -0.00369919 0.000762939 0.00369981 0.999993 -0.00106319 -0.000759062 0.00106582 0.999999 -0.0800605 0.087676 0.148911
FixedParameters: 0 0 0

#Transform 122
Transform: AffineTransform_float_3_3
Parameters: 0.999995 -0.00295107 -0.000165789 0.00295093 0.999995 -0.000410491 0.000167209 0.000409508 1 0.0645309 0.0320903 0.219177
FixedParameters: 0 0 0

#Transform 123
Transform: AffineTransform_float_3_3
Parameters: 0.999993 -0.003603 -1.95531e-05 0.00360299 0.999993 -0.000124071 2.04466e-05 0.000123927 1 -0.0197261 0.0452801 0.151617
FixedParameters: 0 0 0

#Transform 124
Transform: AffineTransform_float_3_3
Parameters: 0.999993 -0.00369988 0.000350281 0.00370012 0.999993 -0.000345706 -0.000348717 0.000347293 1 -0.0485138 0.0628031 0.0858208
FixedParameters: 0 0 0

#Transform 125
Transform: AffineTransform_float_3_3
Parameters: 0.999993 -0.00369974 0.000340883 0.00370026 0.999993 -0.000778744 -0.000338119 0.000779256 0.999999 -0.0561776 0.0802397 0.0909604
FixedParameters: 0 0 0

#Transform 126
Transform: AffineTransform_float_3_3
Parameters: 0.999994 -0.00341323 0.000483403 0.00341277 0.999994 0.000468652 -0.000484594 -0.000466349 1 -0.0721507 0.0267613 0.151422
FixedParameters: 0 0 0

#Transform 127
Transform: AffineTransform_float_3_3
Parameters: 0.999993 -0.00370002 0.000212606 0.00369998 0.999993 0.000106787 -0.000213394 -0.000106211 1 -0.0509272 0.0387497 0.1614
FixedParameters: 0 0 0

#Transform 128
Transform: AffineTransform_float_3_3
Parameters: 0.999993 -0.00370001 1.11314e-05 0.00369999 0.999993 0.000505045 -1.28684e-05 -0.000504956 1 -0.0307899 0.0444545 0.0907834
FixedParameters: 0 0 0

#Transform 129
Transform: AffineTransform_float_3_3
Parameters: 0.999993 -0.00369994 -4.64054e-05 0.00370006 0.999992 0.00146084 4.05939e-05 -0.00146116 0.999999 -0.027532 0.0167022 0.0797196
FixedParameters: 0 0 0

#Transform 130
Transform: AffineTransform_float_3_3
Parameters: 0.999993 -0.00370001 -0.000666918 0.00369999 0.999993 -2.34677e-05 0.00066708 2.05319e-05 1 0.00637874 0.0566803 0.0722479
FixedParameters: 0 0 0

#Transform 131
Transform: AffineTransform_float_3_3
Parameters: 0.999993 -0.00352404 -0.000391582 0.00352395 0.999994 -0.000119381 0.000391417 0.000117621 1 -0.0175551 0.0412794 0.109714
FixedParameters: 0 0 0

#Transform 132
Transform: AffineTransform_float_3_3
Parameters: 0.999995 -0.00303884 -0.000921542 0.00303917 0.999996 0.0001772 0.000920457 -0.000179798 0.999999 0.075452 0.0320557 0.139899
FixedParameters: 0 0 0

#Transform 133
Transform: AffineTransform_float_3_3
Parameters: 0.999995 -0.00314578 -0.000703971 0.00314522 0.999995 0.000307787 0.000703031 -0.000309213 0.999999 0.0054269 0.0251731 0.101808
FixedParameters: 0 0 0

#Transform 134
Transform: AffineTransform_float_3_3
Parameters: 0.999995 -0.0032159 -0.00028506 0.00321609 0.999995 0.000329085 0.00028394 -0.000329915 1 -0.0123444 0.0350719 0.0881686
FixedParameters: 0 0 0

#Transform 135
Transform: AffineTransform_float_3_3
Parameters: 0.999994 -0.00339491 -0.000492608 0.00339509 0.999994 0.000178329 0.000492389 -0.000180673 1 0.0269992 0.0231272 0.134518
FixedParameters: 0 0 0

#Transform 136
Transform: AffineTransform_float_3_3
Parameters: 0.999994 -0.00326399 -4.17799e-05 0.00326401 0.999994 0.000238865 4.12197e-05 -0.000239136 1 -0.0114507 0.0228409 0.12031
FixedParameters: 0 0 0

#Transform 137
Transform: AffineTransform_float_3_3
Parameters: 0.999993 -0.00369999 -0.000264202 0.00370002 0.999993 5.40228e-05 0.000264798 -5.49801e-05 1 0.00407818 0.0463963 0.122984
FixedParameters: 0 0 0

#Transform 138
Transform: AffineTransform_float_3_3
Parameters: 0.999993 -0.00370001 -7.77368e-05 0.0037 0.999993 -7.12881e-05 7.82622e-05 7.07109e-05 1 -0.000335069 0.0680842 0.0945228
FixedParameters: 0 0 0

#Transform 139
Transform: AffineTransform_float_3_3
Parameters: 0.999993 -0.0037 -3.17371e-05 0.0037 0.999993 -7.11179e-05 3.22625e-05 7.08811e-05 1 -0.0306229 0.0565328 0.0844016
FixedParameters: 0 0 0

#Transform 140
Transform: AffineTransform_float_3_3
Parameters: 0.999993 -0.0037 5.42623e-05 0.0037 0.999993 -7.07997e-05 -5.37406e-05 7.01993e-05 1 -0.0341491 0.0654875 0.103309
FixedParameters: 0 0 0

#Transform 141
Transform: AffineTransform_float_3_3
Parameters: 0.999994 -0.0033152 -0.000353118 0.0033158 0.999995 -0.000568174 0.000354885 0.000567827 1 -0.013334 0.0741804 0.0892969
FixedParameters: 0 0 0

#Transform 142
Transform: AffineTransform_float_3_3
Parameters: 0.999993 -0.00370019 -0.000378147 0.00369981 0.999993 -0.000501402 0.000379851 0.000499598 1 0.00292332 0.0828668 0.109043
FixedParameters: 0 0 0

#Transform 143
Transform: AffineTransform_float_3_3
Parameters: 0.999995 -0.00336099 -0.000129322 0.00336101 0.999995 9.55659e-05 0.000128677 -9.64331e-05 1 -0.0228701 0.0482289 0.119604
FixedParameters: 0 0 0

#Transform 144
Transform: AffineTransform_float_3_3
Parameters: 0.999993 -0.00370001 -9.05332e-05 0.00369999 0.999993 -0.000126336 9.14656e-05 0.000125662 1 -0.00850859 0.0677597 0.120709
FixedParameters: 0 0 0

#Transform 145
Transform: AffineTransform_float_3_3
Parameters: 0.999992 -0.00383101 8.22791e-05 0.00383098 0.999992 0.000188317 -8.27196e-05 -0.000187684 1 -0.0296783 0.0553619 0.0932705
FixedParameters: 0 0 0

#Transform 146
Transform: AffineTransform_float_3_3
Parameters: 0.999993 -0.003794 6.53491e-06 0.003794 0.999993 -0.000140976 -5.465e-06 0.000141022 1 -0.0265071 0.0685332 0.101469
FixedParameters: 0 0 0

#Transform 147
Transform: AffineTransform_float_3_3
Parameters: 0.999992 -0.00383499 -2.09202e-05 0.003835 0.999992 0.000239921 2.00794e-05 -0.000240079 1 -0.0327976 0.0532441 0.0941776
FixedParameters: 0 0 0

#Transform 148
Transform: AffineTransform_float_3_3
Parameters: 0.999993 -0.00379 1.58439e-05 0.00378999 0.999993 0.000305062 -1.61558e-05 -0.000304941 1 -0.031244 0.036686 0.123063
FixedParameters: 0 0 0

#Transform 149
Transform: AffineTransform_float_3_3
Parameters: 0.999992 -0.00382088 -0.000376182 0.00382011 0.999992 0.000308565 0.00037582 -0.000309438 1 -0.00811597 0.0286542 0.157907
FixedParameters: 0 0 0

#Transform 150
Transform: AffineTransform_float_3_3
Parameters: 0.999992 -0.00393101 0.000220806 0.00393099 0.999993 4.98684e-05 -0.000221195 -4.91309e-05 1 -0.0267521 0.0544689 0.125939
FixedParameters: 0 0 0

#Transform 151
Transform: AffineTransform_float_3_3
Parameters: 0.999993 -0.00389674 -0.000292443 0.00389726 0.999992 0.000882867 0.000288557 -0.000884131 0.999999 -0.0179355 0.0184729 0.117281
FixedParameters: 0 0 0

#Transform 152
Transform: AffineTransform_float_3_3
Parameters: 0.999992 -0.00396806 -0.000212867 0.00396794 0.999992 -0.000285847 0.000214129 0.000284153 1 -0.0321473 0.0656305 0.158565
FixedParameters: 0 0 0

#Transform 153
Transform: AffineTransform_float_3_3
Parameters: 0.999993 -0.00383736 -0.000816739 0.00383864 0.99999 0.00201488 0.000808261 -0.00201812 0.999997 0.0409282 -0.0253818 0.187263
FixedParameters: 0 0 0

#Transform 154
Transform: AffineTransform_float_3_3
Parameters: 0.999991 -0.00424893 -4.91096e-05 0.00424807 0.99999 0.0014378 4.28909e-05 -0.0014382 0.999999 -0.019471 -0.0063404 0.17329
FixedParameters: 0 0 0

#Transform 155
Transform: AffineTransform_float_3_3
Parameters: 0.99999 -0.00439691 0.000816094 0.00439609 0.999989 0.0011176 -0.000820903 -0.0011134 0.999999 -0.0242825 0.0203274 0.16016
FixedParameters: 0 0 0

#Transform 156
Transform: AffineTransform_float_3_3
Parameters: 0.999991 -0.00424997 0.000600182 0.00424803 0.999989 0.00160556 -0.000606813 -0.00160243 0.999998 0.0438608 -0.0134808 0.192278
FixedParameters: 0 0 0

#Transform 157
Transform: AffineTransform_float_3_3
Parameters: 0.999993 -0.00376103 -0.000133243 0.00376097 0.999993 -0.000201503 0.000133759 0.000201498 1 0.074358 0.0582865 0.20398
FixedParameters: 0 0 0

#Transform 158
Transform: AffineTransform_float_3_3
Parameters: 0.999992 -0.0038628 8.89768e-05 0.00386219 0.99999 -0.00232367 -8.00277e-05 0.00232333 0.999998 -0.0191176 0.145801 0.151634
FixedParameters: 0 0 0

#Transform 159
Transform: AffineTransform_float_3_3
Parameters: 0.999992 -0.00380108 -0.000341078 0.00380092 0.999992 -0.000243298 0.000341925 0.000242702 1 0.0632624 0.0432652 0.211732
FixedParameters: 0 0 0

#Transform 160
Transform: AffineTransform_float_3_3
Parameters: 0.999991 -0.00424899 -0.000346163 0.00424901 0.999991 3.75295e-05 0.000345835 -3.94698e-05 1 0.00754606 0.0283222 0.161627
FixedParameters: 0 0 0

#Transform 161
Transform: AffineTransform_float_3_3
Parameters: 0.999991 -0.00424902 -7.40966e-06 0.00424898 0.99999 -0.00155104 1.35901e-05 0.00155096 0.999999 -0.0256155 0.096535 0.105327
FixedParameters: 0 0 0

#Transform 162
Transform: AffineTransform_float_3_3
Parameters: 0.999991 -0.00426299 -6.94342e-05 0.00426301 0.999991 0.000101705 6.85645e-05 -0.000102293 1 -0.0166625 0.0403939 0.116883
FixedParameters: 0 0 0

#Transform 163
Transform: AffineTransform_float_3_3
Parameters: 0.999991 -0.00406599 -1.98987e-05 0.00406601 0.999991 0.000466923 1.8101e-05 -0.000467077 1 -0.0118486 0.0253359 0.122503
FixedParameters: 0 0 0

#Transform 164
Transform: AffineTransform_float_3_3
Parameters: 0.999992 -0.004052 4.52873e-05 0.004052 0.999992 -7.08171e-05 -4.57119e-05 7.11858e-05 1 0.0558992 0.070994 0.0837929
FixedParameters: 0 0 0

#Transform 165
Transform: AffineTransform_float_3_3
Parameters: 0.999991 -0.00424799 -1.64654e-05 0.00424801 0.999991 0.000344933 1.55343e-05 -0.000345069 1 0.0713064 0.0538458 0.118068
FixedParameters: 0 0 0

#Transform 166
Transform: AffineTransform_float_3_3
Parameters: 0.999991 -0.00434446 0.000447552 0.00434354 0.99999 0.00102495 -0.000451449 -0.00102305 1 -0.04869 0.029731 0.095176
FixedParameters: 0 0 0

#Transform 167
Transform: AffineTransform_float_3_3
Parameters: 0.999991 -0.00408003 0.000133881 0.00407996 0.999991 0.000274548 -0.000135121 -0.000274451 1 0.0120334 0.0642202 0.0758654
FixedParameters: 0 0 0

#Transform 168
Transform: AffineTransform_float_3_3
Parameters: 0.999991 -0.00422441 0.000573995 0.00422459 0.999991 0.000712431 -0.000577007 -0.000710569 0.999999 -0.0635751 0.0698694 0.0525683
FixedParameters: 0 0 0

#Transform 169
Transform: AffineTransform_float_3_3
Parameters: 0.999992 -0.00413006 0.000118079 0.00412995 0.999992 0.000465492 -0.000119924 -0.000465509 1 0.000256625 0.0648818 0.0750944
FixedParameters: 0 0 0

#Transform 170
Transform: AffineTransform_float_3_3
Parameters: 0.999991 -0.00429016 0.000117079 0.00428983 0.99999 0.00138051 -0.000122919 -0.00137949 0.999999 -0.0244782 0.0432416 -0.0043627
FixedParameters: 0 0 0

#Transform 171
Transform: AffineTransform_float_3_3
Parameters: 0.999989 -0.00465376 0.000692925 0.00465324 0.999989 0.00109224 -0.000698074 -0.00108876 0.999999 -0.0316057 0.0555754 -0.0100115
FixedParameters: 0 0 0

#Transform 172
Transform: AffineTransform_float_3_3
Parameters: 0.999991 -0.00426191 -8.37386e-05 0.00426209 0.999991 0.00111165 7.82599e-05 -0.00111234 1 0.0167162 0.0540242 0.00653314
FixedParameters: 0 0 0

#Transform 173
Transform: AffineTransform_float_3_3
Parameters: 0.99999 -0.00447245 0.000572506 0.00447255 0.999989 0.000782569 -0.000575497 -0.000780434 1 -0.0397035 0.0770395 0.00111805
FixedParameters: 0 0 0

#Transform 174
Transform: AffineTransform_float_3_3
Parameters: 0.999991 -0.00432624 0.000835781 0.00432576 0.99999 0.000283618 -0.000837221 -0.00028038 0.999999 -0.0548142 0.0835891 0.000156539
FixedParameters: 0 0 0

#Transform 175
Transform: AffineTransform_float_3_3
Parameters: 0.999989 -0.004564 -0.000192879 0.00456399 0.999989 -2.68806e-05 0.000193121 2.61189e-05 1 0.0394329 0.0852039 0.0704396
FixedParameters: 0 0 0

#Transform 176
Transform: AffineTransform_float_3_3
Parameters: 0.99999 -0.00442366 0.000252072 0.00442434 0.99999 -0.0013719 -0.000245928 0.0013731 0.999999 -0.0195901 0.129969 0.0320054
FixedParameters: 0 0 0

#Transform 177
Transform: AffineTransform_float_3_3
Parameters: 0.999991 -0.00437999 -2.14701e-05 0.00437901 0.999991 0.000563911 1.953e-05 -0.000564091 1 0.00509674 0.0423752 0.108403
FixedParameters: 0 0 0

#Transform 178
Transform: AffineTransform_float_3_3
Parameters: 0.999989 -0.00457411 0.000184386 0.00457389 0.99999 0.000571849 -0.000186614 -0.000571153 1 -0.0177294 0.0404604 0.0785845
FixedParameters: 0 0 0

#Transform 179
Transform: AffineTransform_float_3_3
Parameters: 0.99999 -0.00431603 0.00012798 0.00431597 0.99999 0.000236554 -0.000129022 -0.000236445 1 -0.0125773 0.0658387 0.0791831
FixedParameters: 0 0 0
