# transform file /out/sourcedata/freesurfer/sub-v2s8x29189_ses-1/mri/transforms/cc_up.lta
# created by oesteban on Sat Mar 14 01:13:47 2026

type      = 0 # LINEAR_VOX_TO_VOX
nxforms   = 1
mean      = 128.0000 121.0000 120.0000
sigma     = 10000.0000
1 4 4
9.979426860809326e-01 5.923260003328323e-02 -2.453360334038734e-02 -5.043135166168213e+00 
-5.921471118927002e-02 9.982441663742065e-01 1.455745194107294e-03 2.970791816711426e+01 
2.457675524055958e-02 0.000000000000000e+00 9.996979832649231e-01 9.843370437622070e+00 
0.000000000000000e+00 0.000000000000000e+00 0.000000000000000e+00 1.000000000000000e+00 
src volume info
valid = 1  # volume info valid
filename = /out/sourcedata/freesurfer/sub-v2s8x29189_ses-1/mri/norm.mgz
volume = 256 256 256
voxelsize = 1.000000000000000e+00 1.000000000000000e+00 1.000000000000000e+00
xras   = -1.000000000000000e+00 0.000000000000000e+00 0.000000000000000e+00
yras   = 0.000000000000000e+00 0.000000000000000e+00 -1.000000000000000e+00
zras   = 0.000000000000000e+00 1.000000000000000e+00 0.000000000000000e+00
cras   = -1.953958129882812e+01 -1.164611816406250e+01 2.771072387695312e-01
dst volume info
valid = 1  # volume info valid
filename = /out/sourcedata/freesurfer/sub-v2s8x29189_ses-1/mri/norm.mgz
volume = 256 256 256
voxelsize = 1.000000000000000e+00 1.000000000000000e+00 1.000000000000000e+00
xras   = -1.000000000000000e+00 0.000000000000000e+00 0.000000000000000e+00
yras   = 0.000000000000000e+00 0.000000000000000e+00 -1.000000000000000e+00
zras   = 0.000000000000000e+00 1.000000000000000e+00 0.000000000000000e+00
cras   = -1.953958129882812e+01 -1.164611816406250e+01 2.771072387695312e-01
