# transform file /out/sourcedata/freesurfer/sub-v2s8x29193_ses-1/mri/transforms/cc_up.lta
# created by oesteban on Sat Mar 14 01:44:55 2026

type      = 0 # LINEAR_VOX_TO_VOX
nxforms   = 1
mean      = 128.0000 121.0000 121.0000
sigma     = 10000.0000
1 4 4
9.883882999420166e-01 8.765670657157898e-02 -1.241169497370720e-01 5.115076065063477e+00 
-8.697363734245300e-02 9.961507916450500e-01 1.092172227799892e-02 3.532731246948242e+01 
1.245965510606766e-01 0.000000000000000e+00 9.922075271606445e-01 -5.153444290161133e+00 
0.000000000000000e+00 0.000000000000000e+00 0.000000000000000e+00 1.000000000000000e+00 
src volume info
valid = 1  # volume info valid
filename = /out/sourcedata/freesurfer/sub-v2s8x29193_ses-1/mri/norm.mgz
volume = 256 256 256
voxelsize = 1.000000000000000e+00 1.000000000000000e+00 1.000000000000000e+00
xras   = -1.000000000000000e+00 0.000000000000000e+00 0.000000000000000e+00
yras   = 0.000000000000000e+00 0.000000000000000e+00 -1.000000000000000e+00
zras   = 0.000000000000000e+00 1.000000000000000e+00 0.000000000000000e+00
cras   = -5.840904235839844e+00 1.000000000000000e+00 1.000000000000000e+00
dst volume info
valid = 1  # volume info valid
filename = /out/sourcedata/freesurfer/sub-v2s8x29193_ses-1/mri/norm.mgz
volume = 256 256 256
voxelsize = 1.000000000000000e+00 1.000000000000000e+00 1.000000000000000e+00
xras   = -1.000000000000000e+00 0.000000000000000e+00 0.000000000000000e+00
yras   = 0.000000000000000e+00 0.000000000000000e+00 -1.000000000000000e+00
zras   = 0.000000000000000e+00 1.000000000000000e+00 0.000000000000000e+00
cras   = -5.840904235839844e+00 1.000000000000000e+00 1.000000000000000e+00
