#Insight Transform File V1.0
#Transform 0
Transform: AffineTransform_float_3_3
Parameters: 1 -0.000449052 0.000265912 0.000448948 1 0.000195119 -0.000265087 -0.000194881 1 0.0642417 0.0214766 -0.34601
FixedParameters: 0 0 0

#Transform 1
Transform: AffineTransform_float_3_3
Parameters: 1 0.000245961 0.000418023 -0.000246039 1 9.28971e-05 -0.000417977 -9.31028e-05 1 -0.0060462 0.0503069 0.0122257
FixedParameters: 0 0 0

#Transform 2
Transform: AffineTransform_float_3_3
Parameters: 0.999998 0.000168384 0.00188715 -0.000170617 0.999999 0.000856679 -0.00188685 -0.000856319 0.999998 -0.0877787 0.00818243 0.0662002
FixedParameters: 0 0 0

#Transform 3
Transform: AffineTransform_float_3_3
Parameters: 0.999998 0.000179568 0.00204522 -0.000182431 1 0.00118863 -0.00204478 -0.00118937 0.999997 -0.0914681 0.0138874 0.0908854
FixedParameters: 0 0 0

#Transform 4
Transform: AffineTransform_float_3_3
Parameters: 0.999999 -2.53383e-05 0.00154499 2.46616e-05 1 0.000219038 -0.001545 -0.000218961 0.999999 -0.0587168 0.0879278 0.0431662
FixedParameters: 0 0 0

#Transform 5
Transform: AffineTransform_float_3_3
Parameters: 0.999998 -0.000304971 0.001562 0.000305029 1 -1.85236e-05 -0.00156199 1.84764e-05 0.999999 -0.0550449 0.118077 0.0472122
FixedParameters: 0 0 0

#Transform 6
Transform: AffineTransform_float_3_3
Parameters: 0.999998 -0.000145749 0.00159511 0.00014725 0.999999 -0.000783766 -0.00159489 0.000784234 0.999999 -0.0573387 0.155159 0.0690813
FixedParameters: 0 0 0

#Transform 7
Transform: AffineTransform_float_3_3
Parameters: 0.999998 -0.000441128 0.00161596 0.000440872 1 7.97125e-05 -0.00161603 -7.92872e-05 0.999998 -0.0563743 0.101832 0.0286974
FixedParameters: 0 0 0

#Transform 8
Transform: AffineTransform_float_3_3
Parameters: 0.999998 -0.000748069 0.00178155 0.000746929 0.999999 0.000601332 -0.00178245 -0.000599668 0.999998 -0.0654645 0.0702345 0.0295277
FixedParameters: 0 0 0

#Transform 9
Transform: AffineTransform_float_3_3
Parameters: 0.999999 -0.000599741 0.00172344 0.000601258 0.999999 -0.000729965 -0.00172256 0.000731034 0.999998 -0.0605248 0.16644 0.0355564
FixedParameters: 0 0 0

#Transform 10
Transform: AffineTransform_float_3_3
Parameters: 0.999999 -0.00074256 0.00170476 0.00074144 0.999999 0.000329264 -0.00170524 -0.000327734 0.999998 -0.0596789 0.0973702 0.0331095
FixedParameters: 0 0 0

#Transform 11
Transform: AffineTransform_float_3_3
Parameters: 0.999999 -0.000464774 0.000641164 0.000465226 1 -0.000352702 -0.000640836 0.000352298 0.999999 0.00651518 0.139462 0.0141746
FixedParameters: 0 0 0

#Transform 12
Transform: AffineTransform_float_3_3
Parameters: 0.999999 -0.00094958 0.000986405 0.000949419 0.999999 -0.000425064 -0.000985597 0.000425936 1 -0.0180587 0.164101 0.0161793
FixedParameters: 0 0 0

#Transform 13
Transform: AffineTransform_float_3_3
Parameters: 0.999999 -0.00109672 0.000858357 0.00109728 1 -0.000325058 -0.000858643 0.000325942 0.999999 0.0280069 0.145095 0.0183161
FixedParameters: 0 0 0

#Transform 14
Transform: AffineTransform_float_3_3
Parameters: 1 -0.000632687 0.000854232 0.000633313 0.999999 -0.000366459 -0.000853768 0.00036654 0.999999 0.0261395 0.158757 0.0160121
FixedParameters: 0 0 0

#Transform 15
Transform: AffineTransform_float_3_3
Parameters: 1 -0.000662798 0.000945142 0.000663202 1 -0.000213373 -0.000944858 0.000213626 0.999999 -0.00376128 0.152126 0.0112205
FixedParameters: 0 0 0

#Transform 16
Transform: AffineTransform_float_3_3
Parameters: 1 -0.000662915 0.000829069 0.000663086 1 -0.00010345 -0.000828932 0.00010355 0.999999 0.0133108 0.152978 0.0114262
FixedParameters: 0 0 0

#Transform 17
Transform: AffineTransform_float_3_3
Parameters: 0.999999 -0.00110396 0.00112004 0.00110404 1 -3.27635e-05 -0.00111996 3.42365e-05 1 -0.0197184 0.147799 0.012645
FixedParameters: 0 0 0

#Transform 18
Transform: AffineTransform_float_3_3
Parameters: 0.999999 -0.000862284 0.000891694 0.000863716 1 -0.000803231 -0.000890307 0.000803769 1 -0.00411518 0.175704 0.0332289
FixedParameters: 0 0 0

#Transform 19
Transform: AffineTransform_float_3_3
Parameters: 1 -0.00069937 0.00084852 0.00069963 0.999999 -0.000742407 -0.000848482 0.000742594 1 -0.0040191 0.174572 0.0357285
FixedParameters: 0 0 0

#Transform 20
Transform: AffineTransform_float_3_3
Parameters: 0.999999 -0.000491379 0.00127424 0.000491621 1 -0.000487374 -0.00127376 0.000487626 0.999999 -0.0347789 0.163647 0.0165893
FixedParameters: 0 0 0

#Transform 21
Transform: AffineTransform_float_3_3
Parameters: 0.999999 -0.000528599 0.00128217 0.000529401 1 -0.000312322 -0.00128183 0.000312678 0.999999 -0.0347914 0.153825 0.0224841
FixedParameters: 0 0 0

#Transform 22
Transform: AffineTransform_float_3_3
Parameters: 0.999999 -0.000875837 0.00112013 0.000876163 0.999999 -0.000145019 -0.00111987 0.000145981 1 -0.0388631 0.154176 0.0185177
FixedParameters: 0 0 0

#Transform 23
Transform: AffineTransform_float_3_3
Parameters: 0.999999 -0.000801936 0.00132664 0.000803066 1 -0.000802936 -0.00132636 0.000803065 0.999999 -0.0436557 0.191683 0.038935
FixedParameters: 0 0 0

#Transform 24
Transform: AffineTransform_float_3_3
Parameters: 0.999999 -0.000901661 0.000989308 0.000901337 0.999999 -0.000341108 -0.000988691 0.000342891 0.999999 -0.00966777 0.153421 0.0178045
FixedParameters: 0 0 0

#Transform 25
Transform: AffineTransform_float_3_3
Parameters: 0.999999 -0.000848656 0.00128723 0.000848342 0.999999 -0.000265908 -0.00128677 0.000267092 0.999999 -0.0297133 0.158277 0.0120342
FixedParameters: 0 0 0

#Transform 26
Transform: AffineTransform_float_3_3
Parameters: 0.999999 -0.000755557 0.00128926 0.000756442 0.999999 -0.000343025 -0.00128874 0.000343974 0.999999 -0.0313814 0.173966 0.0327667
FixedParameters: 0 0 0

#Transform 27
Transform: AffineTransform_float_3_3
Parameters: 1 -0.000725521 0.000968359 0.000725478 0.999999 -0.000493298 -0.000968642 0.000494703 1 -0.0113129 0.182339 0.0270014
FixedParameters: 0 0 0

#Transform 28
Transform: AffineTransform_float_3_3
Parameters: 0.999998 -0.000912124 0.00147254 0.000912875 1 -0.000593657 -0.00147146 0.000595343 0.999998 -0.044233 0.165928 0.0422475
FixedParameters: 0 0 0

#Transform 29
Transform: AffineTransform_float_3_3
Parameters: 0.999998 -0.000750349 0.00147933 0.000751649 0.999999 -0.000438888 -0.00147867 0.00044011 0.999999 -0.0437198 0.155209 0.0290515
FixedParameters: 0 0 0

#Transform 30
Transform: AffineTransform_float_3_3
Parameters: 0.999998 -0.00101086 0.00125411 0.00101114 1 -0.000112732 -0.00125388 0.000114268 0.999999 -0.0399536 0.153512 0.0236864
FixedParameters: 0 0 0

#Transform 31
Transform: AffineTransform_float_3_3
Parameters: 0.999998 -0.00118966 0.00123932 0.00119034 1 -0.000271525 -0.00123868 0.000273474 0.999999 -0.039303 0.164768 0.0243804
FixedParameters: 0 0 0

#Transform 32
Transform: AffineTransform_float_3_3
Parameters: 0.999999 -0.000735871 0.00116172 0.000737129 1 -0.000972145 -0.00116028 0.000972855 0.999999 -0.0438025 0.19128 0.0421758
FixedParameters: 0 0 0

#Transform 33
Transform: AffineTransform_float_3_3
Parameters: 0.999998 -0.00118957 0.00126141 0.00119043 0.999999 -0.000342499 -0.00126159 0.000343501 0.999999 -0.0444814 0.147314 0.0358436
FixedParameters: 0 0 0

#Transform 34
Transform: AffineTransform_float_3_3
Parameters: 0.999998 -0.000905414 0.00135839 0.000905586 1 -0.000430771 -0.00135861 0.000432231 0.999999 -0.0332836 0.153818 0.0405491
FixedParameters: 0 0 0

#Transform 35
Transform: AffineTransform_float_3_3
Parameters: 0.999999 -0.000640948 0.000724045 0.000641051 1 -7.05358e-05 -0.000723954 7.1464e-05 0.999999 0.00285851 0.130981 0.0121707
FixedParameters: 0 0 0

#Transform 36
Transform: AffineTransform_float_3_3
Parameters: 0.999999 -0.00119004 0.000856947 0.00118996 1 4.50198e-05 -0.000857053 -4.39801e-05 0.999999 0.003513 0.144324 0.0125913
FixedParameters: 0 0 0

#Transform 37
Transform: AffineTransform_float_3_3
Parameters: 0.999999 -0.00118975 0.00128023 0.00119025 1 -0.000193477 -0.00128077 0.000195524 0.999999 -0.0335388 0.138939 0.0300273
FixedParameters: 0 0 0

#Transform 38
Transform: AffineTransform_float_3_3
Parameters: 0.999999 -0.00118922 0.0010219 0.00119078 0.999999 -0.000758784 -0.0010211 0.000760215 0.999999 -0.0206504 0.180966 0.0290101
FixedParameters: 0 0 0

#Transform 39
Transform: AffineTransform_float_3_3
Parameters: 0.999999 -0.000859667 0.00105227 0.000860333 0.999999 -0.000316095 -0.00105173 0.000316904 1 -0.0310109 0.153754 0.0283777
FixedParameters: 0 0 0

#Transform 40
Transform: AffineTransform_float_3_3
Parameters: 0.999999 -0.00119044 0.000933438 0.00119056 0.999999 0.000473112 -0.000933563 -0.000471889 1 -0.0158711 0.104542 0.041166
FixedParameters: 0 0 0

#Transform 41
Transform: AffineTransform_float_3_3
Parameters: 0.999999 -0.00118997 0.00102404 0.00119003 1 -2.87814e-05 -0.00102397 3.02185e-05 1 -0.00709503 0.124482 0.0217027
FixedParameters: 0 0 0

#Transform 42
Transform: AffineTransform_float_3_3
Parameters: 0.999999 -0.00143494 0.00114407 0.00143506 0.999999 -4.73583e-05 -0.00114393 4.96416e-05 1 -0.019014 0.143283 0.0307176
FixedParameters: 0 0 0

#Transform 43
Transform: AffineTransform_float_3_3
Parameters: 0.999999 -0.00131924 0.00118874 0.00131876 0.999999 0.000200568 -0.00118926 -0.000198431 1 -0.0332754 0.134596 0.0414328
FixedParameters: 0 0 0

#Transform 44
Transform: AffineTransform_float_3_3
Parameters: 0.999998 -0.00161248 0.00100584 0.00161352 0.999998 -0.000520378 -0.00100516 0.000521622 1 0.00176401 0.16412 0.0328781
FixedParameters: 0 0 0

#Transform 45
Transform: AffineTransform_float_3_3
Parameters: 1 -0.000486715 0.00100762 0.000487286 0.999999 -0.00127551 -0.00100738 0.00127649 0.999998 -0.0120562 0.216105 0.0448666
FixedParameters: 0 0 0

#Transform 46
Transform: AffineTransform_float_3_3
Parameters: 0.999998 -0.00092476 0.0014308 0.000925241 0.999999 -0.000866677 -0.0014302 0.000867324 0.999998 -0.0312368 0.172979 0.0548899
FixedParameters: 0 0 0

#Transform 47
Transform: AffineTransform_float_3_3
Parameters: 0.999999 -0.00112784 0.00138195 0.00112916 0.999999 -0.000837441 -0.00138105 0.000838559 0.999998 -0.0325544 0.172649 0.0515325
FixedParameters: 0 0 0

#Transform 48
Transform: AffineTransform_float_3_3
Parameters: 0.999998 -0.000958981 0.00127277 0.000960018 0.999999 -0.000799779 -0.00127123 0.00080122 0.999999 -0.0468941 0.155764 0.04573
FixedParameters: 0 0 0

#Transform 49
Transform: AffineTransform_float_3_3
Parameters: 0.999998 -0.0013325 0.00144646 0.0013335 0.999999 -0.000347072 -0.00144554 0.000348927 0.999999 -0.039804 0.150747 0.0408215
FixedParameters: 0 0 0

#Transform 50
Transform: AffineTransform_float_3_3
Parameters: 0.999997 -0.00181223 0.00159974 0.00181177 0.999999 0.000144899 -0.00160026 -0.0001421 0.999998 -0.0511841 0.121777 0.0294733
FixedParameters: 0 0 0

#Transform 51
Transform: AffineTransform_float_3_3
Parameters: 0.999998 -0.00148195 0.00134916 0.00148305 0.999998 -0.00078 -0.00134784 0.000781999 0.999999 -0.0465071 0.178419 0.0375524
FixedParameters: 0 0 0

#Transform 52
Transform: AffineTransform_float_3_3
Parameters: 0.999999 -0.00133184 0.0011903 0.00133316 0.999998 -0.000976414 -0.0011897 0.000978586 0.999999 -0.0169571 0.20141 0.0406419
FixedParameters: 0 0 0

#Transform 53
Transform: AffineTransform_float_3_3
Parameters: 0.999999 -0.00133183 0.00117334 0.00133317 0.999998 -0.00100144 -0.00117167 0.00100256 0.999999 -0.0332129 0.20065 0.0436572
FixedParameters: 0 0 0

#Transform 54
Transform: AffineTransform_float_3_3
Parameters: 0.999998 -0.0013318 0.00148308 0.0013332 0.999999 -0.000810024 -0.00148192 0.000811975 0.999998 -0.0357738 0.189664 0.0420274
FixedParameters: 0 0 0

#Transform 55
Transform: AffineTransform_float_3_3
Parameters: 0.999998 -0.00133248 0.00149446 0.00133352 0.999999 -0.000345008 -0.00149454 0.000346992 0.999999 -0.0364943 0.146993 0.0338667
FixedParameters: 0 0 0

#Transform 56
Transform: AffineTransform_float_3_3
Parameters: 0.999999 -0.00140707 0.00121992 0.00140693 0.999999 5.47165e-05 -0.00122008 -5.32834e-05 1 -0.0321673 0.142205 0.0332266
FixedParameters: 0 0 0

#Transform 57
Transform: AffineTransform_float_3_3
Parameters: 0.999998 -0.00122656 0.00157234 0.00122644 0.999999 -0.000278072 -0.00157166 0.000279928 0.999998 -0.0431693 0.149895 0.0468919
FixedParameters: 0 0 0

#Transform 58
Transform: AffineTransform_float_3_3
Parameters: 0.999998 -0.00122055 0.00160434 0.00122145 0.999999 -0.000278041 -0.00160466 0.000279959 0.999998 -0.0454295 0.142714 0.0541078
FixedParameters: 0 0 0

#Transform 59
Transform: AffineTransform_float_3_3
Parameters: 0.999998 -0.0015418 0.0014213 0.0015432 0.999999 -0.000841809 -0.0014197 0.000844191 0.999998 -0.0460023 0.192095 0.0423261
FixedParameters: 0 0 0

#Transform 60
Transform: AffineTransform_float_3_3
Parameters: 0.999998 -0.00159329 0.00164266 0.00159471 0.999998 -0.00103938 -0.00164034 0.00104262 0.999998 -0.047973 0.203713 0.0431729
FixedParameters: 0 0 0

#Transform 61
Transform: AffineTransform_float_3_3
Parameters: 0.999996 -0.00187574 0.00207214 0.00187726 0.999998 -0.000607112 -0.00207086 0.000610887 0.999997 -0.0644274 0.17293 0.0499586
FixedParameters: 0 0 0

#Transform 62
Transform: AffineTransform_float_3_3
Parameters: 0.999997 -0.00211941 0.00164477 0.0021206 0.999997 -0.000360513 -0.00164423 0.000363486 0.999998 -0.0105981 0.158707 0.0356286
FixedParameters: 0 0 0

#Transform 63
Transform: AffineTransform_float_3_3
Parameters: 0.999995 -0.00216185 0.00203922 0.00216315 0.999998 -0.000562591 -0.00203778 0.000566408 0.999998 -0.047627 0.168173 0.0405756
FixedParameters: 0 0 0

#Transform 64
Transform: AffineTransform_float_3_3
Parameters: 0.999997 -0.00181689 0.00172917 0.00181811 0.999998 -0.000641858 -0.00172783 0.000645142 0.999999 -0.0536486 0.177188 0.0453127
FixedParameters: 0 0 0

#Transform 65
Transform: AffineTransform_float_3_3
Parameters: 0.999998 -0.001456 0.00151991 0.001458 0.999998 -0.00131279 -0.00151808 0.00131521 0.999998 -0.0381957 0.206919 0.0492325
FixedParameters: 0 0 0

#Transform 66
Transform: AffineTransform_float_3_3
Parameters: 0.999997 -0.00128119 0.0017306 0.00128181 0.999999 -0.000464783 -0.0017294 0.000467217 0.999999 -0.0560578 0.157052 0.0477023
FixedParameters: 0 0 0

#Transform 67
Transform: AffineTransform_float_3_3
Parameters: 0.999997 -0.00174287 0.00184807 0.00174313 0.999999 -0.000611781 -0.00184693 0.000614221 0.999998 -0.0637644 0.171354 0.0503864
FixedParameters: 0 0 0

#Transform 68
Transform: AffineTransform_float_3_3
Parameters: 0.999998 -0.0016296 0.00161741 0.0016314 0.999999 -0.000864364 -0.00161659 0.000867637 0.999999 -0.0595914 0.195878 0.0435353
FixedParameters: 0 0 0

#Transform 69
Transform: AffineTransform_float_3_3
Parameters: 0.999997 -0.0017417 0.00195805 0.0017433 0.999998 -0.00117359 -0.00195596 0.00117641 0.999998 -0.0611467 0.219367 0.0567283
FixedParameters: 0 0 0

#Transform 70
Transform: AffineTransform_float_3_3
Parameters: 0.999997 -0.00174231 0.00160484 0.00174369 0.999998 -0.0010542 -0.00160316 0.0010568 0.999998 -0.0429307 0.192987 0.0618985
FixedParameters: 0 0 0

#Transform 71
Transform: AffineTransform_float_3_3
Parameters: 0.999998 -0.00174212 0.00155411 0.00174388 0.999998 -0.00120729 -0.00155189 0.00120971 0.999998 -0.0456398 0.209941 0.0582546
FixedParameters: 0 0 0

#Transform 72
Transform: AffineTransform_float_3_3
Parameters: 0.999997 -0.00174256 0.00170748 0.00174344 0.999998 -0.000845026 -0.00170553 0.000847975 0.999998 -0.0578101 0.194494 0.0529777
FixedParameters: 0 0 0

#Transform 73
Transform: AffineTransform_float_3_3
Parameters: 0.999997 -0.00131517 0.00169564 0.00131582 0.999999 -0.00048577 -0.00169436 0.000488229 0.999998 -0.0698895 0.158203 0.0460471
FixedParameters: 0 0 0

#Transform 74
Transform: AffineTransform_float_3_3
Parameters: 0.999996 -0.00174391 0.00192408 0.00174309 0.999999 -4.26463e-05 -0.00192392 4.63553e-05 0.999998 -0.0848079 0.142952 0.0286717
FixedParameters: 0 0 0

#Transform 75
Transform: AffineTransform_float_3_3
Parameters: 0.999997 -0.00174273 0.00183821 0.00174327 0.999998 -0.000689798 -0.00183679 0.000693203 0.999998 -0.0718501 0.19019 0.041808
FixedParameters: 0 0 0

#Transform 76
Transform: AffineTransform_float_3_3
Parameters: 0.999996 -0.00174277 0.00196809 0.00174323 0.999999 -0.000623571 -0.00196691 0.00062743 0.999998 -0.0801502 0.180247 0.0554666
FixedParameters: 0 0 0

#Transform 77
Transform: AffineTransform_float_3_3
Parameters: 0.999997 -0.00164975 0.00171824 0.00165025 0.999998 -0.000142165 -0.00171776 0.000144834 0.999998 -0.065742 0.148933 0.0476834
FixedParameters: 0 0 0

#Transform 78
Transform: AffineTransform_float_3_3
Parameters: 0.999997 -0.00174439 0.00176462 0.00174361 0.999999 0.000222078 -0.00176439 -0.000218923 0.999999 -0.0670588 0.124319 0.059395
FixedParameters: 0 0 0

#Transform 79
Transform: AffineTransform_float_3_3
Parameters: 0.999997 -0.00174291 0.00169912 0.00174309 0.999999 -0.000639041 -0.00169788 0.000641962 0.999999 -0.0628987 0.19582 0.0464998
FixedParameters: 0 0 0

#Transform 80
Transform: AffineTransform_float_3_3
Parameters: 0.999998 -0.00157769 0.0016363 0.00157731 0.999998 -0.000189419 -0.0016357 0.000192581 0.999998 -0.0616077 0.154955 0.0564675
FixedParameters: 0 0 0

#Transform 81
Transform: AffineTransform_float_3_3
Parameters: 0.999998 -0.00174339 0.00156568 0.00174361 0.999999 -0.000386271 -0.00156532 0.00038873 0.999998 -0.0542705 0.14423 0.052395
FixedParameters: 0 0 0

#Transform 82
Transform: AffineTransform_float_3_3
Parameters: 0.999997 -0.00174391 0.0016241 0.00174309 0.999999 -5.41692e-05 -0.0016239 5.68321e-05 0.999998 -0.058045 0.144268 0.0412836
FixedParameters: 0 0 0

#Transform 83
Transform: AffineTransform_float_3_3
Parameters: 0.999997 -0.00174377 0.00170624 0.00174324 0.999999 -0.000136026 -0.00170576 0.000138975 0.999998 -0.0633379 0.153347 0.0526462
FixedParameters: 0 0 0

#Transform 84
Transform: AffineTransform_float_3_3
Parameters: 0.999996 -0.00195698 0.00171702 0.00195702 0.999998 -7.6398e-06 -0.00171698 1.03602e-05 0.999999 -0.0743374 0.150882 0.0706421
FixedParameters: 0 0 0

#Transform 85
Transform: AffineTransform_float_3_3
Parameters: 0.999997 -0.00180751 0.00172356 0.00180849 0.999998 -0.000861886 -0.00172244 0.000865116 0.999998 -0.0782984 0.195908 0.0600615
FixedParameters: 0 0 0

#Transform 86
Transform: AffineTransform_float_3_3
Parameters: 0.999998 -0.00163209 0.00132013 0.00163291 0.999999 -0.000688846 -0.00131987 0.000691156 0.999999 -0.0571666 0.178884 0.0520644
FixedParameters: 0 0 0

#Transform 87
Transform: AffineTransform_float_3_3
Parameters: 0.999998 -0.00156445 0.000682267 0.00156455 0.999999 -0.000808934 -0.000681734 0.000810068 1 0.000500564 0.154913 0.0391509
FixedParameters: 0 0 0

#Transform 88
Transform: AffineTransform_float_3_3
Parameters: 0.999998 -0.00176587 0.000817272 0.00176613 0.999998 -0.000153557 -0.000817727 0.000155444 0.999999 -0.00885045 0.130724 0.0314043
FixedParameters: 0 0 0

#Transform 89
Transform: AffineTransform_float_3_3
Parameters: 0.999997 -0.00174592 0.00174409 0.00174709 0.999999 -0.000620955 -0.00174291 0.000624045 0.999999 -0.06463 0.175989 0.0751172
FixedParameters: 0 0 0

#Transform 90
Transform: AffineTransform_float_3_3
Parameters: 0.999998 -0.00135831 0.00147156 0.00136069 0.999999 -0.001148 -0.00146944 0.00115 0.999999 -0.0583935 0.193655 0.0692463
FixedParameters: 0 0 0

#Transform 91
Transform: AffineTransform_float_3_3
Parameters: 0.999997 -0.00156676 0.00151128 0.00156824 0.999999 -0.000816633 -0.00150972 0.000819368 0.999999 -0.0651145 0.187718 0.0739963
FixedParameters: 0 0 0

#Transform 92
Transform: AffineTransform_float_3_3
Parameters: 0.999997 -0.00156896 0.00150708 0.00157003 0.999998 -0.000686635 -0.00150592 0.000689364 0.999998 -0.0615804 0.187795 0.0526136
FixedParameters: 0 0 0

#Transform 93
Transform: AffineTransform_float_3_3
Parameters: 0.999999 -0.00125449 0.00132448 0.00125451 0.999999 -0.000382339 -0.00132452 0.000383662 0.999999 -0.0517762 0.156845 0.052683
FixedParameters: 0 0 0

#Transform 94
Transform: AffineTransform_float_3_3
Parameters: 0.999998 -0.00150524 0.00144079 0.00150676 0.999998 -0.00052583 -0.00144021 0.000527169 0.999999 -0.061799 0.168327 0.043916
FixedParameters: 0 0 0

#Transform 95
Transform: AffineTransform_float_3_3
Parameters: 0.999998 -0.00169692 0.00160414 0.00169808 0.999999 -0.000673278 -0.00160285 0.000675722 0.999998 -0.0722355 0.164603 0.0622465
FixedParameters: 0 0 0

#Transform 96
Transform: AffineTransform_float_3_3
Parameters: 0.999998 -0.00148729 0.0011562 0.00148971 0.999998 -0.00147828 -0.0011548 0.00147972 0.999998 -0.0312584 0.202183 0.0714838
FixedParameters: 0 0 0

#Transform 97
Transform: AffineTransform_float_3_3
Parameters: 0.999999 -0.00154989 0.000834075 0.00155112 0.999998 -0.00133771 -0.000831925 0.00133929 0.999999 -0.00250194 0.201332 0.0537179
FixedParameters: 0 0 0

#Transform 98
Transform: AffineTransform_float_3_3
Parameters: 0.999998 -0.00149964 0.00121068 0.00150036 0.999998 -0.00112019 -0.00120932 0.00112182 0.999998 -0.0464232 0.187619 0.0574252
FixedParameters: 0 0 0

#Transform 99
Transform: AffineTransform_float_3_3
Parameters: 0.999998 -0.00134247 0.00139647 0.00134453 0.999998 -0.00109612 -0.00139553 0.00109788 0.999999 -0.058629 0.180007 0.065047
FixedParameters: 0 0 0

#Transform 100
Transform: AffineTransform_float_3_3
Parameters: 0.999997 -0.00189626 0.001412 0.00189774 0.999998 -0.000523322 -0.00141101 0.000525677 0.999999 -0.0740277 0.155571 0.0646592
FixedParameters: 0 0 0

#Transform 101
Transform: AffineTransform_float_3_3
Parameters: 0.999998 -0.00158542 0.00130493 0.00158658 0.999998 -0.00121393 -0.00130307 0.00121607 0.999999 -0.056164 0.196119 0.0863106
FixedParameters: 0 0 0

#Transform 102
Transform: AffineTransform_float_3_3
Parameters: 0.999998 -0.00159795 0.00112349 0.00159905 0.999999 -0.000933205 -0.00112251 0.000934796 0.999999 -0.0444307 0.184082 0.0624831
FixedParameters: 0 0 0

#Transform 103
Transform: AffineTransform_float_3_3
Parameters: 0.999998 -0.00171048 0.00152671 0.00171252 0.999998 -0.000995388 -0.0015253 0.000997612 0.999999 -0.0509397 0.183499 0.0543263
FixedParameters: 0 0 0

#Transform 104
Transform: AffineTransform_float_3_3
Parameters: 0.999998 -0.00189641 0.00126088 0.00189759 0.999998 -0.000464609 -0.00126012 0.000467391 0.999999 -0.0307648 0.152986 0.0431501
FixedParameters: 0 0 0

#Transform 105
Transform: AffineTransform_float_3_3
Parameters: 0.999997 -0.00171111 0.00132915 0.00171189 0.999999 -0.000670726 -0.00132785 0.000673274 0.999999 -0.0443399 0.14867 0.0660707
FixedParameters: 0 0 0

#Transform 106
Transform: AffineTransform_float_3_3
Parameters: 0.999998 -0.00189642 0.000811363 0.00189758 0.999998 -0.000717462 -0.000810637 0.000719539 1 -0.00189496 0.154879 0.0605497
FixedParameters: 0 0 0

#Transform 107
Transform: AffineTransform_float_3_3
Parameters: 0.999997 -0.00231802 0.00041489 0.00231798 0.999998 4.79619e-05 -0.00041511 -4.70379e-05 1 0.0308287 0.0968113 0.124483
FixedParameters: 0 0 0

#Transform 108
Transform: AffineTransform_float_3_3
Parameters: 0.999997 -0.00230688 0.00132696 0.00230812 0.999997 -0.00084594 -0.00132504 0.00084906 0.999999 -0.0306543 0.159352 0.108272
FixedParameters: 0 0 0

#Transform 109
Transform: AffineTransform_float_3_3
Parameters: 0.999998 -0.00207042 0.000947268 0.00207058 0.999997 -0.00061104 -0.000945734 0.00061296 1 -0.00755033 0.142762 0.0768657
FixedParameters: 0 0 0

#Transform 110
Transform: AffineTransform_float_3_3
Parameters: 0.999997 -0.00207983 0.00168598 0.00207917 0.999997 0.000493507 -0.00168703 -0.000490493 0.999999 -0.0700089 0.0794038 0.104643
FixedParameters: 0 0 0

#Transform 111
Transform: AffineTransform_float_3_3
Parameters: 0.999997 -0.00234183 0.000220782 0.00234217 0.999997 -0.000760485 -0.000219219 0.000760515 0.999999 0.0521577 0.162728 0.112627
FixedParameters: 0 0 0

#Transform 112
Transform: AffineTransform_float_3_3
Parameters: 0.999997 -0.0021559 0.000223935 0.0021561 0.999997 -0.000433518 -0.000223064 0.000434482 1 0.040319 0.127455 0.127497
FixedParameters: 0 0 0

#Transform 113
Transform: AffineTransform_float_3_3
Parameters: 0.999997 -0.00223604 0.00138772 0.00223396 0.999997 0.00146811 -0.00139128 -0.00146489 0.999998 -0.0470158 -0.0150365 0.242878
FixedParameters: 0 0 0

#Transform 114
Transform: AffineTransform_float_3_3
Parameters: 0.999996 -0.00240481 0.00162331 0.00240318 0.999996 0.00111891 -0.00162668 -0.00111409 0.999998 -0.0564637 0.00563768 0.167503
FixedParameters: 0 0 0

#Transform 115
Transform: AffineTransform_float_3_3
Parameters: 0.999995 -0.00289456 0.000792307 0.00289243 0.999994 0.0019683 -0.00079769 -0.0019657 0.999997 0.00137451 -0.0630878 0.228732
FixedParameters: 0 0 0

#Transform 116
Transform: AffineTransform_float_3_3
Parameters: 0.999997 -0.00152075 0.001896 0.00151725 0.999997 0.00197788 -0.001899 -0.00197512 0.999996 -0.119701 -0.0737548 0.24071
FixedParameters: 0 0 0

#Transform 117
Transform: AffineTransform_float_3_3
Parameters: 0.999995 -0.00181638 0.00237742 0.00181262 0.999998 0.00142432 -0.00237958 -0.00141968 0.999996 -0.141538 -0.0384541 0.23803
FixedParameters: 0 0 0

#Transform 118
Transform: AffineTransform_float_3_3
Parameters: 0.999997 -0.00178655 0.00195877 0.00178345 0.999997 0.0018125 -0.00196223 -0.0018085 0.999997 -0.114233 -0.0336216 0.251474
FixedParameters: 0 0 0

#Transform 119
Transform: AffineTransform_float_3_3
Parameters: 0.999996 -0.00142925 0.00214645 0.00140075 0.999913 0.013108 -0.00216454 -0.0131049 0.999912 -0.15163 -0.610661 0.539395
FixedParameters: 0 0 0

#Transform 120
Transform: AffineTransform_float_3_3
Parameters: 0.999994 -0.00178388 0.00316863 0.00169711 0.999628 0.0272126 -0.00321637 -0.0272074 0.999624 -0.233033 -1.35305 0.901818
FixedParameters: 0 0 0

#Transform 121
Transform: AffineTransform_float_3_3
Parameters: 0.999988 -0.00169277 0.00455448 0.00155625 0.999552 0.0298664 -0.00460253 -0.0298595 0.999543 -0.291718 -1.49366 1.0462
FixedParameters: 0 0 0

#Transform 122
Transform: AffineTransform_float_3_3
Parameters: 0.999986 -0.00123985 0.00501768 0.00108714 0.999538 0.0303518 -0.00505332 -0.0303461 0.999526 -0.348052 -1.55541 1.06223
FixedParameters: 0 0 0

#Transform 123
Transform: AffineTransform_float_3_3
Parameters: 0.99999 -0.00124748 0.00435195 0.00111752 0.999561 0.0296282 -0.00438703 -0.0296228 0.999551 -0.293203 -1.521 1.04673
FixedParameters: 0 0 0

#Transform 124
Transform: AffineTransform_float_3_3
Parameters: 0.99999 -0.00119212 0.00427206 0.00106288 0.999547 0.0300998 -0.00430594 -0.0300952 0.999538 -0.30112 -1.53642 1.04526
FixedParameters: 0 0 0

#Transform 125
Transform: AffineTransform_float_3_3
Parameters: 0.999988 -0.00147964 0.00456856 0.00134534 0.999568 0.0293365 -0.00461044 -0.0293295 0.999559 -0.315424 -1.46595 1.04573
FixedParameters: 0 0 0

#Transform 126
Transform: AffineTransform_float_3_3
Parameters: 0.999988 -0.00130638 0.00474609 0.00116462 0.999553 0.0298789 -0.00478293 -0.0298731 0.999543 -0.329577 -1.49582 1.06782
FixedParameters: 0 0 0

#Transform 127
Transform: AffineTransform_float_3_3
Parameters: 0.999989 -0.00126699 0.00466805 0.00112202 0.999521 0.0309316 -0.00470495 -0.0309264 0.99951 -0.324463 -1.56666 1.08096
FixedParameters: 0 0 0

#Transform 128
Transform: AffineTransform_float_3_3
Parameters: 0.999988 -0.00130128 0.00474529 0.00115473 0.999528 0.0306999 -0.0047827 -0.0306942 0.999518 -0.32817 -1.55315 1.07481
FixedParameters: 0 0 0

#Transform 129
Transform: AffineTransform_float_3_3
Parameters: 0.999988 -0.0011885 0.00474872 0.00104152 0.999527 0.0307343 -0.00478227 -0.0307297 0.999517 -0.347876 -1.57661 1.05707
FixedParameters: 0 0 0

#Transform 130
Transform: AffineTransform_float_3_3
Parameters: 0.999988 -0.00113917 0.00475052 0.000993845 0.999536 0.0304501 -0.00478248 -0.0304449 0.999525 -0.34025 -1.54715 1.0557
FixedParameters: 0 0 0

#Transform 131
Transform: AffineTransform_float_3_3
Parameters: 0.999989 -0.00140388 0.00461851 0.00126311 0.999538 0.0303662 -0.0046595 -0.0303598 0.999528 -0.319346 -1.5288 1.08062
FixedParameters: 0 0 0

#Transform 132
Transform: AffineTransform_float_3_3
Parameters: 0.999988 -0.00134864 0.0047445 0.00120537 0.999544 0.0301491 -0.00478251 -0.0301429 0.999534 -0.312821 -1.49908 1.07909
FixedParameters: 0 0 0

#Transform 133
Transform: AffineTransform_float_3_3
Parameters: 0.999989 -0.00114342 0.00455425 0.00100459 0.999535 0.0304979 -0.00458677 -0.0304931 0.999525 -0.302999 -1.53732 1.07536
FixedParameters: 0 0 0

#Transform 134
Transform: AffineTransform_float_3_3
Parameters: 0.999989 -0.00222056 0.00414363 0.00209443 0.999538 0.030302 -0.00420939 -0.030293 0.999532 -0.260931 -1.53338 1.08912
FixedParameters: 0 0 0

#Transform 135
Transform: AffineTransform_float_3_3
Parameters: 0.999992 -0.00263955 0.00320077 0.00254248 0.999552 0.0298014 -0.00327721 -0.0297926 0.99955 -0.187711 -1.49231 1.05685
FixedParameters: 0 0 0

#Transform 136
Transform: AffineTransform_float_3_3
Parameters: 0.999988 -0.00198377 0.00433532 0.00186224 0.999608 0.0279124 -0.00438868 -0.0279046 0.999601 -0.284034 -1.38385 1.06291
FixedParameters: 0 0 0

#Transform 137
Transform: AffineTransform_float_3_3
Parameters: 0.999992 -0.00191468 0.00331524 0.0018353 0.999714 0.0238723 -0.00336076 -0.0238658 0.99971 -0.184043 -1.17107 0.898475
FixedParameters: 0 0 0

#Transform 138
Transform: AffineTransform_float_3_3
Parameters: 0.999993 -0.00185284 0.00302878 0.00178217 0.999728 0.0232275 -0.00307022 -0.0232224 0.999725 -0.175465 -1.14017 0.911713
FixedParameters: 0 0 0

#Transform 139
Transform: AffineTransform_float_3_3
Parameters: 0.999992 -0.00177549 0.0035231 0.00169451 0.999734 0.0230012 -0.00356291 -0.0229949 0.999729 -0.211565 -1.1255 0.908417
FixedParameters: 0 0 0

#Transform 140
Transform: AffineTransform_float_3_3
Parameters: 0.999992 -0.00193368 0.0034662 0.00185332 0.99973 0.0231306 -0.0035098 -0.0231244 0.999726 -0.198623 -1.12854 0.911009
FixedParameters: 0 0 0

#Transform 141
Transform: AffineTransform_float_3_3
Parameters: 0.999994 -0.00187167 0.00287338 0.00181133 0.999779 0.0209753 -0.00291163 -0.0209697 0.999776 -0.161072 -1.03873 0.871944
FixedParameters: 0 0 0

#Transform 142
Transform: AffineTransform_float_3_3
Parameters: 0.999994 -0.00158733 0.0028876 0.00154466 0.999887 0.0149475 -0.00291141 -0.0149435 0.999884 -0.167086 -0.717573 0.688686
FixedParameters: 0 0 0

#Transform 143
Transform: AffineTransform_float_3_3
Parameters: 0.999995 -0.00143183 0.00276878 0.00138516 0.999863 0.0164849 -0.00279221 -0.0164811 0.999861 -0.160314 -0.782703 0.733733
FixedParameters: 0 0 0

#Transform 144
Transform: AffineTransform_float_3_3
Parameters: 0.999994 -0.00138971 0.00311373 0.00133328 0.999841 0.0178233 -0.00313826 -0.0178188 0.999837 -0.190439 -0.848285 0.743175
FixedParameters: 0 0 0

#Transform 145
Transform: AffineTransform_float_3_3
Parameters: 0.999993 -0.00168087 0.00341369 0.00162014 0.999841 0.0177567 -0.0034423 -0.0177503 0.999836 -0.201306 -0.853238 0.721258
FixedParameters: 0 0 0

#Transform 146
Transform: AffineTransform_float_3_3
Parameters: 0.999988 -0.00222114 0.00433079 0.00214486 0.999845 0.0175075 -0.00436921 -0.0174985 0.999838 -0.247241 -0.834341 0.716124
FixedParameters: 0 0 0

#Transform 147
Transform: AffineTransform_float_3_3
Parameters: 0.999987 -0.00222974 0.0044469 0.00215026 0.999838 0.0178568 -0.0044861 -0.0178472 0.99983 -0.269697 -0.853878 0.765613
FixedParameters: 0 0 0

#Transform 148
Transform: AffineTransform_float_3_3
Parameters: 0.999988 -0.00203481 0.00445036 0.0019552 0.999839 0.0178649 -0.00448563 -0.0178561 0.99983 -0.26585 -0.839462 0.749269
FixedParameters: 0 0 0

#Transform 149
Transform: AffineTransform_float_3_3
Parameters: 0.999989 -0.00185297 0.00445317 0.00177203 0.999835 0.0181181 -0.00448584 -0.0181099 0.999826 -0.27243 -0.84659 0.753683
FixedParameters: 0 0 0

#Transform 150
Transform: AffineTransform_float_3_3
Parameters: 0.99999 -0.00159263 0.00404414 0.00151938 0.999838 0.0178983 -0.00407184 -0.0178927 0.999831 -0.218778 -0.863499 0.759573
FixedParameters: 0 0 0

#Transform 151
Transform: AffineTransform_float_3_3
Parameters: 0.999992 -0.00118277 0.00396664 0.00110523 0.999809 0.0195506 -0.00398937 -0.0195465 0.999801 -0.223995 -0.879526 0.562668
FixedParameters: 0 0 0

#Transform 152
Transform: AffineTransform_float_3_3
Parameters: 0.999991 -0.00117416 0.00396506 0.00110084 0.99983 0.0184025 -0.00398593 -0.0183985 0.999823 -0.23616 -0.850313 0.715812
FixedParameters: 0 0 0

#Transform 153
Transform: AffineTransform_float_3_3
Parameters: 0.999993 -0.000888559 0.00366617 0.000825443 0.99985 0.0173021 -0.00368083 -0.0172988 0.999843 -0.20364 -0.806641 0.735021
FixedParameters: 0 0 0

#Transform 154
Transform: AffineTransform_float_3_3
Parameters: 0.999991 -0.00144157 0.00402945 0.00137142 0.999846 0.0174617 -0.00405456 -0.0174553 0.99984 -0.24001 -0.811795 0.695146
FixedParameters: 0 0 0

#Transform 155
Transform: AffineTransform_float_3_3
Parameters: 0.99999 -0.00168887 0.00428915 0.00161114 0.999835 0.0180921 -0.00431885 -0.0180859 0.999827 -0.261453 -0.854354 0.735511
FixedParameters: 0 0 0

#Transform 156
Transform: AffineTransform_float_3_3
Parameters: 0.999991 -0.00153398 0.00400992 0.00146402 0.999847 0.017397 -0.00403607 -0.017391 0.99984 -0.251818 -0.80689 0.694148
FixedParameters: 0 0 0

#Transform 157
Transform: AffineTransform_float_3_3
Parameters: 0.999988 -0.00152139 0.00451767 0.0014436 0.999853 0.0170847 -0.00454332 -0.0170783 0.999844 -0.28827 -0.781649 0.722979
FixedParameters: 0 0 0

#Transform 158
Transform: AffineTransform_float_3_3
Parameters: 0.99999 -0.00158717 0.00402641 0.00151882 0.999852 0.0171253 -0.0040536 -0.0171187 0.999845 -0.249374 -0.791512 0.70189
FixedParameters: 0 0 0

#Transform 159
Transform: AffineTransform_float_3_3
Parameters: 0.999989 -0.00131588 0.00446249 0.00123713 0.999844 0.0176327 -0.00448451 -0.0176273 0.999834 -0.297054 -0.843417 0.721274
FixedParameters: 0 0 0

#Transform 160
Transform: AffineTransform_float_3_3
Parameters: 0.999989 -0.00151269 0.00434604 0.00143831 0.999856 0.0169084 -0.00437094 -0.0169026 0.999847 -0.27092 -0.776147 0.700425
FixedParameters: 0 0 0

#Transform 161
Transform: AffineTransform_float_3_3
Parameters: 0.999989 -0.00167599 0.00440008 0.001598 0.999842 0.0176702 -0.00442892 -0.0176628 0.999834 -0.266525 -0.804505 0.729226
FixedParameters: 0 0 0

#Transform 162
Transform: AffineTransform_float_3_3
Parameters: 0.99999 -0.00162271 0.0041688 0.00155029 0.999852 0.0171466 -0.0041962 -0.0171404 0.999845 -0.256687 -0.78437 0.71893
FixedParameters: 0 0 0

#Transform 163
Transform: AffineTransform_float_3_3
Parameters: 0.99999 -0.0019197 0.00420355 0.00184731 0.99985 0.0172309 -0.00423545 -0.017223 0.999842 -0.262383 -0.794259 0.73374
FixedParameters: 0 0 0

#Transform 164
Transform: AffineTransform_float_3_3
Parameters: 0.999989 -0.00193723 0.00417121 0.00186478 0.99985 0.01725 -0.00420378 -0.017242 0.999842 -0.250771 -0.801504 0.72035
FixedParameters: 0 0 0

#Transform 165
Transform: AffineTransform_float_3_3
Parameters: 0.999989 -0.00217455 0.00419065 0.00210144 0.999845 0.017477 -0.00422836 -0.017468 0.999839 -0.253602 -0.822572 0.704386
FixedParameters: 0 0 0

#Transform 166
Transform: AffineTransform_float_3_3
Parameters: 0.999986 -0.0019332 0.00487545 0.00184881 0.99985 0.0172153 -0.00490755 -0.0172057 0.99984 -0.306455 -0.793719 0.689158
FixedParameters: 0 0 0

#Transform 167
Transform: AffineTransform_float_3_3
Parameters: 0.999986 -0.00195413 0.00476978 0.00187087 0.999848 0.0173712 -0.00480321 -0.0173618 0.999837 -0.308491 -0.810347 0.705158
FixedParameters: 0 0 0

#Transform 168
Transform: AffineTransform_float_3_3
Parameters: 0.999988 -0.00208538 0.00457565 0.00200562 0.999848 0.0172844 -0.00461135 -0.0172746 0.99984 -0.292257 -0.801398 0.721716
FixedParameters: 0 0 0

#Transform 169
Transform: AffineTransform_float_3_3
Parameters: 0.999987 -0.00274241 0.00429718 0.0026666 0.99984 0.0176867 -0.00434483 -0.0176753 0.999835 -0.264002 -0.838101 0.753249
FixedParameters: 0 0 0

#Transform 170
Transform: AffineTransform_float_3_3
Parameters: 0.999989 -0.00213316 0.00402716 0.00206783 0.999868 0.0161145 -0.00406184 -0.0161065 0.999862 -0.237252 -0.738271 0.683534
FixedParameters: 0 0 0

#Transform 171
Transform: AffineTransform_float_3_3
Parameters: 0.99999 -0.00181926 0.00425849 0.00175175 0.999871 0.0159776 -0.00428653 -0.0159704 0.999864 -0.236895 -0.728823 0.709882
FixedParameters: 0 0 0

#Transform 172
Transform: AffineTransform_float_3_3
Parameters: 0.999991 -0.00215092 0.0037229 0.00208908 0.99986 0.0165569 -0.00375809 -0.0165491 0.999856 -0.217431 -0.770228 0.684125
FixedParameters: 0 0 0

#Transform 173
Transform: AffineTransform_float_3_3
Parameters: 0.99999 -0.00200977 0.00382265 0.00194723 0.999865 0.0163526 -0.00385535 -0.0163454 0.999859 -0.214017 -0.75809 0.679748
FixedParameters: 0 0 0

#Transform 174
Transform: AffineTransform_float_3_3
Parameters: 0.999989 -0.00165897 0.00422934 0.00159203 0.999874 0.0157899 -0.00425466 -0.0157831 0.999867 -0.241239 -0.717006 0.671661
FixedParameters: 0 0 0

#Transform 175
Transform: AffineTransform_float_3_3
Parameters: 0.99999 -0.00181223 0.00411732 0.00174777 0.999877 0.0155513 -0.00414467 -0.0155436 0.99987 -0.233049 -0.707479 0.663703
FixedParameters: 0 0 0

#Transform 176
Transform: AffineTransform_float_3_3
Parameters: 0.99999 -0.00193703 0.00407774 0.00187196 0.999872 0.0158918 -0.00410826 -0.0158842 0.999866 -0.243834 -0.739714 0.673894
FixedParameters: 0 0 0

#Transform 177
Transform: AffineTransform_float_3_3
Parameters: 0.999988 -0.00219095 0.00441147 0.00212004 0.99987 0.0160236 -0.00444653 -0.0160145 0.999862 -0.26077 -0.740832 0.685356
FixedParameters: 0 0 0

#Transform 178
Transform: AffineTransform_float_3_3
Parameters: 0.999988 -0.00164596 0.00450505 0.00157604 0.999879 0.0154893 -0.00452995 -0.0154817 0.99987 -0.275892 -0.709825 0.697762
FixedParameters: 0 0 0

#Transform 179
Transform: AffineTransform_float_3_3
Parameters: 0.99999 -0.00195268 0.00420366 0.00188531 0.999874 0.0158091 -0.00423433 -0.0158009 0.999866 -0.236283 -0.718936 0.699954
FixedParameters: 0 0 0
