# transform file /out/sourcedata/freesurfer/sub-v2s8x29244_ses-1/mri/transforms/cc_up.lta
# created by oesteban on Sat Mar 14 04:30:39 2026

type      = 0 # LINEAR_VOX_TO_VOX
nxforms   = 1
mean      = 132.0000 140.0000 118.0000
sigma     = 10000.0000
1 4 4
9.970138669013977e-01 -7.590290158987045e-02 -1.420861203223467e-02 1.142278861999512e+01 
7.589519023895264e-02 9.971151351928711e-01 -1.081595080904663e-03 -3.227109670639038e+00 
1.424971874803305e-02 -1.164153079491470e-10 9.998983740806580e-01 1.619031524658203e+01 
0.000000000000000e+00 0.000000000000000e+00 0.000000000000000e+00 1.000000000000000e+00 
src volume info
valid = 1  # volume info valid
filename = /out/sourcedata/freesurfer/sub-v2s8x29244_ses-1/mri/norm.mgz
volume = 256 256 256
voxelsize = 1.000000000000000e+00 1.000000000000000e+00 1.000000000000000e+00
xras   = -1.000000000000000e+00 0.000000000000000e+00 0.000000000000000e+00
yras   = 0.000000000000000e+00 0.000000000000000e+00 -1.000000000000000e+00
zras   = 0.000000000000000e+00 1.000000000000000e+00 0.000000000000000e+00
cras   = 6.651229858398438e-01 -9.120483398437500e+00 -1.168670654296875e+00
dst volume info
valid = 1  # volume info valid
filename = /out/sourcedata/freesurfer/sub-v2s8x29244_ses-1/mri/norm.mgz
volume = 256 256 256
voxelsize = 1.000000000000000e+00 1.000000000000000e+00 1.000000000000000e+00
xras   = -1.000000000000000e+00 0.000000000000000e+00 0.000000000000000e+00
yras   = 0.000000000000000e+00 0.000000000000000e+00 -1.000000000000000e+00
zras   = 0.000000000000000e+00 1.000000000000000e+00 0.000000000000000e+00
cras   = 6.651229858398438e-01 -9.120483398437500e+00 -1.168670654296875e+00
