#Insight Transform File V1.0
#Transform 0
Transform: AffineTransform_float_3_3
Parameters: 1 0.000124015 1.89043e-05 -0.000123985 0.999999 -0.000772002 -1.90957e-05 0.000771997 0.999999 0.0271988 -0.0106697 0.356895
FixedParameters: 0 0 0

#Transform 1
Transform: AffineTransform_float_3_3
Parameters: 1 0.00031306 -0.000205909 -0.00031294 1 0.000292064 0.000206091 -0.000291935 1 0.076457 0.0526266 -0.010848
FixedParameters: 0 0 0

#Transform 2
Transform: AffineTransform_float_3_3
Parameters: 1 0.00101196 6.76537e-05 -0.00101204 1 0.000645932 -6.63462e-05 -0.000646068 1 0.060054 0.0960854 -0.037566
FixedParameters: 0 0 0

#Transform 3
Transform: AffineTransform_float_3_3
Parameters: 1 0.00108582 0.00016815 -0.00108618 0.999999 0.00105882 -0.000167851 -0.00105818 1 0.0488248 0.0969587 -0.0756283
FixedParameters: 0 0 0

#Transform 4
Transform: AffineTransform_float_3_3
Parameters: 1 0.000563007 -9.58675e-06 -0.000562992 0.999999 0.000734005 1.04132e-05 -0.000733994 0.999999 0.0647591 0.0943828 -0.0552792
FixedParameters: 0 0 0

#Transform 5
Transform: AffineTransform_float_3_3
Parameters: 1 0.000312769 0.00018539 -0.000313231 0.999999 0.00124794 -0.000184609 -0.00124806 0.999999 0.0600052 0.084016 -0.0796382
FixedParameters: 0 0 0

#Transform 6
Transform: AffineTransform_float_3_3
Parameters: 0.999999 0.000555436 0.000450696 -0.000556564 0.999999 0.00125175 -0.000450303 -0.00125225 0.999999 0.0492487 0.0848713 -0.117031
FixedParameters: 0 0 0

#Transform 7
Transform: AffineTransform_float_3_3
Parameters: 0.999999 0.000899576 0.000287328 -0.000900422 0.999998 0.00147574 -0.000285671 -0.00147626 0.999999 0.0361118 0.0630647 -0.0828009
FixedParameters: 0 0 0

#Transform 8
Transform: AffineTransform_float_3_3
Parameters: 1 0.00100364 0.00024944 -0.00100436 0.999999 0.00143475 -0.00024756 -0.00143425 0.999999 0.0427693 0.0599956 -0.089841
FixedParameters: 0 0 0

#Transform 9
Transform: AffineTransform_float_3_3
Parameters: 0.999999 0.00100411 -9.78322e-05 -0.00100388 0.999999 0.0011631 9.91675e-05 -0.0011629 1 0.0824279 0.0987716 -0.0914082
FixedParameters: 0 0 0

#Transform 10
Transform: AffineTransform_float_3_3
Parameters: 1 0.000917705 0.000322842 -0.000918296 0.999999 0.000917704 -0.000321157 -0.000918295 0.999999 0.0549052 0.0975238 -0.0937948
FixedParameters: 0 0 0

#Transform 11
Transform: AffineTransform_float_3_3
Parameters: 0.999999 0.00078464 0.000322877 -0.000785359 0.999999 0.00111675 -0.000321123 -0.00111725 1 0.0275489 0.0941622 -0.0769444
FixedParameters: 0 0 0

#Transform 12
Transform: AffineTransform_float_3_3
Parameters: 0.999999 0.000675359 0.000509849 -0.00067564 0.999999 0.00125666 -0.000509151 -0.00125734 0.999999 0.0157681 0.0794305 -0.104895
FixedParameters: 0 0 0

#Transform 13
Transform: AffineTransform_float_3_3
Parameters: 1 0.00110744 0.000323913 -0.00110856 0.999998 0.00172664 -0.000322086 -0.00172736 0.999999 0.0390731 0.0520125 -0.100158
FixedParameters: 0 0 0

#Transform 14
Transform: AffineTransform_float_3_3
Parameters: 0.999999 0.000701721 0.000162212 -0.000702279 0.999999 0.00172689 -0.000160787 -0.00172711 0.999998 0.0603969 0.064438 -0.115482
FixedParameters: 0 0 0

#Transform 15
Transform: AffineTransform_float_3_3
Parameters: 1 0.000701004 0.000742941 -0.000701997 0.999999 0.00134148 -0.000742059 -0.00134152 0.999999 -0.00622477 0.0744673 -0.0808587
FixedParameters: 0 0 0

#Transform 16
Transform: AffineTransform_float_3_3
Parameters: 0.999999 0.000702108 -8.51161e-05 -0.000702891 0.999999 0.00125906 8.68857e-05 -0.00125994 0.999999 0.0722909 0.078228 -0.0831547
FixedParameters: 0 0 0

#Transform 17
Transform: AffineTransform_float_3_3
Parameters: 1 0.000352581 0.000322458 -0.000353418 0.999999 0.00129889 -0.000321541 -0.00129911 0.999999 0.04967 0.0779067 -0.0822413
FixedParameters: 0 0 0

#Transform 18
Transform: AffineTransform_float_3_3
Parameters: 1 0.000292911 0.00032208 -0.000293088 1 0.000274906 -0.000321919 -0.000275094 1 0.0339724 0.122958 -0.0665373
FixedParameters: 0 0 0

#Transform 19
Transform: AffineTransform_float_3_3
Parameters: 1 0.00018269 0.000322176 -0.00018331 0.999999 0.00096294 -0.000321823 -0.000963058 0.999999 0.0421949 0.119033 -0.0613064
FixedParameters: 0 0 0

#Transform 20
Transform: AffineTransform_float_3_3
Parameters: 1 3.87936e-05 0.000228035 -3.82063e-05 0.999999 0.000904991 -0.000227965 -0.000905008 0.999999 0.0479137 0.126864 -0.0699442
FixedParameters: 0 0 0

#Transform 21
Transform: AffineTransform_float_3_3
Parameters: 1 0.000450745 0.000322356 -0.000451254 0.999999 0.000789854 -0.000321643 -0.000790144 0.999999 0.0205153 0.113871 -0.0446037
FixedParameters: 0 0 0

#Transform 22
Transform: AffineTransform_float_3_3
Parameters: 1 3.8753e-05 0.00032203 -3.82469e-05 0.999999 0.000766987 -0.000321971 -0.000767012 0.999999 0.051017 0.132621 -0.0448817
FixedParameters: 0 0 0

#Transform 23
Transform: AffineTransform_float_3_3
Parameters: 1 -6.64327e-05 0.000321911 6.55672e-05 0.999999 0.00134402 -0.000322088 -0.00134398 0.999999 0.10036 0.124866 -0.0736548
FixedParameters: 0 0 0

#Transform 24
Transform: AffineTransform_float_3_3
Parameters: 1 4.02019e-05 0.000321975 -3.97981e-05 1 -0.000627013 -0.000322025 0.000626987 1 0.0444765 0.171412 -0.0814637
FixedParameters: 0 0 0

#Transform 25
Transform: AffineTransform_float_3_3
Parameters: 0.999999 -0.000100159 0.00083498 9.98404e-05 1 0.000191083 -0.000835018 -0.000190916 0.999999 0.0384417 0.154768 -0.0394933
FixedParameters: 0 0 0

#Transform 26
Transform: AffineTransform_float_3_3
Parameters: 1 4.30523e-05 -4.495e-05 -4.29476e-05 1 0.001163 4.505e-05 -0.001163 1 0.0681384 0.092094 -0.0245944
FixedParameters: 0 0 0

#Transform 27
Transform: AffineTransform_float_3_3
Parameters: 1 0.00020472 0.000289198 -0.000205279 0.999999 0.000966941 -0.000288802 -0.000967059 1 0.067388 0.113777 -0.0641601
FixedParameters: 0 0 0

#Transform 28
Transform: AffineTransform_float_3_3
Parameters: 1 5.87124e-05 0.000401042 -5.82875e-05 0.999999 0.000716976 -0.000400958 -0.000717023 0.999999 0.0403322 0.104316 -0.0437939
FixedParameters: 0 0 0

#Transform 29
Transform: AffineTransform_float_3_3
Parameters: 1 5.87332e-05 0.000372042 -5.82667e-05 0.999999 0.000716978 -0.000371958 -0.000717021 0.999999 0.0231891 0.101138 -0.0437435
FixedParameters: 0 0 0

#Transform 30
Transform: AffineTransform_float_3_3
Parameters: 1 0.000382653 0.000326408 -0.000383348 1 0.00106488 -0.000326592 -0.00106513 1 0.0584046 0.106572 -0.079207
FixedParameters: 0 0 0

#Transform 31
Transform: AffineTransform_float_3_3
Parameters: 0.999999 0.000780794 0.000227708 -0.000781206 1 0.000906822 -0.000227291 -0.000907178 0.999999 0.0248472 0.0999192 -0.0513411
FixedParameters: 0 0 0

#Transform 32
Transform: AffineTransform_float_3_3
Parameters: 1 0.000481851 0.000197363 -0.000481149 0.999999 0.000753905 -0.000197637 -0.000754095 0.999999 0.0285989 0.0986176 -0.0417165
FixedParameters: 0 0 0

#Transform 33
Transform: AffineTransform_float_3_3
Parameters: 1 0.000236945 6.02149e-05 -0.000237054 0.999999 0.000906985 -5.9785e-05 -0.000907013 0.999999 0.0494679 0.113565 -0.0479609
FixedParameters: 0 0 0

#Transform 34
Transform: AffineTransform_float_3_3
Parameters: 1 5.88028e-05 0.000235049 -5.81971e-05 0.999999 0.000838986 -0.000234951 -0.000839013 0.999999 0.025005 0.11755 -0.0487531
FixedParameters: 0 0 0

#Transform 35
Transform: AffineTransform_float_3_3
Parameters: 1 5.89926e-05 9.04808e-06 -5.90073e-05 0.999999 0.000814999 -8.95191e-06 -0.000815 0.999999 0.0672946 0.113913 -0.0486367
FixedParameters: 0 0 0

#Transform 36
Transform: AffineTransform_float_3_3
Parameters: 1 5.89971e-05 9.01876e-06 -5.90029e-05 1 0.000317999 -8.98124e-06 -0.000318 1 0.039106 0.132604 -0.0171307
FixedParameters: 0 0 0

#Transform 37
Transform: AffineTransform_float_3_3
Parameters: 1 5.89965e-05 9.02277e-06 -5.90035e-05 1 0.000385999 -8.97722e-06 -0.000386 1 0.0471733 0.138516 -0.0237863
FixedParameters: 0 0 0

#Transform 38
Transform: AffineTransform_float_3_3
Parameters: 1 -0.000126003 8.95842e-06 0.000125997 1 0.000330001 -9.04158e-06 -0.000329999 1 0.052605 0.13816 -0.0271919
FixedParameters: 0 0 0

#Transform 39
Transform: AffineTransform_float_3_3
Parameters: 1 5.89921e-05 9.05121e-06 -5.90078e-05 0.999999 0.000867999 -8.94878e-06 -0.000868 0.999999 0.0563613 0.125024 -0.050458
FixedParameters: 0 0 0

#Transform 40
Transform: AffineTransform_float_3_3
Parameters: 1 5.89971e-05 9.01888e-06 -5.90029e-05 1 0.000319999 -8.98112e-06 -0.00032 1 0.0385689 0.134387 -0.0431058
FixedParameters: 0 0 0

#Transform 41
Transform: AffineTransform_float_3_3
Parameters: 1 0.000131889 0.000125117 -0.000132111 0.999999 0.000888983 -0.000124883 -0.000889016 0.999999 0.0587098 0.11595 -0.0555261
FixedParameters: 0 0 0

#Transform 42
Transform: AffineTransform_float_3_3
Parameters: 1 0.000214992 9.17844e-06 -0.000215007 0.999999 0.000829997 -8.82154e-06 -0.000830001 0.999999 0.0684858 0.129514 -0.0706419
FixedParameters: 0 0 0

#Transform 43
Transform: AffineTransform_float_3_3
Parameters: 1 5.89233e-05 7.10637e-05 -5.80766e-05 0.999999 0.00108 -7.09373e-05 -0.00108 1 0.05002 0.113587 -0.0540241
FixedParameters: 0 0 0

#Transform 44
Transform: AffineTransform_float_3_3
Parameters: 1 5.89928e-05 9.0469e-06 -5.90071e-05 0.999999 0.000794999 -8.95309e-06 -0.000795 0.999999 0.0298108 0.115437 -0.0400406
FixedParameters: 0 0 0

#Transform 45
Transform: AffineTransform_float_3_3
Parameters: 1 5.89928e-05 9.0469e-06 -5.90071e-05 0.999999 0.000794999 -8.95309e-06 -0.000795 0.999999 0.0482418 0.132557 -0.0400544
FixedParameters: 0 0 0

#Transform 46
Transform: AffineTransform_float_3_3
Parameters: 1 0.000308993 9.24565e-06 -0.000309007 0.999999 0.000794997 -8.75434e-06 -0.000795002 0.999999 0.0353535 0.131147 -0.0400321
FixedParameters: 0 0 0

#Transform 47
Transform: AffineTransform_float_3_3
Parameters: 1 3.49928e-05 9.02782e-06 -3.50071e-05 0.999999 0.000794999 -8.97217e-06 -0.000795 0.999999 0.0374961 0.125451 -0.0400506
FixedParameters: 0 0 0

#Transform 48
Transform: AffineTransform_float_3_3
Parameters: 1 -2.10071e-05 8.9833e-06 2.09928e-05 0.999999 0.000795 -9.01669e-06 -0.000794999 0.999999 0.0379086 0.118561 -0.0400492
FixedParameters: 0 0 0

#Transform 49
Transform: AffineTransform_float_3_3
Parameters: 1 2.49372e-05 7.90198e-05 -2.50628e-05 0.999999 0.000794998 -7.89801e-05 -0.000795001 0.999999 0.0456932 0.117236 -0.0401367
FixedParameters: 0 0 0

#Transform 50
Transform: AffineTransform_float_3_3
Parameters: 1 0.000306919 0.000101244 -0.00030708 0.999999 0.000794968 -0.000100756 -0.00079503 0.999999 0.0451657 0.135703 -0.0678259
FixedParameters: 0 0 0

#Transform 51
Transform: AffineTransform_float_3_3
Parameters: 1 -0.000119064 8.09053e-05 0.000118936 0.999999 0.000795009 -8.10946e-05 -0.00079499 0.999999 0.0185928 0.128579 -0.0435595
FixedParameters: 0 0 0

#Transform 52
Transform: AffineTransform_float_3_3
Parameters: 1 -2.40071e-05 8.98091e-06 2.39928e-05 0.999999 0.000795 -9.01907e-06 -0.000794999 0.999999 0.0435802 0.126414 -0.0400555
FixedParameters: 0 0 0

#Transform 53
Transform: AffineTransform_float_3_3
Parameters: 1 -0.000110004 8.95226e-06 0.000109996 1 0.000434001 -9.04774e-06 -0.000433999 1 0.0584958 0.143219 -0.0279826
FixedParameters: 0 0 0

#Transform 54
Transform: AffineTransform_float_3_3
Parameters: 1 -0.00031201 8.6465e-06 0.00031199 1 0.001133 -9.35349e-06 -0.001133 1 0.0409344 0.100736 -0.0541782
FixedParameters: 0 0 0

#Transform 55
Transform: AffineTransform_float_3_3
Parameters: 1 -0.000329105 0.000131738 0.000328895 0.999999 0.000795043 -0.000132261 -0.000794956 0.999999 0.0340951 0.116634 -0.0364061
FixedParameters: 0 0 0

#Transform 56
Transform: AffineTransform_float_3_3
Parameters: 1 -2.00064e-05 8.98578e-06 1.99936e-05 0.999999 0.000711 -9.01422e-06 -0.000710999 0.999999 0.05581 0.139651 -0.0368379
FixedParameters: 0 0 0

#Transform 57
Transform: AffineTransform_float_3_3
Parameters: 1 -7.4006e-05 8.94997e-06 7.39939e-05 1 0.000676 -9.05002e-06 -0.000675999 1 0.0559668 0.157064 -0.0370596
FixedParameters: 0 0 0

#Transform 58
Transform: AffineTransform_float_3_3
Parameters: 0.999999 -0.000738001 8.85535e-06 0.000737998 0.999999 0.000196007 -9.14464e-06 -0.000195993 1 0.0106543 0.165339 -0.0107171
FixedParameters: 0 0 0

#Transform 59
Transform: AffineTransform_float_3_3
Parameters: 0.999998 -0.000682337 -0.00217823 0.000737683 0.999671 0.0256565 0.00216079 -0.0256586 0.999669 0.219456 -0.828179 0.175545
FixedParameters: 0 0 0

#Transform 60
Transform: AffineTransform_float_3_3
Parameters: 0.999998 -0.000876551 -0.0013971 0.000894448 0.999921 0.0125388 0.00138589 -0.0125392 0.999921 0.150843 -0.31031 0.0729708
FixedParameters: 0 0 0

#Transform 61
Transform: AffineTransform_float_3_3
Parameters: 0.999999 -0.000642603 -0.0010894 0.000650394 0.999976 0.0068033 0.0010846 -0.0068037 0.999977 0.105991 -0.0825428 0.0157205
FixedParameters: 0 0 0

#Transform 62
Transform: AffineTransform_float_3_3
Parameters: 0.999999 -0.000429916 -0.000746949 0.000435083 0.999976 0.00681868 0.00074405 -0.00681932 0.999977 0.0582484 -0.104966 0.0186153
FixedParameters: 0 0 0

#Transform 63
Transform: AffineTransform_float_3_3
Parameters: 0.999999 -0.000430314 -0.00074672 0.000435682 0.99998 0.00628768 0.000743275 -0.00628732 0.99998 0.0582489 -0.105925 0.0143838
FixedParameters: 0 0 0

#Transform 64
Transform: AffineTransform_float_3_3
Parameters: 0.999999 -0.000430327 -0.000746712 0.000435668 0.999981 0.00626868 0.000743283 -0.00626932 0.99998 0.0809819 -0.109086 -0.00115821
FixedParameters: 0 0 0

#Transform 65
Transform: AffineTransform_float_3_3
Parameters: 1 -0.000849107 -0.000639204 0.000852892 0.999981 0.00611446 0.000633797 -0.00611554 0.999981 0.0612361 -0.113728 -0.000715223
FixedParameters: 0 0 0

#Transform 66
Transform: AffineTransform_float_3_3
Parameters: 1 -0.000924423 -0.000574795 0.000927579 0.99998 0.00625547 0.000569209 -0.00625553 0.999981 0.0455577 -0.116554 0.0172879
FixedParameters: 0 0 0

#Transform 67
Transform: AffineTransform_float_3_3
Parameters: 0.999999 -0.00107513 -0.000751016 0.00108087 0.999978 0.00651119 0.000743976 -0.0065128 0.999978 0.0516838 -0.118244 0.00227689
FixedParameters: 0 0 0

#Transform 68
Transform: AffineTransform_float_3_3
Parameters: 0.999999 -0.00117333 -0.000698894 0.00117767 0.999977 0.00671418 0.000691107 -0.00671582 0.999977 0.051305 -0.133504 -0.0133889
FixedParameters: 0 0 0

#Transform 69
Transform: AffineTransform_float_3_3
Parameters: 0.999998 -0.00141497 -0.000753518 0.00142002 0.999977 0.00671394 0.000743482 -0.00671506 0.999977 0.0451034 -0.137172 -0.00408302
FixedParameters: 0 0 0

#Transform 70
Transform: AffineTransform_float_3_3
Parameters: 1 -0.000923115 -0.000750053 0.000927885 0.999978 0.00653931 0.000743949 -0.00653969 0.999979 0.0763059 -0.108398 -0.0508448
FixedParameters: 0 0 0

#Transform 71
Transform: AffineTransform_float_3_3
Parameters: 0.999999 -0.00134792 -0.000753165 0.00135308 0.999976 0.00678599 0.000743834 -0.00678701 0.999976 0.0564884 -0.145404 0.0127989
FixedParameters: 0 0 0

#Transform 72
Transform: AffineTransform_float_3_3
Parameters: 0.999999 -0.00135816 -0.000752805 0.00136284 0.999978 0.00647098 0.000743196 -0.00647202 0.999979 0.0789308 -0.115802 -0.0297764
FixedParameters: 0 0 0

#Transform 73
Transform: AffineTransform_float_3_3
Parameters: 0.999999 -0.00134409 -0.000752825 0.0013489 0.999977 0.00655299 0.000743176 -0.00655401 0.999978 0.044083 -0.129964 0.0283027
FixedParameters: 0 0 0

#Transform 74
Transform: AffineTransform_float_3_3
Parameters: 0.999999 -0.00136518 -0.000752804 0.00136981 0.999979 0.00643698 0.000743197 -0.00643802 0.999979 0.0566481 -0.10616 -0.00849807
FixedParameters: 0 0 0

#Transform 75
Transform: AffineTransform_float_3_3
Parameters: 1 -0.0010538 -0.000475164 0.00105721 0.999977 0.0067875 0.000468834 -0.0067885 0.999977 0.0236655 -0.123891 0.0137915
FixedParameters: 0 0 0

#Transform 76
Transform: AffineTransform_float_3_3
Parameters: 0.999999 -0.00133795 -0.000331405 0.00134005 0.99998 0.00627657 0.000322596 -0.00627644 0.99998 0.0153085 -0.118885 0.0236318
FixedParameters: 0 0 0

#Transform 77
Transform: AffineTransform_float_3_3
Parameters: 0.999999 -0.00114547 -0.000750962 0.00115053 0.999981 0.00606514 0.000744035 -0.00606586 0.999982 0.0741181 -0.093657 -0.00415679
FixedParameters: 0 0 0

#Transform 78
Transform: AffineTransform_float_3_3
Parameters: 0.999999 -0.0015307 -0.000379388 0.00153329 0.99998 0.00612843 0.00036961 -0.00612857 0.999981 0.0295392 -0.0943625 0.018072
FixedParameters: 0 0 0

#Transform 79
Transform: AffineTransform_float_3_3
Parameters: 0.999999 -0.00107823 -0.000616639 0.00108177 0.99998 0.00614633 0.000609363 -0.00614666 0.999981 0.0539538 -0.11304 0.0218679
FixedParameters: 0 0 0

#Transform 80
Transform: AffineTransform_float_3_3
Parameters: 0.999999 -0.00134123 -0.000752572 0.00134577 0.999978 0.006379 0.00074343 -0.00638001 0.99998 0.0769747 -0.108506 -0.00398399
FixedParameters: 0 0 0

#Transform 81
Transform: AffineTransform_float_3_3
Parameters: 0.999999 -0.00123278 -0.000352849 0.00123522 0.999979 0.00636057 0.000345149 -0.00636143 0.999979 0.0192518 -0.116732 0.0373966
FixedParameters: 0 0 0

#Transform 82
Transform: AffineTransform_float_3_3
Parameters: 0.999999 -0.0012672 -0.000609956 0.0012718 0.999979 0.00626823 0.00060204 -0.00626877 0.99998 0.0499879 -0.102919 0.0191072
FixedParameters: 0 0 0

#Transform 83
Transform: AffineTransform_float_3_3
Parameters: 0.999999 -0.00134069 -0.000524546 0.00134432 0.999979 0.0063663 0.000516451 -0.0063677 0.999979 0.0592063 -0.0946142 0.0129011
FixedParameters: 0 0 0

#Transform 84
Transform: AffineTransform_float_3_3
Parameters: 1 -0.00119577 -0.000207255 0.00119724 0.999981 0.00606375 0.000200743 -0.00606424 0.999981 0.0221311 -0.0730747 0.0193209
FixedParameters: 0 0 0

#Transform 85
Transform: AffineTransform_float_3_3
Parameters: 0.999999 -0.000918059 -0.000998495 0.000923938 0.999982 0.00596608 0.000992505 -0.00596691 0.999981 0.101179 -0.0941143 0.0336689
FixedParameters: 0 0 0

#Transform 86
Transform: AffineTransform_float_3_3
Parameters: 1 -0.00106055 -0.000574408 0.00106345 0.999981 0.00603239 0.000568595 -0.00603261 0.999981 0.0687193 -0.0907981 0.0354082
FixedParameters: 0 0 0

#Transform 87
Transform: AffineTransform_float_3_3
Parameters: 0.999999 -0.00137068 -0.000378508 0.00137332 0.99998 0.00620148 0.000370491 -0.00620151 0.99998 0.0324568 -0.107279 0.0501692
FixedParameters: 0 0 0

#Transform 88
Transform: AffineTransform_float_3_3
Parameters: 0.999999 -0.00133621 -0.000602474 0.00133979 0.999979 0.0063322 0.000594528 -0.0063328 0.99998 0.0611331 -0.119083 0.0440052
FixedParameters: 0 0 0

#Transform 89
Transform: AffineTransform_float_3_3
Parameters: 1 -0.00102463 -0.000666768 0.00102837 0.999978 0.00659032 0.000660236 -0.00659168 0.999978 0.0771371 -0.113781 0.0381514
FixedParameters: 0 0 0

#Transform 90
Transform: AffineTransform_float_3_3
Parameters: 0.999999 -0.00148816 -0.000271279 0.00148984 0.999975 0.00690261 0.000261722 -0.0069034 0.999976 0.0144471 -0.142344 0.0199872
FixedParameters: 0 0 0

#Transform 91
Transform: AffineTransform_float_3_3
Parameters: 0.999998 -0.00155727 -0.000701589 0.00156173 0.999975 0.00678891 0.000691412 -0.00679008 0.999976 0.0678901 -0.127513 -0.00391543
FixedParameters: 0 0 0

#Transform 92
Transform: AffineTransform_float_3_3
Parameters: 0.999999 -0.00149715 -0.000271416 0.00149885 0.999974 0.0069526 0.000261584 -0.0069534 0.999976 0.0121726 -0.140724 0.0107454
FixedParameters: 0 0 0

#Transform 93
Transform: AffineTransform_float_3_3
Parameters: 0.999999 -0.00107893 -0.000930914 0.00108408 0.999985 0.005468 0.000925085 -0.005469 0.999984 0.100893 -0.0550553 -0.0263765
FixedParameters: 0 0 0

#Transform 94
Transform: AffineTransform_float_3_3
Parameters: 0.999999 -0.00116614 -0.00045875 0.00116786 0.999991 0.00406947 0.000454251 -0.00406953 0.999991 0.0494768 0.00533327 -0.0187882
FixedParameters: 0 0 0

#Transform 95
Transform: AffineTransform_float_3_3
Parameters: 0.999999 -0.00124724 -0.000435077 0.00124876 0.999991 0.00406746 0.000429924 -0.00406754 0.999991 0.0427994 -0.0101101 0.00940262
FixedParameters: 0 0 0

#Transform 96
Transform: AffineTransform_float_3_3
Parameters: 0.999999 -0.000953477 -0.000928632 0.000956525 0.999993 0.00380112 0.000925371 -0.00380189 0.999993 0.108327 0.0178715 -0.0192592
FixedParameters: 0 0 0

#Transform 97
Transform: AffineTransform_float_3_3
Parameters: 0.999999 -0.0014977 -0.000405829 0.0014983 0.999993 0.00322239 0.000401172 -0.0032236 0.999994 0.0487423 0.0247717 0.0139775
FixedParameters: 0 0 0

#Transform 98
Transform: AffineTransform_float_3_3
Parameters: 1 -0.000426158 5.37567e-05 0.00042584 0.999995 0.00291802 -5.52428e-05 -0.00291797 0.999995 0.00574124 0.0503806 -0.0195453
FixedParameters: 0 0 0

#Transform 99
Transform: AffineTransform_float_3_3
Parameters: 1 -0.000580324 9.09572e-05 0.000580676 0.999993 0.00352105 -9.30451e-05 -0.00352094 0.999994 -0.00300782 0.00973858 0.0109103
FixedParameters: 0 0 0

#Transform 100
Transform: AffineTransform_float_3_3
Parameters: 1 -0.00105564 0.000216887 0.00105436 0.999995 0.00295023 -0.000220111 -0.00294977 0.999995 -0.010291 0.0348776 0.0295285
FixedParameters: 0 0 0

#Transform 101
Transform: AffineTransform_float_3_3
Parameters: 0.999999 -0.00124833 -0.00022574 0.00124867 0.999994 0.00299472 0.000222262 -0.00299428 0.999995 0.0200331 0.0288097 0.0148985
FixedParameters: 0 0 0

#Transform 102
Transform: AffineTransform_float_3_3
Parameters: 1 -0.00106739 -0.000190473 0.00106762 0.999994 0.0032528 0.000187529 -0.0032522 0.999994 0.0368551 0.038307 -0.000798783
FixedParameters: 0 0 0

#Transform 103
Transform: AffineTransform_float_3_3
Parameters: 0.999999 -0.000899206 6.62577e-05 0.000898794 0.999995 0.00305006 -6.87416e-05 -0.00304994 0.999996 0.00516508 0.0458677 0.00344055
FixedParameters: 0 0 0

#Transform 104
Transform: AffineTransform_float_3_3
Parameters: 1 -0.00108638 0.000120636 0.00108662 0.999994 0.00309713 -0.000124366 -0.00309687 0.999995 0.00380343 0.0466515 0.0304932
FixedParameters: 0 0 0

#Transform 105
Transform: AffineTransform_float_3_3
Parameters: 0.999999 -0.00124897 -1.16695e-05 0.00124803 0.999995 0.00293799 7.33332e-06 -0.00293801 0.999995 0.0120502 0.0277289 0.0313993
FixedParameters: 0 0 0

#Transform 106
Transform: AffineTransform_float_3_3
Parameters: 0.999999 -0.00124762 -0.000447876 0.00124839 0.999995 0.00310445 0.000444126 -0.00310556 0.999995 0.0685977 0.0492171 -0.0123504
FixedParameters: 0 0 0

#Transform 107
Transform: AffineTransform_float_3_3
Parameters: 0.999999 -0.00124826 -0.000222175 0.00124874 0.999993 0.00334373 0.000217825 -0.00334427 0.999995 0.04005 0.0233355 0.0122225
FixedParameters: 0 0 0

#Transform 108
Transform: AffineTransform_float_3_3
Parameters: 0.999999 -0.00124764 -0.000346933 0.00124836 0.999992 0.00395157 0.00034207 -0.00395143 0.999992 0.0466305 -0.00644685 0.0431034
FixedParameters: 0 0 0

#Transform 109
Transform: AffineTransform_float_3_3
Parameters: 0.999999 -0.00149776 -0.000363164 0.00149824 0.999993 0.00344646 0.000357839 -0.00344654 0.999994 0.0493422 0.0091721 0.0373104
FixedParameters: 0 0 0

#Transform 110
Transform: AffineTransform_float_3_3
Parameters: 0.999999 -0.00124782 -0.000364084 0.00124818 0.999994 0.00327155 0.000359919 -0.00327145 0.999994 0.0605762 0.0140043 0.0385421
FixedParameters: 0 0 0

#Transform 111
Transform: AffineTransform_float_3_3
Parameters: 0.999998 -0.00194492 -0.000365789 0.00194608 0.999993 0.00297529 0.000360211 -0.0029757 0.999995 0.0529097 0.0162746 0.0400441
FixedParameters: 0 0 0

#Transform 112
Transform: AffineTransform_float_3_3
Parameters: 0.999998 -0.00165742 0.000123485 0.00165658 0.999993 0.00332821 -0.000129514 -0.00332779 0.999995 0.0185625 0.000411791 0.0755284
FixedParameters: 0 0 0

#Transform 113
Transform: AffineTransform_float_3_3
Parameters: 0.999998 -0.0016085 0.000148639 0.0016075 0.999993 0.00333324 -0.000153358 -0.00333276 0.999994 0.00667297 -0.0169325 0.0870531
FixedParameters: 0 0 0

#Transform 114
Transform: AffineTransform_float_3_3
Parameters: 0.999998 -0.0016078 0.000219176 0.0016072 0.999992 0.00362336 -0.000224826 -0.00362365 0.999994 -0.000432634 -0.0390606 0.0977874
FixedParameters: 0 0 0

#Transform 115
Transform: AffineTransform_float_3_3
Parameters: 0.999999 -0.00174896 -1.48993e-05 0.00174904 0.999993 0.00337298 8.10053e-06 -0.00337302 0.999995 0.0458524 -0.00590592 0.0745019
FixedParameters: 0 0 0

#Transform 116
Transform: AffineTransform_float_3_3
Parameters: 0.999998 -0.00166885 0.000255524 0.00166815 0.999993 0.00328243 -0.000260477 -0.00328257 0.999994 0.012806 0.00131231 0.0846964
FixedParameters: 0 0 0

#Transform 117
Transform: AffineTransform_float_3_3
Parameters: 0.999998 -0.00194706 0.000317553 0.00194594 0.999992 0.00331262 -0.000324446 -0.00331138 0.999995 0.0030064 -0.0156896 0.0942273
FixedParameters: 0 0 0

#Transform 118
Transform: AffineTransform_float_3_3
Parameters: 0.999998 -0.00194645 0.000136813 0.00194656 0.999993 0.00317927 -0.000142189 -0.00317873 0.999995 0.0194198 0.000729877 0.0764178
FixedParameters: 0 0 0

#Transform 119
Transform: AffineTransform_float_3_3
Parameters: 0.999997 -0.00247986 0.000975768 0.00247714 0.999992 0.00291943 -0.000983235 -0.00291757 0.999996 -0.0360895 0.0321848 0.0802734
FixedParameters: 0 0 0

#Transform 120
Transform: AffineTransform_float_3_3
Parameters: 0.999997 -0.00248029 0.00106135 0.00247671 0.999992 0.00308964 -0.00106865 -0.00308736 0.999994 -0.0394674 0.00412959 0.0953484
FixedParameters: 0 0 0

#Transform 121
Transform: AffineTransform_float_3_3
Parameters: 0.999997 -0.0026189 0.000647362 0.0026171 0.999993 0.00291871 -0.00065564 -0.0029173 0.999996 0.0288543 0.0340489 0.0604099
FixedParameters: 0 0 0

#Transform 122
Transform: AffineTransform_float_3_3
Parameters: 0.999996 -0.00281231 0.00109196 0.00280869 0.999989 0.00393108 -0.00110305 -0.00392792 0.999991 -0.0231761 -0.00529212 0.131141
FixedParameters: 0 0 0

#Transform 123
Transform: AffineTransform_float_3_3
Parameters: 0.999996 -0.00236581 0.00095406 0.00236319 0.999993 0.00293626 -0.000960942 -0.00293474 0.999995 0.010857 0.0274233 0.084609
FixedParameters: 0 0 0

#Transform 124
Transform: AffineTransform_float_3_3
Parameters: 0.999997 -0.00244578 0.000953904 0.00244322 0.999993 0.00290434 -0.000961097 -0.00290166 0.999996 -0.0124858 0.0165906 0.0850836
FixedParameters: 0 0 0

#Transform 125
Transform: AffineTransform_float_3_3
Parameters: 0.999995 -0.00287413 0.000702358 0.00287188 0.999992 0.00300903 -0.000710642 -0.00300697 0.999995 -0.005074 0.0137722 0.0836235
FixedParameters: 0 0 0

#Transform 126
Transform: AffineTransform_float_3_3
Parameters: 0.999996 -0.00262548 0.000954203 0.00262352 0.999993 0.00259151 -0.000960798 -0.00258849 0.999996 0.00768829 0.0338271 0.069206
FixedParameters: 0 0 0

#Transform 127
Transform: AffineTransform_float_3_3
Parameters: 0.999997 -0.00246672 0.00095401 0.00246329 0.999993 0.00283636 -0.000960987 -0.00283364 0.999995 -0.0136278 0.029767 0.0697347
FixedParameters: 0 0 0

#Transform 128
Transform: AffineTransform_float_3_3
Parameters: 0.999997 -0.00214365 0.000955079 0.00214135 0.999994 0.00276505 -0.000960922 -0.00276295 0.999995 -0.0272517 0.0383182 0.0486779
FixedParameters: 0 0 0

#Transform 129
Transform: AffineTransform_float_3_3
Parameters: 0.999995 -0.00287407 0.000702596 0.00287193 0.999991 0.00292603 -0.000710403 -0.00292397 0.999996 -0.0103102 0.0337081 0.0625837
FixedParameters: 0 0 0

#Transform 130
Transform: AffineTransform_float_3_3
Parameters: 0.999997 -0.00257456 0.000701688 0.00257145 0.99999 0.00361982 -0.000710311 -0.00361819 0.999993 0.0112403 0.0174083 0.05782
FixedParameters: 0 0 0

#Transform 131
Transform: AffineTransform_float_3_3
Parameters: 0.999996 -0.00268315 0.00078368 0.00268085 0.999992 0.00273011 -0.000791319 -0.00272789 0.999996 -0.00286468 0.0380259 0.0609887
FixedParameters: 0 0 0

#Transform 132
Transform: AffineTransform_float_3_3
Parameters: 0.999997 -0.0026697 0.000591365 0.0026683 0.999993 0.00286159 -0.000599637 -0.00286041 0.999995 0.00773996 0.0310856 0.065458
FixedParameters: 0 0 0

#Transform 133
Transform: AffineTransform_float_3_3
Parameters: 0.999996 -0.00287293 0.000283709 0.00287207 0.99999 0.00323483 -0.000292291 -0.00323417 0.999994 0.0421458 0.0148618 0.0818894
FixedParameters: 0 0 0

#Transform 134
Transform: AffineTransform_float_3_3
Parameters: 0.999996 -0.00287507 0.000951767 0.00287193 0.99999 0.00321475 -0.000960235 -0.00321225 0.999995 -0.0309938 -0.012636 0.124418
FixedParameters: 0 0 0

#Transform 135
Transform: AffineTransform_float_3_3
Parameters: 0.999996 -0.00269247 0.00095124 0.00268953 0.99999 0.00362857 -0.000960763 -0.00362643 0.999993 -0.0165924 -0.0265316 0.172577
FixedParameters: 0 0 0

#Transform 136
Transform: AffineTransform_float_3_3
Parameters: 0.999997 -0.00253985 0.000953448 0.00253716 0.999993 0.00297643 -0.000960552 -0.00297357 0.999995 0.0199635 0.0151364 0.128632
FixedParameters: 0 0 0

#Transform 137
Transform: AffineTransform_float_3_3
Parameters: 0.999994 -0.00280445 0.00171574 0.00279954 0.999992 0.00259382 -0.00172326 -0.00258918 0.999995 -0.0445959 0.0385342 0.11173
FixedParameters: 0 0 0

#Transform 138
Transform: AffineTransform_float_3_3
Parameters: 0.999995 -0.00287609 0.00160269 0.00287191 0.999992 0.00254662 -0.00161032 -0.00254238 0.999996 -0.0444142 0.0502567 0.131744
FixedParameters: 0 0 0

#Transform 139
Transform: AffineTransform_float_3_3
Parameters: 0.999995 -0.00287608 0.00146904 0.00287192 0.999992 0.00277323 -0.00147696 -0.00276877 0.999995 -0.0212588 0.0214787 0.152713
FixedParameters: 0 0 0

#Transform 140
Transform: AffineTransform_float_3_3
Parameters: 0.999994 -0.00307957 0.00120289 0.00307643 0.999991 0.00296072 -0.00121211 -0.00295728 0.999995 0.0114505 0.0141744 0.171087
FixedParameters: 0 0 0

#Transform 141
Transform: AffineTransform_float_3_3
Parameters: 0.999994 -0.00299903 0.00160148 0.00299498 0.999993 0.00250981 -0.00160951 -0.00250519 0.999995 -0.0614039 0.00556381 0.201941
FixedParameters: 0 0 0

#Transform 142
Transform: AffineTransform_float_3_3
Parameters: 0.999995 -0.00290172 0.00126778 0.00289927 0.999993 0.00214569 -0.00127422 -0.00214131 0.999997 0.0102289 0.0405356 0.144725
FixedParameters: 0 0 0

#Transform 143
Transform: AffineTransform_float_3_3
Parameters: 0.999994 -0.00336322 0.00138321 0.00335978 0.999991 0.00232066 -0.0013908 -0.00231634 0.999997 -0.0212041 0.0304782 0.16554
FixedParameters: 0 0 0

#Transform 144
Transform: AffineTransform_float_3_3
Parameters: 0.999994 -0.00262331 0.00195522 0.00261969 0.999994 0.00220613 -0.00196078 -0.00220087 0.999995 -0.0471571 0.0141922 0.186071
FixedParameters: 0 0 0

#Transform 145
Transform: AffineTransform_float_3_3
Parameters: 0.999995 -0.00296717 0.00158307 0.00296383 0.999993 0.0020017 -0.00158893 -0.0019973 0.999996 -0.025017 0.0354956 0.146552
FixedParameters: 0 0 0

#Transform 146
Transform: AffineTransform_float_3_3
Parameters: 0.999987 -0.0038394 0.00314341 0.0038346 0.999991 0.00172307 -0.00315059 -0.00171092 0.999993 -0.124554 0.0387057 0.198914
FixedParameters: 0 0 0

#Transform 147
Transform: AffineTransform_float_3_3
Parameters: 0.999992 -0.00296483 0.00260993 0.00296318 0.999996 0.00070274 -0.00261207 -0.000695262 0.999997 -0.045823 0.0862397 0.166538
FixedParameters: 0 0 0

#Transform 148
Transform: AffineTransform_float_3_3
Parameters: 0.999991 -0.003195 0.00257028 0.003192 0.999994 0.00117021 -0.00257472 -0.00116178 0.999996 -0.0580646 0.0674094 0.151799
FixedParameters: 0 0 0

#Transform 149
Transform: AffineTransform_float_3_3
Parameters: 0.999991 -0.0032219 0.00258839 0.0032191 0.999994 0.00112534 -0.00259161 -0.00111666 0.999996 -0.0774167 0.0825695 0.17784
FixedParameters: 0 0 0

#Transform 150
Transform: AffineTransform_float_3_3
Parameters: 0.999993 -0.00305323 0.00243221 0.00305077 0.999995 0.000919427 -0.00243479 -0.000911573 0.999996 -0.0384596 0.0765591 0.167956
FixedParameters: 0 0 0

#Transform 151
Transform: AffineTransform_float_3_3
Parameters: 0.999992 -0.00292452 0.00293951 0.00292049 0.999995 0.0011996 -0.00294249 -0.0011904 0.999995 -0.0599807 0.0686659 0.175346
FixedParameters: 0 0 0

#Transform 152
Transform: AffineTransform_float_3_3
Parameters: 0.999991 -0.0030786 0.00269703 0.0030764 0.999995 0.000968305 -0.00269997 -0.000959696 0.999996 -0.062912 0.0788928 0.155463
FixedParameters: 0 0 0

#Transform 153
Transform: AffineTransform_float_3_3
Parameters: 0.999991 -0.00287745 0.00286954 0.00287454 0.999995 0.000859255 -0.00287146 -0.000850744 0.999995 -0.100169 0.0812484 0.168367
FixedParameters: 0 0 0

#Transform 154
Transform: AffineTransform_float_3_3
Parameters: 0.999992 -0.00319087 0.00250562 0.00318913 0.999994 0.000749996 -0.00250738 -0.000742005 0.999996 -0.034654 0.0910884 0.1311
FixedParameters: 0 0 0

#Transform 155
Transform: AffineTransform_float_3_3
Parameters: 0.999992 -0.00342699 0.00237257 0.00342601 0.999994 0.000421132 -0.00237443 -0.000412866 0.999997 -0.0320474 0.0906474 0.162249
FixedParameters: 0 0 0

#Transform 156
Transform: AffineTransform_float_3_3
Parameters: 0.999992 -0.00315359 0.0023719 0.00315142 0.999995 0.00067148 -0.00237411 -0.000664518 0.999997 -0.032154 0.0845658 0.142651
FixedParameters: 0 0 0

#Transform 157
Transform: AffineTransform_float_3_3
Parameters: 0.999991 -0.00318303 0.00286386 0.00318197 0.999995 0.000363116 -0.00286414 -0.000353887 0.999996 -0.0449886 0.109398 0.1369
FixedParameters: 0 0 0

#Transform 158
Transform: AffineTransform_float_3_3
Parameters: 0.999991 -0.00342694 0.00272182 0.00342607 0.999994 0.000348329 -0.00272318 -0.000338671 0.999996 -0.0704019 0.1085 0.145744
FixedParameters: 0 0 0

#Transform 159
Transform: AffineTransform_float_3_3
Parameters: 0.999989 -0.00342647 0.00298545 0.00342652 0.999994 0.000164231 -0.00298554 -0.000153772 0.999995 -0.0804049 0.115913 0.161102
FixedParameters: 0 0 0

#Transform 160
Transform: AffineTransform_float_3_3
Parameters: 0.99999 -0.00348171 0.00283336 0.00348229 0.999994 -9.81344e-05 -0.00283264 0.000107864 0.999996 -0.0496992 0.140448 0.117471
FixedParameters: 0 0 0

#Transform 161
Transform: AffineTransform_float_3_3
Parameters: 0.999989 -0.00318381 0.00350509 0.0031852 0.999995 -0.000335839 -0.00350391 0.00034616 0.999994 -0.102308 0.137338 0.170565
FixedParameters: 0 0 0

#Transform 162
Transform: AffineTransform_float_3_3
Parameters: 0.999991 -0.00303299 0.00316098 0.00303402 0.999996 -0.000316413 -0.00316003 0.000325588 0.999995 -0.096944 0.126973 0.189856
FixedParameters: 0 0 0

#Transform 163
Transform: AffineTransform_float_3_3
Parameters: 0.999989 -0.00350139 0.00316578 0.00350261 0.999993 -0.000502917 -0.00316422 0.000514085 0.999995 -0.0925786 0.130642 0.19286
FixedParameters: 0 0 0

#Transform 164
Transform: AffineTransform_float_3_3
Parameters: 0.99999 -0.00350341 0.00278949 0.00350259 0.999994 0.000151772 -0.00278952 -0.000142229 0.999996 -0.0586618 0.110303 0.188644
FixedParameters: 0 0 0

#Transform 165
Transform: AffineTransform_float_3_3
Parameters: 0.99999 -0.00350137 0.00282802 0.00350263 0.999993 -0.0005711 -0.00282598 0.0005809 0.999996 -0.0920869 0.13505 0.199213
FixedParameters: 0 0 0

#Transform 166
Transform: AffineTransform_float_3_3
Parameters: 0.99999 -0.00350131 0.00299798 0.00350269 0.999993 -0.000558505 -0.00299603 0.000569496 0.999996 -0.117295 0.133173 0.227357
FixedParameters: 0 0 0

#Transform 167
Transform: AffineTransform_float_3_3
Parameters: 0.99999 -0.00331571 0.00280634 0.00331629 0.999994 -9.86942e-05 -0.00280566 0.000108304 0.999996 -0.0748736 0.107502 0.22393
FixedParameters: 0 0 0

#Transform 168
Transform: AffineTransform_float_3_3
Parameters: 0.99999 -0.0032917 0.00283634 0.00329229 0.999994 -9.86628e-05 -0.00283566 0.000108335 0.999996 -0.0680273 0.115838 0.223246
FixedParameters: 0 0 0

#Transform 169
Transform: AffineTransform_float_3_3
Parameters: 0.99999 -0.00350258 0.00252859 0.00350242 0.999994 -0.000163145 -0.00252841 0.000171858 0.999997 -0.0654124 0.113162 0.241514
FixedParameters: 0 0 0

#Transform 170
Transform: AffineTransform_float_3_3
Parameters: 0.99999 -0.00350254 0.00250065 0.00350246 0.999994 -0.000180243 -0.00249935 0.000188756 0.999997 -0.0702651 0.106584 0.256474
FixedParameters: 0 0 0

#Transform 171
Transform: AffineTransform_float_3_3
Parameters: 0.99999 -0.0033367 0.00294134 0.0033373 0.999995 -9.81848e-05 -0.00294066 0.000107813 0.999995 -0.0806764 0.120369 0.257589
FixedParameters: 0 0 0

#Transform 172
Transform: AffineTransform_float_3_3
Parameters: 0.99999 -0.00320893 0.00293916 0.00321007 0.999995 -0.000358568 -0.00293783 0.000367431 0.999995 -0.0608537 0.127174 0.23139
FixedParameters: 0 0 0

#Transform 173
Transform: AffineTransform_float_3_3
Parameters: 0.999989 -0.00350115 0.0029402 0.00350284 0.999993 -0.000622707 -0.0029378 0.000632292 0.999995 -0.0615177 0.139515 0.215236
FixedParameters: 0 0 0

#Transform 174
Transform: AffineTransform_float_3_3
Parameters: 0.999988 -0.00367711 0.00300431 0.00367888 0.999993 -0.000621955 -0.00300169 0.000633045 0.999996 -0.080829 0.151662 0.262327
FixedParameters: 0 0 0

#Transform 175
Transform: AffineTransform_float_3_3
Parameters: 0.999989 -0.00367792 0.00293935 0.00367908 0.999993 -0.00036319 -0.00293764 0.000373808 0.999995 -0.0872427 0.115582 0.256889
FixedParameters: 0 0 0

#Transform 176
Transform: AffineTransform_float_3_3
Parameters: 0.999988 -0.00367728 0.0030201 0.00367872 0.999993 -0.000564896 -0.0030179 0.000576104 0.999996 -0.0791153 0.128621 0.263604
FixedParameters: 0 0 0

#Transform 177
Transform: AffineTransform_float_3_3
Parameters: 0.999988 -0.00367709 0.00304431 0.00367891 0.999993 -0.000621807 -0.00304169 0.000633192 0.999995 -0.066775 0.142867 0.256851
FixedParameters: 0 0 0

#Transform 178
Transform: AffineTransform_float_3_3
Parameters: 0.999989 -0.00367704 0.00313331 0.00367897 0.999993 -0.00062148 -0.0031307 0.000632519 0.999995 -0.0870338 0.142899 0.255274
FixedParameters: 0 0 0

#Transform 179
Transform: AffineTransform_float_3_3
Parameters: 0.99999 -0.00353543 0.00295288 0.00353757 0.999993 -0.000525559 -0.00295112 0.000535439 0.999995 -0.0863832 0.138748 0.2596
FixedParameters: 0 0 0
