#Insight Transform File V1.0
#Transform 0
Transform: AffineTransform_float_3_3
Parameters: 0.999999 -0.000249881 -0.00124202 0.000250119 1 9.56894e-05 0.00124198 -9.63104e-05 0.999999 0.0473531 0.0671674 0.576712
FixedParameters: 0 0 0

#Transform 1
Transform: AffineTransform_float_3_3
Parameters: 1 0.000636036 -0.000187877 -0.000636963 1 0.00019412 0.000188123 -0.00019388 1 0.0261609 0.064267 -0.0150943
FixedParameters: 0 0 0

#Transform 2
Transform: AffineTransform_float_3_3
Parameters: 1 0.000445973 0.000164073 -0.000446027 1 0.000162927 -0.000163927 -0.000163073 1 0.00836687 0.0916024 0.0194216
FixedParameters: 0 0 0

#Transform 3
Transform: AffineTransform_float_3_3
Parameters: 1 0.000273023 0.000437986 -0.000273977 1 -5.212e-05 -0.000438014 5.18804e-05 1 0.002606 0.107135 0.0187682
FixedParameters: 0 0 0

#Transform 4
Transform: AffineTransform_float_3_3
Parameters: 0.999999 0.0008639 0.00040821 -0.000864099 0.999999 0.000243647 -0.00040779 -0.000243352 1 0.00309849 0.0943993 0.0100291
FixedParameters: 0 0 0

#Transform 5
Transform: AffineTransform_float_3_3
Parameters: 1 0.00074497 0.000677033 -0.00074503 0.999999 4.34956e-05 -0.000676967 -4.45043e-05 1 -0.0165317 0.108599 -0.000756326
FixedParameters: 0 0 0

#Transform 6
Transform: AffineTransform_float_3_3
Parameters: 1 0.000406175 0.000478852 -0.000405825 1 -0.000365194 -0.000479148 0.000364805 1 -0.0077975 0.125415 0.0109607
FixedParameters: 0 0 0

#Transform 7
Transform: AffineTransform_float_3_3
Parameters: 0.999999 0.00077894 -0.000392118 -0.000779059 0.999999 -0.000151695 0.000391881 0.000152305 1 0.0467704 0.125238 0.0022964
FixedParameters: 0 0 0

#Transform 8
Transform: AffineTransform_float_3_3
Parameters: 0.999999 0.00080929 0.000578593 -0.000809709 0.999999 -0.000502468 -0.000578406 0.000501532 0.999999 -0.0179552 0.127575 0.00855841
FixedParameters: 0 0 0

#Transform 9
Transform: AffineTransform_float_3_3
Parameters: 1 0.000559115 0.000272764 -0.000558885 1 -0.000422152 -0.000272236 0.000422848 1 -0.009669 0.123666 -0.00308089
FixedParameters: 0 0 0

#Transform 10
Transform: AffineTransform_float_3_3
Parameters: 1 0.000559195 0.000377711 -0.000558804 0.999999 -0.000517211 -0.000378289 0.000516788 1 -0.0137618 0.127286 0.0241537
FixedParameters: 0 0 0

#Transform 11
Transform: AffineTransform_float_3_3
Parameters: 0.999999 0.00050028 0.000793823 -0.00049972 1 -0.000352397 -0.000794176 0.000352603 0.999999 -0.0175861 0.131602 -0.00255866
FixedParameters: 0 0 0

#Transform 12
Transform: AffineTransform_float_3_3
Parameters: 1 0.00055918 0.000217538 -0.00055882 1 -0.000826122 -0.000218462 0.000825878 0.999999 0.00171928 0.160676 -0.00154502
FixedParameters: 0 0 0

#Transform 13
Transform: AffineTransform_float_3_3
Parameters: 1 0.00032596 0.000509026 -0.00032604 1 7.8834e-05 -0.000508974 -7.81659e-05 1 -0.00323982 0.122287 -0.00896175
FixedParameters: 0 0 0

#Transform 14
Transform: AffineTransform_float_3_3
Parameters: 1 0.000558958 0.000341069 -0.000559042 1 0.000122809 -0.000340931 -0.000123191 1 0.00502174 0.121546 -0.00900103
FixedParameters: 0 0 0

#Transform 15
Transform: AffineTransform_float_3_3
Parameters: 0.999999 0.000641006 0.000649993 -0.000640993 1 -1.04166e-05 -0.000650006 9.58334e-06 1 -0.0159111 0.127018 -0.0138637
FixedParameters: 0 0 0

#Transform 16
Transform: AffineTransform_float_3_3
Parameters: 0.999999 0.000558959 0.000494046 -0.00055904 1 8.17238e-05 -0.000493954 -8.22761e-05 1 -0.00973542 0.123151 -0.00400546
FixedParameters: 0 0 0

#Transform 17
Transform: AffineTransform_float_3_3
Parameters: 1 0.000318784 0.000364189 -0.000319216 1 0.000593884 -0.00036381 -0.000594116 1 -0.00427067 0.102386 0.00826304
FixedParameters: 0 0 0

#Transform 18
Transform: AffineTransform_float_3_3
Parameters: 1 0.000141018 0.000119979 -0.000140982 1 -0.000148017 -0.000120021 0.000147983 1 0.0147856 0.130397 0.015795
FixedParameters: 0 0 0

#Transform 19
Transform: AffineTransform_float_3_3
Parameters: 0.999999 0.000119055 0.000810991 -0.000118945 1 -6.80965e-05 -0.000811008 6.79034e-05 0.999999 -0.00575975 0.123534 -0.00389107
FixedParameters: 0 0 0

#Transform 20
Transform: AffineTransform_float_3_3
Parameters: 1 -6.09254e-05 0.000220021 6.10746e-05 1 -0.000338987 -0.000219979 0.000339013 1 0.00232291 0.137087 0.0119674
FixedParameters: 0 0 0

#Transform 21
Transform: AffineTransform_float_3_3
Parameters: 1 0.000395975 0.00012108 -0.000396024 1 0.000202952 -0.00012092 -0.000203048 1 0.00297132 0.117824 -0.00421213
FixedParameters: 0 0 0

#Transform 22
Transform: AffineTransform_float_3_3
Parameters: 1 -0.000106086 0.000628985 0.000105914 1 0.000137067 -0.000629014 -0.000136933 1 -0.0242063 0.118498 0.00758504
FixedParameters: 0 0 0

#Transform 23
Transform: AffineTransform_float_3_3
Parameters: 1 -0.000254998 3.7015e-05 0.000255002 1 -5.89906e-05 -3.6985e-05 5.90094e-05 1 0.00578652 0.125463 0.0526487
FixedParameters: 0 0 0

#Transform 24
Transform: AffineTransform_float_3_3
Parameters: 1 0.000146029 4.99138e-05 -0.00014597 1 -0.000590007 -5.00861e-05 0.000589992 1 0.00682352 0.132885 0.0260263
FixedParameters: 0 0 0

#Transform 25
Transform: AffineTransform_float_3_3
Parameters: 1 0.000146048 0.000251972 -0.000145952 1 -0.000191037 -0.000252028 0.000190963 1 0.0136723 0.132106 0.00951788
FixedParameters: 0 0 0

#Transform 26
Transform: AffineTransform_float_3_3
Parameters: 1 0.000145921 0.000243047 -0.000146078 1 0.000322964 -0.000242953 -0.000323035 1 0.0176931 0.112213 5.86054e-05
FixedParameters: 0 0 0

#Transform 27
Transform: AffineTransform_float_3_3
Parameters: 1 -0.000265909 0.00047805 0.000265091 1 -0.000189873 -0.000477949 0.000190127 1 0.00260049 0.130468 0.0174654
FixedParameters: 0 0 0

#Transform 28
Transform: AffineTransform_float_3_3
Parameters: 1 -0.000151166 0.000397937 0.000150834 1 0.00041606 -0.000398063 -0.00041594 1 0.00249844 0.10748 0.0145595
FixedParameters: 0 0 0

#Transform 29
Transform: AffineTransform_float_3_3
Parameters: 1 4.1099e-05 -0.000330988 -4.0901e-05 1 0.000299014 0.000331012 -0.000298986 1 0.0258982 0.112779 0.0199509
FixedParameters: 0 0 0

#Transform 30
Transform: AffineTransform_float_3_3
Parameters: 1 -0.00038501 -3.3886e-05 0.00038499 1 -0.000296013 3.4114e-05 0.000295987 1 0.00658443 0.115162 0.0525117
FixedParameters: 0 0 0

#Transform 31
Transform: AffineTransform_float_3_3
Parameters: 1 0.00014602 -5.89515e-05 -0.00014598 1 0.000332009 5.90485e-05 -0.000331991 1 0.0179975 0.111863 0.0536612
FixedParameters: 0 0 0

#Transform 32
Transform: AffineTransform_float_3_3
Parameters: 1 0.000146008 -0.000349996 -0.000145992 1 2.40511e-05 0.000350003 -2.39489e-05 1 0.0259417 0.0987179 0.0462942
FixedParameters: 0 0 0

#Transform 33
Transform: AffineTransform_float_3_3
Parameters: 1 0.000146057 -0.000377978 -0.000145943 1 0.000152055 0.000378022 -0.000151945 1 0.0457161 0.0915115 0.051985
FixedParameters: 0 0 0

#Transform 34
Transform: AffineTransform_float_3_3
Parameters: 1 -0.000266999 4.04032e-06 0.000267001 1 -0.000150999 -3.95968e-06 0.000151001 1 0.0165832 0.103245 0.0601966
FixedParameters: 0 0 0

#Transform 35
Transform: AffineTransform_float_3_3
Parameters: 1 -0.00026713 0.000148766 0.000266869 0.999999 0.000875039 -0.000149233 -0.000874959 0.999999 0.00711723 0.0893407 0.0420604
FixedParameters: 0 0 0

#Transform 36
Transform: AffineTransform_float_3_3
Parameters: 1 -0.000399193 0.000437824 0.000398807 1 0.000441175 -0.000437176 -0.000440825 1 -0.0106423 0.083123 0.0468592
FixedParameters: 0 0 0

#Transform 37
Transform: AffineTransform_float_3_3
Parameters: 1 7.29393e-05 8.30533e-05 -7.30614e-05 0.999999 0.000730994 -8.39466e-05 -0.000731006 0.999999 0.0168591 0.0961786 0.0209299
FixedParameters: 0 0 0

#Transform 38
Transform: AffineTransform_float_3_3
Parameters: 1 -0.000244201 0.00030584 0.0002438 1 0.000656074 -0.00030516 -0.000655925 0.999999 0.0036553 0.0979132 0.0248735
FixedParameters: 0 0 0

#Transform 39
Transform: AffineTransform_float_3_3
Parameters: 1 -0.000384985 -1.34358e-05 0.000385015 1 0.001132 1.25642e-05 -0.00113201 1 -0.000906245 0.0788825 0.0206348
FixedParameters: 0 0 0

#Transform 40
Transform: AffineTransform_float_3_3
Parameters: 1 -0.000518948 -4.36217e-05 0.000519052 0.999999 0.00119798 4.33782e-05 -0.00119802 1 0.00056886 0.0593162 0.0391729
FixedParameters: 0 0 0

#Transform 41
Transform: AffineTransform_float_3_3
Parameters: 1 -0.000384899 -0.000124313 0.000385101 0.999999 0.000813952 0.000124687 -0.000814047 0.999999 0.0083669 0.0814878 0.0400179
FixedParameters: 0 0 0

#Transform 42
Transform: AffineTransform_float_3_3
Parameters: 1 -0.00038507 7.16265e-05 0.000384931 1 0.000970028 -7.13734e-05 -0.000969973 0.999999 0.00342056 0.0685501 0.0536452
FixedParameters: 0 0 0

#Transform 43
Transform: AffineTransform_float_3_3
Parameters: 1 -0.000385068 6.86192e-05 0.000384932 1 0.000989026 -6.93807e-05 -0.000988973 0.999999 0.013902 0.0854481 0.0402942
FixedParameters: 0 0 0

#Transform 44
Transform: AffineTransform_float_3_3
Parameters: 1 -0.000439634 -0.000239672 0.000440364 0.999998 0.00152789 0.000238328 -0.0015271 0.999999 0.019151 0.0774714 0.0535059
FixedParameters: 0 0 0

#Transform 45
Transform: AffineTransform_float_3_3
Parameters: 1 -0.000592979 -4.52716e-05 0.00059302 0.999999 0.000457973 4.47284e-05 -0.000458026 1 0.00857319 0.0843615 0.0522214
FixedParameters: 0 0 0

#Transform 46
Transform: AffineTransform_float_3_3
Parameters: 1 -0.000384914 -0.000121272 0.000385085 0.999999 0.000707953 0.000120727 -0.000708046 0.999999 0.0121198 0.0828954 0.103482
FixedParameters: 0 0 0

#Transform 47
Transform: AffineTransform_float_3_3
Parameters: 1 -0.000384837 -0.000159395 0.000385163 1 0.00102494 0.000158605 -0.00102506 1 0.0126447 0.0841154 0.0740544
FixedParameters: 0 0 0

#Transform 48
Transform: AffineTransform_float_3_3
Parameters: 1 -0.000568658 -0.000357545 0.000569343 1 0.000957797 0.000357455 -0.000958204 1 0.0195621 0.075388 0.0711145
FixedParameters: 0 0 0

#Transform 49
Transform: AffineTransform_float_3_3
Parameters: 0.999999 -0.000863109 0.000115186 0.000862891 0.999999 0.000943099 -0.000115814 -0.0009429 0.999999 -0.0117127 0.0846723 0.0915081
FixedParameters: 0 0 0

#Transform 50
Transform: AffineTransform_float_3_3
Parameters: 1 -0.000385039 6.07497e-05 0.000384961 0.999999 0.000650023 -6.02502e-05 -0.000649977 1 0.00306393 0.0807844 0.107123
FixedParameters: 0 0 0

#Transform 51
Transform: AffineTransform_float_3_3
Parameters: 1 -0.000384966 -0.000152086 0.000385034 1 0.000222941 0.000151914 -0.000223058 1 0.0112633 0.0996615 0.0882781
FixedParameters: 0 0 0

#Transform 52
Transform: AffineTransform_float_3_3
Parameters: 1 -0.000385112 0.000245824 0.000384888 1 0.000456095 -0.000245175 -0.000455905 1 -0.00407838 0.0882661 0.0643506
FixedParameters: 0 0 0

#Transform 53
Transform: AffineTransform_float_3_3
Parameters: 0.999999 -0.000752033 8.47014e-05 0.000751966 0.999999 0.000397064 -8.52985e-05 -0.000396936 1 -0.00378282 0.0916356 0.0916725
FixedParameters: 0 0 0

#Transform 54
Transform: AffineTransform_float_3_3
Parameters: 0.999999 -0.000804093 0.000102268 0.000803907 1 0.000910082 -0.000102731 -0.000909918 0.999999 -0.00841916 0.0691543 0.0935099
FixedParameters: 0 0 0

#Transform 55
Transform: AffineTransform_float_3_3
Parameters: 0.999999 -0.000926115 0.00027561 0.000925883 0.999999 0.000421255 -0.00027639 -0.000420744 1 -0.0209164 0.0876607 0.111037
FixedParameters: 0 0 0

#Transform 56
Transform: AffineTransform_float_3_3
Parameters: 0.999999 -0.000844794 -0.000246706 0.000845206 1 0.000835792 0.000246293 -0.000836208 0.999999 0.00606642 0.0718313 0.109868
FixedParameters: 0 0 0

#Transform 57
Transform: AffineTransform_float_3_3
Parameters: 1 -0.00114789 8.84211e-05 0.00114711 0.999998 -0.0012379 -8.65799e-05 0.0012381 0.999999 0.0036298 0.125778 0.058103
FixedParameters: 0 0 0

#Transform 58
Transform: AffineTransform_float_3_3
Parameters: 1 -0.000959817 -0.000277635 0.000960185 1 0.000661734 0.000277364 -0.000662267 0.999999 0.0172887 0.0757713 0.10269
FixedParameters: 0 0 0

#Transform 59
Transform: AffineTransform_float_3_3
Parameters: 0.999999 -0.000960029 4.13193e-05 0.000959971 1 0.00070904 -4.16806e-05 -0.00070896 0.999999 -0.0211481 0.076096 0.0962047
FixedParameters: 0 0 0

#Transform 60
Transform: AffineTransform_float_3_3
Parameters: 0.999999 -0.000960027 6.05747e-05 0.000959973 1 0.000443059 -6.14252e-05 -0.000442941 1 -0.0203254 0.0866947 0.0944137
FixedParameters: 0 0 0

#Transform 61
Transform: AffineTransform_float_3_3
Parameters: 0.999999 -0.000724935 -0.000223209 0.000725064 0.999999 0.000287838 0.000222791 -0.000288161 1 0.000110418 0.0989356 0.0844995
FixedParameters: 0 0 0

#Transform 62
Transform: AffineTransform_float_3_3
Parameters: 1 -0.00062982 -0.000256441 0.000630179 0.999999 0.000699838 0.000256559 -0.000700161 0.999999 -0.00526892 0.0902108 0.102951
FixedParameters: 0 0 0

#Transform 63
Transform: AffineTransform_float_3_3
Parameters: 0.999999 -0.00089392 -9.47526e-05 0.000894079 0.999999 0.000841916 9.32471e-05 -0.000842084 0.999999 -0.011036 0.0768842 0.107733
FixedParameters: 0 0 0

#Transform 64
Transform: AffineTransform_float_3_3
Parameters: 0.999999 -0.000983041 4.3068e-05 0.000982958 0.999999 0.000948042 -4.39318e-05 -0.000947957 0.999999 -0.024317 0.07244 0.120639
FixedParameters: 0 0 0

#Transform 65
Transform: AffineTransform_float_3_3
Parameters: 1 -0.000545883 -9.46748e-05 0.000546117 0.999999 0.00123595 9.43251e-05 -0.00123605 0.999999 -0.00696654 0.0742223 0.0925751
FixedParameters: 0 0 0

#Transform 66
Transform: AffineTransform_float_3_3
Parameters: 0.999999 -0.000894298 0.000284062 0.000893701 0.999999 0.00104925 -0.000284938 -0.00104875 1 -0.0256665 0.0688913 0.13962
FixedParameters: 0 0 0

#Transform 67
Transform: AffineTransform_float_3_3
Parameters: 1 -0.00114418 0.000134515 0.00114382 0.999998 0.00129815 -0.000136486 -0.00129884 0.999999 -0.0193431 0.058352 0.118866
FixedParameters: 0 0 0

#Transform 68
Transform: AffineTransform_float_3_3
Parameters: 1 -0.000893769 -0.000280738 0.000894232 1 0.000825749 0.000280261 -0.000826251 0.999999 0.000385856 0.0889136 0.11026
FixedParameters: 0 0 0

#Transform 69
Transform: AffineTransform_float_3_3
Parameters: 0.999999 -0.000893973 -5.24568e-05 0.000894027 1 0.000510953 5.15431e-05 -0.000511046 1 0.00112624 0.0957419 0.0907682
FixedParameters: 0 0 0

#Transform 70
Transform: AffineTransform_float_3_3
Parameters: 0.999999 -0.000893957 -5.2733e-05 0.000894042 1 0.000819953 5.12668e-05 -0.000820046 0.999999 -0.0125233 0.0837942 0.0953971
FixedParameters: 0 0 0

#Transform 71
Transform: AffineTransform_float_3_3
Parameters: 1 -0.000894045 3.89844e-05 0.000893956 0.999999 0.00113604 -4.00156e-05 -0.00113597 1 -0.0298362 0.0677378 0.121795
FixedParameters: 0 0 0

#Transform 72
Transform: AffineTransform_float_3_3
Parameters: 0.999999 -0.00089368 -0.000288988 0.000894319 0.999999 0.00110574 0.000288011 -0.00110626 1 0.00284633 0.0667279 0.103083
FixedParameters: 0 0 0

#Transform 73
Transform: AffineTransform_float_3_3
Parameters: 0.999999 -0.000715706 -0.000227923 0.000716293 0.999999 0.00128984 0.000227076 -0.00129016 0.999999 0.00232974 0.064886 0.0800382
FixedParameters: 0 0 0

#Transform 74
Transform: AffineTransform_float_3_3
Parameters: 0.999999 -0.00130848 0.000464458 0.00130852 0.999998 -0.00111339 -0.000462544 0.00111361 1 -0.0284004 0.126859 0.063368
FixedParameters: 0 0 0

#Transform 75
Transform: AffineTransform_float_3_3
Parameters: 0.999999 -0.00089409 7.99977e-05 0.000893909 0.999999 0.00112107 -8.10021e-05 -0.00112093 1 -0.0296323 0.0657995 0.130912
FixedParameters: 0 0 0

#Transform 76
Transform: AffineTransform_float_3_3
Parameters: 0.999999 -0.000893825 -0.00020078 0.000894175 0.999999 0.000872821 0.000200219 -0.000873179 0.999999 -0.00623496 0.0801833 0.108103
FixedParameters: 0 0 0

#Transform 77
Transform: AffineTransform_float_3_3
Parameters: 1 -0.000893429 -0.00035345 0.000893572 0.999999 0.00162168 0.000351551 -0.00162231 0.999998 -0.00024038 0.0511701 0.0948716
FixedParameters: 0 0 0

#Transform 78
Transform: AffineTransform_float_3_3
Parameters: 0.999999 -0.000893952 -4.10406e-05 0.000894047 0.999999 0.00116396 3.99593e-05 -0.00116404 1 -0.0124203 0.0679718 0.100244
FixedParameters: 0 0 0

#Transform 79
Transform: AffineTransform_float_3_3
Parameters: 1 -0.000894042 3.70139e-05 0.000893959 0.999999 0.00110303 -3.79861e-05 -0.00110297 1 -0.0277829 0.0728621 0.116539
FixedParameters: 0 0 0

#Transform 80
Transform: AffineTransform_float_3_3
Parameters: 0.999999 -0.000894094 9.41103e-05 0.000893906 0.999999 0.000995084 -9.48894e-05 -0.000994915 0.999999 -0.0176568 0.071953 0.116141
FixedParameters: 0 0 0

#Transform 81
Transform: AffineTransform_float_3_3
Parameters: 0.999999 -0.000893684 -0.000271045 0.000894316 0.999999 0.00116876 0.000269955 -0.00116824 1 -0.00356809 0.0817426 0.120541
FixedParameters: 0 0 0

#Transform 82
Transform: AffineTransform_float_3_3
Parameters: 0.999999 -0.000894047 3.27305e-05 0.000893952 0.999998 0.00142003 -3.42694e-05 -0.00141997 0.999999 -0.0153136 0.0719954 0.122109
FixedParameters: 0 0 0

#Transform 83
Transform: AffineTransform_float_3_3
Parameters: 1 -0.00114395 -3.08818e-05 0.00114405 0.999998 0.00164497 2.81181e-05 -0.00164503 0.999998 -0.0122438 0.0468689 0.101014
FixedParameters: 0 0 0

#Transform 84
Transform: AffineTransform_float_3_3
Parameters: 0.999999 -0.000893777 -0.00014439 0.000894223 0.999999 0.00155487 0.00014261 -0.00155513 0.999999 -0.0162252 0.0702438 0.0860139
FixedParameters: 0 0 0

#Transform 85
Transform: AffineTransform_float_3_3
Parameters: 0.999999 -0.000894053 3.67072e-05 0.000893945 0.999998 0.00144603 -3.82927e-05 -0.00144597 0.999999 -0.0278349 0.0537778 0.113086
FixedParameters: 0 0 0

#Transform 86
Transform: AffineTransform_float_3_3
Parameters: 0.999999 -0.000893713 -0.000266961 0.000894286 0.999999 0.00107476 0.00026604 -0.00107424 1 -0.00366267 0.0866502 0.0903953
FixedParameters: 0 0 0

#Transform 87
Transform: AffineTransform_float_3_3
Parameters: 1 -0.000893288 -0.000563131 0.000893712 0.999999 0.0012655 0.000561869 -0.0012665 0.999999 0.0078891 0.0725142 0.0897343
FixedParameters: 0 0 0

#Transform 88
Transform: AffineTransform_float_3_3
Parameters: 0.999999 -0.000893571 -0.000242585 0.000893429 0.999998 0.00177378 0.000241415 -0.00177422 0.999999 -0.0153223 0.0567398 0.0769457
FixedParameters: 0 0 0

#Transform 89
Transform: AffineTransform_float_3_3
Parameters: 0.999999 -0.000957206 9.90254e-05 0.000956794 0.999998 0.0020631 -0.000100974 -0.0020629 0.999998 -0.0376689 0.0486047 0.0890217
FixedParameters: 0 0 0

#Transform 90
Transform: AffineTransform_float_3_3
Parameters: 1 -0.000892923 -0.00056371 0.000894078 0.999998 0.0019135 0.000562291 -0.0019135 0.999998 0.00790636 0.0538976 0.0726205
FixedParameters: 0 0 0

#Transform 91
Transform: AffineTransform_float_3_3
Parameters: 1 -0.000893119 -0.0005634 0.000893883 0.999999 0.0015665 0.0005626 -0.0015675 0.999998 -0.00427496 0.0714531 0.0665975
FixedParameters: 0 0 0

#Transform 92
Transform: AffineTransform_float_3_3
Parameters: 0.999999 -0.000893375 -0.00040239 0.000893626 0.999999 0.00155564 0.00040161 -0.00155536 0.999998 -0.0156122 0.0811185 0.0761344
FixedParameters: 0 0 0

#Transform 93
Transform: AffineTransform_float_3_3
Parameters: 1 -0.00103237 -0.000277371 0.00103364 0.999997 0.00229571 0.000275629 -0.00229529 0.999998 -0.0201392 0.0262804 0.114021
FixedParameters: 0 0 0

#Transform 94
Transform: AffineTransform_float_3_3
Parameters: 0.999999 -0.000893398 -0.000342575 0.000893603 0.999998 0.0017617 0.000341427 -0.00176131 0.999999 -0.00552497 0.0399517 0.11044
FixedParameters: 0 0 0

#Transform 95
Transform: AffineTransform_float_3_3
Parameters: 1 -0.00097493 -0.000470226 0.00097607 0.999997 0.00228154 0.000467775 -0.00228146 0.999998 0.0103102 0.0195651 0.104164
FixedParameters: 0 0 0

#Transform 96
Transform: AffineTransform_float_3_3
Parameters: 1 -0.00089312 -0.000389029 0.000893881 0.999997 0.00226965 0.000386972 -0.00227035 0.999998 0.00713172 0.0203204 0.0813483
FixedParameters: 0 0 0

#Transform 97
Transform: AffineTransform_float_3_3
Parameters: 0.999999 -0.000893743 -0.000104228 0.000894257 0.999997 0.00249291 0.000101771 -0.00249309 0.999997 -0.0113224 0.0221564 0.0965763
FixedParameters: 0 0 0

#Transform 98
Transform: AffineTransform_float_3_3
Parameters: 0.999999 -0.000893437 -0.000230195 0.000893561 0.999996 0.00245579 0.000227806 -0.0024562 0.999997 -0.00825385 0.0233568 0.0929344
FixedParameters: 0 0 0

#Transform 99
Transform: AffineTransform_float_3_3
Parameters: 1 -0.000893295 -0.000275301 0.000893708 0.999997 0.00257475 0.0002737 -0.00257525 0.999996 0.00272246 0.0338515 0.0797799
FixedParameters: 0 0 0

#Transform 100
Transform: AffineTransform_float_3_3
Parameters: 0.999999 -0.000893487 -0.000216128 0.000893511 0.999997 0.00238081 0.000213873 -0.00238119 0.999997 0.00714112 0.0414107 0.101123
FixedParameters: 0 0 0

#Transform 101
Transform: AffineTransform_float_3_3
Parameters: 0.999999 -0.000893908 -5.16091e-05 0.000894092 0.999998 0.00179996 5.03907e-05 -0.00180005 0.999999 -0.019897 0.0558666 0.10503
FixedParameters: 0 0 0

#Transform 102
Transform: AffineTransform_float_3_3
Parameters: 0.999999 -0.000971943 -2.89779e-05 0.000972057 0.999998 0.00203497 2.70219e-05 -0.00203503 0.999998 -0.0205538 0.0400151 0.114495
FixedParameters: 0 0 0

#Transform 103
Transform: AffineTransform_float_3_3
Parameters: 0.999999 -0.00089367 -0.00018064 0.000894328 0.999998 0.00183484 0.000178359 -0.00183516 0.999999 0.00340898 0.0626144 0.0962186
FixedParameters: 0 0 0

#Transform 104
Transform: AffineTransform_float_3_3
Parameters: 1 -0.000892525 -0.000658006 0.000893476 0.999997 0.00224541 0.000655995 -0.00224659 0.999998 0.0174807 0.0465425 0.0784679
FixedParameters: 0 0 0

#Transform 105
Transform: AffineTransform_float_3_3
Parameters: 0.999999 -0.000893932 -3.29068e-05 0.000894068 0.999998 0.00213297 3.1093e-05 -0.00213303 0.999997 -0.0154406 0.0445347 0.101633
FixedParameters: 0 0 0

#Transform 106
Transform: AffineTransform_float_3_3
Parameters: 0.999999 -0.000894339 0.000132732 0.00089366 0.999997 0.00253612 -0.000135267 -0.00253588 0.999997 -0.0268763 0.0257037 0.12771
FixedParameters: 0 0 0

#Transform 107
Transform: AffineTransform_float_3_3
Parameters: 0.999999 -0.000894484 0.000219031 0.000893515 0.999997 0.0022022 -0.000220968 -0.0022018 0.999997 -0.0165488 0.0565035 0.109462
FixedParameters: 0 0 0

#Transform 108
Transform: AffineTransform_float_3_3
Parameters: 0.999999 -0.000894284 0.000117862 0.000893717 0.999996 0.00239111 -0.000119137 -0.00239089 0.999997 -0.0192948 0.0364094 0.118312
FixedParameters: 0 0 0

#Transform 109
Transform: AffineTransform_float_3_3
Parameters: 0.999999 -0.00127828 0.000145555 0.00127772 0.999998 0.00191319 -0.000148444 -0.00191281 0.999998 -0.0243896 0.0408997 0.159413
FixedParameters: 0 0 0

#Transform 110
Transform: AffineTransform_float_3_3
Parameters: 1 -0.00109747 -0.0002771 0.00109853 0.999997 0.0019127 0.000274899 -0.0019133 0.999998 -0.013004 0.0449431 0.13986
FixedParameters: 0 0 0

#Transform 111
Transform: AffineTransform_float_3_3
Parameters: 0.999999 -0.00130154 -0.00018037 0.00130146 0.999996 0.00258877 0.000176632 -0.00258823 0.999996 -0.0240768 0.017965 0.147847
FixedParameters: 0 0 0

#Transform 112
Transform: AffineTransform_float_3_3
Parameters: 0.999999 -0.00130185 -5.56961e-05 0.00130215 0.999995 0.00283893 5.23034e-05 -0.00283907 0.999996 -0.0350303 0.0117682 0.142313
FixedParameters: 0 0 0

#Transform 113
Transform: AffineTransform_float_3_3
Parameters: 0.999999 -0.00130183 -6.54279e-05 0.00130217 0.999995 0.00263291 6.15715e-05 -0.00263308 0.999996 -0.0207218 0.0163477 0.140456
FixedParameters: 0 0 0

#Transform 114
Transform: AffineTransform_float_3_3
Parameters: 1 -0.00112428 -0.000299734 0.00112573 0.999997 0.00243067 0.000297264 -0.00243134 0.999997 -0.0167413 0.0335996 0.108048
FixedParameters: 0 0 0

#Transform 115
Transform: AffineTransform_float_3_3
Parameters: 0.999999 -0.00130117 -0.000361995 0.00130183 0.999996 0.00230053 0.000359005 -0.00230147 0.999998 -0.00919107 0.023795 0.126946
FixedParameters: 0 0 0

#Transform 116
Transform: AffineTransform_float_3_3
Parameters: 0.999999 -0.00130049 -0.0005178 0.0013015 0.999995 0.00292033 0.000513201 -0.00292067 0.999995 -0.0204698 -0.0179137 0.153887
FixedParameters: 0 0 0

#Transform 117
Transform: AffineTransform_float_3_3
Parameters: 0.999999 -0.00130189 -3.60881e-05 0.00130211 0.999994 0.00313996 3.19115e-05 -0.00314005 0.999995 -0.0390447 -0.0264102 0.15835
FixedParameters: 0 0 0

#Transform 118
Transform: AffineTransform_float_3_3
Parameters: 0.999999 -0.00130294 0.00031209 0.00130206 0.999994 0.00300241 -0.000315911 -0.00300259 0.999996 -0.0494443 -0.0209507 0.167904
FixedParameters: 0 0 0

#Transform 119
Transform: AffineTransform_float_3_3
Parameters: 0.999999 -0.00130216 5.0108e-05 0.00130184 0.999994 0.00298907 -5.48914e-05 -0.00298893 0.999995 -0.0290292 -0.0113685 0.166198
FixedParameters: 0 0 0

#Transform 120
Transform: AffineTransform_float_3_3
Parameters: 0.999999 -0.00130314 0.0005302 0.00130186 0.999997 0.00214969 -0.0005328 -0.00214931 0.999997 -0.0720265 0.0334295 0.167079
FixedParameters: 0 0 0

#Transform 121
Transform: AffineTransform_float_3_3
Parameters: 0.999999 -0.00148512 3.18126e-05 0.00148588 0.999993 0.00349305 -3.71904e-05 -0.00349295 0.999994 -0.0403716 -0.0308094 0.169039
FixedParameters: 0 0 0

#Transform 122
Transform: AffineTransform_float_3_3
Parameters: 0.999999 -0.00153172 0.000218015 0.00153128 0.999993 0.00325534 -0.000222985 -0.00325466 0.999994 -0.058387 -0.021749 0.183841
FixedParameters: 0 0 0

#Transform 123
Transform: AffineTransform_float_3_3
Parameters: 0.999999 -0.00141033 0.00010147 0.00140967 0.999994 0.00321215 -0.00010553 -0.00321285 0.999995 -0.0392176 -0.0250982 0.180772
FixedParameters: 0 0 0

#Transform 124
Transform: AffineTransform_float_3_3
Parameters: 0.999998 -0.0016225 -0.000152392 0.0016225 0.999993 0.00332276 0.000147609 -0.00332325 0.999995 -0.0239943 -0.0295813 0.204342
FixedParameters: 0 0 0

#Transform 125
Transform: AffineTransform_float_3_3
Parameters: 0.999999 -0.00130159 -0.000120489 0.00130141 0.999993 0.00344785 0.000115513 -0.00344815 0.999994 -0.0124496 -0.0146152 0.183661
FixedParameters: 0 0 0

#Transform 126
Transform: AffineTransform_float_3_3
Parameters: 0.999999 -0.00130116 -0.000272059 0.00130184 0.999995 0.00311865 0.000267941 -0.00311935 0.999995 -0.0217812 -0.0135825 0.190151
FixedParameters: 0 0 0

#Transform 127
Transform: AffineTransform_float_3_3
Parameters: 0.999999 -0.00130271 0.000186109 0.00130129 0.999992 0.00375525 -0.000190888 -0.00375475 0.999993 -0.0245101 -0.0298847 0.201011
FixedParameters: 0 0 0

#Transform 128
Transform: AffineTransform_float_3_3
Parameters: 1 0.000617116 -0.000912561 -0.000611881 0.999984 0.00559656 0.000916439 -0.00559544 0.999984 0.129279 -0.0863668 0.195584
FixedParameters: 0 0 0

#Transform 129
Transform: AffineTransform_float_3_3
Parameters: 0.999999 -0.00142008 0.000367027 0.00141792 0.999983 0.00561853 -0.000374971 -0.00561748 0.999984 -0.0448813 -0.089268 0.13725
FixedParameters: 0 0 0

#Transform 130
Transform: AffineTransform_float_3_3
Parameters: 0.999999 -0.00138596 0.000745682 0.00138204 0.999985 0.00528804 -0.000752318 -0.00528696 0.999985 -0.0873098 -0.0700411 0.096889
FixedParameters: 0 0 0

#Transform 131
Transform: AffineTransform_float_3_3
Parameters: 0.999998 -0.00137784 0.00100137 0.00137316 0.999988 0.00482038 -0.00100763 -0.00481862 0.999988 -0.0907457 -0.0220865 0.0582872
FixedParameters: 0 0 0

#Transform 132
Transform: AffineTransform_float_3_3
Parameters: 0.999998 -0.00151326 0.000783831 0.00150874 0.999984 0.00540619 -0.000792167 -0.00540481 0.999985 -0.0609471 -0.0377206 0.0519628
FixedParameters: 0 0 0

#Transform 133
Transform: AffineTransform_float_3_3
Parameters: 0.999999 -0.00176914 0.000593719 0.00176586 0.999984 0.00525106 -0.00060228 -0.00524994 0.999986 -0.0625675 -0.0333141 0.0591485
FixedParameters: 0 0 0

#Transform 134
Transform: AffineTransform_float_3_3
Parameters: 0.999998 -0.00228886 -0.000381091 0.00229014 0.999981 0.00571614 0.000367915 -0.00571686 0.999983 0.00667741 -0.0992719 0.16563
FixedParameters: 0 0 0

#Transform 135
Transform: AffineTransform_float_3_3
Parameters: 0.999998 -0.00137792 0.000818769 0.00137307 0.999981 0.00598413 -0.00082723 -0.00598287 0.999982 -0.105204 -0.118246 0.268759
FixedParameters: 0 0 0

#Transform 136
Transform: AffineTransform_float_3_3
Parameters: 0.999998 -0.00137673 0.00085301 0.00137327 0.999989 0.00435718 -0.000858991 -0.00435582 0.99999 -0.0904024 -0.0610132 0.21446
FixedParameters: 0 0 0

#Transform 137
Transform: AffineTransform_float_3_3
Parameters: 0.999998 -0.00233559 9.33825e-05 0.00233541 0.999981 0.00583124 -0.000107619 -0.00583077 0.999983 0.00523934 -0.177078 0.371185
FixedParameters: 0 0 0

#Transform 138
Transform: AffineTransform_float_3_3
Parameters: 0.999999 -0.00161028 0.000875353 0.00160472 0.99998 0.00600141 -0.000884646 -0.00600058 0.999981 -0.0869665 -0.159429 0.315883
FixedParameters: 0 0 0

#Transform 139
Transform: AffineTransform_float_3_3
Parameters: 0.999998 -0.00183174 0.000622108 0.00182826 0.99998 0.00595315 -0.000632894 -0.00595185 0.999982 -0.0920799 -0.141642 0.315065
FixedParameters: 0 0 0

#Transform 140
Transform: AffineTransform_float_3_3
Parameters: 0.999999 -0.00182814 1.84629e-05 0.00182787 0.999981 0.00576404 -2.85363e-05 -0.00576396 0.999984 -0.011765 -0.130372 0.326011
FixedParameters: 0 0 0

#Transform 141
Transform: AffineTransform_float_3_3
Parameters: 0.999998 -0.00183134 0.000841771 0.00182766 0.99999 0.00395154 -0.000849226 -0.00394945 0.999992 -0.106244 -0.0351547 0.264306
FixedParameters: 0 0 0

#Transform 142
Transform: AffineTransform_float_3_3
Parameters: 0.999999 -0.00182875 0.000320752 0.00182825 0.999995 0.00232359 -0.000324249 -0.00232341 0.999997 -0.0639143 0.0275411 0.170837
FixedParameters: 0 0 0

#Transform 143
Transform: AffineTransform_float_3_3
Parameters: 0.999998 -0.00183003 0.000615995 0.00182797 0.999993 0.00328413 -0.000622006 -0.00328287 0.999995 -0.106342 -0.023641 0.222508
FixedParameters: 0 0 0

#Transform 144
Transform: AffineTransform_float_3_3
Parameters: 0.999999 -0.00174716 4.27716e-05 0.00174684 0.999992 0.00356508 -4.92277e-05 -0.00356492 0.999993 -0.0549243 -0.0430226 0.201878
FixedParameters: 0 0 0

#Transform 145
Transform: AffineTransform_float_3_3
Parameters: 0.999998 -0.00182974 0.000468243 0.00182826 0.999991 0.00369486 -0.000474758 -0.00369414 0.999993 -0.063913 -0.0384804 0.183772
FixedParameters: 0 0 0

#Transform 146
Transform: AffineTransform_float_3_3
Parameters: 0.999998 -0.00154176 0.000779558 0.00153924 0.999992 0.00353321 -0.000784442 -0.0035318 0.999994 -0.103858 -0.0126484 0.208694
FixedParameters: 0 0 0

#Transform 147
Transform: AffineTransform_float_3_3
Parameters: 0.999998 -0.00143766 0.000803253 0.00143533 0.999993 0.00330516 -0.000808747 -0.00330384 0.999994 -0.105876 -0.00352167 0.199378
FixedParameters: 0 0 0

#Transform 148
Transform: AffineTransform_float_3_3
Parameters: 0.999999 -0.00159297 0.000943 0.00159003 0.999994 0.0031425 -0.000948001 -0.00314149 0.999994 -0.105404 -0.00146751 0.186564
FixedParameters: 0 0 0

#Transform 149
Transform: AffineTransform_float_3_3
Parameters: 0.999998 -0.00154446 0.000740892 0.00154254 0.999994 0.00331015 -0.000746109 -0.00330885 0.999994 -0.108945 -0.0100255 0.197045
FixedParameters: 0 0 0

#Transform 150
Transform: AffineTransform_float_3_3
Parameters: 0.999998 -0.00182947 0.000428771 0.00182753 0.999993 0.00340679 -0.000435228 -0.00340621 0.999994 -0.0846847 -0.0216617 0.198524
FixedParameters: 0 0 0

#Transform 151
Transform: AffineTransform_float_3_3
Parameters: 0.999998 -0.00156108 0.000540032 0.00155992 0.999992 0.00382585 -0.000545971 -0.00382515 0.999992 -0.0769899 -0.0177418 0.152676
FixedParameters: 0 0 0

#Transform 152
Transform: AffineTransform_float_3_3
Parameters: 0.999998 -0.00161817 0.000280301 0.00161683 0.99999 0.00414146 -0.000286699 -0.00414154 0.999992 -0.0640127 -0.0275702 0.154939
FixedParameters: 0 0 0

#Transform 153
Transform: AffineTransform_float_3_3
Parameters: 0.999998 -0.00170603 0.000230511 0.00170497 0.999989 0.0043914 -0.000238488 -0.0043906 0.999991 -0.061938 -0.0407964 0.156381
FixedParameters: 0 0 0

#Transform 154
Transform: AffineTransform_float_3_3
Parameters: 0.999999 -0.00177588 0.000197278 0.00177413 0.999989 0.00434935 -0.000204717 -0.00434864 0.99999 -0.071972 -0.0467324 0.163167
FixedParameters: 0 0 0

#Transform 155
Transform: AffineTransform_float_3_3
Parameters: 0.999998 -0.00189536 8.1987e-05 0.00189464 0.99999 0.00422816 -9.00112e-05 -0.00422784 0.999991 -0.0584852 -0.0425477 0.13788
FixedParameters: 0 0 0

#Transform 156
Transform: AffineTransform_float_3_3
Parameters: 0.999999 -0.00164701 0.000430402 0.001645 0.999988 0.00461672 -0.000437598 -0.00461529 0.99999 -0.0715433 -0.0374611 0.131794
FixedParameters: 0 0 0

#Transform 157
Transform: AffineTransform_float_3_3
Parameters: 0.999999 -0.00164766 0.000594686 0.00164435 0.999989 0.00444298 -0.000601311 -0.00444201 0.99999 -0.0859214 -0.0339199 0.166082
FixedParameters: 0 0 0

#Transform 158
Transform: AffineTransform_float_3_3
Parameters: 0.999998 -0.00164602 0.000230858 0.00164498 0.999989 0.00434038 -0.000238143 -0.00434061 0.99999 -0.0654626 -0.0273204 0.1559
FixedParameters: 0 0 0

#Transform 159
Transform: AffineTransform_float_3_3
Parameters: 0.999998 -0.00164564 0.000155361 0.00164436 0.999991 0.00403526 -0.000161636 -0.00403474 0.999992 -0.0506695 -0.0140469 0.134249
FixedParameters: 0 0 0

#Transform 160
Transform: AffineTransform_float_3_3
Parameters: 0.999999 -0.00153131 0.000270672 0.00153069 0.999988 0.00478742 -0.00027833 -0.00478658 0.999988 -0.0581048 -0.0275401 0.181949
FixedParameters: 0 0 0

#Transform 161
Transform: AffineTransform_float_3_3
Parameters: 0.999998 -0.00170179 0.000398442 0.00170021 0.999988 0.00444368 -0.000405557 -0.00444232 0.99999 -0.0626404 -0.0338179 0.16719
FixedParameters: 0 0 0

#Transform 162
Transform: AffineTransform_float_3_3
Parameters: 0.999999 -0.00173353 0.000103488 0.00173347 0.999987 0.00491119 -0.000112514 -0.00491081 0.999988 -0.0634357 -0.0612075 0.170641
FixedParameters: 0 0 0

#Transform 163
Transform: AffineTransform_float_3_3
Parameters: 0.999999 -0.00164755 0.00054029 0.00164445 0.999987 0.00468389 -0.000547708 -0.0046831 0.999989 -0.0680836 -0.039643 0.158657
FixedParameters: 0 0 0

#Transform 164
Transform: AffineTransform_float_3_3
Parameters: 0.999998 -0.0016464 0.000277842 0.0016446 0.999987 0.00495746 -0.000286157 -0.00495754 0.999987 -0.0619268 -0.0393812 0.158888
FixedParameters: 0 0 0

#Transform 165
Transform: AffineTransform_float_3_3
Parameters: 0.999999 -0.00164799 0.000597837 0.00164502 0.999987 0.00495799 -0.000606163 -0.00495701 0.999987 -0.0764332 -0.032213 0.159548
FixedParameters: 0 0 0

#Transform 166
Transform: AffineTransform_float_3_3
Parameters: 0.999998 -0.00164746 0.000491838 0.00164454 0.999987 0.00495782 -0.000500159 -0.00495718 0.999987 -0.088713 -0.0443871 0.178534
FixedParameters: 0 0 0

#Transform 167
Transform: AffineTransform_float_3_3
Parameters: 0.999998 -0.00164587 0.000187482 0.00164412 0.999988 0.00456931 -0.000195514 -0.00456868 0.999989 -0.0555003 -0.0230815 0.16097
FixedParameters: 0 0 0

#Transform 168
Transform: AffineTransform_float_3_3
Parameters: 0.999998 -0.00164694 0.000396015 0.00164506 0.999987 0.00485166 -0.000403984 -0.00485034 0.999988 -0.0620113 -0.0344708 0.147307
FixedParameters: 0 0 0

#Transform 169
Transform: AffineTransform_float_3_3
Parameters: 0.999998 -0.00190375 0.0012176 0.00189924 0.99999 0.00389432 -0.0012254 -0.00389167 0.999991 -0.114285 -0.0262353 0.146629
FixedParameters: 0 0 0

#Transform 170
Transform: AffineTransform_float_3_3
Parameters: 0.999999 -0.00164778 0.000646967 0.00164422 0.999989 0.00427207 -0.000654029 -0.00427093 0.99999 -0.0770062 -0.0297837 0.145324
FixedParameters: 0 0 0

#Transform 171
Transform: AffineTransform_float_3_3
Parameters: 0.999998 -0.00164651 0.000412024 0.00164449 0.999992 0.00363168 -0.000417975 -0.00363132 0.999994 -0.0720271 -0.026403 0.0895755
FixedParameters: 0 0 0

#Transform 172
Transform: AffineTransform_float_3_3
Parameters: 0.999999 -0.00171275 0.000618426 0.00170924 0.999988 0.00442606 -0.000626571 -0.00442493 0.99999 -0.0850758 -0.0436514 0.122008
FixedParameters: 0 0 0

#Transform 173
Transform: AffineTransform_float_3_3
Parameters: 0.999998 -0.00164658 0.000355776 0.00164443 0.999989 0.00438959 -0.00036222 -0.00438841 0.999991 -0.0647722 -0.0267181 0.15374
FixedParameters: 0 0 0

#Transform 174
Transform: AffineTransform_float_3_3
Parameters: 0.999998 -0.00164598 0.000211476 0.00164501 0.999988 0.00457235 -0.000219524 -0.00457264 0.999989 -0.0552247 -0.0306016 0.154007
FixedParameters: 0 0 0

#Transform 175
Transform: AffineTransform_float_3_3
Parameters: 0.999998 -0.00164654 0.000331411 0.00164446 0.999988 0.00461155 -0.000338586 -0.00461045 0.99999 -0.063855 -0.0425163 0.143812
FixedParameters: 0 0 0

#Transform 176
Transform: AffineTransform_float_3_3
Parameters: 0.999998 -0.00164682 0.000384293 0.00164418 0.999987 0.00468264 -0.000391703 -0.00468236 0.999989 -0.0792799 -0.0426213 0.167095
FixedParameters: 0 0 0

#Transform 177
Transform: AffineTransform_float_3_3
Parameters: 0.999998 -0.00164593 0.000204638 0.00164407 0.999988 0.00447434 -0.000212359 -0.00447465 0.99999 -0.0542549 -0.0172626 0.14507
FixedParameters: 0 0 0

#Transform 178
Transform: AffineTransform_float_3_3
Parameters: 0.999999 -0.00143333 0.000258748 0.00143167 0.999986 0.00506238 -0.000266252 -0.00506263 0.999987 -0.0646113 -0.0361806 0.164515
FixedParameters: 0 0 0

#Transform 179
Transform: AffineTransform_float_3_3
Parameters: 0.999998 -0.00158684 0.000384477 0.00158416 0.999988 0.00474362 -0.000392519 -0.00474338 0.999988 -0.0794145 -0.0104025 0.176871
FixedParameters: 0 0 0
