#Insight Transform File V1.0
#Transform 0
Transform: AffineTransform_float_3_3
Parameters: 1 -1.68943e-05 8.50211e-05 1.71056e-05 0.999999 -0.001243 -8.49788e-05 0.001243 0.999999 0.0500427 0.0791623 0.416651
FixedParameters: 0 0 0

#Transform 1
Transform: AffineTransform_float_3_3
Parameters: 1 0.000766977 0.000694132 -0.000768023 0.999998 0.00147447 -0.000692868 -0.00147553 0.999998 -0.00971623 0.10649 -0.191509
FixedParameters: 0 0 0

#Transform 2
Transform: AffineTransform_float_3_3
Parameters: 1 -3.26869e-05 0.000581075 3.3313e-05 0.999998 -0.00225998 -0.000580926 0.00226002 0.999998 -0.0304268 0.45043 -0.531713
FixedParameters: 0 0 0

#Transform 3
Transform: AffineTransform_float_3_3
Parameters: 1 -0.000463349 0.000907845 0.000464652 0.999998 -0.00181958 -0.000907156 0.00182042 0.999998 -0.0593016 0.477113 -0.570118
FixedParameters: 0 0 0

#Transform 4
Transform: AffineTransform_float_3_3
Parameters: 0.999999 -0.000489809 0.00116677 0.000493193 0.999994 -0.00359543 -0.00116523 0.00359557 0.999993 -0.080852 0.574856 -0.610969
FixedParameters: 0 0 0

#Transform 5
Transform: AffineTransform_float_3_3
Parameters: 0.999999 -0.000392906 0.0012433 0.000397093 0.999994 -0.00329451 -0.0012417 0.00329449 0.999994 -0.0884915 0.568114 -0.649604
FixedParameters: 0 0 0

#Transform 6
Transform: AffineTransform_float_3_3
Parameters: 0.999999 -0.000443003 0.0012408 0.000447997 0.999992 -0.00402945 -0.0012392 0.00403055 0.999991 -0.0879291 0.611787 -0.681971
FixedParameters: 0 0 0

#Transform 7
Transform: AffineTransform_float_3_3
Parameters: 0.999999 -0.000484325 0.000817188 0.000487673 0.999989 -0.0045016 -0.000814812 0.00450239 0.999989 -0.0497349 0.624671 -0.630004
FixedParameters: 0 0 0

#Transform 8
Transform: AffineTransform_float_3_3
Parameters: 0.999999 -0.00043591 0.0011729 0.000441091 0.999991 -0.00434349 -0.0011711 0.00434352 0.99999 -0.0802335 0.670153 -0.769877
FixedParameters: 0 0 0

#Transform 9
Transform: AffineTransform_float_3_3
Parameters: 0.999999 -0.000387045 0.000917106 0.000391954 0.999986 -0.00540864 -0.000914893 0.00540936 0.999985 -0.0557919 0.730556 -0.857403
FixedParameters: 0 0 0

#Transform 10
Transform: AffineTransform_float_3_3
Parameters: 0.999999 -0.000612003 0.00132027 0.000618996 0.999985 -0.00530619 -0.00131673 0.00530681 0.999985 -0.0897672 0.732835 -0.858732
FixedParameters: 0 0 0

#Transform 11
Transform: AffineTransform_float_3_3
Parameters: 0.999999 -0.000861141 0.00130621 0.000869864 0.999982 -0.00602787 -0.00130178 0.00602913 0.999981 -0.0888501 0.774385 -0.893912
FixedParameters: 0 0 0

#Transform 12
Transform: AffineTransform_float_3_3
Parameters: 0.999998 -0.000663999 0.00147563 0.000672003 0.999985 -0.00542802 -0.00147237 0.00542899 0.999984 -0.101101 0.749814 -0.889259
FixedParameters: 0 0 0

#Transform 13
Transform: AffineTransform_float_3_3
Parameters: 0.999999 -0.000461382 0.00137059 0.000469621 0.999985 -0.00556336 -0.00136841 0.00556364 0.999983 -0.0886624 0.754247 -0.910027
FixedParameters: 0 0 0

#Transform 14
Transform: AffineTransform_float_3_3
Parameters: 0.999999 -0.000626408 0.00144731 0.00063459 0.999986 -0.00525109 -0.00144369 0.00525191 0.999985 -0.0997763 0.742163 -0.907512
FixedParameters: 0 0 0

#Transform 15
Transform: AffineTransform_float_3_3
Parameters: 0.999999 -0.000510683 0.0014516 0.00051832 0.999987 -0.00504526 -0.0014494 0.00504575 0.999986 -0.085136 0.717974 -0.905737
FixedParameters: 0 0 0

#Transform 16
Transform: AffineTransform_float_3_3
Parameters: 0.999998 -0.000611084 0.00147431 0.000619915 0.999986 -0.00537509 -0.00147069 0.0053759 0.999984 -0.090101 0.76715 -0.938285
FixedParameters: 0 0 0

#Transform 17
Transform: AffineTransform_float_3_3
Parameters: 0.999997 -0.000542271 0.00237025 0.000551728 0.999992 -0.00410571 -0.00236775 0.0041073 0.999989 -0.142469 0.74086 -0.950221
FixedParameters: 0 0 0

#Transform 18
Transform: AffineTransform_float_3_3
Parameters: 0.999998 -0.000494125 0.00188143 0.00050688 0.999977 -0.00684906 -0.00187857 0.00684994 0.999975 -0.118026 0.83837 -1.03139
FixedParameters: 0 0 0

#Transform 19
Transform: AffineTransform_float_3_3
Parameters: 0.999995 -0.000819629 0.00308331 0.000842366 0.999971 -0.00758544 -0.0030767 0.00758856 0.999966 -0.182993 0.875796 -1.07245
FixedParameters: 0 0 0

#Transform 20
Transform: AffineTransform_float_3_3
Parameters: 0.999996 -0.000639411 0.00270795 0.00065959 0.999971 -0.00760924 -0.00270306 0.00761076 0.999968 -0.147944 0.880722 -1.07507
FixedParameters: 0 0 0

#Transform 21
Transform: AffineTransform_float_3_3
Parameters: 0.999998 -0.000695496 0.00187644 0.0007095 0.99997 -0.00773968 -0.00187056 0.00774132 0.999969 -0.125277 0.882408 -1.08237
FixedParameters: 0 0 0

#Transform 22
Transform: AffineTransform_float_3_3
Parameters: 0.999998 -0.000969028 0.00181507 0.00098397 0.999966 -0.00826524 -0.00180693 0.00826777 0.999964 -0.10739 0.899186 -1.09969
FixedParameters: 0 0 0

#Transform 23
Transform: AffineTransform_float_3_3
Parameters: 0.999998 -0.0008616 0.00153659 0.000875394 0.999962 -0.00874067 -0.0015284 0.00874233 0.99996 -0.106902 0.946261 -1.1236
FixedParameters: 0 0 0

#Transform 24
Transform: AffineTransform_float_3_3
Parameters: 0.999999 -0.000876854 0.00164218 0.000892153 0.999957 -0.00924455 -0.00163482 0.00924645 0.999956 -0.111781 0.967756 -1.11482
FixedParameters: 0 0 0

#Transform 25
Transform: AffineTransform_float_3_3
Parameters: 0.999998 -0.00101096 0.00163141 0.00102603 0.999957 -0.00924234 -0.00162158 0.00924465 0.999956 -0.109952 0.976503 -1.11555
FixedParameters: 0 0 0

#Transform 26
Transform: AffineTransform_float_3_3
Parameters: 0.999998 -0.000877757 0.00170095 0.000892244 0.99996 -0.0089815 -0.00169305 0.00898351 0.999958 -0.114437 0.967157 -1.09272
FixedParameters: 0 0 0

#Transform 27
Transform: AffineTransform_float_3_3
Parameters: 0.999998 -0.000873925 0.00210545 0.000894081 0.999954 -0.00955314 -0.00209755 0.00955486 0.999952 -0.133815 0.98616 -1.13944
FixedParameters: 0 0 0

#Transform 28
Transform: AffineTransform_float_3_3
Parameters: 0.999997 -0.00125485 0.0023524 0.00127615 0.999958 -0.00900902 -0.0023416 0.00901196 0.999956 -0.151632 0.965734 -1.12746
FixedParameters: 0 0 0

#Transform 29
Transform: AffineTransform_float_3_3
Parameters: 0.999997 -0.00109892 0.002231 0.00111908 0.999958 -0.00901853 -0.002221 0.00902146 0.999957 -0.143072 0.975716 -1.12195
FixedParameters: 0 0 0

#Transform 30
Transform: AffineTransform_float_3_3
Parameters: 0.999998 -0.00110456 0.0017869 0.00112144 0.999951 -0.00979002 -0.00177611 0.00979198 0.999951 -0.128803 0.999186 -1.11227
FixedParameters: 0 0 0

#Transform 31
Transform: AffineTransform_float_3_3
Parameters: 0.999997 -0.00125667 0.00201816 0.00127634 0.999953 -0.00960445 -0.00200683 0.00960755 0.999952 -0.143354 0.98949 -1.09206
FixedParameters: 0 0 0

#Transform 32
Transform: AffineTransform_float_3_3
Parameters: 0.999996 -0.00125267 0.0024441 0.00127633 0.999954 -0.00956592 -0.0024319 0.00956909 0.999952 -0.167654 0.986291 -1.13067
FixedParameters: 0 0 0

#Transform 33
Transform: AffineTransform_float_3_3
Parameters: 0.999996 -0.00106041 0.00262823 0.00108259 0.999963 -0.0086082 -0.00261878 0.00861082 0.99996 -0.174902 0.926099 -1.1202
FixedParameters: 0 0 0

#Transform 34
Transform: AffineTransform_float_3_3
Parameters: 0.999999 -0.00126825 0.000814201 0.00127675 0.999953 -0.00959097 -0.000801791 0.00959203 0.999953 -0.0432975 0.995497 -1.10449
FixedParameters: 0 0 0

#Transform 35
Transform: AffineTransform_float_3_3
Parameters: 0.999998 -0.00128253 0.00190258 0.00130047 0.999951 -0.00973955 -0.00188942 0.00974144 0.999951 -0.125582 1.02225 -1.17083
FixedParameters: 0 0 0

#Transform 36
Transform: AffineTransform_float_3_3
Parameters: 0.999998 -0.00104893 0.00155695 0.00106507 0.999946 -0.0103574 -0.00154605 0.0103596 0.999945 -0.0950709 1.02975 -1.11063
FixedParameters: 0 0 0

#Transform 37
Transform: AffineTransform_float_3_3
Parameters: 0.999998 -0.00156403 0.000476612 0.00156896 0.999942 -0.0106043 -0.000459388 0.0106047 0.999943 -0.0366465 1.04863 -1.14644
FixedParameters: 0 0 0

#Transform 38
Transform: AffineTransform_float_3_3
Parameters: 0.999998 -0.000872422 0.0017116 0.000891584 0.999941 -0.0108845 -0.0017024 0.0108855 0.99994 -0.104368 1.05219 -1.20153
FixedParameters: 0 0 0

#Transform 39
Transform: AffineTransform_float_3_3
Parameters: 0.999996 -0.00140608 0.00241091 0.00143293 0.999936 -0.0112036 -0.0023951 0.0112064 0.999935 -0.149312 1.10543 -1.27333
FixedParameters: 0 0 0

#Transform 40
Transform: AffineTransform_float_3_3
Parameters: 0.999996 -0.00088935 0.0027511 0.000920648 0.999938 -0.0111595 -0.00274089 0.0111625 0.999934 -0.153892 1.09048 -1.2871
FixedParameters: 0 0 0

#Transform 41
Transform: AffineTransform_float_3_3
Parameters: 0.999997 -0.00105721 0.00230506 0.00108079 0.999946 -0.0103435 -0.00229394 0.0103455 0.999944 -0.145116 1.05777 -1.2777
FixedParameters: 0 0 0

#Transform 42
Transform: AffineTransform_float_3_3
Parameters: 0.999996 -0.00124376 0.00229376 0.00126724 0.999947 -0.0101601 -0.00228024 0.0101629 0.999946 -0.146501 1.0581 -1.27591
FixedParameters: 0 0 0

#Transform 43
Transform: AffineTransform_float_3_3
Parameters: 0.999996 -0.000957249 0.00268023 0.000979748 0.999964 -0.00849941 -0.00267177 0.0085026 0.999961 -0.161734 0.976592 -1.23942
FixedParameters: 0 0 0

#Transform 44
Transform: AffineTransform_float_3_3
Parameters: 0.999998 -0.00107769 0.0019559 0.00109831 0.999939 -0.0109269 -0.00194412 0.0109291 0.999939 -0.128868 1.081 -1.32112
FixedParameters: 0 0 0

#Transform 45
Transform: AffineTransform_float_3_3
Parameters: 0.999997 -0.000979801 0.00254046 0.0010092 0.999933 -0.0115175 -0.00252954 0.0115205 0.999931 -0.146851 1.11822 -1.3034
FixedParameters: 0 0 0

#Transform 46
Transform: AffineTransform_float_3_3
Parameters: 0.999997 -0.00104926 0.00243227 0.00107574 0.999943 -0.0106064 -0.00242073 0.0106086 0.999941 -0.143053 1.07683 -1.29423
FixedParameters: 0 0 0

#Transform 47
Transform: AffineTransform_float_3_3
Parameters: 0.999991 -0.00139471 0.0038451 0.00143329 0.999949 -0.00997257 -0.00383089 0.00997843 0.999943 -0.205618 1.06383 -1.25824
FixedParameters: 0 0 0

#Transform 48
Transform: AffineTransform_float_3_3
Parameters: 0.999994 -0.00139702 0.0031134 0.00143298 0.999932 -0.0115836 -0.00309761 0.0115884 0.999928 -0.183307 1.10419 -1.29067
FixedParameters: 0 0 0

#Transform 49
Transform: AffineTransform_float_3_3
Parameters: 0.999997 -0.00140421 0.00232762 0.00143278 0.999922 -0.0124147 -0.00230939 0.0124183 0.99992 -0.128491 1.15581 -1.27603
FixedParameters: 0 0 0

#Transform 50
Transform: AffineTransform_float_3_3
Parameters: 0.999995 -0.00139773 0.0028774 0.00143327 0.999924 -0.0122939 -0.00285959 0.0122981 0.999921 -0.163653 1.14752 -1.30517
FixedParameters: 0 0 0

#Transform 51
Transform: AffineTransform_float_3_3
Parameters: 0.999995 -0.00140381 0.0026278 0.00143319 0.999937 -0.0111403 -0.00261219 0.0111437 0.999935 -0.150743 1.11491 -1.269
FixedParameters: 0 0 0

#Transform 52
Transform: AffineTransform_float_3_3
Parameters: 0.999994 -0.00140002 0.00311205 0.00143298 0.999942 -0.0106196 -0.00309695 0.0106244 0.999939 -0.188824 1.09696 -1.25208
FixedParameters: 0 0 0

#Transform 53
Transform: AffineTransform_float_3_3
Parameters: 0.999995 -0.00140327 0.00280109 0.00143273 0.999943 -0.010639 -0.00278591 0.010643 0.999939 -0.179493 1.08506 -1.24583
FixedParameters: 0 0 0

#Transform 54
Transform: AffineTransform_float_3_3
Parameters: 0.999994 -0.00139711 0.00296816 0.00143289 0.999925 -0.0121248 -0.00295084 0.0121292 0.999922 -0.194987 1.14301 -1.27807
FixedParameters: 0 0 0

#Transform 55
Transform: AffineTransform_float_3_3
Parameters: 0.999997 -0.00140196 0.00231905 0.00143304 0.999908 -0.0134387 -0.00229995 0.0134423 0.999907 -0.118437 1.18283 -1.17632
FixedParameters: 0 0 0

#Transform 56
Transform: AffineTransform_float_3_3
Parameters: 0.999996 -0.00145662 0.00270017 0.00148738 0.999931 -0.011655 -0.00268285 0.011659 0.999929 -0.185973 1.11775 -1.272
FixedParameters: 0 0 0

#Transform 57
Transform: AffineTransform_float_3_3
Parameters: 0.999995 -0.00148079 0.00304438 0.00151621 0.999931 -0.0115974 -0.00302662 0.0116015 0.999928 -0.191104 1.10914 -1.25527
FixedParameters: 0 0 0

#Transform 58
Transform: AffineTransform_float_3_3
Parameters: 0.999993 -0.00139023 0.00342269 0.00143278 0.99992 -0.0125262 -0.00340532 0.0125308 0.999915 -0.221233 1.16643 -1.34151
FixedParameters: 0 0 0

#Transform 59
Transform: AffineTransform_float_3_3
Parameters: 0.999992 -0.00131787 0.0037105 0.00135813 0.999941 -0.0108341 -0.0036955 0.010839 0.999935 -0.23537 1.10449 -1.26434
FixedParameters: 0 0 0

#Transform 60
Transform: AffineTransform_float_3_3
Parameters: 0.999994 -0.00117695 0.00326061 0.00121406 0.999935 -0.0113861 -0.00324738 0.0113899 0.99993 -0.215494 1.14986 -1.30623
FixedParameters: 0 0 0

#Transform 61
Transform: AffineTransform_float_3_3
Parameters: 0.999995 -0.00119253 0.0029908 0.00122847 0.999924 -0.0122214 -0.0029762 0.0122256 0.999921 -0.202494 1.17539 -1.30435
FixedParameters: 0 0 0

#Transform 62
Transform: AffineTransform_float_3_3
Parameters: 0.999994 -0.0011944 0.00329263 0.00123359 0.999926 -0.01205 -0.00327737 0.012054 0.999922 -0.216887 1.16229 -1.3374
FixedParameters: 0 0 0

#Transform 63
Transform: AffineTransform_float_3_3
Parameters: 0.999993 -0.00142914 0.00326753 0.00147285 0.999909 -0.0134583 -0.00324747 0.0134637 0.999904 -0.203261 1.21572 -1.36917
FixedParameters: 0 0 0

#Transform 64
Transform: AffineTransform_float_3_3
Parameters: 0.999994 -0.00154523 0.00286315 0.00158176 0.999915 -0.0128835 -0.00284285 0.0128885 0.999913 -0.193082 1.18465 -1.35921
FixedParameters: 0 0 0

#Transform 65
Transform: AffineTransform_float_3_3
Parameters: 0.999995 -0.00143717 0.00274361 0.00147383 0.999908 -0.013469 -0.00272439 0.013473 0.999905 -0.177351 1.21256 -1.35593
FixedParameters: 0 0 0

#Transform 66
Transform: AffineTransform_float_3_3
Parameters: 0.999995 -0.00142451 0.00274021 0.00145949 0.999919 -0.0126261 -0.00272179 0.0126299 0.999916 -0.180076 1.1916 -1.31138
FixedParameters: 0 0 0

#Transform 67
Transform: AffineTransform_float_3_3
Parameters: 0.999995 -0.00130234 0.00312908 0.00133866 0.999934 -0.0114209 -0.00311391 0.0114251 0.99993 -0.207861 1.13353 -1.26942
FixedParameters: 0 0 0

#Transform 68
Transform: AffineTransform_float_3_3
Parameters: 0.999995 -0.00128364 0.00290435 0.00132037 0.999921 -0.0125532 -0.00288865 0.0125568 0.999917 -0.197438 1.20174 -1.28441
FixedParameters: 0 0 0

#Transform 69
Transform: AffineTransform_float_3_3
Parameters: 0.999998 -0.00136482 0.00186395 0.00138919 0.999914 -0.0130364 -0.00184605 0.0130386 0.999914 -0.140789 1.20491 -1.27964
FixedParameters: 0 0 0

#Transform 70
Transform: AffineTransform_float_3_3
Parameters: 0.999996 -0.00139988 0.00223649 0.00142912 0.999913 -0.0130698 -0.00221851 0.0130731 0.999912 -0.167557 1.204 -1.31246
FixedParameters: 0 0 0

#Transform 71
Transform: AffineTransform_float_3_3
Parameters: 0.999997 -0.00161616 0.00173058 0.00163985 0.999903 -0.0138662 -0.00170842 0.0138688 0.999903 -0.138304 1.24666 -1.29926
FixedParameters: 0 0 0

#Transform 72
Transform: AffineTransform_float_3_3
Parameters: 0.999997 -0.00131528 0.00198033 0.00134172 0.999914 -0.0130434 -0.00196266 0.0130466 0.999913 -0.146619 1.20338 -1.27549
FixedParameters: 0 0 0

#Transform 73
Transform: AffineTransform_float_3_3
Parameters: 0.999998 -0.00124806 0.00195778 0.00127394 0.99991 -0.0133045 -0.00194122 0.0133074 0.999909 -0.152681 1.23676 -1.26657
FixedParameters: 0 0 0

#Transform 74
Transform: AffineTransform_float_3_3
Parameters: 0.999998 -0.00155031 0.00159537 0.00157169 0.999913 -0.0130515 -0.00157462 0.0130545 0.999913 -0.132587 1.21106 -1.29312
FixedParameters: 0 0 0

#Transform 75
Transform: AffineTransform_float_3_3
Parameters: 0.999997 -0.00172458 0.00209107 0.00175142 0.999918 -0.0126974 -0.00206893 0.0127016 0.999917 -0.178798 1.22245 -1.26165
FixedParameters: 0 0 0

#Transform 76
Transform: AffineTransform_float_3_3
Parameters: 0.999995 -0.00158866 0.00282119 0.00162434 0.999919 -0.0125695 -0.0028008 0.0125735 0.999917 -0.221886 1.20784 -1.31116
FixedParameters: 0 0 0

#Transform 77
Transform: AffineTransform_float_3_3
Parameters: 0.999996 -0.00172059 0.00249425 0.00175141 0.999923 -0.0122417 -0.00247274 0.0122463 0.999922 -0.197994 1.18542 -1.2778
FixedParameters: 0 0 0

#Transform 78
Transform: AffineTransform_float_3_3
Parameters: 0.999996 -0.00171892 0.00250829 0.00175108 0.999916 -0.0128447 -0.00248571 0.0128493 0.999915 -0.217704 1.20088 -1.32845
FixedParameters: 0 0 0

#Transform 79
Transform: AffineTransform_float_3_3
Parameters: 0.999997 -0.00161049 0.00213536 0.00164151 0.999896 -0.0143675 -0.00211163 0.0143705 0.999894 -0.182323 1.29159 -1.40394
FixedParameters: 0 0 0

#Transform 80
Transform: AffineTransform_float_3_3
Parameters: 0.999996 -0.00191793 0.00182767 0.00194307 0.999902 -0.0138115 -0.00180133 0.0138155 0.999903 -0.174858 1.28052 -1.41062
FixedParameters: 0 0 0

#Transform 81
Transform: AffineTransform_float_3_3
Parameters: 0.999999 -0.00174408 0.000572528 0.00175091 0.999922 -0.012318 -0.000550473 0.012319 0.999924 -0.0918285 1.19458 -1.26953
FixedParameters: 0 0 0

#Transform 82
Transform: AffineTransform_float_3_3
Parameters: 0.999997 -0.00200303 0.00141937 0.00201797 0.999942 -0.0106282 -0.00139763 0.0106308 0.999943 -0.166182 1.09278 -1.20785
FixedParameters: 0 0 0

#Transform 83
Transform: AffineTransform_float_3_3
Parameters: 0.999998 -0.00173328 0.00141991 0.00175072 0.99992 -0.0125755 -0.00139809 0.0125785 0.99992 -0.149221 1.19348 -1.26275
FixedParameters: 0 0 0

#Transform 84
Transform: AffineTransform_float_3_3
Parameters: 0.999997 -0.00173043 0.00169625 0.00175057 0.999924 -0.0122041 -0.00167476 0.0122069 0.999924 -0.182113 1.19633 -1.31647
FixedParameters: 0 0 0

#Transform 85
Transform: AffineTransform_float_3_3
Parameters: 0.999993 -0.00171905 0.00324811 0.00175095 0.99995 -0.00985938 -0.00323089 0.00986562 0.999946 -0.303393 1.08628 -1.24804
FixedParameters: 0 0 0

#Transform 86
Transform: AffineTransform_float_3_3
Parameters: 0.999997 -0.00215899 -0.00105887 0.00215201 0.999976 -0.0065543 0.00107312 0.0065517 0.999978 -0.0454499 0.910943 -1.1753
FixedParameters: 0 0 0

#Transform 87
Transform: AffineTransform_float_3_3
Parameters: 0.999998 -0.0019993 0.000425757 0.0020037 0.999958 -0.00887316 -0.000408234 0.00887483 0.99996 -0.118158 1.0201 -1.15241
FixedParameters: 0 0 0

#Transform 88
Transform: AffineTransform_float_3_3
Parameters: 0.999997 -0.00186849 0.00150816 0.00188351 0.999952 -0.00968119 -0.00148983 0.00968382 0.999952 -0.177658 1.0701 -1.21485
FixedParameters: 0 0 0

#Transform 89
Transform: AffineTransform_float_3_3
Parameters: 0.999997 -0.00178923 0.00154249 0.00180478 0.999946 -0.0102842 -0.00152452 0.0102868 0.999946 -0.160388 1.08663 -1.26026
FixedParameters: 0 0 0

#Transform 90
Transform: AffineTransform_float_3_3
Parameters: 0.999997 -0.0019129 0.0015518 0.0019281 0.99995 -0.00978704 -0.0015332 0.00978996 0.999951 -0.179388 1.07431 -1.21879
FixedParameters: 0 0 0

#Transform 91
Transform: AffineTransform_float_3_3
Parameters: 0.999998 -0.00191615 0.00108619 0.00192886 0.999938 -0.0110219 -0.0010648 0.0110241 0.999938 -0.138959 1.12911 -1.21788
FixedParameters: 0 0 0

#Transform 92
Transform: AffineTransform_float_3_3
Parameters: 0.999997 -0.00191281 0.00146011 0.00192819 0.999944 -0.0104712 -0.00143989 0.0104738 0.999944 -0.174994 1.11618 -1.22003
FixedParameters: 0 0 0

#Transform 93
Transform: AffineTransform_float_3_3
Parameters: 0.999997 -0.00207912 0.00136199 0.00209488 0.999937 -0.0110152 -0.001339 0.0110178 0.999939 -0.168749 1.13217 -1.22656
FixedParameters: 0 0 0

#Transform 94
Transform: AffineTransform_float_3_3
Parameters: 0.999996 -0.00190754 0.00188296 0.00192846 0.999939 -0.0109264 -0.00186204 0.0109296 0.999938 -0.195186 1.11765 -1.23873
FixedParameters: 0 0 0

#Transform 95
Transform: AffineTransform_float_3_3
Parameters: 0.999997 -0.00217845 0.00157457 0.00219655 0.999934 -0.0112306 -0.00155043 0.0112334 0.999935 -0.185327 1.14915 -1.24116
FixedParameters: 0 0 0

#Transform 96
Transform: AffineTransform_float_3_3
Parameters: 0.999996 -0.00212107 0.00188695 0.00214293 0.99993 -0.011698 -0.00186205 0.011702 0.99993 -0.207506 1.15586 -1.2617
FixedParameters: 0 0 0

#Transform 97
Transform: AffineTransform_float_3_3
Parameters: 0.999996 -0.00200911 0.0018856 0.00203088 0.999929 -0.0116782 -0.00186141 0.0116818 0.99993 -0.194106 1.15338 -1.17966
FixedParameters: 0 0 0

#Transform 98
Transform: AffineTransform_float_3_3
Parameters: 0.999996 -0.00190894 0.00188154 0.00192806 0.999947 -0.0101834 -0.00186146 0.0101866 0.999947 -0.19485 1.05414 -1.12484
FixedParameters: 0 0 0

#Transform 99
Transform: AffineTransform_float_3_3
Parameters: 0.999996 -0.0023353 0.00148776 0.0023547 0.999916 -0.0126915 -0.00145823 0.0126955 0.999919 -0.172356 1.2217 -1.32159
FixedParameters: 0 0 0

#Transform 100
Transform: AffineTransform_float_3_3
Parameters: 0.999995 -0.00235136 0.00199915 0.00237564 0.999927 -0.0119083 -0.00197085 0.0119127 0.999927 -0.208285 1.14645 -1.14786
FixedParameters: 0 0 0

#Transform 101
Transform: AffineTransform_float_3_3
Parameters: 0.999996 -0.00235251 0.00194157 0.00237549 0.999929 -0.0116624 -0.00191442 0.0116666 0.99993 -0.209755 1.15909 -1.20216
FixedParameters: 0 0 0

#Transform 102
Transform: AffineTransform_float_3_3
Parameters: 0.999995 -0.00235263 0.00175342 0.00237536 0.999915 -0.0128659 -0.00172258 0.0128701 0.999915 -0.189708 1.22525 -1.35868
FixedParameters: 0 0 0

#Transform 103
Transform: AffineTransform_float_3_3
Parameters: 0.999997 -0.00235742 0.00133943 0.00237559 0.999909 -0.0132809 -0.00130856 0.0132841 0.999911 -0.185023 1.2568 -1.38413
FixedParameters: 0 0 0

#Transform 104
Transform: AffineTransform_float_3_3
Parameters: 0.999997 -0.00235729 0.00138166 0.0023757 0.999913 -0.0129568 -0.00135033 0.0129602 0.999915 -0.187014 1.23914 -1.38006
FixedParameters: 0 0 0

#Transform 105
Transform: AffineTransform_float_3_3
Parameters: 0.999995 -0.00235068 0.00181986 0.00237531 0.999907 -0.0134807 -0.00178714 0.0134843 0.999908 -0.210265 1.26687 -1.4175
FixedParameters: 0 0 0

#Transform 106
Transform: AffineTransform_float_3_3
Parameters: 0.999996 -0.00234634 0.00196376 0.00237566 0.999889 -0.0147204 -0.00192923 0.0147246 0.999889 -0.213466 1.3039 -1.45112
FixedParameters: 0 0 0

#Transform 107
Transform: AffineTransform_float_3_3
Parameters: 0.999996 -0.0023495 0.00194325 0.00237551 0.999909 -0.0132254 -0.00191275 0.0132295 0.99991 -0.232488 1.26047 -1.40621
FixedParameters: 0 0 0

#Transform 108
Transform: AffineTransform_float_3_3
Parameters: 0.999996 -0.00234647 0.00195968 0.00237554 0.99989 -0.0146854 -0.00192532 0.0146896 0.99989 -0.216463 1.32203 -1.41949
FixedParameters: 0 0 0

#Transform 109
Transform: AffineTransform_float_3_3
Parameters: 0.999995 -0.00234258 0.00243166 0.00237543 0.999907 -0.0134173 -0.00240034 0.0134227 0.999907 -0.255744 1.27053 -1.39375
FixedParameters: 0 0 0

#Transform 110
Transform: AffineTransform_float_3_3
Parameters: 0.999996 -0.00272179 0.00143704 0.00273923 0.999914 -0.0128281 -0.00140297 0.0128319 0.999916 -0.185571 1.24178 -1.43479
FixedParameters: 0 0 0

#Transform 111
Transform: AffineTransform_float_3_3
Parameters: 0.999997 -0.00243024 0.000443907 0.00243476 0.999936 -0.0110599 -0.000417096 0.011061 0.999938 -0.112062 1.17275 -1.38377
FixedParameters: 0 0 0

#Transform 112
Transform: AffineTransform_float_3_3
Parameters: 0.999997 -0.0026266 -0.000268944 0.00262341 0.999918 -0.0125937 0.000302062 0.0125932 0.99992 -0.107152 1.23719 -1.37012
FixedParameters: 0 0 0

#Transform 113
Transform: AffineTransform_float_3_3
Parameters: 0.999996 -0.00272383 0.000947721 0.00273717 0.999895 -0.0141795 -0.000909275 0.0141825 0.999899 -0.19277 1.32981 -1.47498
FixedParameters: 0 0 0

#Transform 114
Transform: AffineTransform_float_3_3
Parameters: 0.999997 -0.00255922 0.000807003 0.00256978 0.999903 -0.013647 -0.000771999 0.013649 0.999906 -0.215497 1.29029 -1.46385
FixedParameters: 0 0 0

#Transform 115
Transform: AffineTransform_float_3_3
Parameters: 0.999997 -0.0025938 0.000631689 0.00260221 0.999908 -0.0133514 -0.000597306 0.0133536 0.99991 -0.18387 1.28696 -1.44724
FixedParameters: 0 0 0

#Transform 116
Transform: AffineTransform_float_3_3
Parameters: 0.999996 -0.00280181 -0.000464601 0.00279819 0.999964 -0.00800033 0.000487402 0.00799967 0.999968 -0.0952257 1.05681 -1.34229
FixedParameters: 0 0 0

#Transform 117
Transform: AffineTransform_float_3_3
Parameters: 0.999996 -0.00279349 0.000409106 0.00279751 0.99993 -0.0114829 -0.000376899 0.0114841 0.999934 -0.166461 1.23062 -1.49579
FixedParameters: 0 0 0

#Transform 118
Transform: AffineTransform_float_3_3
Parameters: 0.999995 -0.00278188 0.00141025 0.00279812 0.99993 -0.0115581 -0.00137775 0.0115619 0.999932 -0.232051 1.23698 -1.57649
FixedParameters: 0 0 0

#Transform 119
Transform: AffineTransform_float_3_3
Parameters: 0.999996 -0.00279115 0.000615887 0.00279785 0.999931 -0.0114093 -0.000584112 0.0114117 0.999934 -0.191424 1.26359 -1.57994
FixedParameters: 0 0 0

#Transform 120
Transform: AffineTransform_float_3_3
Parameters: 0.999996 -0.00267109 0.000770567 0.0026799 0.999927 -0.011797 -0.000738434 0.011799 0.99993 -0.178849 1.28309 -1.54597
FixedParameters: 0 0 0

#Transform 121
Transform: AffineTransform_float_3_3
Parameters: 0.999995 -0.00300904 0.00103641 0.00302096 0.999927 -0.0117419 -0.00100059 0.0117451 0.99993 -0.213641 1.34243 -1.73786
FixedParameters: 0 0 0

#Transform 122
Transform: AffineTransform_float_3_3
Parameters: 0.999995 -0.00311332 0.000624584 0.00312069 0.999915 -0.0126971 -0.000585421 0.0126989 0.999919 -0.200361 1.37601 -1.79575
FixedParameters: 0 0 0

#Transform 123
Transform: AffineTransform_float_3_3
Parameters: 0.999994 -0.00312553 0.0013463 0.00314248 0.999909 -0.0131749 -0.00130571 0.0131792 0.999913 -0.24333 1.4111 -1.79199
FixedParameters: 0 0 0

#Transform 124
Transform: AffineTransform_float_3_3
Parameters: 0.999993 -0.0032472 0.00188212 0.0032698 0.999927 -0.0116959 -0.00184387 0.0117021 0.99993 -0.263932 1.33893 -1.72924
FixedParameters: 0 0 0

#Transform 125
Transform: AffineTransform_float_3_3
Parameters: 0.999994 -0.00297676 0.00189574 0.00299323 0.999959 -0.00862038 -0.00186926 0.00862662 0.999961 -0.126822 1.22158 -1.66454
FixedParameters: 0 0 0

#Transform 126
Transform: AffineTransform_float_3_3
Parameters: 0.999989 -0.00434385 0.00137692 0.00432715 0.999919 0.0120151 -0.00142908 -0.0120089 0.999927 0.479698 0.436902 -1.43939
FixedParameters: 0 0 0

#Transform 127
Transform: AffineTransform_float_3_3
Parameters: 0.999993 -0.00200199 -0.00295623 0.00198601 0.999984 -0.00540291 0.00296677 0.0053971 0.999981 0.251426 1.19768 -1.94711
FixedParameters: 0 0 0

#Transform 128
Transform: AffineTransform_float_3_3
Parameters: 0.999995 -0.00309347 0.000597852 0.00309953 0.999932 -0.0112532 -0.000563154 0.0112548 0.999937 0.00221524 1.41194 -1.98151
FixedParameters: 0 0 0

#Transform 129
Transform: AffineTransform_float_3_3
Parameters: 0.999996 -0.00255252 0.00134192 0.00256747 0.999938 -0.0109036 -0.00131308 0.0109064 0.999939 -0.0554943 1.41755 -1.9445
FixedParameters: 0 0 0

#Transform 130
Transform: AffineTransform_float_3_3
Parameters: 0.999996 -0.0027918 0.00074937 0.0027992 0.999948 -0.00978994 -0.000721627 0.00979206 0.999952 -0.0127201 1.37095 -1.93139
FixedParameters: 0 0 0

#Transform 131
Transform: AffineTransform_float_3_3
Parameters: 0.999995 -0.00294934 0.00043246 0.00295065 0.999988 -0.00388374 -0.000420544 0.00388426 0.999993 0.028354 1.25354 -1.88061
FixedParameters: 0 0 0

#Transform 132
Transform: AffineTransform_float_3_3
Parameters: 0.99998 0.00335912 0.0053211 -0.00380087 0.996345 0.0853355 -0.00501491 -0.0853545 0.996338 0.0637375 -2.41093 0.00874373
FixedParameters: 0 0 0

#Transform 133
Transform: AffineTransform_float_3_3
Parameters: 1 -0.00031174 -0.000334123 0.00031326 0.999977 0.00678689 0.000331882 -0.0067861 0.999977 -0.025009 0.688118 -1.78405
FixedParameters: 0 0 0

#Transform 134
Transform: AffineTransform_float_3_3
Parameters: 0.999996 -0.00210644 0.00197032 0.00210356 0.999997 0.00174815 -0.00197367 -0.00174385 0.999996 -0.155029 0.988038 -1.71807
FixedParameters: 0 0 0

#Transform 135
Transform: AffineTransform_float_3_3
Parameters: 0.999997 -0.00192235 0.00189562 0.00191965 0.999998 0.00123964 -0.00189838 -0.00123636 0.999998 -0.151357 1.03566 -1.68512
FixedParameters: 0 0 0

#Transform 136
Transform: AffineTransform_float_3_3
Parameters: 0.999997 -0.00216968 0.00157832 0.00216732 0.999996 0.00169743 -0.00158168 -0.00169358 0.999998 -0.138948 0.996953 -1.65243
FixedParameters: 0 0 0

#Transform 137
Transform: AffineTransform_float_3_3
Parameters: 0.999995 -0.00238146 0.0021653 0.00237854 0.999996 0.00113816 -0.0021677 -0.00113284 0.999997 -0.194054 0.942391 -1.46007
FixedParameters: 0 0 0

#Transform 138
Transform: AffineTransform_float_3_3
Parameters: 0.999994 -0.00120637 0.0032915 0.00114664 0.999832 0.0182809 -0.00331251 -0.0182771 0.999828 0.186098 0.37129 -1.24791
FixedParameters: 0 0 0

#Transform 139
Transform: AffineTransform_float_3_3
Parameters: 0.99998 -0.000338655 0.00640327 0.000203353 0.999776 0.0211737 -0.00640875 -0.0211723 0.999756 0.0524105 0.031811 -1.10758
FixedParameters: 0 0 0

#Transform 140
Transform: AffineTransform_float_3_3
Parameters: 0.999999 0.00084125 0.00024899 -0.000842743 0.999975 0.00711279 -0.000242012 -0.00711221 0.999974 0.0686999 0.525956 -1.36233
FixedParameters: 0 0 0

#Transform 141
Transform: AffineTransform_float_3_3
Parameters: 0.999999 -0.00159001 0.000959634 0.00159399 0.99999 -0.00416648 -0.000953365 0.00416852 0.999991 -0.0902307 1.05968 -1.33484
FixedParameters: 0 0 0

#Transform 142
Transform: AffineTransform_float_3_3
Parameters: 0.999998 -0.00133921 0.00152123 0.00134378 0.999994 -0.00314896 -0.00151677 0.00315104 0.999994 -0.124102 0.988037 -1.27675
FixedParameters: 0 0 0

#Transform 143
Transform: AffineTransform_float_3_3
Parameters: 0.999999 -0.000589465 -0.00143381 0.000589534 1 -0.000324846 0.00143419 0.000324155 0.999999 -0.0244874 0.888834 -1.30345
FixedParameters: 0 0 0

#Transform 144
Transform: AffineTransform_float_3_3
Parameters: 0.999996 -0.000904026 -0.00273634 0.000922974 0.999976 0.00694151 0.00272966 -0.0069435 0.999972 0.167092 0.722726 -1.39541
FixedParameters: 0 0 0

#Transform 145
Transform: AffineTransform_float_3_3
Parameters: 0.999985 -0.000781372 -0.00542718 0.000868623 0.999872 0.0159775 0.00541381 -0.0159825 0.999857 0.335311 0.311554 -1.17366
FixedParameters: 0 0 0

#Transform 146
Transform: AffineTransform_float_3_3
Parameters: 0.999995 -0.00128217 -0.00268906 0.00130084 0.999974 0.00701253 0.00268094 -0.00701546 0.999972 0.0611692 0.689164 -1.26752
FixedParameters: 0 0 0

#Transform 147
Transform: AffineTransform_float_3_3
Parameters: 0.999998 -0.00140339 -0.00140963 0.00141261 0.999975 0.00683802 0.00140037 -0.00683997 0.999975 -0.0386508 0.683394 -1.2307
FixedParameters: 0 0 0

#Transform 148
Transform: AffineTransform_float_3_3
Parameters: 0.999998 -0.00152952 -0.00161607 0.00153748 0.999985 0.00525953 0.00160794 -0.00526147 0.999985 0.0129779 0.721858 -1.20445
FixedParameters: 0 0 0

#Transform 149
Transform: AffineTransform_float_3_3
Parameters: 0.999999 -0.00107417 -0.00141727 0.00108483 0.99997 0.00766148 0.00140873 -0.00766353 0.99997 0.274605 0.648401 -1.42894
FixedParameters: 0 0 0

#Transform 150
Transform: AffineTransform_float_3_3
Parameters: 0.999998 -0.00082482 -0.00151969 0.000846183 0.999902 0.0139887 0.00150831 -0.0139903 0.999901 0.594055 0.503022 -1.99008
FixedParameters: 0 0 0

#Transform 151
Transform: AffineTransform_float_3_3
Parameters: 0.999995 -0.00271559 0.00171529 0.00269441 0.999918 0.0124647 -0.00174871 -0.0124603 0.999921 0.429599 0.588545 -2.64597
FixedParameters: 0 0 0

#Transform 152
Transform: AffineTransform_float_3_3
Parameters: 0.999998 -0.00218188 -0.000592402 0.00218612 0.999972 0.00705172 0.000576597 -0.00705327 0.999975 0.422888 0.81034 -2.21475
FixedParameters: 0 0 0

#Transform 153
Transform: AffineTransform_float_3_3
Parameters: 0.999997 -0.00211001 0.000615416 0.00211099 0.999997 -0.00161771 -0.000611584 0.0016193 0.999999 0.0925411 1.24723 -2.01055
FixedParameters: 0 0 0

#Transform 154
Transform: AffineTransform_float_3_3
Parameters: 0.999999 -0.00135889 -0.000227681 0.00135911 0.999999 0.000500691 0.00022632 -0.000500308 1 0.10556 1.18969 -1.94714
FixedParameters: 0 0 0

#Transform 155
Transform: AffineTransform_float_3_3
Parameters: 1 2.8506e-05 0.000272388 -3.15019e-05 0.999917 0.012836 -0.000272618 -0.012836 0.999917 0.358971 0.880324 -2.18532
FixedParameters: 0 0 0

#Transform 156
Transform: AffineTransform_float_3_3
Parameters: 0.999996 0.00155697 0.00207991 -0.00159103 0.999864 0.0164588 -0.00205409 -0.0164623 0.999863 0.022135 0.545984 -1.93396
FixedParameters: 0 0 0

#Transform 157
Transform: AffineTransform_float_3_3
Parameters: 0.999999 -0.00142203 0.000639704 0.00142097 0.999997 0.00161591 -0.000641297 -0.00161509 0.999999 -0.00438144 1.23292 -2.31416
FixedParameters: 0 0 0

#Transform 158
Transform: AffineTransform_float_3_3
Parameters: 0.999998 -0.00150626 0.00134258 0.00150474 0.999998 0.000941021 -0.00134441 -0.000938976 0.999998 -0.113258 1.27902 -2.31533
FixedParameters: 0 0 0

#Transform 159
Transform: AffineTransform_float_3_3
Parameters: 0.999996 -0.00194696 0.00202913 0.00194504 0.999997 0.000965951 -0.00203088 -0.00096205 0.999998 -0.145789 1.28799 -2.31471
FixedParameters: 0 0 0

#Transform 160
Transform: AffineTransform_float_3_3
Parameters: 0.999997 -0.00167303 0.0014156 0.00167097 0.999997 0.00143537 -0.0014184 -0.00143363 0.999998 -0.0995754 1.29105 -2.37278
FixedParameters: 0 0 0

#Transform 161
Transform: AffineTransform_float_3_3
Parameters: 0.999998 -0.00202872 0.000951608 0.00202929 0.999998 -0.00029807 -0.000951394 0.000299931 1 -0.139184 1.32502 -2.1499
FixedParameters: 0 0 0

#Transform 162
Transform: AffineTransform_float_3_3
Parameters: 0.999996 -0.0025141 0.000621737 0.0025159 0.999992 -0.00307545 -0.000614262 0.00307756 0.999995 -0.122329 1.44606 -2.44688
FixedParameters: 0 0 0

#Transform 163
Transform: AffineTransform_float_3_3
Parameters: 0.999997 -0.0024432 0.000329632 0.0024448 0.999982 -0.00557722 -0.000316369 0.00557779 0.999985 -0.127537 1.58266 -2.71251
FixedParameters: 0 0 0

#Transform 164
Transform: AffineTransform_float_3_3
Parameters: 0.999518 0.0279921 0.0134653 -0.027732 0.999433 -0.0191267 -0.0139928 0.0187444 0.999727 -1.40699 2.33886 -3.47255
FixedParameters: 0 0 0

#Transform 165
Transform: AffineTransform_float_3_3
Parameters: 0.999701 0.0213481 -0.0119325 -0.0215369 0.999641 -0.0159358 0.0115885 0.0161882 0.999802 -0.275064 2.26044 -3.5578
FixedParameters: 0 0 0

#Transform 166
Transform: AffineTransform_float_3_3
Parameters: 0.999955 0.00552302 -0.00769966 -0.00565397 0.999838 -0.0170942 0.00760334 0.0171368 0.999824 0.0826701 2.29959 -3.41622
FixedParameters: 0 0 0

#Transform 167
Transform: AffineTransform_float_3_3
Parameters: 0.999974 0.00414187 -0.00592885 -0.00424714 0.999832 -0.0178313 0.00585415 0.0178557 0.999824 -0.00334588 2.28292 -3.41356
FixedParameters: 0 0 0

#Transform 168
Transform: AffineTransform_float_3_3
Parameters: 0.99998 0.00430825 -0.00466472 -0.00439275 0.999822 -0.0183129 0.00458528 0.0183331 0.999822 -0.0862032 2.28416 -3.33711
FixedParameters: 0 0 0

#Transform 169
Transform: AffineTransform_float_3_3
Parameters: 0.999979 0.00433731 -0.00476925 -0.00442571 0.999819 -0.0185333 0.00468874 0.0185537 0.999817 -0.0798955 2.32367 -3.3709
FixedParameters: 0 0 0

#Transform 170
Transform: AffineTransform_float_3_3
Parameters: 0.999982 0.00431937 -0.00419264 -0.00439863 0.999807 -0.0191749 0.00410838 0.0191921 0.999808 -0.106318 2.38441 -3.52543
FixedParameters: 0 0 0

#Transform 171
Transform: AffineTransform_float_3_3
Parameters: 0.999974 0.00703663 -0.00108264 -0.00705336 0.999831 -0.0169768 0.000962367 0.0169842 0.999856 -0.331012 2.28704 -3.49718
FixedParameters: 0 0 0

#Transform 172
Transform: AffineTransform_float_3_3
Parameters: 0.999974 0.00570896 -0.00445036 -0.00577503 0.999868 -0.0151997 0.00436265 0.0152253 0.999874 -0.179547 2.19107 -3.42671
FixedParameters: 0 0 0

#Transform 173
Transform: AffineTransform_float_3_3
Parameters: 0.999975 0.00525243 -0.00468724 -0.00532858 0.99985 -0.0164744 0.00460077 0.0164996 0.999854 -0.148334 2.23008 -3.42483
FixedParameters: 0 0 0

#Transform 174
Transform: AffineTransform_float_3_3
Parameters: 0.999981 0.00495559 -0.00384256 -0.00502341 0.99983 -0.0177381 0.00375344 0.017757 0.999836 -0.170603 2.28686 -3.41958
FixedParameters: 0 0 0

#Transform 175
Transform: AffineTransform_float_3_3
Parameters: 0.999979 0.00475479 -0.00445711 -0.00481521 0.999896 -0.0135968 0.00439188 0.0136182 0.999897 -0.1536 2.09506 -3.33874
FixedParameters: 0 0 0

#Transform 176
Transform: AffineTransform_float_3_3
Parameters: 0.999978 0.00471259 -0.00453265 -0.0047734 0.999898 -0.0134086 0.00446934 0.0134303 0.9999 -0.118785 2.11773 -3.43604
FixedParameters: 0 0 0

#Transform 177
Transform: AffineTransform_float_3_3
Parameters: 0.99998 0.00424768 -0.00468652 -0.00432133 0.999866 -0.0157481 0.00461948 0.0157679 0.999865 -0.124873 2.1837 -3.37542
FixedParameters: 0 0 0

#Transform 178
Transform: AffineTransform_float_3_3
Parameters: 0.99998 0.00453749 -0.00438909 -0.00460851 0.999859 -0.0161911 0.0043149 0.0162109 0.99986 -0.128336 2.20297 -3.35289
FixedParameters: 0 0 0

#Transform 179
Transform: AffineTransform_float_3_3
Parameters: 0.999976 0.00305585 -0.00619745 -0.00315916 0.999853 -0.0168658 0.00614556 0.0168852 0.999838 -0.0197256 2.25623 -3.38781
FixedParameters: 0 0 0
