# transform file /out/sourcedata/freesurfer/sub-v2s8x29206_ses-1/mri/transforms/cc_up.lta
# created by oesteban on Sat Mar 14 02:48:32 2026

type      = 0 # LINEAR_VOX_TO_VOX
nxforms   = 1
mean      = 134.0000 126.0000 117.0000
sigma     = 10000.0000
1 4 4
9.868569970130920e-01 6.758597493171692e-02 1.467841714620590e-01 -2.772792434692383e+01 
-6.685054302215576e-02 9.977135062217712e-01 -9.943285956978798e-03 2.929933929443359e+01 
-1.471205651760101e-01 0.000000000000000e+00 9.891186356544495e-01 4.092952728271484e+01 
0.000000000000000e+00 0.000000000000000e+00 0.000000000000000e+00 1.000000000000000e+00 
src volume info
valid = 1  # volume info valid
filename = /out/sourcedata/freesurfer/sub-v2s8x29206_ses-1/mri/norm.mgz
volume = 256 256 256
voxelsize = 1.000000000000000e+00 1.000000000000000e+00 1.000000000000000e+00
xras   = -1.000000000000000e+00 0.000000000000000e+00 0.000000000000000e+00
yras   = 0.000000000000000e+00 0.000000000000000e+00 -1.000000000000000e+00
zras   = 0.000000000000000e+00 1.000000000000000e+00 0.000000000000000e+00
cras   = 6.651229858398438e-01 1.000000000000000e+00 1.000000000000000e+00
dst volume info
valid = 1  # volume info valid
filename = /out/sourcedata/freesurfer/sub-v2s8x29206_ses-1/mri/norm.mgz
volume = 256 256 256
voxelsize = 1.000000000000000e+00 1.000000000000000e+00 1.000000000000000e+00
xras   = -1.000000000000000e+00 0.000000000000000e+00 0.000000000000000e+00
yras   = 0.000000000000000e+00 0.000000000000000e+00 -1.000000000000000e+00
zras   = 0.000000000000000e+00 1.000000000000000e+00 0.000000000000000e+00
cras   = 6.651229858398438e-01 1.000000000000000e+00 1.000000000000000e+00
