# transform file transforms/talairach.lta
# created by oesteban on Sat Mar 14 01:21:25 2026

type      = 0 # LINEAR_VOX_TO_VOX
nxforms   = 1
mean      = 134.0000 125.0000 117.0000
sigma     = 10000.0000
1 4 4
1.047210812568665e+00 6.065042316913605e-02 1.755161285400391e-01 -4.049392700195312e+01 
-1.302719116210938e-01 1.165753483772278e+00 2.897692620754242e-01 -3.375154495239258e+01 
-1.201906800270081e-01 -2.826020419597626e-01 1.055827736854553e+00 3.907902145385742e+01 
0.000000000000000e+00 0.000000000000000e+00 0.000000000000000e+00 1.000000000000000e+00 
src volume info
valid = 1  # volume info valid
filename = nu.mgz
volume = 256 256 256
voxelsize = 1.000000000000000e+00 1.000000000000000e+00 1.000000000000000e+00
xras   = -1.000000000000000e+00 0.000000000000000e+00 0.000000000000000e+00
yras   = 0.000000000000000e+00 0.000000000000000e+00 -1.000000000000000e+00
zras   = 0.000000000000000e+00 1.000000000000000e+00 0.000000000000000e+00
cras   = 6.651229858398438e-01 1.000000000000000e+00 1.000000000000000e+00
dst volume info
valid = 1  # volume info valid
filename = /opt/freesurfer/average/RB_all_2020-01-02.gca
volume = 256 256 256
voxelsize = 1.000000000000000e+00 1.000000000000000e+00 1.000000000000000e+00
xras   = -1.000000000000000e+00 0.000000000000000e+00 0.000000000000000e+00
yras   = 0.000000000000000e+00 0.000000000000000e+00 -1.000000000000000e+00
zras   = 0.000000000000000e+00 1.000000000000000e+00 0.000000000000000e+00
cras   = 0.000000000000000e+00 0.000000000000000e+00 0.000000000000000e+00
