#Insight Transform File V1.0
#Transform 0
Transform: AffineTransform_float_3_3
Parameters: 0.999978 0.00662148 -0.000355801 -0.00661152 0.999734 0.0220938 0.000502183 -0.0220902 0.999756 -0.0619886 -1.61539 -0.461289
FixedParameters: 0 0 0

#Transform 1
Transform: AffineTransform_float_3_3
Parameters: 0.999991 0.00385654 0.00206971 -0.00385046 0.999989 -0.002675 -0.00208029 0.002667 0.999995 -0.192978 -0.0941162 -0.588178
FixedParameters: 0 0 0

#Transform 2
Transform: AffineTransform_float_3_3
Parameters: 0.999994 0.00268679 0.00227589 -0.00268421 0.999996 -0.000790114 -0.00227811 0.000783884 0.999997 -0.113673 0.0709427 -0.424916
FixedParameters: 0 0 0

#Transform 3
Transform: AffineTransform_float_3_3
Parameters: 0.999993 0.0039054 -0.00044751 -0.0039046 0.999992 0.000894755 0.000450492 -0.000893248 1 -0.00568327 -0.084987 -0.0826349
FixedParameters: 0 0 0

#Transform 4
Transform: AffineTransform_float_3_3
Parameters: 0.999994 0.00324821 -0.00158656 -0.00324779 0.999994 0.000137154 0.00158744 -0.000131844 0.999998 0.15006 0.000502461 -0.20616
FixedParameters: 0 0 0

#Transform 5
Transform: AffineTransform_float_3_3
Parameters: 0.999998 0.00139351 -0.000785016 -0.00139748 0.999982 -0.00574291 0.000776986 0.00574409 0.999983 0.0986055 0.313636 -0.103167
FixedParameters: 0 0 0

#Transform 6
Transform: AffineTransform_float_3_3
Parameters: 0.999999 0.00156288 -0.000991942 -0.00156513 0.999994 -0.00315745 0.000987063 0.00315855 0.999995 0.108325 0.168128 -0.231948
FixedParameters: 0 0 0

#Transform 7
Transform: AffineTransform_float_3_3
Parameters: 0.999998 0.00181156 0.000847419 -0.00180743 0.999989 -0.00418954 -0.000855577 0.00418746 0.999991 0.0010725 0.241298 -0.228706
FixedParameters: 0 0 0

#Transform 8
Transform: AffineTransform_float_3_3
Parameters: 0.999998 0.00196397 -0.00114349 -0.00196603 0.999996 -0.00177376 0.00113951 0.00177524 0.999998 0.0895149 0.141373 -0.26512
FixedParameters: 0 0 0

#Transform 9
Transform: AffineTransform_float_3_3
Parameters: 0.999999 0.0013557 0.000148788 -0.0013553 0.999988 -0.0045832 -0.000155213 0.00458279 0.999989 0.0248195 0.289011 -0.25369
FixedParameters: 0 0 0

#Transform 10
Transform: AffineTransform_float_3_3
Parameters: 1 0.000905227 0.000788173 -0.000900775 0.999986 -0.00534572 -0.000792827 0.00534529 0.999986 -0.0661036 0.298715 -0.158547
FixedParameters: 0 0 0

#Transform 11
Transform: AffineTransform_float_3_3
Parameters: 0.999999 0.00150786 -3.29591e-05 -0.00150814 0.999988 -0.00461496 2.60402e-05 0.00461505 0.99999 -0.0123649 0.237153 -0.140389
FixedParameters: 0 0 0

#Transform 12
Transform: AffineTransform_float_3_3
Parameters: 0.999998 0.00144813 0.000918079 -0.00144487 0.999993 -0.00340233 -0.000922919 0.00340067 0.999994 -0.0899594 0.157886 -0.0784825
FixedParameters: 0 0 0

#Transform 13
Transform: AffineTransform_float_3_3
Parameters: 0.999999 0.00102285 0.00105328 -0.00101815 0.999993 -0.00364508 -0.00105772 0.00364392 0.999993 -0.111649 0.175003 -0.062554
FixedParameters: 0 0 0

#Transform 14
Transform: AffineTransform_float_3_3
Parameters: 0.999998 0.000843717 0.00147718 -0.000837283 0.99999 -0.00454224 -0.00148082 0.00454076 0.999988 -0.106302 0.225591 -0.0597581
FixedParameters: 0 0 0

#Transform 15
Transform: AffineTransform_float_3_3
Parameters: 0.999998 0.000262892 0.00209803 -0.000255109 0.999993 -0.00376054 -0.00209897 0.00376046 0.99999 -0.160908 0.187853 -0.0374792
FixedParameters: 0 0 0

#Transform 16
Transform: AffineTransform_float_3_3
Parameters: 0.999998 0.000115518 0.00202148 -0.000105479 0.999989 -0.00470822 -0.00202252 0.00470777 0.999987 -0.13678 0.227139 -0.0652818
FixedParameters: 0 0 0

#Transform 17
Transform: AffineTransform_float_3_3
Parameters: 0.999998 3.7335e-06 0.002108 4.73349e-06 0.999992 -0.004143 -0.002108 0.004143 0.999989 -0.131036 0.195308 -0.0529237
FixedParameters: 0 0 0

#Transform 18
Transform: AffineTransform_float_3_3
Parameters: 0.999999 -0.000190324 0.000777659 0.000192674 0.999994 -0.00344285 -0.000776341 0.00344315 0.999994 -0.0130656 0.149434 -0.0179252
FixedParameters: 0 0 0

#Transform 19
Transform: AffineTransform_float_3_3
Parameters: 1 0.000403021 0.000114926 -0.000402979 1 -0.000184046 -0.000115074 0.000183954 1 0.019555 -0.0753042 0.0818144
FixedParameters: 0 0 0

#Transform 20
Transform: AffineTransform_float_3_3
Parameters: 1 -0.0002974 0.000345518 0.000298601 0.999999 -0.0017379 -0.000345482 0.0017381 0.999999 -0.0194137 0.0788369 -0.0823048
FixedParameters: 0 0 0

#Transform 21
Transform: AffineTransform_float_3_3
Parameters: 1 -0.000322057 0.00109357 0.000324945 0.999999 -0.00177765 -0.00109342 0.00177735 0.999998 -0.0846983 0.1036 -0.0519346
FixedParameters: 0 0 0

#Transform 22
Transform: AffineTransform_float_3_3
Parameters: 0.999998 -7.62927e-05 0.00174212 7.87068e-05 0.999999 -0.00155387 -0.00174188 0.00155414 0.999998 -0.122875 0.0891701 -0.038403
FixedParameters: 0 0 0

#Transform 23
Transform: AffineTransform_float_3_3
Parameters: 0.999998 0.000267888 0.00162453 -0.000265112 0.999999 -0.00177843 -0.00162447 0.00177757 0.999997 -0.125025 0.0984605 -0.0690173
FixedParameters: 0 0 0

#Transform 24
Transform: AffineTransform_float_3_3
Parameters: 0.999996 7.79843e-06 0.00255799 -5.20152e-06 1 -0.00109402 -0.00255801 0.00109398 0.999996 -0.191791 0.0733693 -0.0698957
FixedParameters: 0 0 0

#Transform 25
Transform: AffineTransform_float_3_3
Parameters: 0.999998 0.000574885 0.00224426 -0.000572113 0.999999 -0.00128629 -0.00224574 0.00128471 0.999996 -0.157389 0.0848431 -0.0507329
FixedParameters: 0 0 0

#Transform 26
Transform: AffineTransform_float_3_3
Parameters: 0.999999 -0.000546017 0.00170796 0.000548983 0.999999 -0.00174607 -0.00170704 0.00174794 0.999997 -0.123553 0.10385 -0.0280621
FixedParameters: 0 0 0

#Transform 27
Transform: AffineTransform_float_3_3
Parameters: 1 3.16559e-05 0.000652921 -3.03439e-05 0.999997 -0.00253602 -0.000653079 0.00253598 0.999996 -0.0257835 0.163214 -0.0541971
FixedParameters: 0 0 0

#Transform 28
Transform: AffineTransform_float_3_3
Parameters: 0.999998 -0.000961046 0.00137766 0.000961954 1 -0.000691676 -0.00137733 0.000693325 0.999999 -0.0827268 0.0463366 0.033115
FixedParameters: 0 0 0

#Transform 29
Transform: AffineTransform_float_3_3
Parameters: 0.999999 -0.000305615 0.000729581 0.000306386 0.999998 -0.00189878 -0.000729419 0.00189922 0.999998 -0.0476057 0.0912448 0.0214158
FixedParameters: 0 0 0

#Transform 30
Transform: AffineTransform_float_3_3
Parameters: 0.999999 -0.000948921 0.00105297 0.000950079 0.999999 -0.001025 -0.00105203 0.001026 0.999999 -0.081774 0.0489798 0.0525256
FixedParameters: 0 0 0

#Transform 31
Transform: AffineTransform_float_3_3
Parameters: 0.999999 -0.00117462 0.000847527 0.00117538 0.999999 -0.000448005 -0.000847473 0.000448996 1 -0.0654414 -0.00414153 0.124837
FixedParameters: 0 0 0

#Transform 32
Transform: AffineTransform_float_3_3
Parameters: 0.999999 -0.000802938 0.00115274 0.000804062 1 -0.000921074 -0.00115226 0.000921926 0.999999 -0.0862181 0.0184193 0.112911
FixedParameters: 0 0 0

#Transform 33
Transform: AffineTransform_float_3_3
Parameters: 0.999999 -0.00137536 0.00115157 0.00137464 0.999999 0.000317584 -0.00115244 -0.000315416 1 -0.0935944 -0.0444407 0.113148
FixedParameters: 0 0 0

#Transform 34
Transform: AffineTransform_float_3_3
Parameters: 0.999999 -0.000959395 0.00108054 0.000959605 1 -0.000559964 -0.00107946 0.000561037 1 -0.0805298 -4.42909e-05 0.0944119
FixedParameters: 0 0 0

#Transform 35
Transform: AffineTransform_float_3_3
Parameters: 1 -0.000988457 -0.000233315 0.000989543 0.999997 0.00234077 0.000230684 -0.00234123 0.999997 -0.0396954 -0.187505 0.193292
FixedParameters: 0 0 0

#Transform 36
Transform: AffineTransform_float_3_3
Parameters: 1 0.000127047 -0.00029898 -0.000126953 1 0.000156038 0.00029902 -0.000155962 1 -0.0166917 -0.0718619 0.139901
FixedParameters: 0 0 0

#Transform 37
Transform: AffineTransform_float_3_3
Parameters: 1 -0.00096805 0.000318849 0.00096795 0.999999 0.000156309 -0.000319152 -0.000156691 1 -0.0548885 -0.0530449 0.122601
FixedParameters: 0 0 0

#Transform 38
Transform: AffineTransform_float_3_3
Parameters: 0.999999 -0.00132385 -0.000157259 0.00132415 0.999998 0.000950793 0.000155741 -0.000951207 1 -0.0390412 -0.100508 0.121464
FixedParameters: 0 0 0

#Transform 39
Transform: AffineTransform_float_3_3
Parameters: 1 -0.000499048 0.000128814 0.000498952 1 0.000372064 -0.000129186 -0.000371935 1 -0.0753127 -0.0782182 0.163535
FixedParameters: 0 0 0

#Transform 40
Transform: AffineTransform_float_3_3
Parameters: 1 -0.000934461 -0.000720307 0.00093654 0.999994 0.00353433 0.000716694 -0.00353467 0.999993 -0.0300572 -0.280249 0.261125
FixedParameters: 0 0 0

#Transform 41
Transform: AffineTransform_float_3_3
Parameters: 1 -0.000498204 -0.00024562 0.000499797 0.999994 0.00324988 0.000244377 -0.00325012 0.999994 -0.0585168 -0.268425 0.229521
FixedParameters: 0 0 0

#Transform 42
Transform: AffineTransform_float_3_3
Parameters: 0.999999 -0.000498227 -0.000733525 0.000499772 1 0.00105363 0.000732473 -0.00105437 0.999999 -0.0160444 -0.116574 0.17163
FixedParameters: 0 0 0

#Transform 43
Transform: AffineTransform_float_3_3
Parameters: 0.999999 -0.000497521 -0.000746986 0.000499478 0.999998 0.00198063 0.000746011 -0.00198137 0.999998 -0.0146798 -0.146818 0.184404
FixedParameters: 0 0 0

#Transform 44
Transform: AffineTransform_float_3_3
Parameters: 0.999999 -0.000498511 -0.000721337 0.000499488 0.999999 0.000676639 0.000721661 -0.000677359 0.999999 -0.00171289 -0.0821764 0.182349
FixedParameters: 0 0 0

#Transform 45
Transform: AffineTransform_float_3_3
Parameters: 0.999999 -0.000499693 -0.000835585 0.000499306 0.999999 -0.000830417 0.000835414 0.000829583 1 0.0127353 -0.00664715 0.156625
FixedParameters: 0 0 0

#Transform 46
Transform: AffineTransform_float_3_3
Parameters: 1 -0.000921935 -0.000567107 0.000922066 0.999999 0.000115477 0.000566894 -0.000115523 1 -0.0186562 -0.0468523 0.176144
FixedParameters: 0 0 0

#Transform 47
Transform: AffineTransform_float_3_3
Parameters: 1 -0.00100993 -0.000583131 0.00101008 1 0.000129411 0.000582869 -0.000129589 1 0.0247007 -0.0359664 0.174884
FixedParameters: 0 0 0

#Transform 48
Transform: AffineTransform_float_3_3
Parameters: 0.999999 -0.00100944 -0.00106053 0.00101056 1 0.000526929 0.00106047 -0.000528071 1 0.0508071 -0.0577237 0.200914
FixedParameters: 0 0 0

#Transform 49
Transform: AffineTransform_float_3_3
Parameters: 1 -0.000628823 -0.000929119 0.000629176 1 0.000189415 0.00092888 -0.000190584 0.999999 0.0231391 -0.0281461 0.155219
FixedParameters: 0 0 0

#Transform 50
Transform: AffineTransform_float_3_3
Parameters: 1 -0.000680978 3.73875e-05 0.000681021 0.999999 -0.000568974 -3.76125e-05 0.000569025 1 -0.0412934 0.0426342 0.129486
FixedParameters: 0 0 0

#Transform 51
Transform: AffineTransform_float_3_3
Parameters: 0.999999 -0.00113948 -0.000637135 0.00113952 0.999999 -0.000759726 0.000637866 0.000759273 0.999999 -0.0112866 0.0571824 0.125299
FixedParameters: 0 0 0

#Transform 52
Transform: AffineTransform_float_3_3
Parameters: 0.999995 -0.000966214 -0.00298632 0.000960787 0.999998 -0.00174688 0.00298768 0.00174412 0.999994 0.179987 0.109782 0.0871055
FixedParameters: 0 0 0

#Transform 53
Transform: AffineTransform_float_3_3
Parameters: 0.999995 -0.00154063 -0.00252374 0.00155037 0.999992 0.0037161 0.00251825 -0.0037199 0.99999 0.0934658 -0.220388 0.339577
FixedParameters: 0 0 0

#Transform 54
Transform: AffineTransform_float_3_3
Parameters: 0.999992 -0.0030352 0.00236217 0.00303279 0.999995 0.000936171 -0.00236483 -0.000928829 0.999997 -0.0333225 -0.0575654 0.29284
FixedParameters: 0 0 0

#Transform 55
Transform: AffineTransform_float_3_3
Parameters: 0.999957 -0.000313061 0.0092779 0.000364939 0.999985 -0.00559686 -0.0092761 0.00560015 0.999942 -0.550745 0.324413 0.00123895
FixedParameters: 0 0 0

#Transform 56
Transform: AffineTransform_float_3_3
Parameters: 0.999977 -0.00228291 0.0063162 0.00230009 0.999993 -0.00270053 -0.0063108 0.00271447 0.999977 -0.347786 0.151704 0.111626
FixedParameters: 0 0 0

#Transform 57
Transform: AffineTransform_float_3_3
Parameters: 0.999987 -0.00193171 0.00475365 0.00194729 0.999992 -0.00342479 -0.00474635 0.00343321 0.999983 -0.286952 0.188385 0.0977937
FixedParameters: 0 0 0

#Transform 58
Transform: AffineTransform_float_3_3
Parameters: 0.999949 0.00830729 0.00573552 -0.00827471 0.99995 -0.00562974 -0.00578248 0.00558225 0.999967 -0.656311 0.216052 -0.0483306
FixedParameters: 0 0 0

#Transform 59
Transform: AffineTransform_float_3_3
Parameters: 0.999958 0.00812177 0.00409611 -0.00810022 0.999953 -0.0053044 -0.00413989 0.00527159 0.999977 -0.619167 0.198406 0.0508018
FixedParameters: 0 0 0

#Transform 60
Transform: AffineTransform_float_3_3
Parameters: 0.999989 -0.001227 0.00452637 0.001243 0.999993 -0.00353341 -0.00452163 0.00353959 0.999984 -0.331161 0.187252 0.0816856
FixedParameters: 0 0 0

#Transform 61
Transform: AffineTransform_float_3_3
Parameters: 0.99999 -0.000875083 0.00425551 0.000892915 0.999991 -0.00397524 -0.00425148 0.00397876 0.999983 -0.304045 0.208341 0.106124
FixedParameters: 0 0 0

#Transform 62
Transform: AffineTransform_float_3_3
Parameters: 0.999991 -0.00122206 0.00388864 0.00124293 0.999984 -0.00538621 -0.00388136 0.00539079 0.999978 -0.277492 0.288941 0.0685958
FixedParameters: 0 0 0

#Transform 63
Transform: AffineTransform_float_3_3
Parameters: 0.999991 -0.00103632 0.00414098 0.00105668 0.999988 -0.00475367 -0.00413602 0.00475833 0.99998 -0.300287 0.247923 0.111161
FixedParameters: 0 0 0

#Transform 64
Transform: AffineTransform_float_3_3
Parameters: 0.999989 -0.00121857 0.00451866 0.00124243 0.999984 -0.00540644 -0.00451235 0.00541256 0.999975 -0.307348 0.289854 0.0859477
FixedParameters: 0 0 0

#Transform 65
Transform: AffineTransform_float_3_3
Parameters: 0.999989 -0.00136872 0.0043876 0.00139628 0.999979 -0.00621994 -0.00437939 0.00622606 0.999971 -0.298766 0.358113 0.0587328
FixedParameters: 0 0 0

#Transform 66
Transform: AffineTransform_float_3_3
Parameters: 0.999988 -0.00121528 0.00469326 0.00124272 0.999982 -0.00590823 -0.00468573 0.00591476 0.999971 -0.327655 0.317564 0.0489642
FixedParameters: 0 0 0

#Transform 67
Transform: AffineTransform_float_3_3
Parameters: 0.999987 -0.00132418 0.00506144 0.00135582 0.99998 -0.00628823 -0.00505257 0.00629478 0.999968 -0.353812 0.357819 0.0273861
FixedParameters: 0 0 0

#Transform 68
Transform: AffineTransform_float_3_3
Parameters: 0.999986 -0.00160233 0.00500759 0.00163267 0.999981 -0.00592691 -0.0049974 0.00593509 0.99997 -0.347257 0.3608 0.0369635
FixedParameters: 0 0 0

#Transform 69
Transform: AffineTransform_float_3_3
Parameters: 0.999988 -0.00161455 0.00477971 0.00164345 0.999981 -0.00595422 -0.00477029 0.00596278 0.999971 -0.333497 0.360744 0.0470551
FixedParameters: 0 0 0

#Transform 70
Transform: AffineTransform_float_3_3
Parameters: 0.999985 -0.00161896 0.00523633 0.00165204 0.999978 -0.00631144 -0.00522567 0.00631956 0.999967 -0.366937 0.363546 0.0406111
FixedParameters: 0 0 0

#Transform 71
Transform: AffineTransform_float_3_3
Parameters: 0.999985 -0.00165565 0.00533946 0.00168835 0.999979 -0.00624708 -0.00532855 0.00625592 0.999966 -0.350017 0.381994 0.0444258
FixedParameters: 0 0 0

#Transform 72
Transform: AffineTransform_float_3_3
Parameters: 0.999984 -0.00164287 0.00537555 0.00167714 0.999979 -0.00635109 -0.00536545 0.00635992 0.999966 -0.357145 0.387724 0.0304842
FixedParameters: 0 0 0

#Transform 73
Transform: AffineTransform_float_3_3
Parameters: 0.999983 -0.00172106 0.00543583 0.00175794 0.999976 -0.00679856 -0.00542416 0.00680845 0.999962 -0.377184 0.412797 0.0465099
FixedParameters: 0 0 0

#Transform 74
Transform: AffineTransform_float_3_3
Parameters: 0.999982 -0.00172825 0.00571848 0.00176874 0.999973 -0.00712801 -0.00570553 0.00713799 0.999958 -0.380358 0.414456 0.054556
FixedParameters: 0 0 0

#Transform 75
Transform: AffineTransform_float_3_3
Parameters: 0.999981 -0.0017742 0.00593534 0.00181479 0.999974 -0.00687436 -0.00592265 0.00688564 0.999959 -0.374133 0.400956 0.071031
FixedParameters: 0 0 0

#Transform 76
Transform: AffineTransform_float_3_3
Parameters: 0.999982 -0.0016757 0.00585797 0.0017173 0.999973 -0.00705207 -0.00584603 0.00706192 0.999958 -0.387474 0.416385 0.0741886
FixedParameters: 0 0 0

#Transform 77
Transform: AffineTransform_float_3_3
Parameters: 0.999984 -0.0016813 0.00548208 0.00171771 0.999978 -0.00651469 -0.00547092 0.00652431 0.999964 -0.367409 0.38028 0.0820432
FixedParameters: 0 0 0

#Transform 78
Transform: AffineTransform_float_3_3
Parameters: 0.999984 -0.00196311 0.0054215 0.00199988 0.999975 -0.00680627 -0.0054075 0.00681773 0.999962 -0.349834 0.39879 0.0831972
FixedParameters: 0 0 0

#Transform 79
Transform: AffineTransform_float_3_3
Parameters: 0.999982 -0.00167874 0.00573235 0.00171726 0.999976 -0.00667628 -0.00572066 0.00668573 0.999962 -0.370036 0.389098 0.0807176
FixedParameters: 0 0 0

#Transform 80
Transform: AffineTransform_float_3_3
Parameters: 0.999984 -0.00197369 0.00541911 0.00201232 0.999973 -0.00707321 -0.00540589 0.00708379 0.999961 -0.34962 0.4223 0.0770792
FixedParameters: 0 0 0

#Transform 81
Transform: AffineTransform_float_3_3
Parameters: 0.999986 -0.00168137 0.00505 0.00171762 0.999973 -0.00705843 -0.00503799 0.00706757 0.999963 -0.351434 0.416111 0.109279
FixedParameters: 0 0 0

#Transform 82
Transform: AffineTransform_float_3_3
Parameters: 0.999985 -0.00195535 0.00513732 0.00198966 0.999975 -0.00674888 -0.00512468 0.00675912 0.999964 -0.354125 0.399306 0.117908
FixedParameters: 0 0 0

#Transform 83
Transform: AffineTransform_float_3_3
Parameters: 0.999987 -0.00194978 0.00486322 0.00198022 0.999978 -0.00621645 -0.00485078 0.00622554 0.999969 -0.309355 0.365932 0.146741
FixedParameters: 0 0 0

#Transform 84
Transform: AffineTransform_float_3_3
Parameters: 0.999986 -0.00189609 0.00496553 0.00192591 0.99998 -0.00602553 -0.00495448 0.00603548 0.99997 -0.343574 0.35492 0.147463
FixedParameters: 0 0 0

#Transform 85
Transform: AffineTransform_float_3_3
Parameters: 0.999987 -0.00200118 0.00467744 0.00202982 0.999979 -0.00616559 -0.00466457 0.00617441 0.99997 -0.302023 0.3392 0.153764
FixedParameters: 0 0 0

#Transform 86
Transform: AffineTransform_float_3_3
Parameters: 0.999988 -0.00196552 0.00445378 0.00199247 0.999981 -0.0059472 -0.00444222 0.00595681 0.999973 -0.295519 0.333727 0.153477
FixedParameters: 0 0 0

#Transform 87
Transform: AffineTransform_float_3_3
Parameters: 0.999986 -0.00217802 0.00471895 0.00220798 0.999978 -0.00635667 -0.00470504 0.00636733 0.999968 -0.312064 0.35431 0.14236
FixedParameters: 0 0 0

#Transform 88
Transform: AffineTransform_float_3_3
Parameters: 0.999988 -0.00209248 0.00443058 0.00212151 0.999977 -0.00644168 -0.00441642 0.00645132 0.99997 -0.299357 0.35412 0.160663
FixedParameters: 0 0 0

#Transform 89
Transform: AffineTransform_float_3_3
Parameters: 0.999987 -0.00227464 0.00456276 0.00230437 0.999977 -0.00644057 -0.00454824 0.00645143 0.999969 -0.294803 0.351754 0.164834
FixedParameters: 0 0 0

#Transform 90
Transform: AffineTransform_float_3_3
Parameters: 0.999988 -0.00230363 0.00430376 0.00233037 0.999977 -0.00636505 -0.00428924 0.00637596 0.999971 -0.274953 0.388193 0.141895
FixedParameters: 0 0 0

#Transform 91
Transform: AffineTransform_float_3_3
Parameters: 0.999989 -0.00230849 0.00419746 0.00233051 0.999983 -0.00536528 -0.00418554 0.00537572 0.999977 -0.27336 0.304788 0.168703
FixedParameters: 0 0 0

#Transform 92
Transform: AffineTransform_float_3_3
Parameters: 0.999988 -0.00230905 0.00419715 0.00233095 0.999983 -0.00523228 -0.00418485 0.00524172 0.999978 -0.283778 0.297448 0.189502
FixedParameters: 0 0 0

#Transform 93
Transform: AffineTransform_float_3_3
Parameters: 0.999988 -0.00230922 0.00419705 0.00233078 0.999984 -0.00519227 -0.00418494 0.00520172 0.999977 -0.283753 0.295173 0.192937
FixedParameters: 0 0 0

#Transform 94
Transform: AffineTransform_float_3_3
Parameters: 0.999989 -0.00230864 0.00419738 0.00233036 0.999983 -0.00533028 -0.00418463 0.00533972 0.999977 -0.30528 0.30255 0.200034
FixedParameters: 0 0 0

#Transform 95
Transform: AffineTransform_float_3_3
Parameters: 0.999991 -0.00213425 0.00372066 0.00215175 0.999988 -0.00450404 -0.00371034 0.00451196 0.999983 -0.259563 0.255753 0.207791
FixedParameters: 0 0 0

#Transform 96
Transform: AffineTransform_float_3_3
Parameters: 0.999988 -0.00275449 0.00387964 0.00277451 0.999982 -0.0052903 -0.00386536 0.00530071 0.999979 -0.24733 0.297623 0.194854
FixedParameters: 0 0 0

#Transform 97
Transform: AffineTransform_float_3_3
Parameters: 0.999989 -0.00230806 0.0039196 0.00233094 0.99998 -0.00585693 -0.0039064 0.00586608 0.999975 -0.244254 0.331605 0.190805
FixedParameters: 0 0 0

#Transform 98
Transform: AffineTransform_float_3_3
Parameters: 0.999989 -0.00277391 0.0039203 0.0027941 0.999983 -0.00513011 -0.0039067 0.0051409 0.999979 -0.239195 0.290473 0.178211
FixedParameters: 0 0 0

#Transform 99
Transform: AffineTransform_float_3_3
Parameters: 0.999988 -0.00275024 0.00408609 0.00277476 0.999979 -0.00582173 -0.0040699 0.00583226 0.999974 -0.253637 0.333629 0.178991
FixedParameters: 0 0 0

#Transform 100
Transform: AffineTransform_float_3_3
Parameters: 0.999989 -0.00275238 0.00392127 0.00277463 0.999981 -0.00551918 -0.00390673 0.00552982 0.999977 -0.266061 0.330555 0.195441
FixedParameters: 0 0 0

#Transform 101
Transform: AffineTransform_float_3_3
Parameters: 0.999988 -0.00258952 0.00420891 0.00261248 0.999983 -0.00534507 -0.00419508 0.00535593 0.999977 -0.283717 0.319086 0.178245
FixedParameters: 0 0 0

#Transform 102
Transform: AffineTransform_float_3_3
Parameters: 0.999986 -0.00240799 0.00457578 0.00243401 0.999981 -0.00568694 -0.00456222 0.00569806 0.999974 -0.286349 0.360281 0.149131
FixedParameters: 0 0 0

#Transform 103
Transform: AffineTransform_float_3_3
Parameters: 0.999986 -0.0024318 0.00457655 0.0024592 0.99998 -0.00594583 -0.00456244 0.00595718 0.999972 -0.301763 0.352522 0.166379
FixedParameters: 0 0 0

#Transform 104
Transform: AffineTransform_float_3_3
Parameters: 0.999985 -0.00274547 0.00457922 0.00277453 0.999976 -0.00623538 -0.00456177 0.00624761 0.99997 -0.302236 0.371147 0.176484
FixedParameters: 0 0 0

#Transform 105
Transform: AffineTransform_float_3_3
Parameters: 0.999987 -0.00249347 0.00457876 0.00252353 0.999974 -0.00667453 -0.00456225 0.00668547 0.999967 -0.304728 0.392913 0.184799
FixedParameters: 0 0 0

#Transform 106
Transform: AffineTransform_float_3_3
Parameters: 0.999986 -0.00274586 0.00438674 0.00277414 0.999976 -0.00642192 -0.00436926 0.00643409 0.99997 -0.291691 0.381226 0.178327
FixedParameters: 0 0 0

#Transform 107
Transform: AffineTransform_float_3_3
Parameters: 0.999987 -0.00274683 0.0043423 0.00277416 0.999976 -0.00626203 -0.0043247 0.00627396 0.999971 -0.289194 0.372502 0.185772
FixedParameters: 0 0 0

#Transform 108
Transform: AffineTransform_float_3_3
Parameters: 0.999985 -0.00274488 0.00457958 0.00277413 0.999976 -0.00636539 -0.00456242 0.00637762 0.99997 -0.307835 0.378098 0.184492
FixedParameters: 0 0 0

#Transform 109
Transform: AffineTransform_float_3_3
Parameters: 0.999986 -0.00291614 0.0045805 0.00294485 0.999976 -0.0063056 -0.0045615 0.00631939 0.999969 -0.306286 0.376399 0.191663
FixedParameters: 0 0 0

#Transform 110
Transform: AffineTransform_float_3_3
Parameters: 0.999985 -0.00274196 0.00478849 0.00277405 0.999973 -0.00669882 -0.00477051 0.00671118 0.999966 -0.312681 0.387542 0.173764
FixedParameters: 0 0 0

#Transform 111
Transform: AffineTransform_float_3_3
Parameters: 0.999986 -0.00289349 0.00458205 0.00292551 0.999972 -0.0068847 -0.00456195 0.0068983 0.999966 -0.307147 0.408013 0.173649
FixedParameters: 0 0 0

#Transform 112
Transform: AffineTransform_float_3_3
Parameters: 0.999985 -0.00289181 0.00478821 0.0029252 0.999971 -0.0069401 -0.0047688 0.0069539 0.999965 -0.327523 0.411041 0.176514
FixedParameters: 0 0 0

#Transform 113
Transform: AffineTransform_float_3_3
Parameters: 0.999985 -0.0028705 0.00468047 0.0029015 0.999973 -0.00673752 -0.00466054 0.00675148 0.999967 -0.300849 0.399703 0.174365
FixedParameters: 0 0 0

#Transform 114
Transform: AffineTransform_float_3_3
Parameters: 0.999985 -0.0027432 0.00458059 0.00277481 0.999974 -0.00673239 -0.0045624 0.00674461 0.999967 -0.301573 0.398274 0.177295
FixedParameters: 0 0 0

#Transform 115
Transform: AffineTransform_float_3_3
Parameters: 0.999981 -0.00337412 0.00502216 0.00340088 0.99998 -0.00535302 -0.00500384 0.00536998 0.999973 -0.353497 0.327842 0.204686
FixedParameters: 0 0 0

#Transform 116
Transform: AffineTransform_float_3_3
Parameters: 0.999979 -0.00392035 0.00502648 0.00394865 0.999976 -0.00570327 -0.00500452 0.00572274 0.999971 -0.335526 0.346317 0.189075
FixedParameters: 0 0 0

#Transform 117
Transform: AffineTransform_float_3_3
Parameters: 0.99998 -0.00372683 0.0052089 0.00376018 0.999972 -0.00637354 -0.00518511 0.00639245 0.999966 -0.338333 0.395009 0.201362
FixedParameters: 0 0 0

#Transform 118
Transform: AffineTransform_float_3_3
Parameters: 0.999982 -0.00345124 0.00502319 0.00347876 0.999978 -0.00552863 -0.00500381 0.00554637 0.999972 -0.356359 0.321322 0.235486
FixedParameters: 0 0 0

#Transform 119
Transform: AffineTransform_float_3_3
Parameters: 0.999983 -0.00377949 0.00445775 0.00380451 0.999977 -0.00572814 -0.00443525 0.00574486 0.999973 -0.312478 0.334901 0.265384
FixedParameters: 0 0 0

#Transform 120
Transform: AffineTransform_float_3_3
Parameters: 0.999987 -0.00266011 0.00445157 0.00268589 0.99998 -0.00581913 -0.00443543 0.00583188 0.999973 -0.318128 0.330064 0.262344
FixedParameters: 0 0 0

#Transform 121
Transform: AffineTransform_float_3_3
Parameters: 0.999988 -0.00293557 0.00378593 0.00295543 0.999981 -0.00540187 -0.00377007 0.00541313 0.999978 -0.278654 0.36099 0.282335
FixedParameters: 0 0 0

#Transform 122
Transform: AffineTransform_float_3_3
Parameters: 0.999984 -0.00365788 0.00445839 0.00368512 0.999974 -0.00608967 -0.00443561 0.00610632 0.999971 -0.304686 0.405337 0.272277
FixedParameters: 0 0 0

#Transform 123
Transform: AffineTransform_float_3_3
Parameters: 0.999984 -0.00371803 0.00441645 0.00374098 0.99998 -0.00520557 -0.00439656 0.00522143 0.999976 -0.273024 0.313828 0.257874
FixedParameters: 0 0 0

#Transform 124
Transform: AffineTransform_float_3_3
Parameters: 0.999983 -0.0037208 0.00445295 0.00374019 0.999982 -0.00453542 -0.00443605 0.00455258 0.99998 -0.292544 0.254032 0.316451
FixedParameters: 0 0 0

#Transform 125
Transform: AffineTransform_float_3_3
Parameters: 0.999986 -0.00372278 0.00379795 0.00374023 0.999982 -0.00480387 -0.00378005 0.00481714 0.999982 -0.244755 0.287598 0.303855
FixedParameters: 0 0 0

#Transform 126
Transform: AffineTransform_float_3_3
Parameters: 0.999983 -0.0040947 0.00418596 0.0041143 0.999981 -0.00461185 -0.00416703 0.00462914 0.99998 -0.257017 0.268395 0.282088
FixedParameters: 0 0 0

#Transform 127
Transform: AffineTransform_float_3_3
Parameters: 0.999984 -0.00396982 0.00401804 0.00399018 0.999978 -0.00527705 -0.00399697 0.00529295 0.999978 -0.218679 0.303778 0.276434
FixedParameters: 0 0 0

#Transform 128
Transform: AffineTransform_float_3_3
Parameters: 0.999984 -0.00371212 0.00422753 0.00374088 0.999969 -0.00684429 -0.00420247 0.0068597 0.999967 -0.224824 0.437205 0.23506
FixedParameters: 0 0 0

#Transform 129
Transform: AffineTransform_float_3_3
Parameters: 0.999988 -0.0037224 0.00340744 0.00374061 0.999978 -0.00547033 -0.00338757 0.00548268 0.999979 -0.179617 0.341265 0.272516
FixedParameters: 0 0 0

#Transform 130
Transform: AffineTransform_float_3_3
Parameters: 0.999984 -0.00371971 0.00411335 0.00374029 0.999979 -0.00517969 -0.00409465 0.00519531 0.999978 -0.241712 0.318404 0.27408
FixedParameters: 0 0 0

#Transform 131
Transform: AffineTransform_float_3_3
Parameters: 0.999987 -0.00352435 0.00386899 0.00354365 0.999981 -0.00508436 -0.00385101 0.00509764 0.999979 -0.237469 0.326061 0.28462
FixedParameters: 0 0 0

#Transform 132
Transform: AffineTransform_float_3_3
Parameters: 0.999985 -0.00345245 0.00411134 0.00347255 0.999982 -0.0050008 -0.00409466 0.00501521 0.999979 -0.251589 0.315371 0.275617
FixedParameters: 0 0 0

#Transform 133
Transform: AffineTransform_float_3_3
Parameters: 0.999986 -0.00341386 0.00419992 0.00343614 0.999979 -0.00551565 -0.00418109 0.00553035 0.999976 -0.274384 0.336345 0.281106
FixedParameters: 0 0 0

#Transform 134
Transform: AffineTransform_float_3_3
Parameters: 0.999986 -0.0034961 0.00399439 0.00351691 0.99998 -0.00523803 -0.00397661 0.00525198 0.999979 -0.244744 0.320793 0.2669
FixedParameters: 0 0 0

#Transform 135
Transform: AffineTransform_float_3_3
Parameters: 0.999986 -0.00340851 0.00403938 0.00342949 0.999981 -0.00507622 -0.00402162 0.00508978 0.999979 -0.248131 0.304802 0.270154
FixedParameters: 0 0 0

#Transform 136
Transform: AffineTransform_float_3_3
Parameters: 0.999985 -0.00355216 0.00411296 0.00357484 0.999979 -0.00531437 -0.00409403 0.00532962 0.999978 -0.250632 0.321505 0.275014
FixedParameters: 0 0 0

#Transform 137
Transform: AffineTransform_float_3_3
Parameters: 0.999984 -0.00369573 0.0041123 0.00371526 0.999981 -0.0049308 -0.0040937 0.00494621 0.99998 -0.241207 0.303045 0.279327
FixedParameters: 0 0 0

#Transform 138
Transform: AffineTransform_float_3_3
Parameters: 0.999984 -0.00383355 0.00411597 0.00385645 0.999977 -0.00570522 -0.00409404 0.00572079 0.999976 -0.247572 0.352253 0.288534
FixedParameters: 0 0 0

#Transform 139
Transform: AffineTransform_float_3_3
Parameters: 0.999982 -0.00374215 0.00455669 0.00376585 0.999979 -0.00523693 -0.00453731 0.00525407 0.999976 -0.272844 0.330204 0.265886
FixedParameters: 0 0 0

#Transform 140
Transform: AffineTransform_float_3_3
Parameters: 0.999984 -0.00374316 0.00411489 0.00376584 0.999978 -0.00555759 -0.0040941 0.00557341 0.999976 -0.248668 0.345128 0.268658
FixedParameters: 0 0 0

#Transform 141
Transform: AffineTransform_float_3_3
Parameters: 0.999984 -0.00391663 0.00411541 0.00393938 0.999978 -0.00544288 -0.00409459 0.00545913 0.999976 -0.235026 0.352241 0.274237
FixedParameters: 0 0 0

#Transform 142
Transform: AffineTransform_float_3_3
Parameters: 0.999986 -0.0037451 0.00375795 0.0037659 0.999978 -0.00556993 -0.00373706 0.00558408 0.999978 -0.220284 0.364875 0.270547
FixedParameters: 0 0 0

#Transform 143
Transform: AffineTransform_float_3_3
Parameters: 0.999988 -0.00350848 0.00361503 0.00352952 0.999977 -0.00568531 -0.00359497 0.00569868 0.999978 -0.195427 0.364238 0.258553
FixedParameters: 0 0 0

#Transform 144
Transform: AffineTransform_float_3_3
Parameters: 0.999986 -0.00374543 0.00393169 0.00376556 0.999979 -0.00523627 -0.0039113 0.00525173 0.999978 -0.201454 0.35588 0.261418
FixedParameters: 0 0 0

#Transform 145
Transform: AffineTransform_float_3_3
Parameters: 0.999984 -0.00374429 0.00428308 0.00376572 0.99998 -0.00507295 -0.00426492 0.00508805 0.999978 -0.239271 0.332136 0.29404
FixedParameters: 0 0 0

#Transform 146
Transform: AffineTransform_float_3_3
Parameters: 0.999984 -0.00374147 0.00420992 0.00376552 0.999976 -0.00583224 -0.00418808 0.00584876 0.999974 -0.240892 0.368854 0.285854
FixedParameters: 0 0 0

#Transform 147
Transform: AffineTransform_float_3_3
Parameters: 0.999983 -0.00386627 0.00420899 0.00388873 0.999978 -0.00540572 -0.004188 0.00542228 0.999976 -0.252043 0.346418 0.300614
FixedParameters: 0 0 0

#Transform 148
Transform: AffineTransform_float_3_3
Parameters: 0.999982 -0.00397384 0.00433917 0.00399915 0.999975 -0.00580375 -0.00431582 0.00582125 0.999973 -0.249463 0.369238 0.291298
FixedParameters: 0 0 0

#Transform 149
Transform: AffineTransform_float_3_3
Parameters: 0.999984 -0.00392209 0.0042104 0.00394591 0.999976 -0.00568548 -0.0041886 0.00570152 0.999975 -0.229411 0.362404 0.28712
FixedParameters: 0 0 0

#Transform 150
Transform: AffineTransform_float_3_3
Parameters: 0.999981 -0.00373444 0.0049221 0.00376556 0.999973 -0.00641759 -0.0048979 0.00643642 0.999968 -0.27982 0.400837 0.283289
FixedParameters: 0 0 0

#Transform 151
Transform: AffineTransform_float_3_3
Parameters: 0.999979 -0.00408609 0.00506238 0.00412091 0.999967 -0.00690528 -0.00503462 0.00692572 0.999964 -0.295676 0.430708 0.277036
FixedParameters: 0 0 0

#Transform 152
Transform: AffineTransform_float_3_3
Parameters: 0.999978 -0.00405687 0.00510809 0.00409212 0.999968 -0.00688424 -0.0050799 0.00690576 0.999964 -0.308927 0.429365 0.266327
FixedParameters: 0 0 0

#Transform 153
Transform: AffineTransform_float_3_3
Parameters: 0.999978 -0.00413669 0.00521978 0.0041733 0.999965 -0.00715637 -0.00518922 0.00717762 0.999961 -0.30907 0.442396 0.247097
FixedParameters: 0 0 0

#Transform 154
Transform: AffineTransform_float_3_3
Parameters: 0.999978 -0.00417347 0.00512678 0.00421153 0.999965 -0.00733157 -0.00509622 0.00735243 0.99996 -0.303049 0.44767 0.269305
FixedParameters: 0 0 0

#Transform 155
Transform: AffineTransform_float_3_3
Parameters: 0.999978 -0.00419256 0.00512602 0.00422944 0.999965 -0.00711847 -0.00509598 0.00713952 0.999961 -0.305759 0.435712 0.274401
FixedParameters: 0 0 0

#Transform 156
Transform: AffineTransform_float_3_3
Parameters: 0.999977 -0.00372492 0.0057986 0.00376509 0.999968 -0.00709033 -0.00577241 0.00711167 0.999958 -0.355659 0.428233 0.275204
FixedParameters: 0 0 0

#Transform 157
Transform: AffineTransform_float_3_3
Parameters: 0.999982 -0.00443161 0.00409934 0.00445339 0.999975 -0.00546884 -0.00407466 0.00548716 0.999976 -0.187104 0.383124 0.296525
FixedParameters: 0 0 0

#Transform 158
Transform: AffineTransform_float_3_3
Parameters: 0.999973 -0.00477361 0.00570113 0.0048074 0.999972 -0.00585775 -0.00567387 0.00588525 0.999966 -0.281461 0.394529 0.269154
FixedParameters: 0 0 0

#Transform 159
Transform: AffineTransform_float_3_3
Parameters: 0.999975 -0.0046237 0.00537768 0.0046583 0.999969 -0.00638311 -0.00534832 0.00640789 0.999965 -0.255324 0.454285 0.242605
FixedParameters: 0 0 0

#Transform 160
Transform: AffineTransform_float_3_3
Parameters: 0.999976 -0.00434399 0.00528348 0.00437601 0.999972 -0.00606202 -0.00525652 0.00608497 0.999967 -0.250274 0.447406 0.227577
FixedParameters: 0 0 0

#Transform 161
Transform: AffineTransform_float_3_3
Parameters: 0.99997 -0.00467612 0.00620156 0.00471988 0.999965 -0.00691694 -0.00616943 0.00694606 0.999957 -0.314908 0.484199 0.189117
FixedParameters: 0 0 0

#Transform 162
Transform: AffineTransform_float_3_3
Parameters: 0.999968 -0.00461728 0.00652037 0.00467173 0.999955 -0.0082478 -0.00648262 0.00827819 0.999944 -0.348981 0.561284 0.196739
FixedParameters: 0 0 0

#Transform 163
Transform: AffineTransform_float_3_3
Parameters: 0.999967 -0.00457588 0.0068124 0.00463411 0.999953 -0.00853972 -0.0067726 0.00857128 0.999941 -0.366606 0.564065 0.213872
FixedParameters: 0 0 0

#Transform 164
Transform: AffineTransform_float_3_3
Parameters: 0.999968 -0.00469146 0.00649952 0.00474354 0.999957 -0.00793743 -0.00646148 0.00796857 0.999948 -0.35102 0.526129 0.232307
FixedParameters: 0 0 0

#Transform 165
Transform: AffineTransform_float_3_3
Parameters: 0.999971 -0.0046721 0.00611987 0.00471991 0.999958 -0.00783634 -0.00608313 0.00786465 0.99995 -0.323837 0.518979 0.247546
FixedParameters: 0 0 0

#Transform 166
Transform: AffineTransform_float_3_3
Parameters: 0.99997 -0.00463992 0.00611898 0.00468708 0.99996 -0.00770255 -0.00608301 0.00773045 0.999951 -0.324289 0.508771 0.235401
FixedParameters: 0 0 0

#Transform 167
Transform: AffineTransform_float_3_3
Parameters: 0.999972 -0.00466384 0.00595881 0.00471316 0.999955 -0.00826315 -0.00592019 0.00829085 0.999948 -0.294223 0.549271 0.241969
FixedParameters: 0 0 0

#Transform 168
Transform: AffineTransform_float_3_3
Parameters: 0.999969 -0.00499109 0.00605712 0.00503691 0.999958 -0.00758772 -0.00601988 0.00761828 0.999953 -0.316874 0.494078 0.254953
FixedParameters: 0 0 0

#Transform 169
Transform: AffineTransform_float_3_3
Parameters: 0.999969 -0.0049262 0.00612431 0.0049708 0.999961 -0.00732179 -0.0060877 0.00735122 0.999955 -0.321076 0.470931 0.274411
FixedParameters: 0 0 0

#Transform 170
Transform: AffineTransform_float_3_3
Parameters: 0.99997 -0.00494188 0.00587881 0.00498311 0.999963 -0.00699991 -0.00584419 0.00702909 0.999958 -0.289705 0.453433 0.288801
FixedParameters: 0 0 0

#Transform 171
Transform: AffineTransform_float_3_3
Parameters: 0.999971 -0.00464084 0.00594792 0.00468415 0.999962 -0.00726234 -0.00591407 0.00729065 0.999956 -0.294234 0.465303 0.282478
FixedParameters: 0 0 0

#Transform 172
Transform: AffineTransform_float_3_3
Parameters: 0.999972 -0.00464416 0.00586576 0.00468384 0.999966 -0.00679671 -0.00583423 0.00682428 0.999959 -0.271446 0.439563 0.31215
FixedParameters: 0 0 0

#Transform 173
Transform: AffineTransform_float_3_3
Parameters: 0.99997 -0.00504553 0.00595867 0.00509249 0.999957 -0.0078109 -0.00591933 0.00784011 0.999951 -0.27229 0.512488 0.296236
FixedParameters: 0 0 0

#Transform 174
Transform: AffineTransform_float_3_3
Parameters: 0.999965 -0.00503267 0.00670758 0.00508432 0.999956 -0.00780617 -0.00666842 0.00784083 0.999947 -0.342562 0.516765 0.285536
FixedParameters: 0 0 0

#Transform 175
Transform: AffineTransform_float_3_3
Parameters: 0.999964 -0.00535474 0.00649836 0.00556325 0.999458 -0.032465 -0.00632062 0.0325 0.999451 -0.352125 1.69655 -0.0790727
FixedParameters: 0 0 0

#Transform 176
Transform: AffineTransform_float_3_3
Parameters: 0.999931 -0.00911581 0.00737975 0.00928419 0.999691 -0.0230881 -0.00716625 0.0231549 0.999706 -0.232765 1.15065 0.220915
FixedParameters: 0 0 0

#Transform 177
Transform: AffineTransform_float_3_3
Parameters: 0.999931 -0.00751134 0.00908996 0.00776265 0.999578 -0.0279734 -0.00887606 0.0280426 0.999568 -0.365095 1.42218 0.0553711
FixedParameters: 0 0 0

#Transform 178
Transform: AffineTransform_float_3_3
Parameters: 0.999929 -0.00750241 0.00918802 0.00777059 0.999533 -0.0295547 -0.00896199 0.0296233 0.999521 -0.370835 1.55695 0.0469259
FixedParameters: 0 0 0

#Transform 179
Transform: AffineTransform_float_3_3
Parameters: 0.999928 -0.00742287 0.00937238 0.00768711 0.999565 -0.028467 -0.00915661 0.028537 0.999551 -0.380524 1.49821 0.07992
FixedParameters: 0 0 0
