#Insight Transform File V1.0
#Transform 0
Transform: AffineTransform_float_3_3
Parameters: 1 0.00033504 -5.97755e-05 -0.00033496 0.999999 0.00067002 5.92244e-05 -0.00066998 1 -0.051818 -0.119328 -0.347832
FixedParameters: 0 0 0

#Transform 1
Transform: AffineTransform_float_3_3
Parameters: 0.999999 0.000828999 -1.20439e-05 -0.000829 0.999999 -5.299e-05 1.19561e-05 5.30099e-05 1 0.0302482 0.056787 -0.000515483
FixedParameters: 0 0 0

#Transform 2
Transform: AffineTransform_float_3_3
Parameters: 0.999999 0.000829001 -2.19287e-05 -0.000828998 0.999999 8.60182e-05 2.10713e-05 -8.59825e-05 1 0.0129486 0.0667397 -0.000831288
FixedParameters: 0 0 0

#Transform 3
Transform: AffineTransform_float_3_3
Parameters: 0.999999 0.000753929 -0.000327163 -0.00075407 0.999999 -0.000215753 0.000326837 0.000216246 1 0.0563348 0.102836 -0.00330122
FixedParameters: 0 0 0

#Transform 4
Transform: AffineTransform_float_3_3
Parameters: 0.999999 0.000807982 9.71486e-05 -0.000808017 0.999999 0.000183921 -9.68513e-05 -0.000184078 1 0.00174999 0.0592103 -0.000942651
FixedParameters: 0 0 0

#Transform 5
Transform: AffineTransform_float_3_3
Parameters: 1 0.00097906 -0.00032682 -0.00097894 0.999999 0.00018432 0.000327181 -0.00018468 1 0.0349457 0.0622634 -0.00937429
FixedParameters: 0 0 0

#Transform 6
Transform: AffineTransform_float_3_3
Parameters: 1 0.000978986 0.00028205 -0.000979014 0.999999 5.07239e-05 -0.00028295 -5.1277e-05 1 -0.0032198 0.0706477 0.00333959
FixedParameters: 0 0 0

#Transform 7
Transform: AffineTransform_float_3_3
Parameters: 0.999999 0.000978993 -6.20949e-05 -0.000979005 0.999999 -9.69392e-05 6.1905e-05 9.70606e-05 1 0.0182644 0.0629261 0.00758897
FixedParameters: 0 0 0

#Transform 8
Transform: AffineTransform_float_3_3
Parameters: 0.999999 0.000920985 -0.000131102 -0.000921014 0.999999 -0.000110879 0.000130899 0.000110121 1 0.0414801 0.0805808 0.00162296
FixedParameters: 0 0 0

#Transform 9
Transform: AffineTransform_float_3_3
Parameters: 0.999999 0.000759081 -0.000135544 -0.000758918 0.999999 0.000600103 0.000135455 -0.000599897 1 0.0247099 0.0102754 0.0154578
FixedParameters: 0 0 0

#Transform 10
Transform: AffineTransform_float_3_3
Parameters: 0.999999 0.00083399 -6.7115e-05 -0.000834009 0.999999 -0.000137944 6.68849e-05 0.000138056 1 0.037263 0.0514389 0.00954577
FixedParameters: 0 0 0

#Transform 11
Transform: AffineTransform_float_3_3
Parameters: 0.999999 0.000710973 4.44294e-05 -0.000711027 0.999999 0.000603968 -4.45705e-05 -0.000604031 1 -0.0107549 0.0246431 0.00938388
FixedParameters: 0 0 0

#Transform 12
Transform: AffineTransform_float_3_3
Parameters: 1 0.000484989 -0.000279018 -0.00048501 1 -3.78647e-05 0.000278981 3.81353e-05 1 0.0349597 0.0748731 0.000478804
FixedParameters: 0 0 0

#Transform 13
Transform: AffineTransform_float_3_3
Parameters: 1 0.000534966 0.000196091 -0.000535033 1 0.000170895 -0.000195908 -0.000171105 1 0.00482752 0.0619154 -0.000719586
FixedParameters: 0 0 0

#Transform 14
Transform: AffineTransform_float_3_3
Parameters: 0.999999 0.000777946 0.000196212 -0.000778053 0.999999 0.000272847 -0.000195787 -0.000273152 1 -0.0215038 0.0381309 0.0102148
FixedParameters: 0 0 0

#Transform 15
Transform: AffineTransform_float_3_3
Parameters: 1 0.000539995 2.41145e-05 -0.000540005 1 0.000211987 -2.38855e-05 -0.000212013 1 0.0145466 0.0764593 -0.00546136
FixedParameters: 0 0 0

#Transform 16
Transform: AffineTransform_float_3_3
Parameters: 1 0.000550081 0.000195773 -0.000550919 1 -0.000413108 -0.000196227 0.000412892 1 -0.00903429 0.0984677 0.00766563
FixedParameters: 0 0 0

#Transform 17
Transform: AffineTransform_float_3_3
Parameters: 1 0.000519032 0.000195916 -0.000518968 1 -0.000162102 -0.000196084 0.000161898 1 -0.00536802 0.0873691 0.00774722
FixedParameters: 0 0 0

#Transform 18
Transform: AffineTransform_float_3_3
Parameters: 1 0.00044399 0.000106043 -0.00044401 1 9.69529e-05 -0.000105957 -9.7047e-05 1 0.000873685 0.0863654 -0.000988949
FixedParameters: 0 0 0

#Transform 19
Transform: AffineTransform_float_3_3
Parameters: 1 0.000451997 3.43075e-06 -0.000452003 1 0.000952999 -2.56924e-06 -0.000953001 0.999999 -0.00298788 0.00225933 0.021345
FixedParameters: 0 0 0

#Transform 20
Transform: AffineTransform_float_3_3
Parameters: 1 0.000545002 -1.99444e-05 -0.000544998 1 0.000102011 2.00556e-05 -0.000101989 1 0.0206346 0.0882303 0.00297448
FixedParameters: 0 0 0

#Transform 21
Transform: AffineTransform_float_3_3
Parameters: 1 0.000428998 0.000499001 -0.000429002 1 3.78593e-06 -0.000498998 -3.21407e-06 1 -0.0372482 0.0721056 0.010977
FixedParameters: 0 0 0

#Transform 22
Transform: AffineTransform_float_3_3
Parameters: 1 0.000422002 -1.89578e-05 -0.000421998 1 0.000100008 1.90422e-05 -9.9992e-05 1 0.00611698 0.0659751 0.00668868
FixedParameters: 0 0 0

#Transform 23
Transform: AffineTransform_float_3_3
Parameters: 1 0.000544892 0.0001963 -0.000545107 0.999999 0.000549893 -0.0001957 -0.000550106 1 -0.00921095 0.0381953 0.00861823
FixedParameters: 0 0 0

#Transform 24
Transform: AffineTransform_float_3_3
Parameters: 1 0.000544851 0.000196414 -0.000545148 0.999999 0.000759892 -0.000195586 -0.000760106 0.999999 -0.0152709 0.00788633 0.0473312
FixedParameters: 0 0 0

#Transform 25
Transform: AffineTransform_float_3_3
Parameters: 1 0.000410918 0.000196171 -0.000411081 1 0.000415919 -0.000195829 -0.00041608 1 -0.00768468 0.032907 0.010183
FixedParameters: 0 0 0

#Transform 26
Transform: AffineTransform_float_3_3
Parameters: 1 0.000392004 -8.79929e-06 -0.000391995 1 0.000512003 9.2007e-06 -0.000511996 1 -0.00113794 0.0206991 0.00834631
FixedParameters: 0 0 0

#Transform 27
Transform: AffineTransform_float_3_3
Parameters: 1 0.000545105 -0.000251773 -0.000544895 1 0.000416137 0.000252227 -0.000415862 1 0.0128181 0.016031 0.0314128
FixedParameters: 0 0 0

#Transform 28
Transform: AffineTransform_float_3_3
Parameters: 1 0.000331037 -4.27093e-05 -0.000330962 0.999999 0.000878013 4.32906e-05 -0.000877985 0.999999 0.00153326 0.0029215 0.0252094
FixedParameters: 0 0 0

#Transform 29
Transform: AffineTransform_float_3_3
Parameters: 1 0.000414282 -0.000267564 -0.000413719 1 0.00105211 0.000267436 -0.00105289 1 0.0148653 -0.0130648 0.0569061
FixedParameters: 0 0 0

#Transform 30
Transform: AffineTransform_float_3_3
Parameters: 1 0.000377175 -0.000206681 -0.000376825 0.999999 0.000846077 0.000207319 -0.000845921 0.999999 0.0113921 -0.000145381 0.0327458
FixedParameters: 0 0 0

#Transform 31
Transform: AffineTransform_float_3_3
Parameters: 1 0.00054538 -0.000253183 -0.000544619 0.999998 0.00149814 0.000254816 -0.00149786 0.999999 0.00308273 -0.0405334 0.0522428
FixedParameters: 0 0 0

#Transform 32
Transform: AffineTransform_float_3_3
Parameters: 1 0.000168068 -0.000178936 -0.000167932 1 0.00038103 0.000179064 -0.00038097 1 0.0113589 0.0324354 0.0187354
FixedParameters: 0 0 0

#Transform 33
Transform: AffineTransform_float_3_3
Parameters: 1 0.000108699 0.000265124 -0.000109301 1 0.00113497 -0.000264876 -0.00113503 1 -0.0263571 -0.00297758 0.0474801
FixedParameters: 0 0 0

#Transform 34
Transform: AffineTransform_float_3_3
Parameters: 1 0.00035227 -0.000253625 -0.000352729 1 0.00106509 0.000254376 -0.00106491 1 0.0153448 -0.00221015 0.0691387
FixedParameters: 0 0 0

#Transform 35
Transform: AffineTransform_float_3_3
Parameters: 1 0.000124303 -0.000253852 -0.000124697 1 0.00119403 0.000254149 -0.00119397 1 0.0255667 -0.00601107 0.0406209
FixedParameters: 0 0 0

#Transform 36
Transform: AffineTransform_float_3_3
Parameters: 1 0.000244514 -0.000417699 -0.000243485 0.999999 0.0012311 0.0004183 -0.0012309 0.999999 0.0222427 -0.0346492 0.0855714
FixedParameters: 0 0 0

#Transform 37
Transform: AffineTransform_float_3_3
Parameters: 1 7.8129e-05 -0.00025396 -7.78709e-05 1 0.00050802 0.00025404 -0.00050798 1 0.0198585 0.035347 0.0217408
FixedParameters: 0 0 0

#Transform 38
Transform: AffineTransform_float_3_3
Parameters: 1 9.47307e-05 0.000174147 -9.5269e-05 0.999999 0.00154698 -0.000173853 -0.00154702 0.999999 -0.0182556 -0.0447647 0.0825505
FixedParameters: 0 0 0

#Transform 39
Transform: AffineTransform_float_3_3
Parameters: 1 0.000315176 -0.000253782 -0.000314824 0.999999 0.00069308 0.000254218 -0.00069292 0.999999 0.0228394 0.0144129 0.0275988
FixedParameters: 0 0 0

#Transform 40
Transform: AffineTransform_float_3_3
Parameters: 1 0.000176288 -0.0002538 -0.000175711 1 0.00113605 0.0002542 -0.00113596 1 0.0179581 0.00252126 0.0431322
FixedParameters: 0 0 0

#Transform 41
Transform: AffineTransform_float_3_3
Parameters: 1 0.000258099 -8.77087e-05 -0.000257901 1 0.00112902 8.82913e-05 -0.00112898 1 -0.00808994 -0.0181966 0.0772786
FixedParameters: 0 0 0

#Transform 42
Transform: AffineTransform_float_3_3
Parameters: 1 0.000143197 -0.000276898 -0.000142802 0.999999 0.000713039 0.000277102 -0.00071296 0.999999 0.0228341 0.0306315 0.0280346
FixedParameters: 0 0 0

#Transform 43
Transform: AffineTransform_float_3_3
Parameters: 1 3.41244e-05 -6.59358e-05 -3.38755e-05 0.999998 0.001886 6.6064e-05 -0.001886 0.999998 -0.0101956 -0.0661867 0.0877491
FixedParameters: 0 0 0

#Transform 44
Transform: AffineTransform_float_3_3
Parameters: 1 9.21337e-05 -0.000190935 -9.18663e-05 1 0.000700017 0.000191064 -0.000699982 0.999999 0.0265845 0.0249506 0.0373953
FixedParameters: 0 0 0

#Transform 45
Transform: AffineTransform_float_3_3
Parameters: 1 -0.000123894 -7.51756e-05 0.000124106 0.999999 0.00141699 7.48242e-05 -0.00141701 0.999999 0.00424098 -0.0519315 0.0842131
FixedParameters: 0 0 0

#Transform 46
Transform: AffineTransform_float_3_3
Parameters: 1 -0.000478634 -0.000311563 0.000478365 0.999999 0.00117485 0.000310438 -0.00117515 1 0.0485787 -0.0210797 0.040965
FixedParameters: 0 0 0

#Transform 47
Transform: AffineTransform_float_3_3
Parameters: 1 -0.000327811 -0.000132468 0.000328188 0.999999 0.00142596 0.000131532 -0.00142604 0.999999 0.0136805 -0.0383337 0.0535974
FixedParameters: 0 0 0

#Transform 48
Transform: AffineTransform_float_3_3
Parameters: 1 -0.000317706 -0.000494189 0.000317293 1 0.000593843 0.000493811 -0.000594157 0.999999 0.0711595 0.0137021 0.035683
FixedParameters: 0 0 0

#Transform 49
Transform: AffineTransform_float_3_3
Parameters: 1 -0.000341875 -0.000103415 0.000342126 0.999999 0.00121297 0.000103585 -0.00121304 1 0.0195901 -0.0250909 0.0556527
FixedParameters: 0 0 0

#Transform 50
Transform: AffineTransform_float_3_3
Parameters: 0.999999 -0.000513421 -0.000494602 0.00051458 0.999999 0.00117175 0.000494397 -0.00117225 0.999999 0.0531105 -0.0229765 0.0570347
FixedParameters: 0 0 0

#Transform 51
Transform: AffineTransform_float_3_3
Parameters: 1 -0.000294451 -0.000494328 0.00029455 1 0.00111186 0.000494673 -0.00111215 1 0.0513758 -0.0187282 0.0303147
FixedParameters: 0 0 0

#Transform 52
Transform: AffineTransform_float_3_3
Parameters: 1 9.20769e-05 -3.78132e-05 -9.19227e-05 0.999998 0.00203 3.81867e-05 -0.00203 0.999998 -0.000671539 -0.086842 0.0909799
FixedParameters: 0 0 0

#Transform 53
Transform: AffineTransform_float_3_3
Parameters: 1 -0.000321831 -0.000163334 0.00032217 1 0.00103595 0.000163666 -0.00103605 1 0.0129448 -0.0131263 0.0550214
FixedParameters: 0 0 0

#Transform 54
Transform: AffineTransform_float_3_3
Parameters: 0.999999 -0.000693202 0.00014 0.000693797 0.999998 0.0014431 -0.000141001 -0.0014429 0.999999 -0.0289109 -0.0346274 0.0565635
FixedParameters: 0 0 0

#Transform 55
Transform: AffineTransform_float_3_3
Parameters: 1 -0.000365913 -0.000150212 0.000366087 1 0.000579945 0.000149788 -0.000580055 1 0.0253064 0.0233751 0.0161854
FixedParameters: 0 0 0

#Transform 56
Transform: AffineTransform_float_3_3
Parameters: 1 -0.000422144 0.00012351 0.000421857 0.999999 0.00116105 -0.00012349 -0.00116095 1 -0.0213033 -0.00668631 0.0352489
FixedParameters: 0 0 0

#Transform 57
Transform: AffineTransform_float_3_3
Parameters: 1 -0.000385948 -6.13288e-05 0.000386052 0.999999 0.000851976 6.16711e-05 -0.000852023 0.999999 0.00391954 0.0224844 0.0105377
FixedParameters: 0 0 0

#Transform 58
Transform: AffineTransform_float_3_3
Parameters: 1 -0.000330475 0.000332528 0.000330525 0.999999 0.00142811 -0.000332473 -0.00142889 0.999999 -0.0352017 -0.0231394 0.0550497
FixedParameters: 0 0 0

#Transform 59
Transform: AffineTransform_float_3_3
Parameters: 1 -0.000486804 -0.000180529 0.000486195 1 0.00108591 0.000179473 -0.00108509 1 0.0183857 -0.00218498 0.0294744
FixedParameters: 0 0 0

#Transform 60
Transform: AffineTransform_float_3_3
Parameters: 1 -0.000330022 1.2432e-05 0.000329979 0.999999 0.001721 -1.25679e-05 -0.001721 0.999998 -0.0151991 -0.0686677 0.0795778
FixedParameters: 0 0 0

#Transform 61
Transform: AffineTransform_float_3_3
Parameters: 0.999999 -0.000590451 -0.000494656 0.000591549 0.999999 0.00110971 0.000494344 -0.00111029 1 0.0567811 -0.00142771 0.030986
FixedParameters: 0 0 0

#Transform 62
Transform: AffineTransform_float_3_3
Parameters: 0.999999 -0.000706636 -0.000216194 0.000707364 0.999999 0.00168885 0.000214805 -0.00168915 0.999998 0.0209547 -0.0591456 0.072408
FixedParameters: 0 0 0

#Transform 63
Transform: AffineTransform_float_3_3
Parameters: 0.999999 -0.000606387 -0.000494752 0.000606613 0.999999 0.0012397 0.000494248 -0.0012403 0.999999 0.0569262 -0.0154289 0.0673615
FixedParameters: 0 0 0

#Transform 64
Transform: AffineTransform_float_3_3
Parameters: 1 -0.000666757 -0.000154053 0.000667242 0.999998 0.0015789 0.000152947 -0.0015791 0.999998 0.0193756 -0.0496354 0.0714508
FixedParameters: 0 0 0

#Transform 65
Transform: AffineTransform_float_3_3
Parameters: 0.999999 -0.000673233 -0.000495044 0.000673766 0.999998 0.00154967 0.000493956 -0.00155033 0.999998 0.0376683 -0.0562746 0.0817857
FixedParameters: 0 0 0

#Transform 66
Transform: AffineTransform_float_3_3
Parameters: 0.999999 -0.000764728 -0.000188106 0.000765272 0.999998 0.00144586 0.000187893 -0.00144614 0.999999 0.0302811 -0.0253424 0.0519321
FixedParameters: 0 0 0

#Transform 67
Transform: AffineTransform_float_3_3
Parameters: 0.999999 -0.000742888 -0.00049567 0.000744112 0.999997 0.00224663 0.00049433 -0.00224637 0.999998 0.0382976 -0.10029 0.11273
FixedParameters: 0 0 0

#Transform 68
Transform: AffineTransform_float_3_3
Parameters: 0.999999 -0.000677292 -0.000494969 0.000677707 0.999998 0.00143066 0.000494031 -0.00143033 0.999999 0.0518589 -0.0341758 0.0656295
FixedParameters: 0 0 0

#Transform 69
Transform: AffineTransform_float_3_3
Parameters: 1 -0.000607864 -7.21545e-05 0.000608136 0.999998 0.00189896 7.08453e-05 -0.00189904 0.999998 0.0118219 -0.0765487 0.108731
FixedParameters: 0 0 0

#Transform 70
Transform: AffineTransform_float_3_3
Parameters: 0.999999 -0.000672035 -0.000495312 0.000672966 0.999998 0.00195067 0.000494688 -0.00195133 0.999998 0.0358775 -0.0936912 0.13595
FixedParameters: 0 0 0

#Transform 71
Transform: AffineTransform_float_3_3
Parameters: 0.999999 -0.000730235 -0.000495128 0.000730763 0.999998 0.00154464 0.000493871 -0.00154536 0.999998 0.0474598 -0.0381862 0.0698438
FixedParameters: 0 0 0

#Transform 72
Transform: AffineTransform_float_3_3
Parameters: 1 -0.000329608 -0.000141915 0.000330393 0.999996 0.00277395 0.000141084 -0.00277405 0.999996 0.0109374 -0.130563 0.140121
FixedParameters: 0 0 0

#Transform 73
Transform: AffineTransform_float_3_3
Parameters: 0.999999 -0.000754162 -0.000495277 0.000754838 0.999999 0.00169263 0.000494723 -0.00169338 0.999999 0.0547387 -0.0640909 0.100027
FixedParameters: 0 0 0

#Transform 74
Transform: AffineTransform_float_3_3
Parameters: 0.999999 -0.000747451 -0.000496339 0.00074855 0.999995 0.00312663 0.000494661 -0.00312737 0.999995 0.0329768 -0.159846 0.133689
FixedParameters: 0 0 0

#Transform 75
Transform: AffineTransform_float_3_3
Parameters: 1 -0.000751704 -0.000888947 0.000754297 0.999997 0.00258533 0.000887053 -0.00258667 0.999997 0.0759424 -0.132271 0.113053
FixedParameters: 0 0 0

#Transform 76
Transform: AffineTransform_float_3_3
Parameters: 0.999999 -0.000752658 -0.000496042 0.000754342 0.999996 0.00271063 0.000493957 -0.00271137 0.999996 0.0454929 -0.127724 0.121476
FixedParameters: 0 0 0

#Transform 77
Transform: AffineTransform_float_3_3
Parameters: 1 -0.00102806 -0.000495947 0.00102894 0.999997 0.00189249 0.000494054 -0.00189251 0.999998 0.0536713 -0.0933531 0.126294
FixedParameters: 0 0 0

#Transform 78
Transform: AffineTransform_float_3_3
Parameters: 0.999999 -0.00106172 -0.000655074 0.00106228 0.999998 0.00195231 0.000652926 -0.0019537 0.999998 0.0822366 -0.0609636 0.0951781
FixedParameters: 0 0 0

#Transform 79
Transform: AffineTransform_float_3_3
Parameters: 1 -0.0010767 -0.000496825 0.0010773 0.999996 0.00262147 0.000494177 -0.00262254 0.999997 0.0417172 -0.122939 0.145286
FixedParameters: 0 0 0

#Transform 80
Transform: AffineTransform_float_3_3
Parameters: 0.999999 -0.00121623 -0.000495904 0.00121777 0.999998 0.0015644 0.000494096 -0.0015646 0.999998 0.0734903 -0.0387799 0.066909
FixedParameters: 0 0 0

#Transform 81
Transform: AffineTransform_float_3_3
Parameters: 0.999999 -0.000753488 -0.000313235 0.000753514 0.999999 0.00163876 0.000312766 -0.00163824 0.999998 0.0347257 -0.0216926 0.0436965
FixedParameters: 0 0 0

#Transform 82
Transform: AffineTransform_float_3_3
Parameters: 0.999999 -0.00115937 -0.000495483 0.00115963 0.999998 0.00127843 0.000494518 -0.00127857 0.999999 0.0646017 -0.00191417 0.0264941
FixedParameters: 0 0 0

#Transform 83
Transform: AffineTransform_float_3_3
Parameters: 0.999999 -0.00116022 -0.000495837 0.00116078 0.999998 0.00158243 0.000494163 -0.00158357 0.999998 0.0693672 -0.0193376 0.0463428
FixedParameters: 0 0 0

#Transform 84
Transform: AffineTransform_float_3_3
Parameters: 0.999999 -0.00116117 -0.000495942 0.00116183 0.999998 0.00167142 0.000494059 -0.00167157 0.999998 0.0548416 -0.0404686 0.0651483
FixedParameters: 0 0 0

#Transform 85
Transform: AffineTransform_float_3_3
Parameters: 0.999999 -0.00118797 -0.00049648 0.00118903 0.999997 0.00208641 0.000494519 -0.00208759 0.999997 0.0717397 -0.0478799 0.0662156
FixedParameters: 0 0 0

#Transform 86
Transform: AffineTransform_float_3_3
Parameters: 1 -0.000904857 -0.000496092 0.000906144 0.999997 0.00230955 0.000493908 -0.00231045 0.999997 0.0424145 -0.0974738 0.101711
FixedParameters: 0 0 0

#Transform 87
Transform: AffineTransform_float_3_3
Parameters: 0.999999 -0.00122817 -0.00049606 0.00122983 0.999998 0.00167639 0.000493939 -0.00167661 0.999999 0.0699126 -0.0260481 0.068454
FixedParameters: 0 0 0

#Transform 88
Transform: AffineTransform_float_3_3
Parameters: 0.999999 -0.00121108 -0.000413698 0.00121192 0.999997 0.0022265 0.000411302 -0.0022275 0.999998 0.0368634 -0.0805495 0.109226
FixedParameters: 0 0 0

#Transform 89
Transform: AffineTransform_float_3_3
Parameters: 0.999999 -0.00124617 -0.000459262 0.00124683 0.999997 0.00181443 0.000456738 -0.00181557 0.999998 0.0591706 -0.0577384 0.0721725
FixedParameters: 0 0 0

#Transform 90
Transform: AffineTransform_float_3_3
Parameters: 1 -0.0011533 -0.000291786 0.0011537 0.999996 0.00241466 0.000289216 -0.00241433 0.999997 0.0229892 -0.0910473 0.122688
FixedParameters: 0 0 0

#Transform 91
Transform: AffineTransform_float_3_3
Parameters: 0.999999 -0.00124232 -0.000365314 0.00124268 0.999997 0.00186155 0.000363688 -0.00186145 0.999998 0.0468692 -0.0702158 0.117475
FixedParameters: 0 0 0

#Transform 92
Transform: AffineTransform_float_3_3
Parameters: 0.999999 -0.00124248 -0.000218985 0.00124252 0.999997 0.00240173 0.000216016 -0.00240227 0.999997 0.0332202 -0.0935191 0.155818
FixedParameters: 0 0 0

#Transform 93
Transform: AffineTransform_float_3_3
Parameters: 1 -0.00112004 -0.000470298 0.00112096 0.999998 0.00205047 0.000467702 -0.00205153 0.999998 0.052333 -0.0758012 0.140426
FixedParameters: 0 0 0

#Transform 94
Transform: AffineTransform_float_3_3
Parameters: 0.999999 -0.00124105 -0.000762184 0.00124295 0.999996 0.00256306 0.000758817 -0.00256395 0.999997 0.0826224 -0.0901206 0.0949356
FixedParameters: 0 0 0

#Transform 95
Transform: AffineTransform_float_3_3
Parameters: 0.999999 -0.00124042 -0.000726421 0.00124258 0.999993 0.0035601 0.000722581 -0.0035609 0.999994 0.0693632 -0.189339 0.195222
FixedParameters: 0 0 0

#Transform 96
Transform: AffineTransform_float_3_3
Parameters: 0.999998 -0.00143746 -0.000704155 0.00143854 0.999996 0.00219299 0.000700846 -0.00219401 0.999998 0.0831365 -0.0754426 0.101828
FixedParameters: 0 0 0

#Transform 97
Transform: AffineTransform_float_3_3
Parameters: 0.999999 -0.00124237 -0.000302587 0.00124263 0.999997 0.00208163 0.000300413 -0.00208237 0.999998 0.0364763 -0.073503 0.113487
FixedParameters: 0 0 0

#Transform 98
Transform: AffineTransform_float_3_3
Parameters: 0.999999 -0.00124188 -0.000610282 0.00124312 0.999997 0.00183624 0.000607718 -0.00183676 0.999998 0.078727 -0.0579873 0.106729
FixedParameters: 0 0 0

#Transform 99
Transform: AffineTransform_float_3_3
Parameters: 0.999999 -0.00124085 -0.000695842 0.00124315 0.999995 0.00309314 0.000692158 -0.00309386 0.999995 0.0501087 -0.136655 0.16082
FixedParameters: 0 0 0

#Transform 100
Transform: AffineTransform_float_3_3
Parameters: 0.999999 -0.00124146 -0.000711685 0.00124253 0.999997 0.00216112 0.000708316 -0.00216188 0.999998 0.0797683 -0.0886259 0.134207
FixedParameters: 0 0 0

#Transform 101
Transform: AffineTransform_float_3_3
Parameters: 0.999999 -0.00132521 -0.000721306 0.00132679 0.999996 0.00249304 0.000717694 -0.00249395 0.999996 0.0811076 -0.0824847 0.118737
FixedParameters: 0 0 0

#Transform 102
Transform: AffineTransform_float_3_3
Parameters: 0.999999 -0.00124112 -0.000629726 0.00124288 0.999994 0.00299922 0.000626275 -0.00299978 0.999996 0.0545548 -0.140673 0.163544
FixedParameters: 0 0 0

#Transform 103
Transform: AffineTransform_float_3_3
Parameters: 0.999999 -0.00140442 -0.000658374 0.00140558 0.999996 0.00240108 0.000655626 -0.00240192 0.999997 0.077765 -0.0759172 0.0907415
FixedParameters: 0 0 0

#Transform 104
Transform: AffineTransform_float_3_3
Parameters: 0.999999 -0.00124205 -0.000303918 0.00124295 0.999995 0.00315263 0.000300082 -0.00315338 0.999995 0.029441 -0.154442 0.170033
FixedParameters: 0 0 0

#Transform 105
Transform: AffineTransform_float_3_3
Parameters: 0.999999 -0.00124231 -0.000302856 0.00124269 0.999996 0.00229763 0.000300145 -0.00229837 0.999998 0.0475804 -0.086878 0.125546
FixedParameters: 0 0 0

#Transform 106
Transform: AffineTransform_float_3_3
Parameters: 0.999999 -0.00118055 -0.000457748 0.00118245 0.999995 0.00317246 0.00045425 -0.00317354 0.999995 0.0360731 -0.152543 0.176264
FixedParameters: 0 0 0

#Transform 107
Transform: AffineTransform_float_3_3
Parameters: 1 -0.000891546 -0.000501594 0.000893453 0.999996 0.00290655 0.000498405 -0.00290745 0.999995 0.0496584 -0.143289 0.173886
FixedParameters: 0 0 0

#Transform 108
Transform: AffineTransform_float_3_3
Parameters: 1 -0.00102679 -0.000304106 0.00102721 0.999992 0.00399669 0.000299898 -0.00399631 0.999992 0.0384982 -0.17881 0.184706
FixedParameters: 0 0 0

#Transform 109
Transform: AffineTransform_float_3_3
Parameters: 0.999999 -0.00119614 -0.000303418 0.00119686 0.999995 0.00285664 0.000300582 -0.00285736 0.999996 0.0398847 -0.1343 0.191915
FixedParameters: 0 0 0

#Transform 110
Transform: AffineTransform_float_3_3
Parameters: 0.999999 -0.0012949 -0.000304728 0.00129611 0.999993 0.00364961 0.000300272 -0.00364939 0.999994 0.0406789 -0.169024 0.171571
FixedParameters: 0 0 0

#Transform 111
Transform: AffineTransform_float_3_3
Parameters: 0.999999 -0.00134791 -0.000304869 0.00134909 0.999992 0.00361059 0.00030013 -0.00361141 0.999994 0.0242347 -0.182268 0.198772
FixedParameters: 0 0 0

#Transform 112
Transform: AffineTransform_float_3_3
Parameters: 0.999998 -0.00155473 -0.00056153 0.00155627 0.999996 0.00226913 0.00055747 -0.00226987 0.999998 0.0621686 -0.0643694 0.109718
FixedParameters: 0 0 0

#Transform 113
Transform: AffineTransform_float_3_3
Parameters: 0.999998 -0.00160428 -0.000303825 0.00160472 0.999996 0.00238352 0.000300176 -0.00238348 0.999997 0.0103717 -0.0716944 0.0805131
FixedParameters: 0 0 0

#Transform 114
Transform: AffineTransform_float_3_3
Parameters: 0.999998 -0.00165698 -0.00052521 0.00165801 0.999997 0.00193613 0.00052179 -0.00193687 0.999998 0.0756144 -0.000253689 0.0337137
FixedParameters: 0 0 0

#Transform 115
Transform: AffineTransform_float_3_3
Parameters: 0.999998 -0.00101474 -0.00126232 0.00102426 0.999966 0.00815772 0.00125369 -0.00815828 0.999966 0.088181 -0.492451 0.420363
FixedParameters: 0 0 0

#Transform 116
Transform: AffineTransform_float_3_3
Parameters: 0.999998 -0.00106778 -0.00136147 0.00108121 0.999952 0.00974554 0.00135052 -0.00974745 0.999951 0.109206 -0.524749 0.416914
FixedParameters: 0 0 0

#Transform 117
Transform: AffineTransform_float_3_3
Parameters: 0.999997 -0.00109893 -0.00194957 0.00111408 0.99997 0.00774785 0.00194142 -0.00775016 0.999968 0.168886 -0.452427 0.44928
FixedParameters: 0 0 0

#Transform 118
Transform: AffineTransform_float_3_3
Parameters: 0.999998 -0.00127741 -0.00163512 0.0012886 0.999974 0.00710891 0.00162688 -0.0071111 0.999974 0.139316 -0.419703 0.427505
FixedParameters: 0 0 0

#Transform 119
Transform: AffineTransform_float_3_3
Parameters: 0.999999 -0.0014878 -0.00109287 0.0014952 0.999977 0.00661838 0.00108313 -0.00662063 0.999978 0.102004 -0.369337 0.359805
FixedParameters: 0 0 0

#Transform 120
Transform: AffineTransform_float_3_3
Parameters: 0.999999 -0.00163576 -0.000890689 0.00164124 0.999981 0.00591255 0.00088131 -0.00591445 0.999982 0.0627741 -0.303756 0.288545
FixedParameters: 0 0 0

#Transform 121
Transform: AffineTransform_float_3_3
Parameters: 0.999998 -0.00197156 -0.00109883 0.00197745 0.999985 0.00497584 0.00108917 -0.00497816 0.999987 0.103979 -0.256124 0.238774
FixedParameters: 0 0 0

#Transform 122
Transform: AffineTransform_float_3_3
Parameters: 0.999997 -0.0019701 -0.00100266 0.00197689 0.999974 0.00692303 0.000988335 -0.00692496 0.999975 0.0861492 -0.379499 0.356665
FixedParameters: 0 0 0

#Transform 123
Transform: AffineTransform_float_3_3
Parameters: 0.999998 -0.00198144 -0.0012237 0.00198857 0.999984 0.00538758 0.0012133 -0.00538942 0.999984 0.118107 -0.277205 0.261359
FixedParameters: 0 0 0

#Transform 124
Transform: AffineTransform_float_3_3
Parameters: 0.999997 -0.00194708 -0.000991714 0.00195292 0.99998 0.00600608 0.000979287 -0.00600792 0.999982 0.0876206 -0.310016 0.322804
FixedParameters: 0 0 0

#Transform 125
Transform: AffineTransform_float_3_3
Parameters: 0.999998 -0.00185479 -0.0012815 0.00186222 0.999983 0.00565063 0.0012715 -0.00565238 0.999983 0.126169 -0.306475 0.316004
FixedParameters: 0 0 0

#Transform 126
Transform: AffineTransform_float_3_3
Parameters: 0.999998 -0.00198564 -0.0011775 0.00199236 0.999979 0.00628067 0.00116451 -0.00628233 0.999979 0.102733 -0.330817 0.323359
FixedParameters: 0 0 0

#Transform 127
Transform: AffineTransform_float_3_3
Parameters: 0.999999 -0.0016105 -0.000921459 0.00161751 0.999974 0.00709953 0.00091054 -0.00710048 0.999975 0.0468844 -0.389307 0.361336
FixedParameters: 0 0 0

#Transform 128
Transform: AffineTransform_float_3_3
Parameters: 0.999998 -0.00185839 -0.00131823 0.00186762 0.999976 0.00656255 0.00130677 -0.00656544 0.999977 0.113521 -0.341934 0.294624
FixedParameters: 0 0 0

#Transform 129
Transform: AffineTransform_float_3_3
Parameters: 0.999998 -0.00185508 -0.00135448 0.00186692 0.999959 0.00885249 0.00133752 -0.0088545 0.99996 0.0958551 -0.469543 0.384291
FixedParameters: 0 0 0

#Transform 130
Transform: AffineTransform_float_3_3
Parameters: 0.999997 -0.0018577 -0.00103291 0.0018673 0.999957 0.00907909 0.00101609 -0.00908091 0.999959 0.093362 -0.403901 0.323056
FixedParameters: 0 0 0

#Transform 131
Transform: AffineTransform_float_3_3
Parameters: 0.999997 -0.00209643 -0.00125257 0.00210857 0.999955 0.00930639 0.00123343 -0.00930862 0.999956 0.0914547 -0.452352 0.398222
FixedParameters: 0 0 0

#Transform 132
Transform: AffineTransform_float_3_3
Parameters: 0.999997 -0.0020916 -0.00130679 0.0021024 0.999965 0.00800828 0.0012902 -0.00801072 0.999967 0.11219 -0.390112 0.348772
FixedParameters: 0 0 0

#Transform 133
Transform: AffineTransform_float_3_3
Parameters: 0.999997 -0.00234014 -0.0012712 0.00235186 0.99996 0.00861204 0.00125079 -0.00861496 0.999962 0.0960573 -0.424081 0.379132
FixedParameters: 0 0 0

#Transform 134
Transform: AffineTransform_float_3_3
Parameters: 0.999996 -0.00221805 -0.00170134 0.00223195 0.999963 0.00824124 0.00168366 -0.00824477 0.999965 0.144928 -0.404193 0.360276
FixedParameters: 0 0 0

#Transform 135
Transform: AffineTransform_float_3_3
Parameters: 0.999997 -0.00236512 -0.00133921 0.00237689 0.999957 0.00894285 0.00131879 -0.00894615 0.999959 0.117404 -0.442472 0.345398
FixedParameters: 0 0 0

#Transform 136
Transform: AffineTransform_float_3_3
Parameters: 0.999998 -0.00139989 -0.00180041 0.0014211 0.999923 0.0123375 0.0017826 -0.0123395 0.999923 0.135902 -0.554307 0.417852
FixedParameters: 0 0 0

#Transform 137
Transform: AffineTransform_float_3_3
Parameters: 0.999997 -0.00199421 -0.00135008 0.00200679 0.999953 0.00953732 0.00133092 -0.00953968 0.999953 0.131008 -0.427742 0.340569
FixedParameters: 0 0 0

#Transform 138
Transform: AffineTransform_float_3_3
Parameters: 0.999997 -0.00180174 -0.00160346 0.00181827 0.999947 0.0101991 0.00158553 -0.0102019 0.999946 0.115288 -0.50885 0.452794
FixedParameters: 0 0 0

#Transform 139
Transform: AffineTransform_float_3_3
Parameters: 0.999996 -0.00227466 -0.00152655 0.00228634 0.999965 0.00813054 0.00150746 -0.00813346 0.999966 0.161238 -0.393256 0.351742
FixedParameters: 0 0 0

#Transform 140
Transform: AffineTransform_float_3_3
Parameters: 0.999996 -0.00261368 -0.00122231 0.00262432 0.999961 0.00851883 0.00119969 -0.00852117 0.999963 0.105622 -0.422729 0.40766
FixedParameters: 0 0 0

#Transform 141
Transform: AffineTransform_float_3_3
Parameters: 0.999995 -0.00264751 -0.00174465 0.00266149 0.999966 0.0077764 0.00172435 -0.00778061 0.999968 0.173739 -0.378264 0.380859
FixedParameters: 0 0 0

#Transform 142
Transform: AffineTransform_float_3_3
Parameters: 0.999995 -0.00266181 -0.00162185 0.00267518 0.999963 0.0081847 0.00159915 -0.0081893 0.999965 0.156896 -0.384517 0.356583
FixedParameters: 0 0 0

#Transform 143
Transform: AffineTransform_float_3_3
Parameters: 0.999997 -0.00248351 -0.00106895 0.00249249 0.999964 0.00801937 0.00104904 -0.00802163 0.999968 0.0763059 -0.396342 0.345217
FixedParameters: 0 0 0

#Transform 144
Transform: AffineTransform_float_3_3
Parameters: 0.999996 -0.002752 -0.00127776 0.002762 0.999965 0.00788951 0.00125625 -0.00789249 0.999968 0.137933 -0.366792 0.304531
FixedParameters: 0 0 0

#Transform 145
Transform: AffineTransform_float_3_3
Parameters: 0.999995 -0.00260502 -0.00174312 0.00262098 0.999954 0.00922648 0.00171888 -0.00923152 0.999956 0.162649 -0.449428 0.37514
FixedParameters: 0 0 0

#Transform 146
Transform: AffineTransform_float_3_3
Parameters: 0.999996 -0.00263533 -0.00153694 0.00264768 0.999962 0.00830397 0.00151506 -0.00830803 0.999965 0.15012 -0.396983 0.355826
FixedParameters: 0 0 0

#Transform 147
Transform: AffineTransform_float_3_3
Parameters: 0.999996 -0.00255795 -0.00127541 0.00256905 0.999959 0.00873976 0.00125259 -0.00874224 0.999961 0.118058 -0.413701 0.372078
FixedParameters: 0 0 0

#Transform 148
Transform: AffineTransform_float_3_3
Parameters: 0.999996 -0.00232254 -0.00161599 0.00233746 0.999956 0.00900626 0.00159501 -0.00900974 0.999958 0.135927 -0.459963 0.407943
FixedParameters: 0 0 0

#Transform 149
Transform: AffineTransform_float_3_3
Parameters: 0.999994 -0.00272191 -0.00176506 0.00273809 0.999954 0.00917622 0.00173994 -0.00918079 0.999957 0.16643 -0.44959 0.389465
FixedParameters: 0 0 0

#Transform 150
Transform: AffineTransform_float_3_3
Parameters: 0.999996 -0.00255249 -0.00133814 0.00256451 0.999952 0.00943261 0.00131386 -0.00943639 0.999954 0.0895082 -0.486601 0.436226
FixedParameters: 0 0 0

#Transform 151
Transform: AffineTransform_float_3_3
Parameters: 0.999995 -0.00286134 -0.00117774 0.00287165 0.999961 0.00828065 0.00115326 -0.00828334 0.999965 0.101597 -0.398181 0.367083
FixedParameters: 0 0 0

#Transform 152
Transform: AffineTransform_float_3_3
Parameters: 0.999995 -0.00272876 -0.00105911 0.00273824 0.999958 0.00881914 0.00103489 -0.00882186 0.99996 0.100378 -0.446947 0.433261
FixedParameters: 0 0 0

#Transform 153
Transform: AffineTransform_float_3_3
Parameters: 0.999994 -0.00288447 -0.00154464 0.00289653 0.999963 0.00817458 0.00152037 -0.00817844 0.999966 0.149701 -0.391757 0.372854
FixedParameters: 0 0 0

#Transform 154
Transform: AffineTransform_float_3_3
Parameters: 0.999995 -0.00278948 -0.00134036 0.00280151 0.999951 0.00942828 0.00131364 -0.0094327 0.999954 0.106414 -0.480035 0.439162
FixedParameters: 0 0 0

#Transform 155
Transform: AffineTransform_float_3_3
Parameters: 0.999995 -0.00287573 -0.00133848 0.00288726 0.99996 0.00849418 0.00131352 -0.00849782 0.999963 0.12464 -0.425503 0.403874
FixedParameters: 0 0 0

#Transform 156
Transform: AffineTransform_float_3_3
Parameters: 0.999994 -0.00295817 -0.00134041 0.00296982 0.999956 0.00890806 0.00131359 -0.00891193 0.999959 0.113474 -0.427577 0.390567
FixedParameters: 0 0 0

#Transform 157
Transform: AffineTransform_float_3_3
Parameters: 0.999995 -0.00267371 -0.00133884 0.00268629 0.999954 0.00926645 0.00131316 -0.00926956 0.999956 0.0945806 -0.491371 0.444035
FixedParameters: 0 0 0

#Transform 158
Transform: AffineTransform_float_3_3
Parameters: 0.999995 -0.00261983 -0.00140198 0.00263117 0.999959 0.00874835 0.00137903 -0.00875265 0.99996 0.109173 -0.428595 0.380368
FixedParameters: 0 0 0

#Transform 159
Transform: AffineTransform_float_3_3
Parameters: 0.999996 -0.00257326 -0.00116307 0.00258374 0.999953 0.00933103 0.00113894 -0.00933397 0.999956 0.0620486 -0.505202 0.523391
FixedParameters: 0 0 0

#Transform 160
Transform: AffineTransform_float_3_3
Parameters: 0.999996 -0.00277273 -0.000760256 0.00277927 0.999961 0.00837692 0.000736741 -0.00837907 0.999964 0.0460857 -0.442213 0.478184
FixedParameters: 0 0 0

#Transform 161
Transform: AffineTransform_float_3_3
Parameters: 0.999996 -0.00271279 -0.00132029 0.00272421 0.999959 0.00856644 0.00129671 -0.00857056 0.999963 0.0783534 -0.493141 0.575571
FixedParameters: 0 0 0

#Transform 162
Transform: AffineTransform_float_3_3
Parameters: 0.999995 -0.00281267 -0.000952954 0.00282132 0.999957 0.00885735 0.000927044 -0.00885965 0.999961 0.064976 -0.493799 0.537662
FixedParameters: 0 0 0

#Transform 163
Transform: AffineTransform_float_3_3
Parameters: 0.999995 -0.00303513 -0.0014193 0.00304487 0.999971 0.00700271 0.0013977 -0.00700728 0.999974 0.15662 -0.376882 0.426256
FixedParameters: 0 0 0

#Transform 164
Transform: AffineTransform_float_3_3
Parameters: 0.999995 -0.00289161 -0.00134673 0.00290339 0.99996 0.00853413 0.00132226 -0.00853787 0.999962 0.133233 -0.459044 0.513048
FixedParameters: 0 0 0

#Transform 165
Transform: AffineTransform_float_3_3
Parameters: 0.999995 -0.00292202 -0.00120305 0.00293098 0.999968 0.00753251 0.00118095 -0.00753549 0.999971 0.109176 -0.403017 0.42633
FixedParameters: 0 0 0

#Transform 166
Transform: AffineTransform_float_3_3
Parameters: 0.999993 -0.00325492 -0.0013977 0.00326508 0.999969 0.00726748 0.0013743 -0.00727252 0.999972 0.173418 -0.357061 0.379992
FixedParameters: 0 0 0

#Transform 167
Transform: AffineTransform_float_3_3
Parameters: 0.999994 -0.00302635 -0.0013161 0.00303764 0.999955 0.00893605 0.0012889 -0.00893995 0.999959 0.099688 -0.485719 0.467028
FixedParameters: 0 0 0

#Transform 168
Transform: AffineTransform_float_3_3
Parameters: 0.999995 -0.00277668 -0.00135732 0.00278732 0.999966 0.00766325 0.00133567 -0.00766774 0.999969 0.144329 -0.384837 0.378306
FixedParameters: 0 0 0

#Transform 169
Transform: AffineTransform_float_3_3
Parameters: 0.999995 -0.00289254 -0.00123618 0.00290446 0.999952 0.00937446 0.00120882 -0.00937754 0.999956 0.107262 -0.508356 0.482406
FixedParameters: 0 0 0

#Transform 170
Transform: AffineTransform_float_3_3
Parameters: 0.999995 -0.00289274 -0.00139165 0.00290426 0.999963 0.008159 0.00136834 -0.008163 0.999965 0.142943 -0.426903 0.412096
FixedParameters: 0 0 0

#Transform 171
Transform: AffineTransform_float_3_3
Parameters: 0.999996 -0.0028949 -0.000934655 0.00290409 0.999947 0.00988133 0.000905342 -0.00988466 0.99995 0.0636906 -0.562908 0.535007
FixedParameters: 0 0 0

#Transform 172
Transform: AffineTransform_float_3_3
Parameters: 0.999995 -0.00298263 -0.000956305 0.00298937 0.999965 0.00780218 0.000932701 -0.00780482 0.999969 0.116217 -0.399383 0.393485
FixedParameters: 0 0 0

#Transform 173
Transform: AffineTransform_float_3_3
Parameters: 0.999995 -0.00300309 -0.00100991 0.00301192 0.999956 0.00894601 0.000983091 -0.00894901 0.99996 0.0853534 -0.478311 0.442595
FixedParameters: 0 0 0

#Transform 174
Transform: AffineTransform_float_3_3
Parameters: 0.999995 -0.0030513 -0.000980299 0.0030597 0.999963 0.00795204 0.000956695 -0.00795496 0.999968 0.116464 -0.39579 0.38536
FixedParameters: 0 0 0

#Transform 175
Transform: AffineTransform_float_3_3
Parameters: 0.999994 -0.00319217 -0.00137616 0.00320483 0.999951 0.00942565 0.00134584 -0.00943035 0.999954 0.115241 -0.498791 0.49595
FixedParameters: 0 0 0

#Transform 176
Transform: AffineTransform_float_3_3
Parameters: 0.999995 -0.00307939 -0.00131218 0.00308961 0.999962 0.00816099 0.00128682 -0.00816501 0.999966 0.121366 -0.417494 0.421032
FixedParameters: 0 0 0

#Transform 177
Transform: AffineTransform_float_3_3
Parameters: 0.999995 -0.0029535 -0.00112036 0.00296249 0.999959 0.00857072 0.00109464 -0.00857427 0.999962 0.0988252 -0.42528 0.438467
FixedParameters: 0 0 0

#Transform 178
Transform: AffineTransform_float_3_3
Parameters: 0.999994 -0.00326912 -0.00111734 0.00327688 0.999969 0.00712838 0.00109366 -0.00713162 0.999974 0.109711 -0.336838 0.369145
FixedParameters: 0 0 0

#Transform 179
Transform: AffineTransform_float_3_3
Parameters: 0.999994 -0.00311838 -0.00150629 0.00312962 0.999965 0.00777233 0.00148271 -0.00777767 0.999968 0.150101 -0.364653 0.362007
FixedParameters: 0 0 0
