#Insight Transform File V1.0
#Transform 0
Transform: AffineTransform_float_3_3
Parameters: 0.999999 -0.00080191 0.000285252 0.000802089 0.999999 -0.000313771 -0.000284748 0.000314228 1 0.0951891 -0.0278782 -0.352609
FixedParameters: 0 0 0

#Transform 1
Transform: AffineTransform_float_3_3
Parameters: 1 0.000344772 -0.000137572 -0.000345228 0.999998 -0.00165895 0.000137427 0.00165905 0.999998 0.00142639 0.162297 -0.0400954
FixedParameters: 0 0 0

#Transform 2
Transform: AffineTransform_float_3_3
Parameters: 0.999999 0.000747808 -0.0002885 -0.000748193 1 -0.000668785 0.0002875 0.000668215 0.999999 0.0166631 0.139531 -0.0166513
FixedParameters: 0 0 0

#Transform 3
Transform: AffineTransform_float_3_3
Parameters: 1 0.00043572 -0.000288424 -0.00043628 1 -0.000971875 0.000287576 0.000972126 1 0.0182756 0.184125 -0.00823484
FixedParameters: 0 0 0

#Transform 4
Transform: AffineTransform_float_3_3
Parameters: 1 8.80423e-05 -0.000161977 -8.79577e-05 1 0.000261014 0.000162023 -0.000260986 1 -0.0013074 0.0837503 0.00117906
FixedParameters: 0 0 0

#Transform 5
Transform: AffineTransform_float_3_3
Parameters: 1 0.000379934 -0.000195128 -0.000380066 1 -0.000337926 0.000194872 0.000338074 1 0.0110827 0.110669 0.0118662
FixedParameters: 0 0 0

#Transform 6
Transform: AffineTransform_float_3_3
Parameters: 1 0.000423982 -8.70861e-05 -0.000424018 1 -0.000202963 8.69139e-05 0.000203037 1 -0.00465728 0.114461 0.00548294
FixedParameters: 0 0 0

#Transform 7
Transform: AffineTransform_float_3_3
Parameters: 1 -0.000184381 -0.000283753 0.000184619 0.999999 -0.00134205 0.000284248 0.00134195 0.999999 0.00894727 0.191014 -0.0338075
FixedParameters: 0 0 0

#Transform 8
Transform: AffineTransform_float_3_3
Parameters: 1 0.000222009 9.1978e-05 -0.000221991 1 -9.90204e-05 -9.2022e-05 9.89796e-05 1 -0.0264219 0.120524 0.000806645
FixedParameters: 0 0 0

#Transform 9
Transform: AffineTransform_float_3_3
Parameters: 1 -0.000128011 -0.000298995 0.000127989 1 -3.80383e-05 0.000299005 3.79617e-05 1 -0.00340963 0.116431 -0.00422967
FixedParameters: 0 0 0

#Transform 10
Transform: AffineTransform_float_3_3
Parameters: 1 -0.000127997 -0.000385001 0.000128003 1 8.95072e-06 0.000384999 -8.04928e-06 1 0.0138074 0.120798 -0.00214798
FixedParameters: 0 0 0

#Transform 11
Transform: AffineTransform_float_3_3
Parameters: 1 0.000177969 -0.000333017 -0.000178031 1 -9.29407e-05 0.000332983 9.30593e-05 1 0.00463303 0.11903 -0.002565
FixedParameters: 0 0 0

#Transform 12
Transform: AffineTransform_float_3_3
Parameters: 1 -0.00012805 -0.000105939 0.00012795 1 -0.000476013 0.000106061 0.000475986 1 0.0021016 0.151525 -0.00517733
FixedParameters: 0 0 0

#Transform 13
Transform: AffineTransform_float_3_3
Parameters: 1 -0.000128004 -0.000428999 0.000127996 1 -9.05491e-06 0.000429001 8.94509e-06 1 0.00449473 0.129178 -0.0120824
FixedParameters: 0 0 0

#Transform 14
Transform: AffineTransform_float_3_3
Parameters: 1 -0.00012812 -0.000214929 0.00012788 1 -0.000557027 0.000215071 0.000556972 1 0.00847324 0.16145 -0.00408037
FixedParameters: 0 0 0

#Transform 15
Transform: AffineTransform_float_3_3
Parameters: 1 -0.000176305 -0.000219756 0.000176695 0.999999 -0.00138704 0.000220245 0.00138696 0.999999 0.00516755 0.186262 -0.0287818
FixedParameters: 0 0 0

#Transform 16
Transform: AffineTransform_float_3_3
Parameters: 1 -0.000297213 -0.000328807 0.000296786 0.999999 -0.000649097 0.000329193 0.000648902 0.999999 0.00289302 0.154741 -0.00526567
FixedParameters: 0 0 0

#Transform 17
Transform: AffineTransform_float_3_3
Parameters: 1 8.09666e-05 -0.000237011 -8.10334e-05 1 -0.000140981 0.000236989 0.000141019 1 0.00869997 0.123634 -0.00203981
FixedParameters: 0 0 0

#Transform 18
Transform: AffineTransform_float_3_3
Parameters: 1 -0.000466177 -0.000260684 0.000466823 0.999999 -0.000678121 0.000261316 0.000677878 0.999999 0.0127389 0.139411 0.00492449
FixedParameters: 0 0 0

#Transform 19
Transform: AffineTransform_float_3_3
Parameters: 1 -0.000227047 -0.000124915 0.000226953 1 -0.000374028 0.000125085 0.000373972 1 -3.71137e-05 0.119214 0.00622762
FixedParameters: 0 0 0

#Transform 20
Transform: AffineTransform_float_3_3
Parameters: 1 -0.000298086 -0.000174854 0.000297914 1 -0.000490052 0.000175146 0.000489948 1 0.00688835 0.125492 0.0223066
FixedParameters: 0 0 0

#Transform 21
Transform: AffineTransform_float_3_3
Parameters: 1 -0.000303147 -0.000285844 0.000302853 1 -0.000515086 0.000286156 0.000514913 1 0.013428 0.117216 0.0171439
FixedParameters: 0 0 0

#Transform 22
Transform: AffineTransform_float_3_3
Parameters: 1 -7.83972e-05 -0.000451931 7.86026e-05 0.999999 -0.000879035 0.000452069 0.000878964 0.999999 0.0297459 0.155689 0.0146729
FixedParameters: 0 0 0

#Transform 23
Transform: AffineTransform_float_3_3
Parameters: 0.999999 -0.000108323 -0.000746953 0.000107676 1 -0.00043308 0.000747046 0.000432919 0.999999 0.0394834 0.124838 0.00392781
FixedParameters: 0 0 0

#Transform 24
Transform: AffineTransform_float_3_3
Parameters: 1 -0.00010848 -0.000659921 0.00010752 0.999999 -0.000727071 0.000660078 0.000727928 0.999999 0.0477784 0.13599 0.0191764
FixedParameters: 0 0 0

#Transform 25
Transform: AffineTransform_float_3_3
Parameters: 1 -0.000265365 -0.000459789 0.000265635 0.999999 -0.000794122 0.000460211 0.000793877 0.999999 0.0310193 0.1374 0.00732313
FixedParameters: 0 0 0

#Transform 26
Transform: AffineTransform_float_3_3
Parameters: 1 -0.000130096 -0.000261952 0.000130904 1 -0.000367034 0.000262048 0.000366966 1 0.0109625 0.131161 0.0140307
FixedParameters: 0 0 0

#Transform 27
Transform: AffineTransform_float_3_3
Parameters: 0.999999 -2.89427e-05 -0.000716002 2.90573e-05 1 7.99792e-05 0.000715997 -8.00207e-05 0.999999 0.037148 0.0968207 0.0101593
FixedParameters: 0 0 0

#Transform 28
Transform: AffineTransform_float_3_3
Parameters: 1 3.98664e-05 -0.000559009 -4.01336e-05 1 -0.000238978 0.00055899 0.000239022 1 0.0302953 0.115196 0.00700749
FixedParameters: 0 0 0

#Transform 29
Transform: AffineTransform_float_3_3
Parameters: 0.999999 -0.000197884 -0.000796028 0.000198116 1 0.000145842 0.000795971 -0.000146158 0.999999 0.0467352 0.0889878 0.0297543
FixedParameters: 0 0 0

#Transform 30
Transform: AffineTransform_float_3_3
Parameters: 0.999999 -0.000559903 -0.000501108 0.000560097 1 0.000193719 0.000500892 -0.00019328 1 0.0271393 0.0820048 0.0204612
FixedParameters: 0 0 0

#Transform 31
Transform: AffineTransform_float_3_3
Parameters: 0.999999 -0.000560733 -0.000655373 0.000560267 0.999999 -0.00111837 0.000655627 0.00111763 0.999999 0.0361337 0.165069 0.0380961
FixedParameters: 0 0 0

#Transform 32
Transform: AffineTransform_float_3_3
Parameters: 1 -0.000564244 -0.000413667 0.000563756 0.999999 -0.000590233 0.000413332 0.000589767 0.999999 0.0278534 0.148551 0.0202684
FixedParameters: 0 0 0

#Transform 33
Transform: AffineTransform_float_3_3
Parameters: 0.999999 -0.000816084 -0.000189637 0.000815915 0.999999 -0.000445155 0.000190364 0.000445845 1 0.028525 0.138944 0.00856586
FixedParameters: 0 0 0

#Transform 34
Transform: AffineTransform_float_3_3
Parameters: 1 -0.000487097 -0.000110571 0.000486902 0.999999 -0.000880053 0.000111428 0.000879945 0.999999 0.00873251 0.145767 0.0265089
FixedParameters: 0 0 0

#Transform 35
Transform: AffineTransform_float_3_3
Parameters: 1 -0.000628062 -0.0001958 0.000627937 1 -0.000318123 0.0001962 0.000317877 1 0.00251064 0.119652 0.0363199
FixedParameters: 0 0 0

#Transform 36
Transform: AffineTransform_float_3_3
Parameters: 1 -0.000251629 0.000296467 0.000251372 0.999997 0.00212007 -0.000296534 -0.00212092 0.999997 -0.0228908 -0.0362117 0.0553292
FixedParameters: 0 0 0

#Transform 37
Transform: AffineTransform_float_3_3
Parameters: 0.999999 -0.000477904 0.000768059 0.000478095 1 -0.000123633 -0.00076794 0.000124367 0.999999 -0.0537583 0.111405 0.0163756
FixedParameters: 0 0 0

#Transform 38
Transform: AffineTransform_float_3_3
Parameters: 0.999999 -0.000747 -3.9591e-08 0.000747 0.999999 5.3e-05 -3.9591e-08 -5.3e-05 1 -0.0122041 0.100404 0.00509573
FixedParameters: 0 0 0

#Transform 39
Transform: AffineTransform_float_3_3
Parameters: 1 -0.000655975 0.000114141 0.000656024 1 -0.000214925 -0.000113859 0.000215075 1 -0.0203307 0.114702 0.016117
FixedParameters: 0 0 0

#Transform 40
Transform: AffineTransform_float_3_3
Parameters: 1 -0.000638996 2.40901e-05 0.000639003 1 -0.000140985 -2.49099e-05 0.000141016 1 -0.00384941 0.115435 0.00935922
FixedParameters: 0 0 0

#Transform 41
Transform: AffineTransform_float_3_3
Parameters: 1 -0.000458006 0.000128978 0.000457994 1 4.80591e-05 -0.000129022 -4.79409e-05 1 -0.0172496 0.104067 0.00332564
FixedParameters: 0 0 0

#Transform 42
Transform: AffineTransform_float_3_3
Parameters: 1 -0.000627757 -0.000249612 0.000628242 1 0.000973844 0.000248388 -0.000974157 1 0.00573538 0.051864 0.0369466
FixedParameters: 0 0 0

#Transform 43
Transform: AffineTransform_float_3_3
Parameters: 0.999999 -0.000754998 -2.30574e-05 0.000755001 0.999999 7.59826e-05 2.29426e-05 -7.60173e-05 1 0.00917921 0.0939882 0.0674017
FixedParameters: 0 0 0

#Transform 44
Transform: AffineTransform_float_3_3
Parameters: 0.999999 -0.000991931 -0.000109623 0.000992069 1 0.000627892 0.000109378 -0.000627109 1 0.0188783 0.0461647 0.053708
FixedParameters: 0 0 0

#Transform 45
Transform: AffineTransform_float_3_3
Parameters: 0.999999 -0.000779985 3.82979e-05 0.000780014 0.999999 -0.00038197 -3.7702e-05 0.000382029 1 0.0084128 0.104028 0.0707901
FixedParameters: 0 0 0

#Transform 46
Transform: AffineTransform_float_3_3
Parameters: 0.999999 -0.000867026 0.00020489 0.000866973 0.999999 0.000127178 -0.000205111 -0.000127822 1 -0.0194044 0.071648 0.0733612
FixedParameters: 0 0 0

#Transform 47
Transform: AffineTransform_float_3_3
Parameters: 1 -0.00106463 -0.000214825 0.00106537 0.999998 0.00171377 0.000213175 -0.00171323 0.999999 0.0171022 -0.0132386 0.0803031
FixedParameters: 0 0 0

#Transform 48
Transform: AffineTransform_float_3_3
Parameters: 1 -0.000512672 -0.000213788 0.000513328 0.999998 0.00153689 0.000213212 -0.00153611 0.999999 0.00606853 0.0226328 0.0691224
FixedParameters: 0 0 0

#Transform 49
Transform: AffineTransform_float_3_3
Parameters: 1 -0.00032971 -0.000213449 0.000330291 0.999999 0.00136093 0.000213551 -0.00136107 0.999999 0.00845544 0.019827 0.0553919
FixedParameters: 0 0 0

#Transform 50
Transform: AffineTransform_float_3_3
Parameters: 1 -0.000600004 -5.5952e-05 0.000599995 1 -8.00336e-05 5.5048e-05 7.9967e-05 1 0.00405466 0.100871 0.0415415
FixedParameters: 0 0 0

#Transform 51
Transform: AffineTransform_float_3_3
Parameters: 1 -0.000661017 -0.000212947 0.000660983 1 -8.01408e-05 0.000213053 8.08592e-05 1 0.00767677 0.107524 0.0691966
FixedParameters: 0 0 0

#Transform 52
Transform: AffineTransform_float_3_3
Parameters: 0.999999 -0.000772893 -0.000398206 0.000773106 0.999999 0.000266692 0.000397793 -0.000267307 1 0.0245605 0.0661266 0.0569206
FixedParameters: 0 0 0

#Transform 53
Transform: AffineTransform_float_3_3
Parameters: 1 -0.000966844 -0.000524139 0.000968157 0.999997 0.0022105 0.000521861 -0.00221151 0.999998 0.0344181 -0.0304263 0.115091
FixedParameters: 0 0 0

#Transform 54
Transform: AffineTransform_float_3_3
Parameters: 1 -0.0010898 -0.000224962 0.0010892 0.999999 0.000882755 0.000224039 -0.000882244 0.999999 0.0296995 0.0140897 0.145419
FixedParameters: 0 0 0

#Transform 55
Transform: AffineTransform_float_3_3
Parameters: 1 -0.00112198 -0.000118197 0.00112202 1 0.000175868 0.000117802 -0.000176132 1 0.00534281 0.0581349 0.111068
FixedParameters: 0 0 0

#Transform 56
Transform: AffineTransform_float_3_3
Parameters: 1 -0.00107084 -0.000181974 0.00107117 0.999999 0.000909805 0.000181025 -0.000910194 0.999999 0.0113142 0.0071155 0.126177
FixedParameters: 0 0 0

#Transform 57
Transform: AffineTransform_float_3_3
Parameters: 1 -0.00100544 -0.000328722 0.00100556 0.999998 0.00171167 0.000327279 -0.00171233 0.999999 0.0295217 -0.0391286 0.104788
FixedParameters: 0 0 0

#Transform 58
Transform: AffineTransform_float_3_3
Parameters: 1 -0.00114694 -0.00012556 0.00114706 0.999999 0.000487856 0.00012544 -0.000488144 1 0.00842625 0.04443 0.128541
FixedParameters: 0 0 0

#Transform 59
Transform: AffineTransform_float_3_3
Parameters: 0.999999 -0.000892934 -0.000142412 0.000893066 1 0.000461873 0.000141587 -0.000462127 1 0.000544423 0.0433166 0.0969292
FixedParameters: 0 0 0

#Transform 60
Transform: AffineTransform_float_3_3
Parameters: 0.999999 -0.000777925 -0.000142406 0.000778073 0.999999 0.000521889 0.000141594 -0.00052211 1 -0.0070225 0.0557187 0.0744794
FixedParameters: 0 0 0

#Transform 61
Transform: AffineTransform_float_3_3
Parameters: 1 -0.00113887 -0.00014304 0.00113913 0.999999 0.000912837 0.000141961 -0.000912162 0.999999 0.0108242 0.030093 0.105129
FixedParameters: 0 0 0

#Transform 62
Transform: AffineTransform_float_3_3
Parameters: 1 -0.00101 -0.000141983 0.00101 1 -1.71434e-05 0.000142017 1.68566e-05 1 0.0118821 0.0952118 0.0854659
FixedParameters: 0 0 0

#Transform 63
Transform: AffineTransform_float_3_3
Parameters: 1 -0.00104754 -0.000308579 0.00104846 0.999999 0.00150668 0.00030642 -0.00150732 0.999999 0.0162525 -0.00401496 0.0765236
FixedParameters: 0 0 0

#Transform 64
Transform: AffineTransform_float_3_3
Parameters: 1 -0.00115892 -0.000142691 0.00115909 0.999999 0.000595835 0.000142309 -0.000596165 1 0.00240335 0.0513417 0.100585
FixedParameters: 0 0 0

#Transform 65
Transform: AffineTransform_float_3_3
Parameters: 0.999999 -0.00134031 -0.000504838 0.00134069 0.999998 0.00137032 0.000503162 -0.00137168 0.999999 0.0238771 0.00267321 0.0735383
FixedParameters: 0 0 0

#Transform 66
Transform: AffineTransform_float_3_3
Parameters: 1 -0.00118402 -0.000226906 0.00118398 1 -7.92687e-05 0.000227093 7.87312e-05 1 0.0233315 0.100865 0.0935215
FixedParameters: 0 0 0

#Transform 67
Transform: AffineTransform_float_3_3
Parameters: 0.999999 -0.00133372 -0.000394943 0.00133428 0.999999 0.000706473 0.000394056 -0.000707526 0.999999 0.0291259 0.0439138 0.112711
FixedParameters: 0 0 0

#Transform 68
Transform: AffineTransform_float_3_3
Parameters: 1 -0.00113937 -0.000287521 0.00113963 0.999997 0.00221167 0.00028448 -0.00221233 0.999998 0.0182842 -0.0386286 0.139142
FixedParameters: 0 0 0

#Transform 69
Transform: AffineTransform_float_3_3
Parameters: 0.999998 -0.00172887 -0.000130697 0.00172913 0.999998 0.000981775 0.000129302 -0.000982225 0.999999 0.0272589 0.0329957 0.123863
FixedParameters: 0 0 0

#Transform 70
Transform: AffineTransform_float_3_3
Parameters: 0.999998 -0.00159157 -0.000624091 0.00159243 0.999998 0.000685007 0.000622908 -0.000685992 0.999999 0.092152 0.0372465 0.13005
FixedParameters: 0 0 0

#Transform 71
Transform: AffineTransform_float_3_3
Parameters: 0.999999 -0.00138437 -0.000571539 0.00138464 0.999999 0.00111121 0.000570462 -0.00111179 0.999999 0.061706 0.0102685 0.159264
FixedParameters: 0 0 0

#Transform 72
Transform: AffineTransform_float_3_3
Parameters: 0.999999 -0.00125383 -0.000164322 0.00125417 0.999998 0.00105379 0.000162678 -0.0010542 1 0.0159447 0.0245746 0.140038
FixedParameters: 0 0 0

#Transform 73
Transform: AffineTransform_float_3_3
Parameters: 0.999999 -0.00139682 -0.00073225 0.00139818 0.999997 0.00160998 0.000729749 -0.00161102 0.999998 0.0553537 -0.0292298 0.185549
FixedParameters: 0 0 0

#Transform 74
Transform: AffineTransform_float_3_3
Parameters: 0.999999 -0.00141584 -0.000162373 0.00141616 0.999999 0.000969771 0.000161626 -0.00097023 0.999999 0.0138072 0.020845 0.141739
FixedParameters: 0 0 0

#Transform 75
Transform: AffineTransform_float_3_3
Parameters: 0.999999 -0.00148099 -0.000402722 0.00148201 0.999995 0.0025124 0.000399278 -0.00251259 0.999997 0.0443174 -0.0623165 0.121957
FixedParameters: 0 0 0

#Transform 76
Transform: AffineTransform_float_3_3
Parameters: 0.999999 -0.00136276 -0.000164961 0.00136324 0.999998 0.00143878 0.000163038 -0.00143922 0.999999 0.0065899 0.000560973 0.152528
FixedParameters: 0 0 0

#Transform 77
Transform: AffineTransform_float_3_3
Parameters: 0.999999 -0.00126724 -0.000401411 0.00126776 0.999998 0.00190149 0.00039959 -0.00190151 0.999998 0.0227721 -0.0239254 0.129406
FixedParameters: 0 0 0

#Transform 78
Transform: AffineTransform_float_3_3
Parameters: 0.999999 -0.00138814 -0.000331614 0.00138886 0.999995 0.00260254 0.000328387 -0.00260246 0.999996 0.0176975 -0.0441106 0.146915
FixedParameters: 0 0 0

#Transform 79
Transform: AffineTransform_float_3_3
Parameters: 0.999999 -0.00168065 -0.000404631 0.00168235 0.999993 0.00334833 0.000399368 -0.00334968 0.999995 0.0352897 -0.0831376 0.116833
FixedParameters: 0 0 0

#Transform 80
Transform: AffineTransform_float_3_3
Parameters: 0.999999 -0.00173927 -0.000379364 0.00174073 0.999996 0.00193334 0.000375635 -0.00193366 0.999998 0.0320698 -0.0153395 0.167783
FixedParameters: 0 0 0

#Transform 81
Transform: AffineTransform_float_3_3
Parameters: 0.999999 -0.00107224 -0.000650905 0.00107376 0.999996 0.0027063 0.000648097 -0.0027067 0.999996 0.0247552 -0.0890159 0.19022
FixedParameters: 0 0 0

#Transform 82
Transform: AffineTransform_float_3_3
Parameters: 1 -0.000964533 -0.000267692 0.000965467 0.999998 0.00175374 0.000265308 -0.00175326 0.999999 0.0164861 -0.0307867 0.207318
FixedParameters: 0 0 0

#Transform 83
Transform: AffineTransform_float_3_3
Parameters: 0.999999 -0.00143266 -0.00019451 0.00143334 0.999998 0.00175172 0.00019249 -0.00175128 0.999999 0.0167471 -0.0297685 0.174296
FixedParameters: 0 0 0

#Transform 84
Transform: AffineTransform_float_3_3
Parameters: 0.999999 -0.00143267 -0.000120042 0.00143333 0.999995 0.00282083 0.000115957 -0.00282117 0.999996 0.00462866 -0.0937005 0.161446
FixedParameters: 0 0 0

#Transform 85
Transform: AffineTransform_float_3_3
Parameters: 0.999998 -0.00190998 -0.000351591 0.00191102 0.999994 0.00292633 0.000345409 -0.00292666 0.999995 0.0250642 -0.0852219 0.210175
FixedParameters: 0 0 0

#Transform 86
Transform: AffineTransform_float_3_3
Parameters: 0.999998 -0.001671 -0.000413078 0.001672 0.999995 0.00243931 0.000408922 -0.00243969 0.999997 0.0393665 -0.0563557 0.17609
FixedParameters: 0 0 0

#Transform 87
Transform: AffineTransform_float_3_3
Parameters: 0.999998 -0.00162804 1.53972e-05 0.00162796 0.999996 0.00221303 -1.96027e-05 -0.00221297 0.999997 0.00526883 -0.0576026 0.188489
FixedParameters: 0 0 0

#Transform 88
Transform: AffineTransform_float_3_3
Parameters: 0.999998 -0.00190974 -0.000388256 0.00191026 0.999993 0.00327426 0.000381747 -0.00327473 0.999994 0.0203916 -0.114431 0.183248
FixedParameters: 0 0 0

#Transform 89
Transform: AffineTransform_float_3_3
Parameters: 0.999998 -0.00207999 -0.000318632 0.00208101 0.999993 0.00318734 0.000312369 -0.00318766 0.999995 0.0231982 -0.110574 0.204146
FixedParameters: 0 0 0

#Transform 90
Transform: AffineTransform_float_3_3
Parameters: 0.999999 -0.00180434 -0.000315813 0.00180466 0.999996 0.00211243 0.000312189 -0.00211257 0.999997 0.0185341 -0.0466521 0.145047
FixedParameters: 0 0 0

#Transform 91
Transform: AffineTransform_float_3_3
Parameters: 0.999998 -0.00191069 -0.000139303 0.00191031 0.999995 0.00225174 0.0001357 -0.00225126 0.999998 0.00901354 -0.0394234 0.169164
FixedParameters: 0 0 0

#Transform 92
Transform: AffineTransform_float_3_3
Parameters: 0.999998 -0.00191084 -0.000113753 0.00191116 0.999997 0.00144079 0.000110246 -0.00144121 0.999999 0.00871977 0.00814407 0.163481
FixedParameters: 0 0 0

#Transform 93
Transform: AffineTransform_float_3_3
Parameters: 0.999998 -0.0019107 -0.000144068 0.0019103 0.999996 0.00212873 0.000139933 -0.00212927 0.999997 0.00929444 -0.0483216 0.15044
FixedParameters: 0 0 0

#Transform 94
Transform: AffineTransform_float_3_3
Parameters: 0.999998 -0.00192461 -0.000145233 0.00192439 0.999995 0.00271873 0.000139768 -0.00271928 0.999997 0.00632761 -0.0780722 0.181229
FixedParameters: 0 0 0

#Transform 95
Transform: AffineTransform_float_3_3
Parameters: 0.999999 -0.00176674 -0.000143263 0.00176726 0.999996 0.00184675 0.000139738 -0.00184625 0.999999 0.0116142 -0.019813 0.15298
FixedParameters: 0 0 0

#Transform 96
Transform: AffineTransform_float_3_3
Parameters: 0.999998 -0.00194262 -0.000145105 0.00194237 0.999994 0.00262772 0.000139896 -0.00262827 0.999996 0.0124347 -0.0614798 0.129398
FixedParameters: 0 0 0

#Transform 97
Transform: AffineTransform_float_3_3
Parameters: 0.999998 -0.00206056 -0.000146302 0.00206044 0.999993 0.00305771 0.0001397 -0.0030583 0.999996 0.0173589 -0.0713078 0.157376
FixedParameters: 0 0 0

#Transform 98
Transform: AffineTransform_float_3_3
Parameters: 0.999998 -0.0019285 -0.000146752 0.0019285 0.999992 0.00350072 0.000140251 -0.00350028 0.999994 0.0150224 -0.118464 0.185552
FixedParameters: 0 0 0

#Transform 99
Transform: AffineTransform_float_3_3
Parameters: 0.999997 -0.0021177 -0.000144534 0.0021183 0.999996 0.0021407 0.000139467 -0.0021403 0.999997 0.0215331 -0.0229235 0.175777
FixedParameters: 0 0 0

#Transform 100
Transform: AffineTransform_float_3_3
Parameters: 0.999998 -0.00194575 -0.000239025 0.00194625 0.999997 0.00104054 0.000236974 -0.00104146 1 0.0262699 0.0494691 0.154701
FixedParameters: 0 0 0

#Transform 101
Transform: AffineTransform_float_3_3
Parameters: 0.999998 -0.00182838 -0.000526642 0.00182961 0.999993 0.00308404 0.000520359 -0.00308496 0.999995 0.0393161 -0.065531 0.147712
FixedParameters: 0 0 0

#Transform 102
Transform: AffineTransform_float_3_3
Parameters: 0.999998 -0.00206174 -0.000477489 0.00206326 0.999995 0.00266102 0.00047151 -0.00266198 0.999997 0.0258469 -0.0466317 0.159391
FixedParameters: 0 0 0

#Transform 103
Transform: AffineTransform_float_3_3
Parameters: 0.999998 -0.00194779 -0.000210965 0.00194821 0.999997 0.00100859 0.000209034 -0.00100941 1 0.00195146 0.0442972 0.126586
FixedParameters: 0 0 0

#Transform 104
Transform: AffineTransform_float_3_3
Parameters: 0.999998 -0.00192249 -0.000278559 0.00192351 0.999997 0.00185047 0.000274442 -0.00185053 0.999998 0.00822052 0.00811771 0.133402
FixedParameters: 0 0 0

#Transform 105
Transform: AffineTransform_float_3_3
Parameters: 0.999998 -0.0020908 -0.000180373 0.0020912 0.999997 0.00113463 0.000178628 -0.00113438 1 0.0257262 0.0457216 0.124912
FixedParameters: 0 0 0

#Transform 106
Transform: AffineTransform_float_3_3
Parameters: 0.999997 -0.00216784 -0.000115981 0.00216816 0.999996 0.00137475 0.000113019 -0.00137525 0.999999 -0.0032673 0.0308015 0.141233
FixedParameters: 0 0 0

#Transform 107
Transform: AffineTransform_float_3_3
Parameters: 0.999998 -0.00210088 -0.000115275 0.00210112 0.999997 0.00108276 0.000112724 -0.00108324 1 0.00371042 0.0407099 0.149624
FixedParameters: 0 0 0

#Transform 108
Transform: AffineTransform_float_3_3
Parameters: 0.999997 -0.00211755 -0.000347727 0.00211845 0.999997 0.00128727 0.000345273 -0.00128773 0.999999 0.0268954 0.0322946 0.122384
FixedParameters: 0 0 0

#Transform 109
Transform: AffineTransform_float_3_3
Parameters: 0.999998 -0.0020938 -0.000116691 0.0020932 0.999997 0.00176276 0.000113312 -0.00176224 0.999999 0.00383308 -0.00303189 0.166832
FixedParameters: 0 0 0

#Transform 110
Transform: AffineTransform_float_3_3
Parameters: 0.999998 -0.00234185 -6.63629e-05 0.00234214 0.999994 0.00228985 6.06365e-05 -0.00229015 0.999998 0.0131773 -0.0289666 0.171711
FixedParameters: 0 0 0

#Transform 111
Transform: AffineTransform_float_3_3
Parameters: 0.999998 -0.00221118 -0.000298132 0.00221182 0.999993 0.00277235 0.000291867 -0.00277365 0.999996 0.0247592 -0.0616624 0.135808
FixedParameters: 0 0 0

#Transform 112
Transform: AffineTransform_float_3_3
Parameters: 0.999997 -0.00249046 -0.000252357 0.00249154 0.999995 0.00215038 0.00024764 -0.00215162 0.999997 0.0390692 -0.0222644 0.115069
FixedParameters: 0 0 0

#Transform 113
Transform: AffineTransform_float_3_3
Parameters: 0.999997 -0.0025048 -0.00035944 0.0025062 0.999991 0.00336811 0.00035156 -0.00336889 0.999995 0.0307432 -0.0919346 0.152064
FixedParameters: 0 0 0

#Transform 114
Transform: AffineTransform_float_3_3
Parameters: 0.999996 -0.00252332 -0.000514313 0.00252568 0.999992 0.00329271 0.000505686 -0.00329329 0.999994 0.0433126 -0.0857971 0.153604
FixedParameters: 0 0 0

#Transform 115
Transform: AffineTransform_float_3_3
Parameters: 0.999997 -0.00250603 -0.000451415 0.00250697 0.999994 0.00215987 0.000446584 -0.00216112 0.999997 0.0317593 -0.0350768 0.148168
FixedParameters: 0 0 0

#Transform 116
Transform: AffineTransform_float_3_3
Parameters: 0.999997 -0.00208299 -0.000455627 0.00208401 0.999996 0.00222006 0.000450374 -0.00222094 0.999998 0.0367668 -0.0207095 0.158846
FixedParameters: 0 0 0

#Transform 117
Transform: AffineTransform_float_3_3
Parameters: 0.999997 -0.00213001 -0.000607042 0.00213199 0.999993 0.00330372 0.00059996 -0.00330429 0.999995 0.0314102 -0.0818924 0.145051
FixedParameters: 0 0 0

#Transform 118
Transform: AffineTransform_float_3_3
Parameters: 0.999996 -0.00243709 -0.00082859 0.00244191 0.999985 0.00475099 0.000816405 -0.00475301 0.999989 0.0656078 -0.166483 0.23305
FixedParameters: 0 0 0

#Transform 119
Transform: AffineTransform_float_3_3
Parameters: 0.999998 -0.00207225 -0.000235706 0.00207275 0.999992 0.00323552 0.000229293 -0.00323648 0.999994 0.019069 -0.129775 0.277685
FixedParameters: 0 0 0

#Transform 120
Transform: AffineTransform_float_3_3
Parameters: 0.999997 -0.00220521 8.57053e-05 0.00220479 0.999994 0.00240119 -9.02937e-05 -0.00240081 0.999997 -0.00345777 -0.0671787 0.264382
FixedParameters: 0 0 0

#Transform 121
Transform: AffineTransform_float_3_3
Parameters: 0.999998 -0.00195469 -0.000148144 0.00195431 0.999996 0.00211971 0.000143859 -0.00211928 0.999997 0.00976577 -0.0473177 0.206229
FixedParameters: 0 0 0

#Transform 122
Transform: AffineTransform_float_3_3
Parameters: 0.999998 -0.00209091 -0.000360403 0.00209109 0.999993 0.00306125 0.0003536 -0.00306175 0.999995 0.0195714 -0.0842972 0.220865
FixedParameters: 0 0 0

#Transform 123
Transform: AffineTransform_float_3_3
Parameters: 0.999998 -0.00213863 -0.000624716 0.00213937 0.999996 0.00220367 0.000620285 -0.00220533 0.999998 0.0270635 -0.0341246 0.167701
FixedParameters: 0 0 0

#Transform 124
Transform: AffineTransform_float_3_3
Parameters: 0.999997 -0.00244748 -0.000357599 0.00244852 0.999996 0.00147013 0.0003534 -0.00147087 0.999999 0.0220101 -0.00538946 0.192448
FixedParameters: 0 0 0

#Transform 125
Transform: AffineTransform_float_3_3
Parameters: 0.999997 -0.00219094 -0.000411653 0.00219205 0.999995 0.0025791 0.000405347 -0.00257989 0.999996 0.011551 -0.038677 0.202135
FixedParameters: 0 0 0

#Transform 126
Transform: AffineTransform_float_3_3
Parameters: 0.999997 -0.00243002 -0.000579116 0.00243098 0.999995 0.0016926 0.000574884 -0.0016944 0.999999 0.029993 -0.00323331 0.166043
FixedParameters: 0 0 0

#Transform 127
Transform: AffineTransform_float_3_3
Parameters: 0.999998 -0.00219739 -0.0004083 0.00219861 0.999997 0.00150111 0.000404699 -0.00150189 0.999999 0.0237269 0.0227372 0.157183
FixedParameters: 0 0 0

#Transform 128
Transform: AffineTransform_float_3_3
Parameters: 0.999998 -0.00219751 -0.000379837 0.00219749 0.999997 0.00129017 0.000377165 -0.00129083 0.999999 0.0221722 0.0211598 0.154271
FixedParameters: 0 0 0

#Transform 129
Transform: AffineTransform_float_3_3
Parameters: 0.999998 -0.00219848 -0.000402829 0.00219852 0.999997 0.00128612 0.000400172 -0.00128688 0.999999 0.0163301 0.0272034 0.158871
FixedParameters: 0 0 0

#Transform 130
Transform: AffineTransform_float_3_3
Parameters: 0.999997 -0.00228722 -0.000756366 0.00228778 0.999997 0.00103327 0.000754635 -0.00103473 0.999999 0.0445976 0.0463787 0.178484
FixedParameters: 0 0 0

#Transform 131
Transform: AffineTransform_float_3_3
Parameters: 0.999998 -0.00215038 -0.000928769 0.00215262 0.999996 0.00175101 0.00092423 -0.00175299 0.999998 0.0539761 0.00248262 0.168281
FixedParameters: 0 0 0

#Transform 132
Transform: AffineTransform_float_3_3
Parameters: 0.999997 -0.00252252 -0.000908133 0.00252448 0.999995 0.00163671 0.000903866 -0.00163929 0.999998 0.0642867 0.00765445 0.193723
FixedParameters: 0 0 0

#Transform 133
Transform: AffineTransform_float_3_3
Parameters: 0.999998 -0.00218456 -0.000758166 0.00218544 0.999996 0.00190535 0.000753836 -0.00190665 0.999998 0.0504464 -0.0167211 0.203637
FixedParameters: 0 0 0

#Transform 134
Transform: AffineTransform_float_3_3
Parameters: 0.999998 -0.00220522 -0.000759185 0.00220678 0.999995 0.00234933 0.000753817 -0.00235067 0.999997 0.0579132 -0.0400994 0.186466
FixedParameters: 0 0 0

#Transform 135
Transform: AffineTransform_float_3_3
Parameters: 0.999998 -0.00214166 -0.000571036 0.00214334 0.999995 0.00234978 0.000565964 -0.00235122 0.999997 0.0459624 -0.0593816 0.221109
FixedParameters: 0 0 0

#Transform 136
Transform: AffineTransform_float_3_3
Parameters: 0.999997 -0.00233008 -0.000819478 0.00233192 0.999994 0.00234909 0.000813522 -0.0023509 0.999997 0.0684943 -0.0415761 0.201756
FixedParameters: 0 0 0

#Transform 137
Transform: AffineTransform_float_3_3
Parameters: 0.999998 -0.00222433 -0.00071323 0.00222667 0.999995 0.00234942 0.00070877 -0.00235058 0.999997 0.0590552 -0.0394772 0.208476
FixedParameters: 0 0 0

#Transform 138
Transform: AffineTransform_float_3_3
Parameters: 0.999997 -0.00238537 -0.000548138 0.00238763 0.999992 0.0029907 0.000540862 -0.0029913 0.999996 0.0481978 -0.0741387 0.229783
FixedParameters: 0 0 0

#Transform 139
Transform: AffineTransform_float_3_3
Parameters: 0.999998 -0.00205492 -0.000144159 0.00205508 0.999997 0.000563705 0.000142841 -0.000564294 1 0.0354031 0.0786767 0.161296
FixedParameters: 0 0 0

#Transform 140
Transform: AffineTransform_float_3_3
Parameters: 0.999998 -0.00227134 -0.000412677 0.00227167 0.999996 0.00161807 0.000409324 -0.00161893 0.999998 0.0523245 0.0212848 0.199917
FixedParameters: 0 0 0

#Transform 141
Transform: AffineTransform_float_3_3
Parameters: 0.999997 -0.00212187 -6.8004e-05 0.00212212 0.999996 0.00188686 6.39955e-05 -0.00188714 0.999998 0.016286 -0.0108594 0.244
FixedParameters: 0 0 0

#Transform 142
Transform: AffineTransform_float_3_3
Parameters: 0.999997 -0.00220092 -6.65397e-05 0.00220107 0.999997 0.00115386 6.44598e-05 -0.00115414 1 0.0279087 0.0308102 0.236224
FixedParameters: 0 0 0

#Transform 143
Transform: AffineTransform_float_3_3
Parameters: 0.999998 -0.00219379 -0.000589515 0.00219521 0.999996 0.00205671 0.000584484 -0.00205829 0.999997 0.0526429 -0.0270024 0.237858
FixedParameters: 0 0 0

#Transform 144
Transform: AffineTransform_float_3_3
Parameters: 0.999997 -0.00201342 -0.000926618 0.00201558 0.999994 0.00278814 0.000921382 -0.00278986 0.999995 0.0765604 -0.0481801 0.257884
FixedParameters: 0 0 0

#Transform 145
Transform: AffineTransform_float_3_3
Parameters: 0.999997 -0.00227491 -0.000589231 0.00227609 0.999995 0.00185866 0.000584768 -0.00186034 0.999998 0.0471501 0.00730228 0.248115
FixedParameters: 0 0 0

#Transform 146
Transform: AffineTransform_float_3_3
Parameters: 0.999997 -0.00226672 -0.000747945 0.00226828 0.999992 0.00306131 0.000741056 -0.00306369 0.999995 0.0585445 -0.083488 0.221626
FixedParameters: 0 0 0

#Transform 147
Transform: AffineTransform_float_3_3
Parameters: 0.999998 -0.00206618 -0.000473609 0.00206682 0.999997 0.00174603 0.000470391 -0.00174698 0.999999 0.0407598 0.0130326 0.207032
FixedParameters: 0 0 0

#Transform 148
Transform: AffineTransform_float_3_3
Parameters: 0.999998 -0.0020232 -0.000434763 0.00202381 0.999996 0.00185912 0.000431238 -0.00185988 0.999998 0.0397129 0.00625174 0.201534
FixedParameters: 0 0 0

#Transform 149
Transform: AffineTransform_float_3_3
Parameters: 0.999998 -0.00212766 -0.000656353 0.00212934 0.999995 0.00204461 0.000651646 -0.00204639 0.999997 0.0488333 -0.0218086 0.255958
FixedParameters: 0 0 0

#Transform 150
Transform: AffineTransform_float_3_3
Parameters: 0.999998 -0.00213571 -0.00080908 0.00213729 0.999993 0.00284428 0.000802921 -0.00284672 0.999995 0.0750108 -0.0768504 0.25935
FixedParameters: 0 0 0

#Transform 151
Transform: AffineTransform_float_3_3
Parameters: 0.999997 -0.00232698 -0.000436497 0.00232802 0.999994 0.00236099 0.000430504 -0.00236201 0.999997 0.0540074 -0.0485071 0.282611
FixedParameters: 0 0 0

#Transform 152
Transform: AffineTransform_float_3_3
Parameters: 0.999996 -0.00272855 -0.000874678 0.00273045 0.999993 0.00281162 0.000867324 -0.00281338 0.999995 0.0909261 -0.0729676 0.291249
FixedParameters: 0 0 0

#Transform 153
Transform: AffineTransform_float_3_3
Parameters: 0.999996 -0.00264553 -0.000874524 0.00264848 0.999993 0.00284169 0.000866473 -0.0028443 0.999995 0.0812657 -0.080484 0.302758
FixedParameters: 0 0 0

#Transform 154
Transform: AffineTransform_float_3_3
Parameters: 0.999997 -0.00253824 -0.00087504 0.00254176 0.999992 0.00316479 0.000866957 -0.00316721 0.999994 0.0884582 -0.101663 0.280406
FixedParameters: 0 0 0

#Transform 155
Transform: AffineTransform_float_3_3
Parameters: 0.999997 -0.00227432 -0.000806597 0.00227768 0.999992 0.00333717 0.000798402 -0.00333883 0.999994 0.0753802 -0.099076 0.294669
FixedParameters: 0 0 0

#Transform 156
Transform: AffineTransform_float_3_3
Parameters: 0.999996 -0.00255196 -0.000801533 0.00255404 0.999994 0.00255796 0.000794467 -0.00256004 0.999997 0.0764455 -0.0712111 0.306943
FixedParameters: 0 0 0

#Transform 157
Transform: AffineTransform_float_3_3
Parameters: 0.999997 -0.0022738 -0.00093085 0.0022762 0.999992 0.00344889 0.000922154 -0.00345011 0.999993 0.106371 -0.123795 0.319523
FixedParameters: 0 0 0

#Transform 158
Transform: AffineTransform_float_3_3
Parameters: 0.999996 -0.00267056 -0.000760635 0.00267345 0.999991 0.00323098 0.000752363 -0.00323302 0.999994 0.0825734 -0.108668 0.317086
FixedParameters: 0 0 0

#Transform 159
Transform: AffineTransform_float_3_3
Parameters: 0.999997 -0.00235081 -0.000395133 0.00235219 0.999992 0.00303308 0.000387867 -0.00303392 0.999996 0.0525942 -0.085037 0.327355
FixedParameters: 0 0 0

#Transform 160
Transform: AffineTransform_float_3_3
Parameters: 0.999997 -0.00231151 -0.000654868 0.00231449 0.99999 0.0038335 0.00064613 -0.00383551 0.999993 0.0599637 -0.124112 0.319337
FixedParameters: 0 0 0

#Transform 161
Transform: AffineTransform_float_3_3
Parameters: 0.999997 -0.00230814 -0.0007329 0.00230987 0.999994 0.00255431 0.000727101 -0.00255568 0.999996 0.0687388 -0.046329 0.259799
FixedParameters: 0 0 0

#Transform 162
Transform: AffineTransform_float_3_3
Parameters: 0.999997 -0.00233551 -0.000506907 0.00233649 0.999993 0.00295582 0.000500094 -0.00295717 0.999995 0.0564298 -0.0651684 0.275481
FixedParameters: 0 0 0

#Transform 163
Transform: AffineTransform_float_3_3
Parameters: 0.999997 -0.0023099 -0.000631733 0.0023121 0.999991 0.00334555 0.000624266 -0.00334745 0.999994 0.0654012 -0.0881315 0.309044
FixedParameters: 0 0 0

#Transform 164
Transform: AffineTransform_float_3_3
Parameters: 0.999997 -0.00254437 -0.000732684 0.00254563 0.999995 0.00223214 0.000727318 -0.00223386 0.999997 0.0738562 -0.0288135 0.292955
FixedParameters: 0 0 0

#Transform 165
Transform: AffineTransform_float_3_3
Parameters: 0.999997 -0.00228334 -0.000861753 0.00228666 0.999989 0.00426704 0.000852248 -0.00426896 0.99999 0.0739725 -0.146154 0.325602
FixedParameters: 0 0 0

#Transform 166
Transform: AffineTransform_float_3_3
Parameters: 0.999997 -0.00237168 -0.000731304 0.00237232 0.999995 0.00181327 0.000727698 -0.00181473 0.999998 0.0776399 -0.0127954 0.293774
FixedParameters: 0 0 0

#Transform 167
Transform: AffineTransform_float_3_3
Parameters: 0.999996 -0.00254587 -0.000734421 0.00254813 0.999992 0.00291314 0.000727575 -0.00291586 0.999995 0.0823538 -0.0760958 0.290193
FixedParameters: 0 0 0

#Transform 168
Transform: AffineTransform_float_3_3
Parameters: 0.999997 -0.0024334 -0.000685711 0.0024356 0.999995 0.00234534 0.000680286 -0.00234766 0.999997 0.0805081 -0.0456785 0.274339
FixedParameters: 0 0 0

#Transform 169
Transform: AffineTransform_float_3_3
Parameters: 0.999998 -0.00232123 -0.000300028 0.00232177 0.999994 0.00259631 0.00029397 -0.00259769 0.999996 0.0508041 -0.04852 0.297225
FixedParameters: 0 0 0

#Transform 170
Transform: AffineTransform_float_3_3
Parameters: 0.999997 -0.00212927 -0.00068737 0.00213072 0.999994 0.00252054 0.000681628 -0.00252246 0.999996 0.0551761 -0.044981 0.292291
FixedParameters: 0 0 0

#Transform 171
Transform: AffineTransform_float_3_3
Parameters: 0.999997 -0.002467 -0.000642735 0.002469 0.999992 0.00313342 0.000634263 -0.00313557 0.999995 0.0806151 -0.0962677 0.348411
FixedParameters: 0 0 0

#Transform 172
Transform: AffineTransform_float_3_3
Parameters: 0.999994 -0.00314492 -0.000787412 0.00314808 0.999988 0.00394354 0.000775586 -0.00394646 0.999992 0.0985204 -0.176559 0.342995
FixedParameters: 0 0 0

#Transform 173
Transform: AffineTransform_float_3_3
Parameters: 0.999997 -0.00269506 -0.000302482 0.00269594 0.999992 0.0031462 0.000293516 -0.0031478 0.999995 0.060288 -0.109752 0.38504
FixedParameters: 0 0 0

#Transform 174
Transform: AffineTransform_float_3_3
Parameters: 0.999997 -0.00272019 -0.000301421 0.00272081 0.999992 0.00272719 0.00029358 -0.00272781 0.999996 0.0527893 -0.068846 0.334461
FixedParameters: 0 0 0

#Transform 175
Transform: AffineTransform_float_3_3
Parameters: 0.999997 -0.00256187 -0.000843569 0.00256513 0.999989 0.00373185 0.00083343 -0.00373415 0.999992 0.0886719 -0.127454 0.322695
FixedParameters: 0 0 0

#Transform 176
Transform: AffineTransform_float_3_3
Parameters: 0.999995 -0.00285438 -0.000869643 0.00285662 0.999992 0.00302553 0.000860356 -0.00302847 0.999995 0.105557 -0.0841627 0.342836
FixedParameters: 0 0 0

#Transform 177
Transform: AffineTransform_float_3_3
Parameters: 0.999996 -0.00250356 -0.000703747 0.00250644 0.999991 0.00349125 0.000695252 -0.00349275 0.999993 0.0820407 -0.107036 0.342408
FixedParameters: 0 0 0

#Transform 178
Transform: AffineTransform_float_3_3
Parameters: 0.999996 -0.00270723 -0.000801407 0.00270977 0.999991 0.00347184 0.000791593 -0.00347416 0.999993 0.0955116 -0.10222 0.347431
FixedParameters: 0 0 0

#Transform 179
Transform: AffineTransform_float_3_3
Parameters: 0.999997 -0.00247141 -0.000498941 0.00247359 0.999992 0.00321177 0.000491058 -0.00321222 0.999994 0.0632575 -0.092474 0.322881
FixedParameters: 0 0 0
