#Insight Transform File V1.0
#Transform 0
Transform: AffineTransform_float_3_3
Parameters: 0.999999 -0.000718295 0.000316331 0.000717704 1 0.000932228 -0.000317669 -0.000931773 1 0.0882694 -0.156865 -0.584705
FixedParameters: 0 0 0

#Transform 1
Transform: AffineTransform_float_3_3
Parameters: 1 0.000536653 0.000291802 -0.000536347 0.999998 -0.00223316 -0.000293198 0.00223284 0.999998 0.00558094 0.19048 -0.0466116
FixedParameters: 0 0 0

#Transform 2
Transform: AffineTransform_float_3_3
Parameters: 0.999998 0.00046892 0.00194554 -0.000467081 1 -0.000986911 -0.00194546 0.00098609 0.999997 -0.0882692 0.241356 -0.184673
FixedParameters: 0 0 0

#Transform 3
Transform: AffineTransform_float_3_3
Parameters: 0.999997 0.000811925 0.00251238 -0.000810075 1 -0.000767039 -0.00251362 0.000764963 0.999997 -0.170536 0.242872 -0.234161
FixedParameters: 0 0 0

#Transform 4
Transform: AffineTransform_float_3_3
Parameters: 0.999999 0.000409699 0.00176061 -0.0004073 1 -0.000965719 -0.00176139 0.00096428 0.999998 -0.117853 0.279591 -0.254729
FixedParameters: 0 0 0

#Transform 5
Transform: AffineTransform_float_3_3
Parameters: 0.999998 0.000812038 0.00182565 -0.000808961 0.999999 -0.00166448 -0.00182735 0.00166252 0.999997 -0.121182 0.320699 -0.246042
FixedParameters: 0 0 0

#Transform 6
Transform: AffineTransform_float_3_3
Parameters: 0.999998 0.000522548 0.00153113 -0.000519451 0.999999 -0.0016648 -0.00153186 0.0016632 0.999997 -0.0964417 0.302465 -0.236549
FixedParameters: 0 0 0

#Transform 7
Transform: AffineTransform_float_3_3
Parameters: 0.999998 0.00132589 0.00158577 -0.00132811 0.999998 0.0013329 -0.00158423 -0.0013351 0.999998 -0.0832325 0.130848 -0.238454
FixedParameters: 0 0 0

#Transform 8
Transform: AffineTransform_float_3_3
Parameters: 1 -0.000344364 0.000608107 0.000340637 0.999984 0.0055232 -0.00060989 -0.00552279 0.999984 -0.0205886 -0.121165 -0.173889
FixedParameters: 0 0 0

#Transform 9
Transform: AffineTransform_float_3_3
Parameters: 1 -0.000946107 0.000638421 0.000942896 0.999988 0.0048486 -0.00064258 -0.00484839 0.999988 -0.0224369 -0.100117 -0.155028
FixedParameters: 0 0 0

#Transform 10
Transform: AffineTransform_float_3_3
Parameters: 0.999999 -0.000412456 0.000647441 0.000410541 0.999992 0.00379026 -0.00064956 -0.00378973 0.999992 -0.0425636 0.00544775 -0.230626
FixedParameters: 0 0 0

#Transform 11
Transform: AffineTransform_float_3_3
Parameters: 1 -2.07805e-05 0.000657946 1.92194e-05 0.999997 0.00270601 -0.000658054 -0.00270599 0.999996 -0.0403012 0.0747618 -0.263918
FixedParameters: 0 0 0

#Transform 12
Transform: AffineTransform_float_3_3
Parameters: 0.999999 0.000157812 0.000912381 -0.00016019 0.999997 0.00239885 -0.000912618 -0.00239914 0.999996 -0.0676787 0.0928828 -0.250581
FixedParameters: 0 0 0

#Transform 13
Transform: AffineTransform_float_3_3
Parameters: 0.999999 0.000194666 0.000855305 -0.000196335 0.999999 0.00155983 -0.000855695 -0.00156017 0.999999 -0.0658247 0.171639 -0.300364
FixedParameters: 0 0 0

#Transform 14
Transform: AffineTransform_float_3_3
Parameters: 0.999999 0.000370739 0.00117304 -0.000373261 0.999996 0.00278057 -0.00117197 -0.00278144 0.999996 -0.0958224 0.0816678 -0.251831
FixedParameters: 0 0 0

#Transform 15
Transform: AffineTransform_float_3_3
Parameters: 1 0.000257722 0.0011725 -0.000260279 0.999998 0.0019427 -0.0011725 -0.0019433 0.999998 -0.0859045 0.115497 -0.212259
FixedParameters: 0 0 0

#Transform 16
Transform: AffineTransform_float_3_3
Parameters: 0.999999 -2.00271e-05 0.000761973 1.89728e-05 0.999999 0.00134801 -0.000762026 -0.00134798 0.999999 -0.0743685 0.158814 -0.216075
FixedParameters: 0 0 0

#Transform 17
Transform: AffineTransform_float_3_3
Parameters: 0.999999 -2.02549e-05 0.000889972 1.97451e-05 0.999999 0.00141002 -0.000890028 -0.00140998 0.999998 -0.0836657 0.151742 -0.213128
FixedParameters: 0 0 0

#Transform 18
Transform: AffineTransform_float_3_3
Parameters: 0.999999 -8.45502e-05 0.00077494 8.44497e-05 0.999999 0.000710066 -0.00077506 -0.000709935 1 -0.0670355 0.18272 -0.212709
FixedParameters: 0 0 0

#Transform 19
Transform: AffineTransform_float_3_3
Parameters: 0.999999 8.79908e-05 0.000759001 -8.80091e-05 1 1.19332e-05 -0.000758999 -1.20668e-05 0.999999 -0.0681273 0.239813 -0.22879
FixedParameters: 0 0 0

#Transform 20
Transform: AffineTransform_float_3_3
Parameters: 0.999999 -7.92556e-05 0.000740972 7.8745e-05 1 0.000344058 -0.000741027 -0.000344941 0.999999 -0.0729477 0.202519 -0.199217
FixedParameters: 0 0 0

#Transform 21
Transform: AffineTransform_float_3_3
Parameters: 1 6.88187e-05 0.00118007 -7.01811e-05 0.999999 0.00100092 -0.00117993 -0.00100108 0.999999 -0.0981788 0.146015 -0.190578
FixedParameters: 0 0 0

#Transform 22
Transform: AffineTransform_float_3_3
Parameters: 1 0.000257625 0.00118008 -0.000257375 1 0.000317697 -0.00117992 -0.000318304 1 -0.118942 0.189722 -0.168654
FixedParameters: 0 0 0

#Transform 23
Transform: AffineTransform_float_3_3
Parameters: 0.999998 -0.000618663 0.00161322 0.000614336 0.999995 0.00288999 -0.00161478 -0.002889 0.999994 -0.128402 0.0112885 -0.139021
FixedParameters: 0 0 0

#Transform 24
Transform: AffineTransform_float_3_3
Parameters: 0.999999 -0.000332533 0.00121531 0.000330468 0.999998 0.0020834 -0.00121569 -0.0020836 0.999997 -0.0970947 0.0749051 -0.165494
FixedParameters: 0 0 0

#Transform 25
Transform: AffineTransform_float_3_3
Parameters: 0.999999 -0.000848264 0.000938058 0.000844736 0.999993 0.00347479 -0.000940941 -0.0034742 0.999993 -0.0717933 -0.0117721 -0.120849
FixedParameters: 0 0 0

#Transform 26
Transform: AffineTransform_float_3_3
Parameters: 1 -0.000517356 0.000968215 0.000513646 0.999994 0.0034625 -0.000969784 -0.0034625 0.999993 -0.0738829 -0.00501855 -0.126356
FixedParameters: 0 0 0

#Transform 27
Transform: AffineTransform_float_3_3
Parameters: 0.999999 0.00071125 0.000342656 -0.000713751 0.999986 0.00513375 -0.00033934 -0.00513424 0.999987 -0.0513702 -0.128019 -0.133352
FixedParameters: 0 0 0

#Transform 28
Transform: AffineTransform_float_3_3
Parameters: 0.999999 2.72997e-05 0.00136904 -2.87003e-05 0.999999 0.00124196 -0.00136897 -0.00124204 0.999999 -0.116509 0.10344 -0.0640464
FixedParameters: 0 0 0

#Transform 29
Transform: AffineTransform_float_3_3
Parameters: 0.999999 0.000183009 0.000938803 -0.00018199 1 -0.00107517 -0.000939196 0.00107483 0.999999 -0.127964 0.237533 -0.0783194
FixedParameters: 0 0 0

#Transform 30
Transform: AffineTransform_float_3_3
Parameters: 1 2.95508e-05 0.00120799 -2.84491e-05 1 -0.000456035 -0.00120801 0.000455965 0.999999 -0.121032 0.232433 -0.0967926
FixedParameters: 0 0 0

#Transform 31
Transform: AffineTransform_float_3_3
Parameters: 1 -0.000371913 0.00104603 0.000372087 1 -8.26109e-05 -0.00104597 8.33891e-05 1 -0.110863 0.208906 -0.112107
FixedParameters: 0 0 0

#Transform 32
Transform: AffineTransform_float_3_3
Parameters: 1 -0.000164615 0.00112791 0.000163385 1 0.000545185 -0.00112809 -0.000544815 0.999999 -0.128458 0.168542 -0.100384
FixedParameters: 0 0 0

#Transform 33
Transform: AffineTransform_float_3_3
Parameters: 0.999999 1.14729e-05 0.00126401 -1.15271e-05 1 0.000416986 -0.001264 -0.000417015 0.999999 -0.152128 0.17299 -0.115029
FixedParameters: 0 0 0

#Transform 34
Transform: AffineTransform_float_3_3
Parameters: 1 0.000112225 0.00109608 -0.000112775 0.999999 0.000706877 -0.00109592 -0.000707123 0.999999 -0.136324 0.167062 -0.125723
FixedParameters: 0 0 0

#Transform 35
Transform: AffineTransform_float_3_3
Parameters: 0.999999 0.000464402 0.00127713 -0.000461599 0.999998 -0.00187959 -0.00127787 0.00187941 0.999998 -0.115762 0.302033 -0.132405
FixedParameters: 0 0 0

#Transform 36
Transform: AffineTransform_float_3_3
Parameters: 0.999999 -0.000461865 0.000726085 0.000461135 1 -0.000185665 -0.000725914 0.000186335 0.999999 -0.0632307 0.202094 -0.0969309
FixedParameters: 0 0 0

#Transform 37
Transform: AffineTransform_float_3_3
Parameters: 1 0.000194418 0.00114193 -0.000194583 1 -0.000365223 -0.00114207 0.000365778 1 -0.124674 0.224241 -0.045919
FixedParameters: 0 0 0

#Transform 38
Transform: AffineTransform_float_3_3
Parameters: 0.999999 -0.000143419 0.000872096 0.000144581 1 -0.000665874 -0.000872904 0.000666126 1 -0.101612 0.229953 -0.043686
FixedParameters: 0 0 0

#Transform 39
Transform: AffineTransform_float_3_3
Parameters: 1 -0.000219517 0.0010801 0.000219483 1 -0.000446763 -0.0010799 0.000447237 1 -0.121518 0.229169 -0.0616446
FixedParameters: 0 0 0

#Transform 40
Transform: AffineTransform_float_3_3
Parameters: 0.999999 -0.000825854 0.00132609 0.000826145 0.999999 -0.000108905 -0.00132691 0.000110096 0.999999 -0.117173 0.211507 -0.0842536
FixedParameters: 0 0 0

#Transform 41
Transform: AffineTransform_float_3_3
Parameters: 0.999998 -0.00169703 0.000131657 0.00169697 0.999998 0.000202224 -0.000131343 -0.000201777 1 0.0332629 0.241205 -0.142376
FixedParameters: 0 0 0

#Transform 42
Transform: AffineTransform_float_3_3
Parameters: 0.999999 -0.00132257 0.000417368 0.00132343 0.999998 -0.00103345 -0.000415632 0.00103455 1 -0.0226463 0.31163 -0.159603
FixedParameters: 0 0 0

#Transform 43
Transform: AffineTransform_float_3_3
Parameters: 0.999999 -0.000160485 0.00132219 0.000162515 1 -0.00114579 -0.00132182 0.00114621 0.999999 -0.137835 0.321645 -0.151717
FixedParameters: 0 0 0

#Transform 44
Transform: AffineTransform_float_3_3
Parameters: 0.999999 -0.000159599 0.00137128 0.0001624 0.999999 -0.00175078 -0.00137072 0.00175122 0.999998 -0.161796 0.360143 -0.160584
FixedParameters: 0 0 0

#Transform 45
Transform: AffineTransform_float_3_3
Parameters: 0.999999 -0.000259085 0.00122883 0.000262915 0.999995 -0.00318668 -0.00122817 0.00318732 0.999994 -0.150849 0.413723 -0.152075
FixedParameters: 0 0 0

#Transform 46
Transform: AffineTransform_float_3_3
Parameters: 0.999999 0.000304594 0.00122687 -0.000299405 0.999993 -0.00374337 -0.00122813 0.00374263 0.999992 -0.147363 0.462499 -0.135031
FixedParameters: 0 0 0

#Transform 47
Transform: AffineTransform_float_3_3
Parameters: 0.999998 0.000470503 0.00152692 -0.000467499 0.999998 -0.00229372 -0.00152708 0.00229329 0.999996 -0.168244 0.365271 -0.0980528
FixedParameters: 0 0 0

#Transform 48
Transform: AffineTransform_float_3_3
Parameters: 0.999997 -0.00207889 -0.0012258 0.00207611 0.999996 -0.00154155 0.0012292 0.00153945 0.999998 0.132058 0.318214 -0.117076
FixedParameters: 0 0 0

#Transform 49
Transform: AffineTransform_float_3_3
Parameters: 0.999997 -0.00150337 -0.0020549 0.00149563 0.99999 -0.00406908 0.0020611 0.00406591 0.999989 0.189507 0.504177 -0.145856
FixedParameters: 0 0 0

#Transform 50
Transform: AffineTransform_float_3_3
Parameters: 0.999999 -0.00021023 0.000680177 0.000213769 0.999984 -0.00554686 -0.000678825 0.00554714 0.999985 -0.0570724 0.596715 -0.186512
FixedParameters: 0 0 0

#Transform 51
Transform: AffineTransform_float_3_3
Parameters: 1 -0.000424087 -0.000168287 0.000422915 0.99998 -0.00640608 0.000170713 0.00640593 0.99998 -0.0111807 0.653215 -0.196383
FixedParameters: 0 0 0

#Transform 52
Transform: AffineTransform_float_3_3
Parameters: 0.999999 -6.15703e-05 0.00123528 6.64285e-05 0.999991 -0.00439592 -0.00123472 0.00439608 0.999989 -0.168007 0.527251 -0.183648
FixedParameters: 0 0 0

#Transform 53
Transform: AffineTransform_float_3_3
Parameters: 0.999999 0.000313094 0.00141576 -0.000311905 0.999999 -0.000773442 -0.00141624 0.000772557 0.999998 -0.157214 0.309031 -0.126131
FixedParameters: 0 0 0

#Transform 54
Transform: AffineTransform_float_3_3
Parameters: 0.999999 0.000254415 0.00141629 -0.000255586 1 0.00111964 -0.00141572 -0.00111936 0.999999 -0.135292 0.162514 -0.0793533
FixedParameters: 0 0 0

#Transform 55
Transform: AffineTransform_float_3_3
Parameters: 0.999999 -0.000166841 0.00177755 0.00016116 0.999997 0.00272329 -0.00177745 -0.00272271 0.999994 -0.147605 0.0884661 -0.116938
FixedParameters: 0 0 0

#Transform 56
Transform: AffineTransform_float_3_3
Parameters: 0.999998 -0.000282 0.00193514 0.000276 0.999995 0.00310054 -0.00193587 -0.00309946 0.999994 -0.157533 0.0790811 -0.114583
FixedParameters: 0 0 0

#Transform 57
Transform: AffineTransform_float_3_3
Parameters: 0.999999 -0.000197683 0.00154366 0.000194319 0.999999 0.0017373 -0.00154334 -0.0017377 0.999998 -0.144185 0.150794 -0.106658
FixedParameters: 0 0 0

#Transform 58
Transform: AffineTransform_float_3_3
Parameters: 0.999995 -0.000214984 0.00316848 0.000222012 0.999997 -0.00221331 -0.00316751 0.00221469 0.999992 -0.233695 0.420323 -0.178858
FixedParameters: 0 0 0

#Transform 59
Transform: AffineTransform_float_3_3
Parameters: 0.999998 -0.000456968 0.00182376 0.000456032 1 0.000530833 -0.00182424 -0.000530167 0.999998 -0.117526 0.267837 -0.196131
FixedParameters: 0 0 0

#Transform 60
Transform: AffineTransform_float_3_3
Parameters: 0.999997 -0.000534793 0.00237192 0.000530206 0.999998 0.00202126 -0.00237308 -0.00201974 0.999995 -0.169131 0.206721 -0.207735
FixedParameters: 0 0 0

#Transform 61
Transform: AffineTransform_float_3_3
Parameters: 0.999993 -0.00352274 -0.00169425 0.00357525 0.999484 0.0318992 0.00158075 -0.0319048 0.999489 0.128377 -1.61206 0.193105
FixedParameters: 0 0 0

#Transform 62
Transform: AffineTransform_float_3_3
Parameters: 0.999991 -0.00135811 0.00397814 0.00128389 0.999822 0.0188233 -0.00400287 -0.0188177 0.999815 -0.244678 -0.497386 -0.224081
FixedParameters: 0 0 0

#Transform 63
Transform: AffineTransform_float_3_3
Parameters: 0.999995 -0.00208698 0.00260166 0.00202001 0.999673 0.0254864 -0.00265434 -0.0254806 0.999672 -0.10766 -1.05126 -0.476061
FixedParameters: 0 0 0

#Transform 64
Transform: AffineTransform_float_3_3
Parameters: 0.999996 -0.00174702 0.00228169 0.00170397 0.999823 0.018724 -0.00231431 -0.01872 0.999822 -0.0897846 -0.649738 -0.479982
FixedParameters: 0 0 0

#Transform 65
Transform: AffineTransform_float_3_3
Parameters: 0.999998 -0.00109883 0.00193924 0.00107617 0.99993 0.0117371 -0.00195177 -0.0117349 0.999929 -0.122937 -0.247976 -0.434482
FixedParameters: 0 0 0

#Transform 66
Transform: AffineTransform_float_3_3
Parameters: 0.999999 -0.0010408 0.00142891 0.0010232 0.999931 0.0117095 -0.00144108 -0.0117085 0.999931 -0.102605 -0.257042 -0.443172
FixedParameters: 0 0 0

#Transform 67
Transform: AffineTransform_float_3_3
Parameters: 0.999997 -0.000235698 0.00212951 0.000211297 0.999938 0.0111215 -0.00213248 -0.0111215 0.999936 -0.181174 -0.233872 -0.468985
FixedParameters: 0 0 0

#Transform 68
Transform: AffineTransform_float_3_3
Parameters: 0.999999 -0.00153921 0.000837718 0.00152878 0.999912 0.0132253 -0.000858293 -0.0132237 0.999912 -0.0348626 -0.344373 -0.438549
FixedParameters: 0 0 0

#Transform 69
Transform: AffineTransform_float_3_3
Parameters: 0.999997 -0.000699537 0.00201733 0.000671467 0.9999 0.0141124 -0.00202668 -0.0141106 0.999899 -0.114284 -0.388402 -0.406659
FixedParameters: 0 0 0

#Transform 70
Transform: AffineTransform_float_3_3
Parameters: 0.999996 -0.000955166 0.00240153 0.00093084 0.999949 0.0100433 -0.00241047 -0.0100417 0.999946 -0.133375 -0.163429 -0.438878
FixedParameters: 0 0 0

#Transform 71
Transform: AffineTransform_float_3_3
Parameters: 0.999996 -0.00103054 0.00253857 0.00100646 0.999956 0.00925659 -0.00254843 -0.0092544 0.999954 -0.109316 -0.11278 -0.454391
FixedParameters: 0 0 0

#Transform 72
Transform: AffineTransform_float_3_3
Parameters: 0.999996 -0.000612781 0.00272454 0.000588213 0.999958 0.00908763 -0.00273046 -0.00908536 0.999955 -0.145096 -0.0969471 -0.432542
FixedParameters: 0 0 0

#Transform 73
Transform: AffineTransform_float_3_3
Parameters: 0.999996 -0.000416093 0.00271456 0.000393903 0.999964 0.0085021 -0.00271845 -0.0085009 0.99996 -0.194282 -0.0585737 -0.429365
FixedParameters: 0 0 0

#Transform 74
Transform: AffineTransform_float_3_3
Parameters: 0.999994 0.000241866 0.0033952 -0.000271132 0.999963 0.00858313 -0.0033928 -0.00858387 0.999958 -0.256965 -0.0770779 -0.430595
FixedParameters: 0 0 0

#Transform 75
Transform: AffineTransform_float_3_3
Parameters: 0.999997 -0.000807918 0.00237665 0.00079208 0.999978 0.0066909 -0.00238235 -0.0066891 0.999975 -0.12132 0.0438901 -0.42512
FixedParameters: 0 0 0

#Transform 76
Transform: AffineTransform_float_3_3
Parameters: 0.999997 -0.000403554 0.00247335 0.000386448 0.999977 0.00668997 -0.00247564 -0.00668902 0.999974 -0.171235 0.032292 -0.397614
FixedParameters: 0 0 0

#Transform 77
Transform: AffineTransform_float_3_3
Parameters: 0.999996 -0.000513506 0.00285826 0.000498492 0.999985 0.00542245 -0.00286175 -0.00542156 0.999981 -0.202725 0.106622 -0.405364
FixedParameters: 0 0 0

#Transform 78
Transform: AffineTransform_float_3_3
Parameters: 0.999996 -0.000668518 0.00272977 0.000650488 0.999979 0.0064128 -0.00273323 -0.0064112 0.999975 -0.17959 0.0662488 -0.436936
FixedParameters: 0 0 0

#Transform 79
Transform: AffineTransform_float_3_3
Parameters: 0.999995 -0.000396462 0.00289248 0.000361532 0.999929 0.0119051 -0.00289751 -0.0119039 0.999925 -0.167232 -0.244514 -0.454039
FixedParameters: 0 0 0

#Transform 80
Transform: AffineTransform_float_3_3
Parameters: 0.999996 -0.000636387 0.00271372 0.000608621 0.999949 0.0100807 -0.00271927 -0.0100793 0.999945 -0.153627 -0.140912 -0.450156
FixedParameters: 0 0 0

#Transform 81
Transform: AffineTransform_float_3_3
Parameters: 0.999997 -0.000811345 0.00237782 0.000789653 0.999959 0.0089639 -0.00238517 -0.00896209 0.999957 -0.157175 -0.0793046 -0.405894
FixedParameters: 0 0 0

#Transform 82
Transform: AffineTransform_float_3_3
Parameters: 0.999995 -0.0016567 0.00250579 0.0016353 0.999962 0.00863714 -0.00252021 -0.00863386 0.999959 -0.127626 -0.0693962 -0.394525
FixedParameters: 0 0 0

#Transform 83
Transform: AffineTransform_float_3_3
Parameters: 0.999997 -0.00142216 0.00211122 0.00140283 0.999958 0.00905099 -0.00212478 -0.00904801 0.999957 -0.104126 -0.0911156 -0.393054
FixedParameters: 0 0 0

#Transform 84
Transform: AffineTransform_float_3_3
Parameters: 0.999996 -0.00129529 0.00242571 0.00127171 0.999954 0.00957913 -0.00243829 -0.00957588 0.999951 -0.146078 -0.12984 -0.400087
FixedParameters: 0 0 0

#Transform 85
Transform: AffineTransform_float_3_3
Parameters: 0.999997 -0.00118699 0.00243191 0.00116401 0.999955 0.00943286 -0.00244309 -0.00943013 0.999952 -0.151508 -0.120388 -0.423574
FixedParameters: 0 0 0

#Transform 86
Transform: AffineTransform_float_3_3
Parameters: 0.999997 -0.00120229 0.00241604 0.00117972 0.999957 0.00920388 -0.00242696 -0.00920111 0.999954 -0.161731 -0.0859739 -0.420422
FixedParameters: 0 0 0

#Transform 87
Transform: AffineTransform_float_3_3
Parameters: 0.999996 -0.00132089 0.00221065 0.0013001 0.999954 0.0094269 -0.00222335 -0.00942409 0.999953 -0.149104 -0.105805 -0.42115
FixedParameters: 0 0 0

#Transform 88
Transform: AffineTransform_float_3_3
Parameters: 0.999997 -0.00148069 0.00188323 0.00146332 0.999955 0.00935878 -0.00189678 -0.00935621 0.999954 -0.12651 -0.106216 -0.39273
FixedParameters: 0 0 0

#Transform 89
Transform: AffineTransform_float_3_3
Parameters: 0.999997 -0.00106372 0.00227945 0.00104329 0.999959 0.00907141 -0.00228856 -0.0090696 0.999957 -0.141743 -0.103831 -0.393517
FixedParameters: 0 0 0

#Transform 90
Transform: AffineTransform_float_3_3
Parameters: 0.999996 -0.00146459 0.0020965 0.00144841 0.999968 0.00789406 -0.0021075 -0.00789093 0.999966 -0.142986 -0.0301844 -0.37608
FixedParameters: 0 0 0

#Transform 91
Transform: AffineTransform_float_3_3
Parameters: 0.999996 -0.00156184 0.00203168 0.00154717 0.999973 0.00728417 -0.00204232 -0.00728084 0.999972 -0.15704 0.0136887 -0.378185
FixedParameters: 0 0 0

#Transform 92
Transform: AffineTransform_float_3_3
Parameters: 0.999997 -0.00147341 0.0018341 0.00146159 0.999976 0.0067487 -0.0018439 -0.0067463 0.999975 -0.127538 0.0469403 -0.388844
FixedParameters: 0 0 0

#Transform 93
Transform: AffineTransform_float_3_3
Parameters: 0.999997 -0.00142636 0.00194198 0.00141464 0.999979 0.00634976 -0.00195102 -0.00634723 0.999978 -0.128713 0.0609011 -0.3952
FixedParameters: 0 0 0

#Transform 94
Transform: AffineTransform_float_3_3
Parameters: 0.999997 -0.00162563 0.00211886 0.00161037 0.999975 0.00688844 -0.00213014 -0.00688456 0.999974 -0.144254 0.0392499 -0.398769
FixedParameters: 0 0 0

#Transform 95
Transform: AffineTransform_float_3_3
Parameters: 0.999995 -0.00203584 0.00217721 0.00202016 0.999975 0.00679842 -0.00219078 -0.00679357 0.999974 -0.163463 0.0543529 -0.405495
FixedParameters: 0 0 0

#Transform 96
Transform: AffineTransform_float_3_3
Parameters: 0.999995 -0.00194017 0.00239961 0.00192584 0.999981 0.00589265 -0.00241039 -0.00588835 0.99998 -0.164256 0.097085 -0.378173
FixedParameters: 0 0 0

#Transform 97
Transform: AffineTransform_float_3_3
Parameters: 0.999995 -0.00189382 0.00261003 0.00188018 0.999985 0.00528593 -0.00261997 -0.00528107 0.999982 -0.167333 0.119194 -0.369168
FixedParameters: 0 0 0

#Transform 98
Transform: AffineTransform_float_3_3
Parameters: 0.999996 -0.00173261 0.00220917 0.0017204 0.999983 0.00569483 -0.00221883 -0.00569118 0.999982 -0.135641 0.115293 -0.379942
FixedParameters: 0 0 0

#Transform 99
Transform: AffineTransform_float_3_3
Parameters: 0.999996 -0.00175639 0.00219134 0.00174361 0.99998 0.00609684 -0.00220267 -0.00609315 0.999979 -0.145052 0.0925904 -0.385428
FixedParameters: 0 0 0

#Transform 100
Transform: AffineTransform_float_3_3
Parameters: 0.999995 -0.00198367 0.00223156 0.00197333 0.999986 0.00477142 -0.00224144 -0.00476757 0.999986 -0.159941 0.168523 -0.384214
FixedParameters: 0 0 0

#Transform 101
Transform: AffineTransform_float_3_3
Parameters: 0.999996 -0.00158253 0.00224431 0.00157247 0.99999 0.00424255 -0.00225069 -0.00423946 0.999989 -0.146817 0.203547 -0.355803
FixedParameters: 0 0 0

#Transform 102
Transform: AffineTransform_float_3_3
Parameters: 0.999996 -0.00125627 0.0022914 0.00124673 0.999989 0.00447987 -0.00229661 -0.00447713 0.999988 -0.184969 0.164884 -0.32708
FixedParameters: 0 0 0

#Transform 103
Transform: AffineTransform_float_3_3
Parameters: 0.999996 -0.00117048 0.00282345 0.00115753 0.999988 0.00477029 -0.00282855 -0.00476771 0.999984 -0.224851 0.169409 -0.363676
FixedParameters: 0 0 0

#Transform 104
Transform: AffineTransform_float_3_3
Parameters: 0.999996 -0.00125348 0.00261405 0.00124152 0.999988 0.00477027 -0.00261995 -0.00476774 0.999985 -0.201104 0.175308 -0.378052
FixedParameters: 0 0 0

#Transform 105
Transform: AffineTransform_float_3_3
Parameters: 0.999995 -0.0018369 0.00263304 0.0018231 0.999987 0.00489483 -0.00264195 -0.00489017 0.999984 -0.178614 0.165842 -0.369205
FixedParameters: 0 0 0

#Transform 106
Transform: AffineTransform_float_3_3
Parameters: 0.999996 -0.00196513 0.00231476 0.00195287 0.999985 0.00522954 -0.00232524 -0.00522446 0.999983 -0.153621 0.138261 -0.361496
FixedParameters: 0 0 0

#Transform 107
Transform: AffineTransform_float_3_3
Parameters: 0.999992 -0.00367179 0.0019973 0.00366122 0.999979 0.00537736 -0.00201671 -0.00537064 0.999983 -0.0554551 0.130313 -0.36932
FixedParameters: 0 0 0

#Transform 108
Transform: AffineTransform_float_3_3
Parameters: 0.999992 -0.00358154 0.00138825 0.00357546 0.999982 0.004684 -0.00140575 -0.004679 0.999988 -0.0283135 0.174208 -0.350757
FixedParameters: 0 0 0

#Transform 109
Transform: AffineTransform_float_3_3
Parameters: 0.999991 -0.00384461 0.00175845 0.00383739 0.999984 0.00431179 -0.00177555 -0.00430521 0.999989 -0.0401895 0.190511 -0.353191
FixedParameters: 0 0 0

#Transform 110
Transform: AffineTransform_float_3_3
Parameters: 0.999993 -0.00278323 0.00222828 0.00277377 0.999985 0.00458021 -0.00224072 -0.00457379 0.999987 -0.131515 0.184292 -0.359112
FixedParameters: 0 0 0

#Transform 111
Transform: AffineTransform_float_3_3
Parameters: 0.999994 -0.00228093 0.00261364 0.00226907 0.999987 0.00455896 -0.00262337 -0.00455304 0.999986 -0.176789 0.180352 -0.35426
FixedParameters: 0 0 0

#Transform 112
Transform: AffineTransform_float_3_3
Parameters: 0.99999 -0.00310731 0.00339196 0.0030927 0.999987 0.00421354 -0.00340505 -0.00420347 0.999986 -0.206235 0.192332 -0.319329
FixedParameters: 0 0 0

#Transform 113
Transform: AffineTransform_float_3_3
Parameters: 0.99999 -0.00351412 0.00299818 0.00347789 0.999923 0.0119676 -0.00303982 -0.0119574 0.999924 -0.170002 -0.225832 -0.32516
FixedParameters: 0 0 0

#Transform 114
Transform: AffineTransform_float_3_3
Parameters: 0.999991 -0.00298865 0.00320133 0.00296236 0.999961 0.00829657 -0.00322568 -0.00828644 0.999961 -0.202199 -0.0583968 -0.291891
FixedParameters: 0 0 0

#Transform 115
Transform: AffineTransform_float_3_3
Parameters: 0.999992 -0.00270436 0.00299205 0.00268064 0.999966 0.00778409 -0.00301295 -0.00777592 0.999965 -0.193299 -0.0139381 -0.333238
FixedParameters: 0 0 0

#Transform 116
Transform: AffineTransform_float_3_3
Parameters: 0.99999 -0.00313203 0.0031894 0.00311398 0.999979 0.00564099 -0.0032066 -0.00563101 0.999979 -0.201299 0.104947 -0.335366
FixedParameters: 0 0 0

#Transform 117
Transform: AffineTransform_float_3_3
Parameters: 0.999991 -0.00306764 0.0031197 0.00305237 0.999983 0.00500457 -0.0031343 -0.00499443 0.999982 -0.205429 0.14472 -0.383783
FixedParameters: 0 0 0

#Transform 118
Transform: AffineTransform_float_3_3
Parameters: 0.99999 -0.00313381 0.00312019 0.00312019 0.999986 0.00410177 -0.00313281 -0.00409222 0.999986 -0.20535 0.211067 -0.377513
FixedParameters: 0 0 0

#Transform 119
Transform: AffineTransform_float_3_3
Parameters: 0.999989 -0.00337276 0.00322561 0.00335625 0.999983 0.00487688 -0.00324239 -0.00486612 0.999983 -0.212007 0.168982 -0.360238
FixedParameters: 0 0 0

#Transform 120
Transform: AffineTransform_float_3_3
Parameters: 0.999989 -0.00335888 0.00324361 0.00334212 0.999981 0.0051949 -0.00326139 -0.0051841 0.999981 -0.189037 0.157111 -0.342055
FixedParameters: 0 0 0

#Transform 121
Transform: AffineTransform_float_3_3
Parameters: 0.99999 -0.00278661 0.00366195 0.00277539 0.999992 0.00290019 -0.00367005 -0.0028898 0.999989 -0.257954 0.267109 -0.333173
FixedParameters: 0 0 0

#Transform 122
Transform: AffineTransform_float_3_3
Parameters: 0.999988 -0.00274936 0.00401802 0.00274564 0.999995 0.00109104 -0.00402098 -0.00107996 0.999992 -0.266422 0.365444 -0.394839
FixedParameters: 0 0 0

#Transform 123
Transform: AffineTransform_float_3_3
Parameters: 0.999986 -0.00195665 0.00505075 0.00195635 0.999998 0.000133883 -0.00505125 -0.000123118 0.999987 -0.331971 0.431237 -0.372235
FixedParameters: 0 0 0

#Transform 124
Transform: AffineTransform_float_3_3
Parameters: 0.99999 -0.00254709 0.00369401 0.00253391 0.99999 0.00354439 -0.00370299 -0.0035346 0.999987 -0.24537 0.241093 -0.344826
FixedParameters: 0 0 0

#Transform 125
Transform: AffineTransform_float_3_3
Parameters: 0.999989 -0.00239303 0.00400343 0.00238197 0.999994 0.00275757 -0.00401057 -0.00274843 0.999988 -0.272107 0.293057 -0.373506
FixedParameters: 0 0 0

#Transform 126
Transform: AffineTransform_float_3_3
Parameters: 0.999988 -0.00275862 0.004195 0.00275138 0.999994 0.00182056 -0.0042 -0.00180943 0.999989 -0.278537 0.355288 -0.391683
FixedParameters: 0 0 0

#Transform 127
Transform: AffineTransform_float_3_3
Parameters: 0.999988 -0.00258488 0.00419577 0.00257812 0.999996 0.00164484 -0.00420023 -0.00163416 0.99999 -0.271979 0.36693 -0.38333
FixedParameters: 0 0 0

#Transform 128
Transform: AffineTransform_float_3_3
Parameters: 0.999989 -0.00195431 0.0042524 0.00195269 0.999998 0.000313307 -0.0042526 -0.000304692 0.999991 -0.306648 0.434917 -0.367553
FixedParameters: 0 0 0

#Transform 129
Transform: AffineTransform_float_3_3
Parameters: 0.999989 -0.00188655 0.00414738 0.00188344 0.999998 0.00086082 -0.00414861 -0.000853182 0.999991 -0.292188 0.40113 -0.348643
FixedParameters: 0 0 0

#Transform 130
Transform: AffineTransform_float_3_3
Parameters: 0.99999 -0.00187516 0.00410219 0.00186884 0.999997 0.00150468 -0.00410481 -0.00149632 0.999991 -0.285858 0.361824 -0.33677
FixedParameters: 0 0 0

#Transform 131
Transform: AffineTransform_float_3_3
Parameters: 0.999984 -0.00250251 0.00520562 0.00248549 0.999991 0.00336799 -0.00521439 -0.00335501 0.999981 -0.324223 0.267611 -0.383799
FixedParameters: 0 0 0

#Transform 132
Transform: AffineTransform_float_3_3
Parameters: 0.999986 -0.00297467 0.00433998 0.00295932 0.99999 0.00338389 -0.00435002 -0.00337011 0.999985 -0.278771 0.27066 -0.375981
FixedParameters: 0 0 0

#Transform 133
Transform: AffineTransform_float_3_3
Parameters: 0.999987 -0.00290561 0.0040222 0.00289239 0.99999 0.00338468 -0.0040318 -0.00337333 0.999986 -0.2404 0.253629 -0.368808
FixedParameters: 0 0 0

#Transform 134
Transform: AffineTransform_float_3_3
Parameters: 0.999987 -0.00295038 0.00432229 0.00294162 0.999994 0.00194374 -0.00432771 -0.00193126 0.999989 -0.277584 0.346167 -0.375575
FixedParameters: 0 0 0

#Transform 135
Transform: AffineTransform_float_3_3
Parameters: 0.999986 -0.00326963 0.00399695 0.00326036 0.999993 0.00216506 -0.00400404 -0.00215194 0.999989 -0.19072 0.327023 -0.342844
FixedParameters: 0 0 0

#Transform 136
Transform: AffineTransform_float_3_3
Parameters: 0.999986 -0.00319231 0.00427034 0.0031787 0.99999 0.00335262 -0.00428066 -0.00333938 0.999986 -0.190163 0.27026 -0.425125
FixedParameters: 0 0 0

#Transform 137
Transform: AffineTransform_float_3_3
Parameters: 0.999985 -0.00330665 0.00435242 0.00329435 0.999991 0.00290938 -0.00436258 -0.00289462 0.999987 -0.182833 0.318914 -0.466262
FixedParameters: 0 0 0

#Transform 138
Transform: AffineTransform_float_3_3
Parameters: 0.999985 -0.00312228 0.00461269 0.00310671 0.999989 0.00331738 -0.00462331 -0.00330261 0.999984 -0.247674 0.290443 -0.482713
FixedParameters: 0 0 0

#Transform 139
Transform: AffineTransform_float_3_3
Parameters: 0.999979 -0.0052758 0.00378275 0.0052662 0.999984 0.00233297 -0.00379524 -0.00231203 0.99999 -0.151022 0.357121 -0.488255
FixedParameters: 0 0 0

#Transform 140
Transform: AffineTransform_float_3_3
Parameters: 0.999981 -0.00534435 0.00330275 0.00533765 0.999984 0.00192867 -0.00331326 -0.00191133 0.999992 -0.101882 0.375648 -0.468932
FixedParameters: 0 0 0

#Transform 141
Transform: AffineTransform_float_3_3
Parameters: 0.99998 -0.00561603 0.0031516 0.00561297 0.999984 0.000969709 -0.0031574 -0.000952287 0.999994 -0.101524 0.433551 -0.461841
FixedParameters: 0 0 0

#Transform 142
Transform: AffineTransform_float_3_3
Parameters: 0.999979 -0.00579664 0.00310809 0.00579437 0.999983 0.000856028 -0.00311291 -0.000837973 0.999995 -0.0963165 0.446141 -0.480882
FixedParameters: 0 0 0

#Transform 143
Transform: AffineTransform_float_3_3
Parameters: 0.99998 -0.00539663 0.00334376 0.00539337 0.999985 0.00079405 -0.00334823 -0.000775947 0.999994 -0.117394 0.448713 -0.461277
FixedParameters: 0 0 0

#Transform 144
Transform: AffineTransform_float_3_3
Parameters: 0.999981 -0.00552647 0.00274205 0.00552652 0.999984 0.000180157 -0.00274295 -0.000164844 0.999996 -0.074908 0.468533 -0.418615
FixedParameters: 0 0 0

#Transform 145
Transform: AffineTransform_float_3_3
Parameters: 0.999982 -0.00512944 0.00289699 0.00513056 0.999987 -0.00018614 -0.00289601 0.000200858 0.999996 -0.0711852 0.503056 -0.459427
FixedParameters: 0 0 0

#Transform 146
Transform: AffineTransform_float_3_3
Parameters: 0.999986 -0.00402547 0.00363348 0.00402553 0.999992 0.000136629 -0.00363352 -0.000122375 0.999994 -0.164624 0.50135 -0.455239
FixedParameters: 0 0 0

#Transform 147
Transform: AffineTransform_float_3_3
Parameters: 0.999985 -0.0041994 0.0036684 0.00419761 0.999991 0.000388405 -0.0036696 -0.000373596 0.999993 -0.168806 0.486683 -0.447846
FixedParameters: 0 0 0

#Transform 148
Transform: AffineTransform_float_3_3
Parameters: 0.999982 -0.00453473 0.00394101 0.00453227 0.999989 0.00044787 -0.00394299 -0.000430127 0.999992 -0.184534 0.485874 -0.440395
FixedParameters: 0 0 0

#Transform 149
Transform: AffineTransform_float_3_3
Parameters: 0.999982 -0.00445476 0.00399192 0.00445224 0.99999 0.000699785 -0.00399508 -0.000682215 0.999992 -0.196255 0.469091 -0.478164
FixedParameters: 0 0 0

#Transform 150
Transform: AffineTransform_float_3_3
Parameters: 0.999985 -0.00403034 0.00389158 0.00402866 0.999991 0.000608687 -0.00389342 -0.000592317 0.999992 -0.171506 0.492102 -0.508607
FixedParameters: 0 0 0

#Transform 151
Transform: AffineTransform_float_3_3
Parameters: 0.999983 -0.00439225 0.00379003 0.00439375 0.99999 -0.000454355 -0.00378796 0.000471646 0.999992 -0.17227 0.557606 -0.539007
FixedParameters: 0 0 0

#Transform 152
Transform: AffineTransform_float_3_3
Parameters: 0.999982 -0.00437673 0.00393975 0.00437227 0.999989 0.00120825 -0.00394425 -0.00119076 0.999992 -0.185359 0.455055 -0.48759
FixedParameters: 0 0 0

#Transform 153
Transform: AffineTransform_float_3_3
Parameters: 0.999984 -0.00432834 0.00362644 0.00432266 0.999989 0.0017557 -0.00363356 -0.0017393 0.999992 -0.154163 0.400598 -0.42849
FixedParameters: 0 0 0

#Transform 154
Transform: AffineTransform_float_3_3
Parameters: 0.999984 -0.00433235 0.0036939 0.00432765 0.99999 0.001186 -0.0036981 -0.00117 0.999992 -0.158491 0.44073 -0.439521
FixedParameters: 0 0 0

#Transform 155
Transform: AffineTransform_float_3_3
Parameters: 0.999983 -0.0045548 0.00344201 0.00454819 0.999987 0.00198269 -0.00345099 -0.00196631 0.999992 -0.142462 0.38615 -0.440666
FixedParameters: 0 0 0

#Transform 156
Transform: AffineTransform_float_3_3
Parameters: 0.999984 -0.00440569 0.00354995 0.00439931 0.999989 0.00160864 -0.00355705 -0.00159335 0.999993 -0.15857 0.410928 -0.480788
FixedParameters: 0 0 0

#Transform 157
Transform: AffineTransform_float_3_3
Parameters: 0.999984 -0.00398411 0.00402501 0.0039749 0.99999 0.00226804 -0.00403399 -0.00225197 0.99999 -0.209254 0.373981 -0.454897
FixedParameters: 0 0 0

#Transform 158
Transform: AffineTransform_float_3_3
Parameters: 0.999981 -0.004275 0.00441834 0.004265 0.999989 0.00227089 -0.00442765 -0.00225111 0.999987 -0.216626 0.387553 -0.439265
FixedParameters: 0 0 0

#Transform 159
Transform: AffineTransform_float_3_3
Parameters: 0.999983 -0.00394863 0.00442299 0.00394338 0.999992 0.00128047 -0.00442802 -0.00126254 0.99999 -0.223077 0.4284 -0.441652
FixedParameters: 0 0 0

#Transform 160
Transform: AffineTransform_float_3_3
Parameters: 0.999986 -0.00362427 0.00401605 0.00362073 0.999993 0.000820553 -0.00401895 -0.000806446 0.999991 -0.190417 0.44416 -0.44897
FixedParameters: 0 0 0

#Transform 161
Transform: AffineTransform_float_3_3
Parameters: 0.999983 -0.00382747 0.00442154 0.00382053 0.999992 0.00169692 -0.00442846 -0.00168008 0.999989 -0.217897 0.40895 -0.437713
FixedParameters: 0 0 0

#Transform 162
Transform: AffineTransform_float_3_3
Parameters: 0.999986 -0.00418029 0.00325784 0.00417071 0.999987 0.00315863 -0.00327116 -0.00314437 0.999989 -0.138618 0.324893 -0.387123
FixedParameters: 0 0 0

#Transform 163
Transform: AffineTransform_float_3_3
Parameters: 0.999983 -0.00429747 0.00399261 0.00428552 0.999986 0.00312816 -0.00400639 -0.00311084 0.999987 -0.197758 0.346086 -0.472525
FixedParameters: 0 0 0

#Transform 164
Transform: AffineTransform_float_3_3
Parameters: 0.999994 -0.00312726 -0.00187741 0.00310575 0.999926 -0.0117449 0.0019136 0.0117391 0.99993 -0.16336 0.525066 1.39253
FixedParameters: 0 0 0

#Transform 165
Transform: AffineTransform_float_3_3
Parameters: 0.999999 -0.00130632 -0.000217193 0.00130568 0.999982 -0.00597929 0.000224811 0.00597871 0.999982 -0.0703935 0.399069 1.33802
FixedParameters: 0 0 0

#Transform 166
Transform: AffineTransform_float_3_3
Parameters: 0.999996 -0.000448564 0.00301087 0.000433435 0.999988 0.00483633 -0.00301313 -0.00483467 0.999984 -0.296928 -0.158333 0.404693
FixedParameters: 0 0 0

#Transform 167
Transform: AffineTransform_float_3_3
Parameters: 0.999996 -0.0010672 0.00235029 0.00105979 0.999994 0.0034895 -0.00235471 -0.0034865 0.999991 -0.269089 0.0148172 0.182371
FixedParameters: 0 0 0

#Transform 168
Transform: AffineTransform_float_3_3
Parameters: 0.999997 -0.00146103 0.0019495 0.00145497 0.999994 0.00309085 -0.00195451 -0.00308816 0.999994 -0.21505 0.0701009 0.125299
FixedParameters: 0 0 0

#Transform 169
Transform: AffineTransform_float_3_3
Parameters: 0.999995 -0.00183045 0.00232804 0.00181954 0.999987 0.00491326 -0.00233696 -0.00490875 0.999985 -0.231235 -0.0385302 0.115979
FixedParameters: 0 0 0

#Transform 170
Transform: AffineTransform_float_3_3
Parameters: 0.999995 -0.00195905 0.00254445 0.00194096 0.99997 0.00746698 -0.00255856 -0.00746203 0.999969 -0.229513 -0.182179 0.140728
FixedParameters: 0 0 0

#Transform 171
Transform: AffineTransform_float_3_3
Parameters: 0.999995 -0.00194974 0.00269671 0.00194126 0.999993 0.00323825 -0.0027033 -0.00323375 0.999991 -0.262415 0.0869621 0.114687
FixedParameters: 0 0 0

#Transform 172
Transform: AffineTransform_float_3_3
Parameters: 0.999995 -0.00230325 0.0020802 0.00229775 0.999994 0.00252379 -0.0020868 -0.00251921 0.999994 -0.178546 0.116075 0.0986654
FixedParameters: 0 0 0

#Transform 173
Transform: AffineTransform_float_3_3
Parameters: 0.999993 -0.00349858 0.00174886 0.00349543 0.999993 0.00147312 -0.00175314 -0.00146688 0.999998 -0.0950777 0.168841 0.0895065
FixedParameters: 0 0 0

#Transform 174
Transform: AffineTransform_float_3_3
Parameters: 0.999995 -0.00296104 -0.000205425 0.00296096 0.999995 -0.000194609 0.000205573 0.000193392 1 0.031934 0.28644 0.201772
FixedParameters: 0 0 0

#Transform 175
Transform: AffineTransform_float_3_3
Parameters: 0.999959 -0.00118579 0.00895506 0.00121621 0.999993 -0.00336925 -0.00895095 0.00337975 0.999954 -0.614008 0.442358 0.0734878
FixedParameters: 0 0 0

#Transform 176
Transform: AffineTransform_float_3_3
Parameters: 0.999965 -0.00104518 0.00823297 0.00107582 0.999993 -0.00374027 -0.00822903 0.00374873 0.999959 -0.521269 0.486598 0.0288714
FixedParameters: 0 0 0

#Transform 177
Transform: AffineTransform_float_3_3
Parameters: 0.999969 -0.00661132 -0.00442877 0.00659368 0.999969 -0.00413933 0.00445623 0.00410967 0.999981 0.388391 0.480906 0.0510547
FixedParameters: 0 0 0

#Transform 178
Transform: AffineTransform_float_3_3
Parameters: 0.999969 -0.00353904 0.00693477 0.00356196 0.999988 -0.0033014 -0.00692324 0.0033256 0.999971 -0.441953 0.456092 0.0746286
FixedParameters: 0 0 0

#Transform 179
Transform: AffineTransform_float_3_3
Parameters: 0.999993 -0.00240343 0.00287656 0.00242958 0.999958 -0.00891908 -0.00285544 0.00892593 0.999956 -0.182343 0.764644 0.0240382
FixedParameters: 0 0 0
