#Insight Transform File V1.0
#Transform 0
Transform: AffineTransform_float_3_3
Parameters: 0.999997 -0.0021312 -0.000124656 0.0021308 0.999997 -0.00156927 0.000128343 0.00156873 0.999999 0.168728 -0.101027 -0.703734
FixedParameters: 0 0 0

#Transform 1
Transform: AffineTransform_float_3_3
Parameters: 1 0.000998524 0.000332438 -0.000999478 0.999999 0.00143967 -0.000330562 -0.00143933 0.999999 0.0395365 0.0346376 -0.00176816
FixedParameters: 0 0 0

#Transform 2
Transform: AffineTransform_float_3_3
Parameters: 1 0.00099664 0.000458785 -0.000996361 0.999999 0.000787543 -0.000457216 -0.000787456 0.999999 0.0172542 0.112161 -0.00116315
FixedParameters: 0 0 0

#Transform 3
Transform: AffineTransform_float_3_3
Parameters: 1 0.000880149 0.000459634 -0.000880851 0.999998 0.0018556 -0.000457366 -0.0018564 0.999998 0.0166851 0.0691129 -0.0216767
FixedParameters: 0 0 0

#Transform 4
Transform: AffineTransform_float_3_3
Parameters: 0.999999 0.000879352 0.000883644 -0.000881648 0.999998 0.00186722 -0.000881355 -0.00186778 0.999998 0.001369 0.0662769 -0.00736009
FixedParameters: 0 0 0

#Transform 5
Transform: AffineTransform_float_3_3
Parameters: 0.999999 0.000879578 0.00106617 -0.000881423 0.999998 0.00133406 -0.00106582 -0.00133494 0.999998 -0.00682469 0.0916921 0.00460685
FixedParameters: 0 0 0

#Transform 6
Transform: AffineTransform_float_3_3
Parameters: 0.999999 0.00127046 0.00127853 -0.00127354 0.999997 0.00198938 -0.00127547 -0.00199162 0.999997 -0.0274547 0.0448381 0.0465805
FixedParameters: 0 0 0

#Transform 7
Transform: AffineTransform_float_3_3
Parameters: 0.999999 0.00141677 0.0011298 -0.00141923 0.999997 0.0019744 -0.0011272 -0.0019766 0.999998 -0.00673418 0.0510749 0.055315
FixedParameters: 0 0 0

#Transform 8
Transform: AffineTransform_float_3_3
Parameters: 0.999997 0.000890943 0.00199626 -0.000896057 0.999997 0.00253422 -0.00199373 -0.00253578 0.999995 -0.0297123 0.0215726 0.0464048
FixedParameters: 0 0 0

#Transform 9
Transform: AffineTransform_float_3_3
Parameters: 0.999998 0.00126766 0.00148956 -0.00127334 0.999992 0.00359011 -0.00148544 -0.00359189 0.999993 -0.0179728 -0.0265719 0.00304824
FixedParameters: 0 0 0

#Transform 10
Transform: AffineTransform_float_3_3
Parameters: 0.999998 0.00126657 0.00163401 -0.00127343 0.999992 0.00394293 -0.00162899 -0.00394507 0.999991 -0.0253599 -0.0333894 -0.0111257
FixedParameters: 0 0 0

#Transform 11
Transform: AffineTransform_float_3_3
Parameters: 0.999997 0.00202398 0.00119454 -0.00202902 0.999989 0.00421359 -0.00118546 -0.00421541 0.999991 -0.00497695 -0.0227973 -0.00727897
FixedParameters: 0 0 0

#Transform 12
Transform: AffineTransform_float_3_3
Parameters: 0.999997 0.00202318 0.00139547 -0.00202882 0.999989 0.00418118 -0.00138653 -0.00418382 0.999991 -0.0395586 -0.0277576 -0.0203254
FixedParameters: 0 0 0

#Transform 13
Transform: AffineTransform_float_3_3
Parameters: 0.999997 0.00129276 0.00175012 -0.00130124 0.999988 0.00471474 -0.00174388 -0.00471727 0.999988 -0.0734658 -0.0216217 0.00698618
FixedParameters: 0 0 0

#Transform 14
Transform: AffineTransform_float_3_3
Parameters: 0.999999 0.00107183 0.00112093 -0.00107817 0.999984 0.0055168 -0.00111507 -0.0055182 0.999984 -0.0219972 -0.0337545 -0.046628
FixedParameters: 0 0 0

#Transform 15
Transform: AffineTransform_float_3_3
Parameters: 0.999998 0.0013067 0.00182741 -0.0013173 0.999983 0.00564861 -0.00181959 -0.0056514 0.999983 -0.0594718 -0.0492017 -0.0229042
FixedParameters: 0 0 0

#Transform 16
Transform: AffineTransform_float_3_3
Parameters: 0.999997 0.00119262 0.00182748 -0.00120438 0.99998 0.00623981 -0.00181952 -0.00624218 0.999979 -0.0535296 -0.0807954 -0.0226896
FixedParameters: 0 0 0

#Transform 17
Transform: AffineTransform_float_3_3
Parameters: 0.999997 0.00167143 0.00191593 -0.00168557 0.999974 0.0071058 -0.00190307 -0.00710821 0.999973 -0.0376218 -0.110465 -0.0759706
FixedParameters: 0 0 0

#Transform 18
Transform: AffineTransform_float_3_3
Parameters: 0.999997 0.00129494 0.00219057 -0.00131106 0.999972 0.00734315 -0.00218143 -0.00734685 0.99997 -0.0547578 -0.121574 -0.0847943
FixedParameters: 0 0 0

#Transform 19
Transform: AffineTransform_float_3_3
Parameters: 0.999997 0.00119039 0.00182893 -0.00120361 0.999972 0.00745882 -0.00182007 -0.00746119 0.999971 -0.0536334 -0.109072 -0.0654148
FixedParameters: 0 0 0

#Transform 20
Transform: AffineTransform_float_3_3
Parameters: 0.999998 0.00137411 0.00183051 -0.00138789 0.99997 0.00760848 -0.00181949 -0.00761052 0.99997 -0.0274759 -0.117328 -0.0587961
FixedParameters: 0 0 0

#Transform 21
Transform: AffineTransform_float_3_3
Parameters: 0.999998 0.00119028 0.00194845 -0.00120372 0.999975 0.00705768 -0.00193955 -0.00706033 0.999973 -0.0382422 -0.0885942 -0.0667736
FixedParameters: 0 0 0

#Transform 22
Transform: AffineTransform_float_3_3
Parameters: 0.999997 0.00107237 0.00244791 -0.00108863 0.999979 0.00639136 -0.00244109 -0.00639464 0.999976 -0.089954 -0.0538023 -0.0139134
FixedParameters: 0 0 0

#Transform 23
Transform: AffineTransform_float_3_3
Parameters: 0.999996 5.7957e-06 0.00284709 -2.42036e-05 0.999979 0.00639395 -0.0028469 -0.00639404 0.999975 -0.0649726 -0.0558185 0.0254732
FixedParameters: 0 0 0

#Transform 24
Transform: AffineTransform_float_3_3
Parameters: 0.999995 -0.000644895 0.00310894 0.000625105 0.99998 0.00639598 -0.00311306 -0.00639403 0.999974 -0.074846 -0.0552554 -0.00590876
FixedParameters: 0 0 0

#Transform 25
Transform: AffineTransform_float_3_3
Parameters: 0.999993 -0.000934905 0.00359789 0.000915099 0.999985 0.00553033 -0.00360212 -0.00552667 0.999978 -0.118639 -0.0280591 0.0163965
FixedParameters: 0 0 0

#Transform 26
Transform: AffineTransform_float_3_3
Parameters: 0.999994 -0.000683038 0.00344528 0.000663962 0.999985 0.00552432 -0.00344872 -0.00552168 0.999979 -0.0922603 -0.0330291 0.0369579
FixedParameters: 0 0 0

#Transform 27
Transform: AffineTransform_float_3_3
Parameters: 0.999994 -0.000245271 0.0033355 0.000224726 0.999979 0.00637578 -0.0033375 -0.00637522 0.999974 -0.0957821 -0.0666548 0.0228289
FixedParameters: 0 0 0

#Transform 28
Transform: AffineTransform_float_3_3
Parameters: 0.999995 -0.000316074 0.003071 0.000295926 0.999978 0.00653494 -0.003073 -0.00653406 0.999974 -0.103191 -0.0874737 0.0243738
FixedParameters: 0 0 0

#Transform 29
Transform: AffineTransform_float_3_3
Parameters: 0.999998 0.000648726 0.00214829 -0.000665272 0.999968 0.0080496 -0.00214272 -0.00805142 0.999966 -0.0479087 -0.150043 0.0817308
FixedParameters: 0 0 0

#Transform 30
Transform: AffineTransform_float_3_3
Parameters: 0.999995 0.000339752 0.00289994 -0.000364251 0.999965 0.00836598 -0.00289705 -0.00836602 0.999961 -0.0911704 -0.177246 0.0650491
FixedParameters: 0 0 0

#Transform 31
Transform: AffineTransform_float_3_3
Parameters: 0.999996 0.00013321 0.00289814 -0.000156791 0.999969 0.00786558 -0.00289686 -0.00786542 0.999965 -0.112679 -0.139787 0.0359583
FixedParameters: 0 0 0

#Transform 32
Transform: AffineTransform_float_3_3
Parameters: 0.999997 0.000758525 0.00209504 -0.000775474 0.999968 0.00787439 -0.00208896 -0.0078756 0.999967 -0.0641581 -0.135536 0.0258813
FixedParameters: 0 0 0

#Transform 33
Transform: AffineTransform_float_3_3
Parameters: 0.999996 0.000757743 0.00248926 -0.000778255 0.999967 0.00814709 -0.00248274 -0.00814891 0.999963 -0.0842892 -0.12999 0.0237418
FixedParameters: 0 0 0

#Transform 34
Transform: AffineTransform_float_3_3
Parameters: 0.999996 -2.94988e-05 0.00282886 7.50784e-06 0.999969 0.00795306 -0.00282815 -0.00795295 0.999965 -0.112208 -0.126099 0.0303772
FixedParameters: 0 0 0

#Transform 35
Transform: AffineTransform_float_3_3
Parameters: 0.999996 0.000304407 0.00255379 -0.000327592 0.999961 0.00885019 -0.0025512 -0.0088518 0.999957 -0.105356 -0.185719 0.0891924
FixedParameters: 0 0 0

#Transform 36
Transform: AffineTransform_float_3_3
Parameters: 0.999998 0.000393954 0.00226994 -0.000416047 0.999952 0.00972008 -0.00226606 -0.00972092 0.99995 -0.0779412 -0.238005 0.105657
FixedParameters: 0 0 0

#Transform 37
Transform: AffineTransform_float_3_3
Parameters: 0.999994 -0.000256387 0.00345681 0.000224612 0.999959 0.00907683 -0.00345918 -0.00907616 0.999953 -0.140397 -0.202356 0.173178
FixedParameters: 0 0 0

#Transform 38
Transform: AffineTransform_float_3_3
Parameters: 0.999992 -0.000551025 0.00390522 0.000515977 0.999959 0.00896408 -0.00390978 -0.00896191 0.999952 -0.136857 -0.192141 0.140499
FixedParameters: 0 0 0

#Transform 39
Transform: AffineTransform_float_3_3
Parameters: 0.999995 -9.68908e-05 0.00337922 6.41104e-05 0.999952 0.00973227 -0.00337978 -0.00973172 0.999947 -0.154123 -0.225785 0.162818
FixedParameters: 0 0 0

#Transform 40
Transform: AffineTransform_float_3_3
Parameters: 0.999996 -4.32032e-06 0.00275209 -2.33292e-05 0.99995 0.00992697 -0.0027529 -0.00992702 0.999947 -0.0892458 -0.230604 0.154806
FixedParameters: 0 0 0

#Transform 41
Transform: AffineTransform_float_3_3
Parameters: 0.999995 -9.54724e-05 0.0031512 6.4532e-05 0.99995 0.00998526 -0.0031518 -0.00998575 0.999945 -0.146381 -0.229688 0.151316
FixedParameters: 0 0 0

#Transform 42
Transform: AffineTransform_float_3_3
Parameters: 0.999997 0.000114181 0.00272231 -0.000141825 0.999948 0.0102206 -0.00272169 -0.0102213 0.999944 -0.111629 -0.24501 0.168172
FixedParameters: 0 0 0

#Transform 43
Transform: AffineTransform_float_3_3
Parameters: 0.999996 0.000258488 0.00306092 -0.000290513 0.999943 0.0106262 -0.00305809 -0.0106268 0.999939 -0.116465 -0.247356 0.157649
FixedParameters: 0 0 0

#Transform 44
Transform: AffineTransform_float_3_3
Parameters: 0.999997 2.78543e-05 0.00266544 -5.61408e-05 0.999944 0.0105599 -0.00266456 -0.0105601 0.99994 -0.123281 -0.253755 0.163577
FixedParameters: 0 0 0

#Transform 45
Transform: AffineTransform_float_3_3
Parameters: 0.999999 0.00031742 0.00181036 -0.000336577 0.999947 0.0102724 -0.00180664 -0.0102726 0.999945 -0.0473782 -0.229664 0.140147
FixedParameters: 0 0 0

#Transform 46
Transform: AffineTransform_float_3_3
Parameters: 0.999999 -8.24186e-05 0.00176924 6.45836e-05 0.999946 0.0104081 -0.00176977 -0.0104079 0.999945 -0.0763901 -0.23521 0.156885
FixedParameters: 0 0 0

#Transform 47
Transform: AffineTransform_float_3_3
Parameters: 0.999998 -0.000162835 0.00201736 0.000141157 0.999942 0.0108193 -0.00201965 -0.0108187 0.99994 -0.0949022 -0.255953 0.175043
FixedParameters: 0 0 0

#Transform 48
Transform: AffineTransform_float_3_3
Parameters: 0.999998 0.000239885 0.0018918 -0.000261118 0.999937 0.0111695 -0.0018892 -0.0111695 0.999936 -0.0769023 -0.278457 0.210941
FixedParameters: 0 0 0

#Transform 49
Transform: AffineTransform_float_3_3
Parameters: 0.999999 0.000337651 0.00143619 -0.000355346 0.999927 0.0120965 -0.00143181 -0.0120975 0.999926 -0.0671678 -0.321539 0.203337
FixedParameters: 0 0 0

#Transform 50
Transform: AffineTransform_float_3_3
Parameters: 1 0.00037603 0.00101651 -0.000388976 0.999931 0.0118016 -0.00101248 -0.0118014 0.99993 -0.0578506 -0.316072 0.218907
FixedParameters: 0 0 0

#Transform 51
Transform: AffineTransform_float_3_3
Parameters: 0.999999 0.00100461 0.000827535 -0.0010134 0.999934 0.0114272 -0.000816472 -0.0114288 0.999935 -0.0244621 -0.277974 0.199421
FixedParameters: 0 0 0

#Transform 52
Transform: AffineTransform_float_3_3
Parameters: 0.999999 0.000891275 0.00108672 -0.000902728 0.999941 0.010837 -0.00107728 -0.010838 0.99994 -0.0429214 -0.247742 0.165956
FixedParameters: 0 0 0

#Transform 53
Transform: AffineTransform_float_3_3
Parameters: 0.999999 0.000613663 0.00114172 -0.000625341 0.999941 0.0108373 -0.00113529 -0.0108377 0.99994 -0.0702053 -0.24647 0.20679
FixedParameters: 0 0 0

#Transform 54
Transform: AffineTransform_float_3_3
Parameters: 0.999999 0.000611528 0.00133871 -0.000625465 0.999941 0.0108372 -0.0013313 -0.0108378 0.999941 -0.0785242 -0.267636 0.213431
FixedParameters: 0 0 0

#Transform 55
Transform: AffineTransform_float_3_3
Parameters: 0.999999 0.000613939 0.00108591 -0.000626052 0.999937 0.0111423 -0.00107809 -0.0111427 0.999938 -0.04956 -0.262032 0.215404
FixedParameters: 0 0 0

#Transform 56
Transform: AffineTransform_float_3_3
Parameters: 0.999999 0.000479099 0.00139094 -0.000495902 0.999925 0.0121763 -0.00138506 -0.0121767 0.999925 -0.0910485 -0.342195 0.252308
FixedParameters: 0 0 0

#Transform 57
Transform: AffineTransform_float_3_3
Parameters: 0.999999 0.000620631 0.000397509 -0.000625375 0.999906 0.0136507 -0.000389499 -0.0136512 0.999906 0.00204385 -0.373881 0.264126
FixedParameters: 0 0 0

#Transform 58
Transform: AffineTransform_float_3_3
Parameters: 1 0.0010348 0.000410021 -0.00104121 0.999881 0.0154346 -0.000393976 -0.0154354 0.999881 -0.0265014 -0.456104 0.273983
FixedParameters: 0 0 0

#Transform 59
Transform: AffineTransform_float_3_3
Parameters: 0.999998 0.0017265 0.000986817 -0.0017415 0.999887 0.0148893 -0.000961174 -0.0148917 0.999888 -0.068952 -0.42984 0.295275
FixedParameters: 0 0 0

#Transform 60
Transform: AffineTransform_float_3_3
Parameters: 0.999998 0.00157385 0.0010579 -0.00158916 0.999894 0.0144793 -0.0010351 -0.0144816 0.999894 -0.0663537 -0.409263 0.241951
FixedParameters: 0 0 0

#Transform 61
Transform: AffineTransform_float_3_3
Parameters: 0.999998 0.00127292 0.00116285 -0.00128908 0.999902 0.0139315 -0.00114515 -0.0139335 0.999903 -0.0812665 -0.380121 0.257368
FixedParameters: 0 0 0

#Transform 62
Transform: AffineTransform_float_3_3
Parameters: 0.999999 0.00146291 0.00106268 -0.0014761 0.99991 0.0133855 -0.00104333 -0.0133866 0.99991 -0.0610792 -0.331497 0.247141
FixedParameters: 0 0 0

#Transform 63
Transform: AffineTransform_float_3_3
Parameters: 0.999998 0.00167563 0.00154451 -0.00169736 0.999902 0.0139404 -0.00152048 -0.0139426 0.999901 -0.0785052 -0.384684 0.295647
FixedParameters: 0 0 0

#Transform 64
Transform: AffineTransform_float_3_3
Parameters: 0.999997 0.00158484 0.00194643 -0.00161116 0.9999 0.0140339 -0.00192357 -0.0140371 0.999899 -0.116379 -0.401881 0.286852
FixedParameters: 0 0 0

#Transform 65
Transform: AffineTransform_float_3_3
Parameters: 0.999998 0.00139858 0.00125159 -0.00141541 0.999911 0.0132142 -0.0012324 -0.0132157 0.999912 -0.0427769 -0.333572 0.281237
FixedParameters: 0 0 0

#Transform 66
Transform: AffineTransform_float_3_3
Parameters: 0.999998 0.00160179 0.0016252 -0.00162421 0.999904 0.0137594 -0.0016028 -0.0137616 0.999904 -0.0959753 -0.358758 0.279401
FixedParameters: 0 0 0

#Transform 67
Transform: AffineTransform_float_3_3
Parameters: 0.999994 0.00137448 0.00299294 -0.00141552 0.999907 0.0135778 -0.00297405 -0.0135822 0.999904 -0.14547 -0.372928 0.428699
FixedParameters: 0 0 0

#Transform 68
Transform: AffineTransform_float_3_3
Parameters: 0.999992 0.000641938 0.0039247 -0.000693064 0.999915 0.0130224 -0.00391631 -0.0130256 0.999908 -0.157072 -0.348932 0.504422
FixedParameters: 0 0 0

#Transform 69
Transform: AffineTransform_float_3_3
Parameters: 0.999991 0.000871273 0.00397164 -0.000926729 0.999901 0.0140504 -0.00395937 -0.0140546 0.999894 -0.178832 -0.387221 0.503271
FixedParameters: 0 0 0

#Transform 70
Transform: AffineTransform_float_3_3
Parameters: 0.999994 0.00136371 0.00339066 -0.00141428 0.999889 0.0148733 -0.00336933 -0.0148787 0.999883 -0.145681 -0.398833 0.456672
FixedParameters: 0 0 0

#Transform 71
Transform: AffineTransform_float_3_3
Parameters: 0.999991 0.00107323 0.00392711 -0.00113377 0.999879 0.0155057 -0.00390989 -0.0155103 0.999872 -0.205579 -0.433124 0.458509
FixedParameters: 0 0 0

#Transform 72
Transform: AffineTransform_float_3_3
Parameters: 0.999993 0.00168869 0.00333292 -0.00173731 0.999892 0.0145443 -0.00330808 -0.0145497 0.999888 -0.1478 -0.403581 0.466192
FixedParameters: 0 0 0

#Transform 73
Transform: AffineTransform_float_3_3
Parameters: 0.999992 0.00106651 0.00369676 -0.00112349 0.999882 0.015312 -0.00368022 -0.015316 0.999876 -0.163461 -0.424098 0.460161
FixedParameters: 0 0 0

#Transform 74
Transform: AffineTransform_float_3_3
Parameters: 0.999993 0.00129819 0.00356704 -0.0013518 0.999884 0.0151233 -0.00354696 -0.0151277 0.99988 -0.186108 -0.439189 0.490612
FixedParameters: 0 0 0

#Transform 75
Transform: AffineTransform_float_3_3
Parameters: 0.999992 0.000976917 0.00372162 -0.00103107 0.999894 0.0145583 -0.00370638 -0.0145617 0.999887 -0.15822 -0.384045 0.464697
FixedParameters: 0 0 0

#Transform 76
Transform: AffineTransform_float_3_3
Parameters: 0.999994 0.000465495 0.00342579 -0.000513508 0.999903 0.0138793 -0.0034192 -0.0138807 0.999898 -0.153658 -0.367309 0.487578
FixedParameters: 0 0 0

#Transform 77
Transform: AffineTransform_float_3_3
Parameters: 0.999991 2.19744e-05 0.00409451 -6.80191e-05 0.999937 0.0112408 -0.00409349 -0.0112412 0.999929 -0.220743 -0.262981 0.456144
FixedParameters: 0 0 0

#Transform 78
Transform: AffineTransform_float_3_3
Parameters: 0.999993 3.57239e-05 0.00387943 -6.82757e-05 0.999966 0.0083208 -0.00387857 -0.0083202 0.999958 -0.180159 -0.1018 0.383154
FixedParameters: 0 0 0

#Transform 79
Transform: AffineTransform_float_3_3
Parameters: 0.999991 0.000551251 0.00436588 -0.000595753 0.999947 0.0102555 -0.00436012 -0.0102575 0.999938 -0.20132 -0.205045 0.452483
FixedParameters: 0 0 0

#Transform 80
Transform: AffineTransform_float_3_3
Parameters: 0.999987 0.000339355 0.00495389 -0.000391648 0.999944 0.0106302 -0.00495012 -0.0106318 0.999931 -0.232629 -0.250315 0.511418
FixedParameters: 0 0 0

#Transform 81
Transform: AffineTransform_float_3_3
Parameters: 0.99999 0.000701555 0.00446643 -0.000765437 0.999898 0.0142187 -0.00445556 -0.0142223 0.999889 -0.224832 -0.431062 0.613151
FixedParameters: 0 0 0

#Transform 82
Transform: AffineTransform_float_3_3
Parameters: 0.999994 0.000761608 0.00357443 -0.0008094 0.999911 0.0132762 -0.00356457 -0.0132788 0.999906 -0.167483 -0.374856 0.63269
FixedParameters: 0 0 0

#Transform 83
Transform: AffineTransform_float_3_3
Parameters: 0.999991 0.000770545 0.00419456 -0.000825459 0.999912 0.0132347 -0.00418444 -0.0132383 0.999903 -0.1838 -0.367383 0.603713
FixedParameters: 0 0 0

#Transform 84
Transform: AffineTransform_float_3_3
Parameters: 0.999989 0.000778709 0.00446119 -0.000834286 0.99992 0.0126294 -0.00445082 -0.0126336 0.999911 -0.203741 -0.368766 0.698604
FixedParameters: 0 0 0

#Transform 85
Transform: AffineTransform_float_3_3
Parameters: 0.99999 0.000943968 0.0042167 -0.000999035 0.999914 0.0130679 -0.0042043 -0.0130721 0.999905 -0.190171 -0.382877 0.683832
FixedParameters: 0 0 0

#Transform 86
Transform: AffineTransform_float_3_3
Parameters: 0.999991 0.00107474 0.00424054 -0.00113825 0.999887 0.0149433 -0.00422346 -0.0149477 0.99988 -0.234436 -0.479642 0.766991
FixedParameters: 0 0 0

#Transform 87
Transform: AffineTransform_float_3_3
Parameters: 0.999993 0.0011916 0.00348408 -0.0012454 0.999876 0.0156538 -0.00346493 -0.0156572 0.999872 -0.169874 -0.515457 0.812346
FixedParameters: 0 0 0

#Transform 88
Transform: AffineTransform_float_3_3
Parameters: 0.999994 0.00121223 0.0030776 -0.00125577 0.999897 0.0142592 -0.0030604 -0.0142628 0.999893 -0.152022 -0.444179 0.822074
FixedParameters: 0 0 0

#Transform 89
Transform: AffineTransform_float_3_3
Parameters: 0.999995 0.00197243 0.00272536 -0.00200657 0.999917 0.0127416 -0.00269965 -0.0127474 0.999915 -0.142242 -0.369423 0.797817
FixedParameters: 0 0 0

#Transform 90
Transform: AffineTransform_float_3_3
Parameters: 0.999994 0.00154583 0.00317041 -0.00158917 0.999906 0.01366 -0.00314858 -0.013665 0.999901 -0.191015 -0.427578 0.797949
FixedParameters: 0 0 0

#Transform 91
Transform: AffineTransform_float_3_3
Parameters: 0.999995 0.00180743 0.0026175 -0.00184056 0.999916 0.0128792 -0.0025935 -0.0128848 0.999913 -0.141002 -0.393741 0.814522
FixedParameters: 0 0 0

#Transform 92
Transform: AffineTransform_float_3_3
Parameters: 0.999994 0.00188201 0.00289275 -0.00192098 0.999906 0.0135355 -0.00286626 -0.0135405 0.999904 -0.154526 -0.421501 0.794245
FixedParameters: 0 0 0

#Transform 93
Transform: AffineTransform_float_3_3
Parameters: 0.999993 0.0018463 0.00325685 -0.0018977 0.999871 0.0159419 -0.00322715 -0.0159481 0.999867 -0.200132 -0.539685 0.870526
FixedParameters: 0 0 0

#Transform 94
Transform: AffineTransform_float_3_3
Parameters: 0.999996 0.00156578 0.0024561 -0.00160922 0.999842 0.0176961 -0.0024279 -0.0176999 0.999841 -0.108412 -0.603843 0.909325
FixedParameters: 0 0 0

#Transform 95
Transform: AffineTransform_float_3_3
Parameters: 0.999995 0.00144296 0.00282937 -0.00148605 0.999883 0.0152689 -0.00280763 -0.0152731 0.99988 -0.128492 -0.497935 0.889207
FixedParameters: 0 0 0

#Transform 96
Transform: AffineTransform_float_3_3
Parameters: 0.999997 0.00215056 0.00152808 -0.00217344 0.999887 0.0148377 -0.00149591 -0.0148413 0.999888 -0.090201 -0.481908 0.925631
FixedParameters: 0 0 0

#Transform 97
Transform: AffineTransform_float_3_3
Parameters: 0.999996 0.00234432 0.00145064 -0.00236569 0.999882 0.0151296 -0.00141536 -0.0151334 0.999884 -0.0719072 -0.485298 0.875372
FixedParameters: 0 0 0

#Transform 98
Transform: AffineTransform_float_3_3
Parameters: 0.999997 0.00198395 0.00147475 -0.00200505 0.999894 0.0144111 -0.00144625 -0.0144149 0.999895 -0.0714295 -0.464796 0.92659
FixedParameters: 0 0 0

#Transform 99
Transform: AffineTransform_float_3_3
Parameters: 0.999996 0.00225756 0.00181005 -0.00228644 0.999872 0.0158669 -0.00177394 -0.0158711 0.999872 -0.0851539 -0.54229 0.981878
FixedParameters: 0 0 0

#Transform 100
Transform: AffineTransform_float_3_3
Parameters: 0.999997 0.0022987 0.00148764 -0.00232231 0.999871 0.0158576 -0.00145135 -0.0158614 0.999873 -0.0459512 -0.532618 0.946914
FixedParameters: 0 0 0

#Transform 101
Transform: AffineTransform_float_3_3
Parameters: 0.999996 0.00199694 0.00193465 -0.00202905 0.999858 0.0167142 -0.00190035 -0.0167189 0.999859 -0.0800499 -0.557073 0.984863
FixedParameters: 0 0 0

#Transform 102
Transform: AffineTransform_float_3_3
Parameters: 0.999996 0.00207737 0.00195998 -0.00211763 0.999778 0.0209589 -0.00191603 -0.0209631 0.999779 -0.118674 -0.776033 1.08376
FixedParameters: 0 0 0

#Transform 103
Transform: AffineTransform_float_3_3
Parameters: 0.999996 0.00260997 0.00108261 -0.00263002 0.999818 0.0189332 -0.00103239 -0.0189358 0.99982 -0.037938 -0.672728 1.01762
FixedParameters: 0 0 0

#Transform 104
Transform: AffineTransform_float_3_3
Parameters: 0.999997 0.00256943 0.000934798 -0.00258658 0.99981 0.0193117 -0.000885213 -0.0193134 0.999813 -0.0307151 -0.677113 1.02765
FixedParameters: 0 0 0

#Transform 105
Transform: AffineTransform_float_3_3
Parameters: 0.999996 0.00234903 0.00104414 -0.00236897 0.999806 0.0195566 -0.00099786 -0.0195584 0.999808 -0.0605002 -0.683844 1.02578
FixedParameters: 0 0 0

#Transform 106
Transform: AffineTransform_float_3_3
Parameters: 0.999996 0.0026673 0.000876315 -0.00268371 0.999826 0.0184317 -0.000827671 -0.0184343 0.999829 -0.0389132 -0.625451 1.01168
FixedParameters: 0 0 0

#Transform 107
Transform: AffineTransform_float_3_3
Parameters: 0.999997 0.00229183 0.000558114 -0.00230117 0.999853 0.0170308 -0.000518883 -0.0170322 0.999855 -0.0258824 -0.527428 0.943924
FixedParameters: 0 0 0

#Transform 108
Transform: AffineTransform_float_3_3
Parameters: 0.999997 0.00203397 0.00147696 -0.00206103 0.999826 0.018536 -0.00143904 -0.018539 0.999827 -0.117439 -0.617253 0.956009
FixedParameters: 0 0 0

#Transform 109
Transform: AffineTransform_float_3_3
Parameters: 0.999997 0.00270244 0.000109603 -0.00270356 0.999828 0.0183478 -6.04048e-05 -0.0183482 0.999831 -0.023139 -0.59572 0.952969
FixedParameters: 0 0 0

#Transform 110
Transform: AffineTransform_float_3_3
Parameters: 0.999992 0.00370915 -0.00144427 -0.00367984 0.9998 0.0196865 0.00151773 -0.0196815 0.999805 0.0237978 -0.652292 0.94297
FixedParameters: 0 0 0

#Transform 111
Transform: AffineTransform_float_3_3
Parameters: 0.999993 0.00355561 -0.000573078 -0.00354438 0.99981 0.0191331 0.000640928 -0.0191308 0.999817 0.00571935 -0.633347 0.897848
FixedParameters: 0 0 0

#Transform 112
Transform: AffineTransform_float_3_3
Parameters: 0.999996 0.00304439 0.000164064 -0.00304761 0.999808 0.0193906 -0.000104923 -0.0193914 0.999812 -0.0352745 -0.639514 0.929548
FixedParameters: 0 0 0

#Transform 113
Transform: AffineTransform_float_3_3
Parameters: 0.999995 0.00288199 -0.000550284 -0.002871 0.999815 0.0190207 0.000605713 -0.0190183 0.999819 -0.00445315 -0.641196 0.943462
FixedParameters: 0 0 0

#Transform 114
Transform: AffineTransform_float_3_3
Parameters: 0.999995 0.00300268 -0.000172947 -0.00299832 0.999827 0.0183446 0.000228042 -0.0183444 0.999831 -0.0185788 -0.597694 0.908705
FixedParameters: 0 0 0

#Transform 115
Transform: AffineTransform_float_3_3
Parameters: 0.999996 0.00303464 -0.000220453 -0.00302937 0.999821 0.0186467 0.000276536 -0.0186462 0.999826 -0.0428796 -0.63933 0.958987
FixedParameters: 0 0 0

#Transform 116
Transform: AffineTransform_float_3_3
Parameters: 0.999995 0.00288847 -0.000560877 -0.00287753 0.999807 0.0194677 0.000617132 -0.0194653 0.999811 -0.0072112 -0.651263 0.942982
FixedParameters: 0 0 0

#Transform 117
Transform: AffineTransform_float_3_3
Parameters: 0.999995 0.00288937 -0.000453874 -0.00287962 0.999806 0.0194554 0.000510117 -0.0194536 0.99981 -0.0241045 -0.644083 0.942599
FixedParameters: 0 0 0

#Transform 118
Transform: AffineTransform_float_3_3
Parameters: 0.999996 0.00286122 -0.000938301 -0.00284179 0.999799 0.0198828 0.000994694 -0.0198792 0.999802 0.0152323 -0.646008 0.892242
FixedParameters: 0 0 0

#Transform 119
Transform: AffineTransform_float_3_3
Parameters: 0.999996 0.00285701 -0.000130448 -0.002854 0.999814 0.0191025 0.00018455 -0.0191016 0.999817 -0.0217076 -0.627519 0.929059
FixedParameters: 0 0 0

#Transform 120
Transform: AffineTransform_float_3_3
Parameters: 0.999996 0.00257385 -0.000218967 -0.00256917 0.9998 0.0198446 0.000269037 -0.0198444 0.999803 -0.0192315 -0.665128 0.946746
FixedParameters: 0 0 0

#Transform 121
Transform: AffineTransform_float_3_3
Parameters: 0.999995 0.00321986 -0.00026439 -0.00321315 0.9998 0.0197719 0.000327593 -0.019771 0.999804 -0.00898037 -0.648983 0.947025
FixedParameters: 0 0 0

#Transform 122
Transform: AffineTransform_float_3_3
Parameters: 0.999995 0.00306425 -0.000630728 -0.00305074 0.999794 0.020038 0.000692267 -0.020036 0.999799 -0.0354304 -0.677983 0.946993
FixedParameters: 0 0 0

#Transform 123
Transform: AffineTransform_float_3_3
Parameters: 0.999994 0.00355611 -0.000655516 -0.00354291 0.999813 0.0190114 0.000722485 -0.0190096 0.999819 0.013162 -0.61107 0.952728
FixedParameters: 0 0 0

#Transform 124
Transform: AffineTransform_float_3_3
Parameters: 0.999994 0.0034734 -0.000143072 -0.0034696 0.999808 0.0192766 0.000209918 -0.0192754 0.999814 -0.0334409 -0.63492 0.949724
FixedParameters: 0 0 0

#Transform 125
Transform: AffineTransform_float_3_3
Parameters: 0.999996 0.00301844 -0.000473274 -0.00300857 0.999819 0.0188215 0.000529716 -0.0188195 0.999823 -0.0272491 -0.631987 1.00547
FixedParameters: 0 0 0

#Transform 126
Transform: AffineTransform_float_3_3
Parameters: 0.999995 0.00328893 -0.000536837 -0.00327808 0.999809 0.0192359 0.000599165 -0.0192341 0.999815 -0.00938805 -0.636432 0.939132
FixedParameters: 0 0 0

#Transform 127
Transform: AffineTransform_float_3_3
Parameters: 0.999994 0.00346097 -0.000689844 -0.00344703 0.999832 0.0179925 0.00075214 -0.0179905 0.999838 -0.0132146 -0.580368 0.947247
FixedParameters: 0 0 0

#Transform 128
Transform: AffineTransform_float_3_3
Parameters: 0.999996 0.00302472 -0.000191301 -0.00302128 0.999849 0.0171017 0.000243705 -0.0171013 0.999853 -0.0415417 -0.557701 0.93941
FixedParameters: 0 0 0

#Transform 129
Transform: AffineTransform_float_3_3
Parameters: 0.999995 0.00328108 -0.00066281 -0.00326892 0.999842 0.0174623 0.000720189 -0.0174597 0.999848 0.00399301 -0.546195 0.958764
FixedParameters: 0 0 0

#Transform 130
Transform: AffineTransform_float_3_3
Parameters: 0.999995 0.00292139 0.000114015 -0.00292361 0.999825 0.0184827 -5.99727e-05 -0.0184833 0.999829 -0.0579131 -0.62091 0.984126
FixedParameters: 0 0 0

#Transform 131
Transform: AffineTransform_float_3_3
Parameters: 0.999995 0.00318969 -0.000474906 -0.00318131 0.999846 0.0172956 0.000530101 -0.0172944 0.999851 -0.0138746 -0.547674 0.964877
FixedParameters: 0 0 0

#Transform 132
Transform: AffineTransform_float_3_3
Parameters: 0.999996 0.00306967 4.57243e-05 -0.00307033 0.999837 0.017825 8.7303e-06 -0.0178251 0.999841 -0.053322 -0.585595 0.950011
FixedParameters: 0 0 0

#Transform 133
Transform: AffineTransform_float_3_3
Parameters: 0.999995 0.00315823 -4.00946e-05 -0.00315677 0.999832 0.0180202 9.69004e-05 -0.0180198 0.999837 -0.048458 -0.594919 0.949179
FixedParameters: 0 0 0

#Transform 134
Transform: AffineTransform_float_3_3
Parameters: 0.999996 0.00306476 -0.000178189 -0.00306125 0.99983 0.0182206 0.000233817 -0.0182204 0.999834 -0.0417934 -0.569923 0.907929
FixedParameters: 0 0 0

#Transform 135
Transform: AffineTransform_float_3_3
Parameters: 0.999996 0.00300412 -2.94942e-05 -0.0030029 0.999812 0.0191442 8.65062e-05 -0.0191448 0.999816 -0.0485053 -0.61557 0.940593
FixedParameters: 0 0 0

#Transform 136
Transform: AffineTransform_float_3_3
Parameters: 0.999996 0.00306456 -9.95824e-05 -0.00306243 0.999801 0.0197214 0.000160425 -0.0197206 0.999805 -0.0537349 -0.660783 0.937691
FixedParameters: 0 0 0

#Transform 137
Transform: AffineTransform_float_3_3
Parameters: 0.999993 0.00369912 -7.1229e-05 -0.00369689 0.999799 0.0196764 0.000143771 -0.0196766 0.999807 -0.0387242 -0.625957 0.934774
FixedParameters: 0 0 0

#Transform 138
Transform: AffineTransform_float_3_3
Parameters: 0.999994 0.00348914 0.000125636 -0.00349087 0.999778 0.0208097 -5.33658e-05 -0.0208103 0.999784 -0.0675472 -0.6923 0.933749
FixedParameters: 0 0 0

#Transform 139
Transform: AffineTransform_float_3_3
Parameters: 0.999993 0.00372586 -0.000551072 -0.00371415 0.99979 0.0201412 0.000625933 -0.0201398 0.999797 -0.031499 -0.678475 1.00108
FixedParameters: 0 0 0

#Transform 140
Transform: AffineTransform_float_3_3
Parameters: 0.999993 0.00375877 -0.000244317 -0.00375323 0.999784 0.020415 0.000320687 -0.0204139 0.999791 -0.0468001 -0.689553 0.938722
FixedParameters: 0 0 0

#Transform 141
Transform: AffineTransform_float_3_3
Parameters: 0.999992 0.00401647 -0.000556424 -0.00400354 0.999775 0.0208394 0.000639564 -0.0208366 0.999782 -0.0470232 -0.696171 0.973896
FixedParameters: 0 0 0

#Transform 142
Transform: AffineTransform_float_3_3
Parameters: 0.999994 0.00346453 -0.000118267 -0.00346146 0.999742 0.0224455 0.000196745 -0.0224455 0.999748 -0.0847316 -0.766287 0.965827
FixedParameters: 0 0 0

#Transform 143
Transform: AffineTransform_float_3_3
Parameters: 0.999993 0.00373976 -0.000306751 -0.00373223 0.999745 0.0222813 0.000390252 -0.0222797 0.999751 -0.0731249 -0.713212 0.927942
FixedParameters: 0 0 0

#Transform 144
Transform: AffineTransform_float_3_3
Parameters: 0.999995 0.00327162 0.000751305 -0.0032884 0.999731 0.0229557 -0.000676689 -0.0229573 0.999736 -0.151397 -0.785102 0.942585
FixedParameters: 0 0 0

#Transform 145
Transform: AffineTransform_float_3_3
Parameters: 0.999992 0.00397366 5.93038e-05 -0.00397434 0.999751 0.0219669 2.83115e-05 -0.021967 0.999758 -0.0753293 -0.705596 0.908096
FixedParameters: 0 0 0

#Transform 146
Transform: AffineTransform_float_3_3
Parameters: 0.999995 0.00331843 0.000684851 -0.00333358 0.999741 0.0225028 -0.000610138 -0.0225041 0.999746 -0.126729 -0.756511 0.961597
FixedParameters: 0 0 0

#Transform 147
Transform: AffineTransform_float_3_3
Parameters: 0.999994 0.00351975 0.000186972 -0.00352325 0.999755 0.0218555 -0.000110025 -0.0218555 0.999761 -0.0701687 -0.723687 0.98598
FixedParameters: 0 0 0

#Transform 148
Transform: AffineTransform_float_3_3
Parameters: 0.999992 0.0039862 0.000387068 -0.00399379 0.999731 0.0228196 -0.00029594 -0.0228204 0.99974 -0.0924946 -0.769063 0.955256
FixedParameters: 0 0 0

#Transform 149
Transform: AffineTransform_float_3_3
Parameters: 0.999994 0.00332884 0.000731749 -0.00334317 0.999757 0.0218007 -0.000659272 -0.0218023 0.999762 -0.113328 -0.729798 0.98576
FixedParameters: 0 0 0

#Transform 150
Transform: AffineTransform_float_3_3
Parameters: 0.999997 0.00233454 -0.000365592 -0.00232546 0.999704 0.0242089 0.00042242 -0.0242081 0.999707 0.00451971 -0.827423 0.974837
FixedParameters: 0 0 0

#Transform 151
Transform: AffineTransform_float_3_3
Parameters: 0.999996 0.00300046 -0.000398636 -0.00298854 0.999653 0.0261633 0.000477354 -0.0261627 0.999657 -0.0482003 -0.92062 1.04548
FixedParameters: 0 0 0

#Transform 152
Transform: AffineTransform_float_3_3
Parameters: 0.999994 0.00346788 -0.000630805 -0.00344914 0.999608 0.0278104 0.000726198 -0.0278077 0.999613 -0.0233089 -1.00313 1.15218
FixedParameters: 0 0 0

#Transform 153
Transform: AffineTransform_float_3_3
Parameters: 0.999994 0.00359402 -0.000602988 -0.00357598 0.999613 0.0276144 0.000702012 -0.0276117 0.999619 -0.0921268 -0.987555 1.14989
FixedParameters: 0 0 0

#Transform 154
Transform: AffineTransform_float_3_3
Parameters: 0.999988 0.00483171 -0.000562506 -0.00481328 0.999594 0.02809 0.000698474 -0.028087 0.999605 -0.095757 -0.89532 1.11433
FixedParameters: 0 0 0

#Transform 155
Transform: AffineTransform_float_3_3
Parameters: 0.99999 0.00434415 -0.0011732 -0.00431285 0.999669 0.0253643 0.00128279 -0.0253587 0.999678 -0.0631934 -0.858493 1.03422
FixedParameters: 0 0 0

#Transform 156
Transform: AffineTransform_float_3_3
Parameters: 0.999988 0.00452205 -0.00149957 -0.00448496 0.999706 0.023855 0.00160643 -0.023848 0.999715 -0.0453064 -0.786427 1.03513
FixedParameters: 0 0 0

#Transform 157
Transform: AffineTransform_float_3_3
Parameters: 0.999989 0.00469314 -0.00108615 -0.00466287 0.999645 0.0262584 0.00120884 -0.0262526 0.999654 -0.0302387 -0.911874 1.07931
FixedParameters: 0 0 0

#Transform 158
Transform: AffineTransform_float_3_3
Parameters: 0.999989 0.00433483 -0.00142123 -0.00429214 0.999593 0.0282234 0.00154374 -0.0282166 0.9996 -0.0522406 -0.998573 1.13111
FixedParameters: 0 0 0

#Transform 159
Transform: AffineTransform_float_3_3
Parameters: 0.999988 0.00466938 -0.00162838 -0.00462062 0.999581 0.0285489 0.00176061 -0.0285411 0.999591 -0.0117269 -1.02265 1.16198
FixedParameters: 0 0 0

#Transform 160
Transform: AffineTransform_float_3_3
Parameters: 0.99999 0.0037403 -0.00240543 -0.00367271 0.999618 0.0274001 0.00250656 -0.0273909 0.999621 0.0445804 -0.972965 1.13216
FixedParameters: 0 0 0

#Transform 161
Transform: AffineTransform_float_3_3
Parameters: 0.999987 0.00458543 -0.00216019 -0.00452258 0.999584 0.0285052 0.00228983 -0.0284949 0.999592 0.00555988 -1.02749 1.10003
FixedParameters: 0 0 0

#Transform 162
Transform: AffineTransform_float_3_3
Parameters: 0.999986 0.00442299 -0.00282797 -0.00435001 0.99967 0.0253146 0.00293903 -0.0253013 0.999675 0.0474497 -0.81107 1.02433
FixedParameters: 0 0 0

#Transform 163
Transform: AffineTransform_float_3_3
Parameters: 0.999983 0.00413819 -0.00427526 -0.00398078 0.999338 0.0361447 0.00442274 -0.0361263 0.999338 0.125572 -1.37972 1.19195
FixedParameters: 0 0 0

#Transform 164
Transform: AffineTransform_float_3_3
Parameters: 0.999978 0.00569109 -0.00339189 -0.00555394 0.999218 0.0391417 0.00361111 -0.0391223 0.999228 0.0733304 -1.48455 1.23143
FixedParameters: 0 0 0

#Transform 165
Transform: AffineTransform_float_3_3
Parameters: 0.99998 0.00467567 -0.00411501 -0.00450932 0.999204 0.0396223 0.004297 -0.0396027 0.999207 0.13963 -1.54049 1.23282
FixedParameters: 0 0 0

#Transform 166
Transform: AffineTransform_float_3_3
Parameters: 0.999989 0.00387918 -0.00241585 -0.00384282 0.999883 0.0148044 0.00247314 -0.0147946 0.999887 0.0479273 -0.405636 1.05996
FixedParameters: 0 0 0

#Transform 167
Transform: AffineTransform_float_3_3
Parameters: 0.999987 0.00439867 -0.00236157 -0.00433732 0.999665 0.0255126 0.00247344 -0.0255024 0.999671 0.0243972 -0.827332 1.07362
FixedParameters: 0 0 0

#Transform 168
Transform: AffineTransform_float_3_3
Parameters: 0.999981 0.00540329 -0.00313461 -0.00526874 0.999118 0.0416704 0.00335642 -0.0416527 0.999127 -0.00473486 -1.63026 1.30155
FixedParameters: 0 0 0

#Transform 169
Transform: AffineTransform_float_3_3
Parameters: 0.999975 0.00576186 -0.00395198 -0.00556414 0.998814 0.0483711 0.00422603 -0.0483488 0.998821 0.0967246 -1.99751 1.48786
FixedParameters: 0 0 0

#Transform 170
Transform: AffineTransform_float_3_3
Parameters: 0.999975 0.00556262 -0.00449902 -0.00534038 0.99884 0.0478563 0.00475996 -0.0478307 0.998844 0.110891 -1.95267 1.4769
FixedParameters: 0 0 0

#Transform 171
Transform: AffineTransform_float_3_3
Parameters: 0.999975 0.00565091 -0.00425513 -0.0054481 0.998914 0.0462743 0.00451188 -0.0462506 0.998919 0.0840712 -1.87371 1.44811
FixedParameters: 0 0 0

#Transform 172
Transform: AffineTransform_float_3_3
Parameters: 0.999974 0.00635333 -0.00338362 -0.00619966 0.999032 0.0435451 0.00365737 -0.0435229 0.999045 0.0597389 -1.7302 1.45397
FixedParameters: 0 0 0

#Transform 173
Transform: AffineTransform_float_3_3
Parameters: 0.99998 0.00522133 -0.00337295 -0.00507167 0.999057 0.043138 0.00359508 -0.0431201 0.999064 0.0514738 -1.71323 1.43998
FixedParameters: 0 0 0

#Transform 174
Transform: AffineTransform_float_3_3
Parameters: 0.999973 0.00605333 -0.00398947 -0.00586869 0.998983 0.0447006 0.00425552 -0.0446764 0.998993 0.102726 -1.77399 1.39389
FixedParameters: 0 0 0

#Transform 175
Transform: AffineTransform_float_3_3
Parameters: 0.999976 0.00574963 -0.00384642 -0.0055654 0.998908 0.0463995 0.0041086 -0.0463775 0.998915 0.0315408 -1.84841 1.39285
FixedParameters: 0 0 0

#Transform 176
Transform: AffineTransform_float_3_3
Parameters: 0.99997 0.00657095 -0.0041313 -0.00637202 0.9989 0.0464537 0.0044327 -0.0464263 0.998912 0.0755143 -1.82632 1.33029
FixedParameters: 0 0 0

#Transform 177
Transform: AffineTransform_float_3_3
Parameters: 0.999976 0.00599249 -0.00345309 -0.00582751 0.998932 0.0458232 0.00372388 -0.0458017 0.998943 0.0367788 -1.80575 1.38392
FixedParameters: 0 0 0

#Transform 178
Transform: AffineTransform_float_3_3
Parameters: 0.999973 0.00628423 -0.00380456 -0.00610875 0.998994 0.0444395 0.00408042 -0.0444146 0.999005 0.0442785 -1.7393 1.37017
FixedParameters: 0 0 0

#Transform 179
Transform: AffineTransform_float_3_3
Parameters: 0.999971 0.00689633 -0.00342669 -0.00673571 0.998974 0.0447814 0.0037313 -0.0447576 0.998991 0.0457917 -1.74386 1.34515
FixedParameters: 0 0 0
