#Insight Transform File V1.0
#Transform 0
Transform: AffineTransform_float_3_3
Parameters: 1 6.91648e-07 0.000528 -1.30835e-06 1 0.000583999 -0.000527999 -0.000584 0.999999 0.0284454 -0.0884072 -0.355064
FixedParameters: 0 0 0

#Transform 1
Transform: AffineTransform_float_3_3
Parameters: 1 0.000558945 -0.000114266 -0.000559054 0.999999 -0.000475936 0.000113734 0.000476063 1 0.0199246 0.0628975 -0.0175835
FixedParameters: 0 0 0

#Transform 2
Transform: AffineTransform_float_3_3
Parameters: 1 0.000964543 -0.000437011 -0.000965458 0.999999 -0.00104758 0.00043599 0.00104742 1 0.0513478 0.124685 -0.0606528
FixedParameters: 0 0 0

#Transform 3
Transform: AffineTransform_float_3_3
Parameters: 0.999999 0.00096526 0.000226893 -0.000964738 0.999999 -0.00114722 -0.000228107 0.00114678 1 -0.00460439 0.156424 -0.0632882
FixedParameters: 0 0 0

#Transform 4
Transform: AffineTransform_float_3_3
Parameters: 1 0.000662975 -0.000111146 -0.000663024 1 -0.000219926 0.000110854 0.000220073 1 0.00840191 0.0925734 -0.0745477
FixedParameters: 0 0 0

#Transform 5
Transform: AffineTransform_float_3_3
Parameters: 0.999999 0.000712406 0.000337143 -0.000712594 0.999999 -0.00120324 -0.000337858 0.00120376 0.999999 -0.013743 0.156011 -0.0649803
FixedParameters: 0 0 0

#Transform 6
Transform: AffineTransform_float_3_3
Parameters: 1 0.000608094 0.000160642 -0.000608905 0.999999 -0.000588098 -0.000161358 0.000587902 1 -0.00635948 0.110669 -0.086425
FixedParameters: 0 0 0

#Transform 7
Transform: AffineTransform_float_3_3
Parameters: 1 0.000619227 0.00018926 -0.000619774 0.999999 -0.00119512 -0.000189741 0.00119488 1 0.00683913 0.148873 -0.092499
FixedParameters: 0 0 0

#Transform 8
Transform: AffineTransform_float_3_3
Parameters: 1 0.00050426 0.00029756 -0.000503739 0.999999 -0.000873149 -0.00029844 0.000873849 0.999999 -0.0188287 0.125801 -0.0808009
FixedParameters: 0 0 0

#Transform 9
Transform: AffineTransform_float_3_3
Parameters: 0.999999 0.000751993 -2.6197e-05 -0.000752006 0.999999 -0.00026198 2.5803e-05 0.000262019 1 -0.00197011 0.106796 -0.128994
FixedParameters: 0 0 0

#Transform 10
Transform: AffineTransform_float_3_3
Parameters: 1 0.000504989 -2.62075e-05 -0.000505011 1 -0.000410987 2.67924e-05 0.000411013 1 -0.00163133 0.102429 -0.0880991
FixedParameters: 0 0 0

#Transform 11
Transform: AffineTransform_float_3_3
Parameters: 1 0.000494983 -2.63257e-05 -0.000495017 0.999999 -0.000657987 2.66743e-05 0.000658013 1 0.00316357 0.126561 -0.0495742
FixedParameters: 0 0 0

#Transform 12
Transform: AffineTransform_float_3_3
Parameters: 0.999999 0.000511776 0.000571305 -0.000510224 0.999999 -0.00135829 -0.000571693 0.00135771 0.999999 -0.0158203 0.16319 -0.0719103
FixedParameters: 0 0 0

#Transform 13
Transform: AffineTransform_float_3_3
Parameters: 1 0.000633987 -2.63068e-05 -0.000634013 0.999999 -0.000483983 2.66931e-05 0.000484017 1 0.00262904 0.11543 -0.0757144
FixedParameters: 0 0 0

#Transform 14
Transform: AffineTransform_float_3_3
Parameters: 1 0.000480209 0.000331697 -0.000479791 0.999999 -0.000630159 -0.000331302 0.000629841 0.999999 -0.0165079 0.117404 -0.0450057
FixedParameters: 0 0 0

#Transform 15
Transform: AffineTransform_float_3_3
Parameters: 1 0.000407247 0.000267624 -0.000406753 0.999999 -0.000923108 -0.000267375 0.00092289 0.999999 0.000613756 0.13466 -0.0477488
FixedParameters: 0 0 0

#Transform 16
Transform: AffineTransform_float_3_3
Parameters: 1 0.000460173 0.000183566 -0.000459826 1 -0.000943085 -0.000184434 0.000942915 0.999999 -0.00510885 0.123804 -0.0375113
FixedParameters: 0 0 0

#Transform 17
Transform: AffineTransform_float_3_3
Parameters: 1 0.000353464 0.000549702 -0.000352536 0.999999 -0.000844194 -0.000549298 0.000843806 1 -0.0143696 0.131722 -0.0604735
FixedParameters: 0 0 0

#Transform 18
Transform: AffineTransform_float_3_3
Parameters: 1 0.000518113 0.00018268 -0.000518887 0.999999 -0.000618095 -0.000182321 0.000617905 1 0.00106325 0.11142 -0.0244197
FixedParameters: 0 0 0

#Transform 19
Transform: AffineTransform_float_3_3
Parameters: 0.999999 0.000518342 0.000491639 -0.000518658 0.999999 -0.000696255 -0.000491361 0.000695745 0.999999 -0.0114536 0.0838684 -0.0038424
FixedParameters: 0 0 0

#Transform 20
Transform: AffineTransform_float_3_3
Parameters: 0.999999 0.000274658 0.000758762 -0.000273342 0.999999 -0.000868208 -0.000758238 0.000867792 1 -0.025387 0.109271 -0.0402437
FixedParameters: 0 0 0

#Transform 21
Transform: AffineTransform_float_3_3
Parameters: 1 0.000234424 0.0004968 -0.000233576 0.999999 -0.000853115 -0.000497199 0.000852883 0.999999 -0.0128411 0.102879 -0.02391
FixedParameters: 0 0 0

#Transform 22
Transform: AffineTransform_float_3_3
Parameters: 1 0.000265355 0.000343727 -0.000265645 1 -0.00103109 -0.000344274 0.00103091 1 -0.000410493 0.123059 -0.0302281
FixedParameters: 0 0 0

#Transform 23
Transform: AffineTransform_float_3_3
Parameters: 1 0.000431118 7.33107e-05 -0.000430883 0.999998 -0.00159903 -7.3689e-05 0.00159897 0.999998 0.0284376 0.179768 -0.0543974
FixedParameters: 0 0 0

#Transform 24
Transform: AffineTransform_float_3_3
Parameters: 1 0.000517727 -0.000176799 -0.000518272 0.999998 -0.00154391 0.0001762 0.00154409 0.999999 0.0329201 0.175253 -0.0640257
FixedParameters: 0 0 0

#Transform 25
Transform: AffineTransform_float_3_3
Parameters: 1 4.63044e-05 0.000241942 -4.66955e-05 0.999999 -0.00125801 -0.000242059 0.00125799 0.999999 0.00802341 0.151484 -0.043787
FixedParameters: 0 0 0

#Transform 26
Transform: AffineTransform_float_3_3
Parameters: 1 4.61954e-05 0.000158943 -4.68046e-05 0.999999 -0.00122901 -0.000159058 0.00122899 0.999999 0.00909779 0.148301 -0.044234
FixedParameters: 0 0 0

#Transform 27
Transform: AffineTransform_float_3_3
Parameters: 1 4.59642e-05 -2.90567e-05 -4.60357e-05 0.999999 -0.001232 2.89433e-05 0.001232 0.999999 0.016527 0.135187 -0.0645546
FixedParameters: 0 0 0

#Transform 28
Transform: AffineTransform_float_3_3
Parameters: 1 4.58315e-05 -0.000135057 -4.61685e-05 0.999999 -0.00124799 0.000134943 0.00124801 0.999999 0.0300829 0.13642 -0.0520031
FixedParameters: 0 0 0

#Transform 29
Transform: AffineTransform_float_3_3
Parameters: 1 4.59557e-05 -2.90701e-05 -4.60441e-05 0.999999 -0.001524 2.89299e-05 0.001524 0.999999 0.0304486 0.168869 -0.0651102
FixedParameters: 0 0 0

#Transform 30
Transform: AffineTransform_float_3_3
Parameters: 1 4.60808e-05 8.39557e-05 -4.59191e-05 0.999999 -0.000962003 -8.40442e-05 0.000961995 0.999999 0.0163683 0.136351 -0.0578025
FixedParameters: 0 0 0

#Transform 31
Transform: AffineTransform_float_3_3
Parameters: 1 -0.000394414 0.00056341 0.000394586 1 -0.00103978 -0.00056359 0.00104022 1 -0.00975491 0.129909 -0.0416064
FixedParameters: 0 0 0

#Transform 32
Transform: AffineTransform_float_3_3
Parameters: 1 -0.000100012 -2.8957e-05 9.99875e-05 1 -0.000430003 2.9043e-05 0.000429997 1 0.0433626 0.105346 -0.02535
FixedParameters: 0 0 0

#Transform 33
Transform: AffineTransform_float_3_3
Parameters: 1 -0.000152736 0.000316127 0.000153263 0.999999 -0.000833951 -0.000315872 0.000834048 0.999999 0.018572 0.130895 -0.0298359
FixedParameters: 0 0 0

#Transform 34
Transform: AffineTransform_float_3_3
Parameters: 1 4.60679e-05 0.000124975 -4.59321e-05 1 -0.000543006 -0.000125025 0.000542994 1 0.0228303 0.106621 -0.0186103
FixedParameters: 0 0 0

#Transform 35
Transform: AffineTransform_float_3_3
Parameters: 1 -0.000167082 -0.000183925 0.000166918 1 -0.000446031 0.000184074 0.000445969 1 0.0360027 0.0946965 -0.0194856
FixedParameters: 0 0 0

#Transform 36
Transform: AffineTransform_float_3_3
Parameters: 1 -0.00018007 -0.000118893 0.000179929 1 -0.000592021 0.000119107 0.000591978 1 0.0292186 0.0960314 -0.0177508
FixedParameters: 0 0 0

#Transform 37
Transform: AffineTransform_float_3_3
Parameters: 1 -0.000220185 -0.000189786 0.000219815 0.999999 -0.000974041 0.000190214 0.000973957 0.999999 0.0685088 0.135007 -0.0552059
FixedParameters: 0 0 0

#Transform 38
Transform: AffineTransform_float_3_3
Parameters: 1 -0.000197029 -0.000118951 0.00019697 1 -0.000248023 0.000119049 0.000247977 1 0.0319449 0.0796218 -0.0438276
FixedParameters: 0 0 0

#Transform 39
Transform: AffineTransform_float_3_3
Parameters: 1 -0.00042809 -0.000118674 0.000427909 0.999999 -0.00076105 0.000119326 0.000760948 0.999999 0.0581279 0.115276 -0.0336892
FixedParameters: 0 0 0

#Transform 40
Transform: AffineTransform_float_3_3
Parameters: 1 -0.000369062 -0.000118807 0.000369938 1 -0.000522044 0.000119193 0.000521956 1 0.0287085 0.0913176 -0.0231542
FixedParameters: 0 0 0

#Transform 41
Transform: AffineTransform_float_3_3
Parameters: 1 -0.000568997 4.10358e-05 0.000569002 1 -6.29767e-05 -4.09641e-05 6.30233e-05 1 0.0284525 0.0795231 -0.0341838
FixedParameters: 0 0 0

#Transform 42
Transform: AffineTransform_float_3_3
Parameters: 1 -0.000265077 -0.000137852 0.000264923 1 -0.000558036 0.000138148 0.000557963 1 0.0438017 0.0917832 -0.0201157
FixedParameters: 0 0 0

#Transform 43
Transform: AffineTransform_float_3_3
Parameters: 1 -0.000169951 7.31132e-05 0.000170049 1 -0.000665987 -7.28867e-05 0.000666012 1 0.0453475 0.0995322 -0.0251518
FixedParameters: 0 0 0

#Transform 44
Transform: AffineTransform_float_3_3
Parameters: 1 -0.000321787 0.000320214 0.000322214 0.999999 -0.000665897 -0.000320785 0.000666103 0.999999 0.0354554 0.104255 -0.0429106
FixedParameters: 0 0 0

#Transform 45
Transform: AffineTransform_float_3_3
Parameters: 1 -0.000486878 0.000182324 0.000487122 0.999999 -0.000665911 -0.000182676 0.000666089 1 0.017485 0.105789 -0.0190931
FixedParameters: 0 0 0

#Transform 46
Transform: AffineTransform_float_3_3
Parameters: 1 -0.000568973 6.42367e-05 0.000569026 1 -0.000415963 -6.37633e-05 0.000416036 1 0.0199494 0.0758204 -0.014639
FixedParameters: 0 0 0

#Transform 47
Transform: AffineTransform_float_3_3
Parameters: 1 -0.000568831 0.000331289 0.000569169 0.999999 -0.000508811 -0.00033171 0.000509189 1 0.022285 0.0922685 -0.0107878
FixedParameters: 0 0 0

#Transform 48
Transform: AffineTransform_float_3_3
Parameters: 1 -0.000427898 0.000225193 0.000428102 1 -0.000451904 -0.000224806 0.000452096 1 0.00787389 0.115007 -0.0161986
FixedParameters: 0 0 0

#Transform 49
Transform: AffineTransform_float_3_3
Parameters: 1 -0.00056903 -7.17633e-05 0.00056897 1 -0.000416041 7.22367e-05 0.000415959 1 0.0221166 0.104544 -0.0126653
FixedParameters: 0 0 0

#Transform 50
Transform: AffineTransform_float_3_3
Parameters: 0.999999 -0.000661866 0.000271325 0.000661133 0.999999 -0.00049082 -0.000271675 0.00049118 1 0.0040721 0.110414 -0.0123802
FixedParameters: 0 0 0

#Transform 51
Transform: AffineTransform_float_3_3
Parameters: 0.999999 -0.000819029 -7.16592e-05 0.00081897 0.999999 -0.000416059 7.13406e-05 0.000415941 1 0.0377046 0.100285 -0.0255212
FixedParameters: 0 0 0

#Transform 52
Transform: AffineTransform_float_3_3
Parameters: 0.999999 -0.00081894 7.26797e-05 0.000819059 1 -0.000829941 -7.1321e-05 0.000829059 0.999999 0.02235 0.133013 -0.0290491
FixedParameters: 0 0 0

#Transform 53
Transform: AffineTransform_float_3_3
Parameters: 0.999999 -0.000983964 7.15018e-05 0.000984036 1 -0.00050993 -7.14981e-05 0.000510071 1 0.0310947 0.120491 -0.024867
FixedParameters: 0 0 0

#Transform 54
Transform: AffineTransform_float_3_3
Parameters: 1 -0.000685008 -1.56178e-05 0.000684991 0.999999 -0.000558011 1.53822e-05 0.000557989 1 0.0259689 0.111401 -0.0143916
FixedParameters: 0 0 0

#Transform 55
Transform: AffineTransform_float_3_3
Parameters: 1 -0.000512137 -0.00028075 0.000511863 1 -0.000487144 0.000281249 0.000486856 1 0.0532539 0.0890024 -0.0195553
FixedParameters: 0 0 0

#Transform 56
Transform: AffineTransform_float_3_3
Parameters: 1 -0.000569105 -0.000280787 0.000568895 1 -0.00037416 0.000281213 0.00037384 1 0.0380899 0.0947355 -0.0150883
FixedParameters: 0 0 0

#Transform 57
Transform: AffineTransform_float_3_3
Parameters: 1 -0.000569049 -0.000132787 0.00056895 1 -0.000374075 0.000133213 0.000373924 1 0.0354784 0.100231 -0.00959254
FixedParameters: 0 0 0

#Transform 58
Transform: AffineTransform_float_3_3
Parameters: 0.999999 -0.000779104 -0.000280708 0.000778894 0.999999 -0.000374219 0.000281291 0.000373781 1 0.0409103 0.101858 -0.0154738
FixedParameters: 0 0 0

#Transform 59
Transform: AffineTransform_float_3_3
Parameters: 1 -0.00109582 0.000293684 0.00109618 0.999999 -0.000623678 -0.000292316 0.000624321 1 0.0116836 0.130737 -0.00937956
FixedParameters: 0 0 0

#Transform 60
Transform: AffineTransform_float_3_3
Parameters: 1 -0.00106199 1.06627e-05 0.00106201 0.999999 -0.000623989 -1.03373e-05 0.000624011 1 0.0278234 0.0982292 -0.017561
FixedParameters: 0 0 0

#Transform 61
Transform: AffineTransform_float_3_3
Parameters: 0.999999 -0.000908929 0.000103627 0.000909071 1 -0.000689906 -0.000102373 0.000690093 1 0.0275771 0.105712 -0.00947423
FixedParameters: 0 0 0

#Transform 62
Transform: AffineTransform_float_3_3
Parameters: 0.999999 -0.00100303 -0.000108699 0.00100297 1 -0.000300109 0.000109301 0.000299891 1 0.0313995 0.0742366 -0.0110286
FixedParameters: 0 0 0

#Transform 63
Transform: AffineTransform_float_3_3
Parameters: 0.999999 -0.00079597 5.93924e-05 0.000796028 0.999999 -0.000492953 -5.86075e-05 0.000493047 1 0.0197716 0.0900795 -0.0125046
FixedParameters: 0 0 0

#Transform 64
Transform: AffineTransform_float_3_3
Parameters: 0.999999 -0.000906011 -2.86258e-05 0.000905987 0.999999 -0.000413026 2.93741e-05 0.000412973 1 0.0406072 0.0644685 -0.0183461
FixedParameters: 0 0 0

#Transform 65
Transform: AffineTransform_float_3_3
Parameters: 0.999999 -0.00090114 -0.00028055 0.00090086 1 -0.000499253 0.00028145 0.000499747 1 0.0538541 0.0891518 -0.0106542
FixedParameters: 0 0 0

#Transform 66
Transform: AffineTransform_float_3_3
Parameters: 0.999999 -0.000996095 -0.000280662 0.000995905 1 -0.00033928 0.000281337 0.00033872 1 0.0421811 0.0776419 -0.0164278
FixedParameters: 0 0 0

#Transform 67
Transform: AffineTransform_float_3_3
Parameters: 1 -0.00103818 -0.000280327 0.00103782 1 -0.000648291 0.000280674 0.000648709 1 0.0383158 0.0963697 -0.0198946
FixedParameters: 0 0 0

#Transform 68
Transform: AffineTransform_float_3_3
Parameters: 0.999999 -0.00124708 -0.000190504 0.00124692 0.999999 -0.000398238 0.000191497 0.000398762 1 0.0376629 0.0884381 -0.0145139
FixedParameters: 0 0 0

#Transform 69
Transform: AffineTransform_float_3_3
Parameters: 1 -0.00101505 -0.000129596 0.00101495 1 -0.000398132 0.000130405 0.000398868 1 0.0298505 0.107774 -0.010305
FixedParameters: 0 0 0

#Transform 70
Transform: AffineTransform_float_3_3
Parameters: 0.999999 -0.00124705 -8.31919e-05 0.00124695 0.999999 -0.000648104 8.38092e-05 0.000648896 1 0.0365871 0.11566 -0.0259841
FixedParameters: 0 0 0

#Transform 71
Transform: AffineTransform_float_3_3
Parameters: 1 -0.00109104 -9.65657e-05 0.00109096 1 -0.000398106 9.64353e-05 0.000398895 1 0.033242 0.123059 -0.0130615
FixedParameters: 0 0 0

#Transform 72
Transform: AffineTransform_float_3_3
Parameters: 0.999999 -0.00124711 -0.000280503 0.00124689 0.999999 -0.00039835 0.000281497 0.000398649 1 0.0448058 0.127184 -0.0126676
FixedParameters: 0 0 0

#Transform 73
Transform: AffineTransform_float_3_3
Parameters: 1 -0.00112307 -0.000280707 0.00112293 1 -0.000261315 0.000281294 0.000261684 1 0.03006 0.0958923 -0.00759079
FixedParameters: 0 0 0

#Transform 74
Transform: AffineTransform_float_3_3
Parameters: 0.999999 -0.00085806 -0.000119567 0.000857939 0.999999 -0.000505102 0.000120433 0.000504897 1 0.0214181 0.134986 -0.0126056
FixedParameters: 0 0 0

#Transform 75
Transform: AffineTransform_float_3_3
Parameters: 0.999999 -0.00124709 -0.000280622 0.00124692 0.999999 -0.00030335 0.000281378 0.000302649 1 0.0350942 0.106691 -0.0118942
FixedParameters: 0 0 0

#Transform 76
Transform: AffineTransform_float_3_3
Parameters: 0.999999 -0.001247 4.96306e-07 0.001247 0.999999 -0.000398 4.96306e-07 0.000398 1 0.0280887 0.1065 -0.012308
FixedParameters: 0 0 0

#Transform 77
Transform: AffineTransform_float_3_3
Parameters: 0.999999 -0.00124698 2.78878e-05 0.00124702 0.999999 -0.000711966 -2.71121e-05 0.000712034 0.999999 0.0336031 0.136797 -0.0254447
FixedParameters: 0 0 0

#Transform 78
Transform: AffineTransform_float_3_3
Parameters: 0.999999 -0.00124686 0.000432395 0.00124714 0.999999 -0.000316461 -0.000431606 0.000316538 1 -0.00558083 0.084956 -0.00407647
FixedParameters: 0 0 0

#Transform 79
Transform: AffineTransform_float_3_3
Parameters: 0.999999 -0.00149687 0.000279681 0.00149713 0.999999 -0.000454582 -0.000278318 0.000455417 1 0.00614256 0.130406 -0.00878352
FixedParameters: 0 0 0

#Transform 80
Transform: AffineTransform_float_3_3
Parameters: 0.999999 -0.00124713 -0.000530694 0.00124687 0.999999 -0.000245662 0.000531305 0.000244338 1 0.0676986 0.114807 -0.0175704
FixedParameters: 0 0 0

#Transform 81
Transform: AffineTransform_float_3_3
Parameters: 0.999999 -0.0012471 -0.00022244 0.0012469 0.999999 -0.000449278 0.00022356 0.000448722 1 0.0402253 0.132669 -0.0262562
FixedParameters: 0 0 0

#Transform 82
Transform: AffineTransform_float_3_3
Parameters: 0.999998 -0.00174983 0.000670436 0.00175017 0.999999 -0.000248827 -0.000669565 0.000249172 0.999999 -0.00606709 0.119119 -0.00982114
FixedParameters: 0 0 0

#Transform 83
Transform: AffineTransform_float_3_3
Parameters: 1 -0.00106929 -0.000518398 0.00106871 1 -0.000563554 0.000518603 0.000563446 0.999999 0.0667949 0.131584 -0.0181069
FixedParameters: 0 0 0

#Transform 84
Transform: AffineTransform_float_3_3
Parameters: 0.999999 -0.00145895 -0.000281249 0.00145905 0.999999 0.00017059 0.00028075 -0.00017141 1 0.0465495 0.0776558 -0.0105807
FixedParameters: 0 0 0

#Transform 85
Transform: AffineTransform_float_3_3
Parameters: 0.999999 -0.00154403 -0.000100469 0.00154396 0.999998 -0.000344155 0.000100531 0.000343845 1 0.0326105 0.115267 -0.0106066
FixedParameters: 0 0 0

#Transform 86
Transform: AffineTransform_float_3_3
Parameters: 0.999998 -0.00168404 -9.62319e-05 0.00168396 0.999999 -0.000456163 9.67677e-05 0.000455838 1 0.0452374 0.12481 -0.0191382
FixedParameters: 0 0 0

#Transform 87
Transform: AffineTransform_float_3_3
Parameters: 0.999999 -0.00174998 -0.00011539 0.00175003 0.999999 0.000222798 0.00011461 -0.000223201 1 0.0371121 0.0662638 -0.0099669
FixedParameters: 0 0 0

#Transform 88
Transform: AffineTransform_float_3_3
Parameters: 0.999999 -0.00174997 0.00037815 0.00175003 0.999999 -8.53384e-05 -0.000377849 8.66614e-05 1 -0.00296756 0.065075 0.000137795
FixedParameters: 0 0 0

#Transform 89
Transform: AffineTransform_float_3_3
Parameters: 0.999998 -0.00174981 0.000694478 0.00175019 0.999999 -0.000272785 -0.000693521 0.000274214 0.999999 0.00322976 0.0758871 -0.00445666
FixedParameters: 0 0 0

#Transform 90
Transform: AffineTransform_float_3_3
Parameters: 0.999999 -0.00174992 0.000487288 0.00175008 0.999999 -0.000164148 -0.000486711 0.000165852 1 0.00727326 0.0709848 0.00358311
FixedParameters: 0 0 0

#Transform 91
Transform: AffineTransform_float_3_3
Parameters: 0.999998 -0.00197595 0.00038325 0.00197605 0.999998 -0.000126243 -0.000382748 0.000127757 1 -0.00607721 0.0678126 0.000952938
FixedParameters: 0 0 0

#Transform 92
Transform: AffineTransform_float_3_3
Parameters: 0.999997 -0.00216503 0.00048686 0.00216497 0.999997 6.50542e-05 -0.000486139 -6.39476e-05 1 -6.27804e-05 0.0674473 -0.00107746
FixedParameters: 0 0 0

#Transform 93
Transform: AffineTransform_float_3_3
Parameters: 0.999997 -0.00205381 0.000556705 0.00205419 0.999998 -0.000342857 -0.000556294 0.000344143 1 -0.00350285 0.0912909 -0.00557274
FixedParameters: 0 0 0

#Transform 94
Transform: AffineTransform_float_3_3
Parameters: 0.999997 -0.00219896 0.000175417 0.00219903 0.999997 -0.000189615 -0.000174582 0.000190384 1 0.0335942 0.0687823 0.000886558
FixedParameters: 0 0 0

#Transform 95
Transform: AffineTransform_float_3_3
Parameters: 0.999998 -0.00182893 0.000415312 0.00182907 0.999999 -0.000170241 -0.000414688 0.000170759 1 0.0133512 0.0597027 0.0020388
FixedParameters: 0 0 0

#Transform 96
Transform: AffineTransform_float_3_3
Parameters: 0.999999 -0.00171093 0.000383325 0.00171107 0.999998 -0.000189344 -0.000382676 0.000189655 1 0.00724908 0.0517284 0.00351387
FixedParameters: 0 0 0

#Transform 97
Transform: AffineTransform_float_3_3
Parameters: 0.999997 -0.00220598 0.000191244 0.00220602 0.999997 -0.000110578 -0.000190757 0.000110421 1 0.0277275 0.0592974 0.00297323
FixedParameters: 0 0 0

#Transform 98
Transform: AffineTransform_float_3_3
Parameters: 0.999998 -0.00204694 0.000294419 0.00204706 0.999998 -0.000204398 -0.000293582 0.000204601 1 0.0244152 0.0762533 0.00338899
FixedParameters: 0 0 0

#Transform 99
Transform: AffineTransform_float_3_3
Parameters: 0.999999 -0.00181095 0.000280347 0.00181105 0.999999 -0.000191493 -0.000279654 0.000191507 1 0.0175987 0.0641306 0.00333909
FixedParameters: 0 0 0

#Transform 100
Transform: AffineTransform_float_3_3
Parameters: 0.999998 -0.001736 3.11024e-05 0.001736 0.999998 -5.89461e-05 -3.08975e-05 5.90537e-05 1 0.0253199 0.0762 0.00217653
FixedParameters: 0 0 0

#Transform 101
Transform: AffineTransform_float_3_3
Parameters: 0.999997 -0.00213899 7.51324e-05 0.002139 0.999997 -6.18394e-05 -7.48672e-05 6.21603e-05 1 0.0362207 0.0881031 0.000353254
FixedParameters: 0 0 0

#Transform 102
Transform: AffineTransform_float_3_3
Parameters: 0.999997 -0.00209795 0.000353287 0.00209805 0.999998 -0.000136259 -0.000352714 0.00013674 1 -0.00286947 0.083975 0.000195686
FixedParameters: 0 0 0

#Transform 103
Transform: AffineTransform_float_3_3
Parameters: 0.999998 -0.00204294 0.000221574 0.00204306 0.999998 -0.000280548 -0.000221425 0.000281453 1 0.0243954 0.0849974 -0.00649079
FixedParameters: 0 0 0

#Transform 104
Transform: AffineTransform_float_3_3
Parameters: 0.999999 -0.00176591 0.000308505 0.00176609 0.999999 -0.000285456 -0.000308495 0.000286545 1 0.0139212 0.0936906 -0.00298908
FixedParameters: 0 0 0

#Transform 105
Transform: AffineTransform_float_3_3
Parameters: 0.999998 -0.00195297 0.000221277 0.00195303 0.999998 -0.000141568 -0.000221724 0.000141433 1 0.0189041 0.0832863 0.00105413
FixedParameters: 0 0 0

#Transform 106
Transform: AffineTransform_float_3_3
Parameters: 0.999998 -0.00186899 0.000123149 0.00186901 0.999999 -7.977e-05 -0.00012285 8.02298e-05 1 0.0264705 0.0515532 0.000656765
FixedParameters: 0 0 0

#Transform 107
Transform: AffineTransform_float_3_3
Parameters: 0.999997 -0.00217096 0.000153514 0.00217103 0.999997 -0.000236667 -0.000153485 0.000237334 1 0.0548158 0.0713427 0.000502488
FixedParameters: 0 0 0

#Transform 108
Transform: AffineTransform_float_3_3
Parameters: 0.999997 -0.00212601 -9.38042e-05 0.00212599 0.999997 -9.21996e-05 9.41954e-05 9.17999e-05 1 0.0678842 0.0778975 -0.000531298
FixedParameters: 0 0 0

#Transform 109
Transform: AffineTransform_float_3_3
Parameters: 0.999997 -0.002175 -4.37998e-05 0.00217499 0.999997 -9.20954e-05 4.42e-05 9.1904e-05 1 0.0488813 0.0618054 -0.00029025
FixedParameters: 0 0 0

#Transform 110
Transform: AffineTransform_float_3_3
Parameters: 0.999999 -0.001843 2.61695e-05 0.001843 0.999999 -9.1952e-05 -2.58304e-05 9.20478e-05 1 0.0399006 0.0328626 7.05628e-05
FixedParameters: 0 0 0

#Transform 111
Transform: AffineTransform_float_3_3
Parameters: 0.999998 -0.00174099 9.216e-05 0.00174101 0.999998 -9.18396e-05 -9.18414e-05 9.116e-05 1 0.0401898 0.0482391 0.00056885
FixedParameters: 0 0 0

#Transform 112
Transform: AffineTransform_float_3_3
Parameters: 0.999998 -0.00210399 5.71934e-05 0.002104 0.999998 -9.18798e-05 -5.68063e-05 9.21197e-05 1 0.0401012 0.0594199 0.000205409
FixedParameters: 0 0 0

#Transform 113
Transform: AffineTransform_float_3_3
Parameters: 0.999997 -0.00222198 0.000201204 0.00222202 0.999997 -9.15531e-05 -0.000200797 9.14463e-05 1 0.0160777 0.0393603 0.00107318
FixedParameters: 0 0 0

#Transform 114
Transform: AffineTransform_float_3_3
Parameters: 0.999998 -0.002319 0.000111048 0.002319 0.999998 -2.07425e-05 -0.000110953 2.02574e-05 1 0.0358609 0.0450393 0.000749208
FixedParameters: 0 0 0

#Transform 115
Transform: AffineTransform_float_3_3
Parameters: 0.999998 -0.00231899 0.000201092 0.00231901 0.999998 -3.95338e-05 -0.000200907 4.0466e-05 1 0.0236601 0.0508522 0.00108416
FixedParameters: 0 0 0

#Transform 116
Transform: AffineTransform_float_3_3
Parameters: 0.999997 -0.002177 1.41241e-05 0.002177 0.999997 -5.69694e-05 -1.38759e-05 5.70303e-05 1 0.0343313 0.0764839 0.000150375
FixedParameters: 0 0 0

#Transform 117
Transform: AffineTransform_float_3_3
Parameters: 0.999998 -0.00231897 0.000201364 0.00231903 0.999998 -0.000156533 -0.000200638 0.000156466 1 0.0108327 0.066931 0.00102567
FixedParameters: 0 0 0

#Transform 118
Transform: AffineTransform_float_3_3
Parameters: 0.999998 -0.00206497 0.00020126 0.00206402 0.999998 -0.000125585 -0.000200742 0.000125415 1 0.0193497 0.0813289 0.00105075
FixedParameters: 0 0 0

#Transform 119
Transform: AffineTransform_float_3_3
Parameters: 0.999998 -0.00231898 0.000201255 0.00231902 0.999998 -0.000109534 -0.000200744 0.000110466 1 0.0178827 0.0747264 0.00103558
FixedParameters: 0 0 0

#Transform 120
Transform: AffineTransform_float_3_3
Parameters: 0.999998 -0.00231897 0.000201412 0.00231904 0.999998 -0.000177533 -0.000200587 0.000178466 1 0.0310716 0.0928674 0.000949515
FixedParameters: 0 0 0

#Transform 121
Transform: AffineTransform_float_3_3
Parameters: 0.999998 -0.00231898 0.000201255 0.00231902 0.999998 -0.000109534 -0.000200744 0.000110466 1 0.0251647 0.0764653 0.00104731
FixedParameters: 0 0 0

#Transform 122
Transform: AffineTransform_float_3_3
Parameters: 0.999998 -0.002319 9.98606e-06 0.002319 0.999998 6.02318e-06 -1.00139e-05 -5.9768e-06 1 0.0275321 0.0563138 0.000181932
FixedParameters: 0 0 0

#Transform 123
Transform: AffineTransform_float_3_3
Parameters: 0.999998 -0.00231898 0.000131445 0.00231903 0.999998 -0.000191696 -0.000130554 0.000192303 1 0.0306834 0.0707754 0.000514752
FixedParameters: 0 0 0

#Transform 124
Transform: AffineTransform_float_3_3
Parameters: 0.999998 -0.00231899 0.000201155 0.00231901 0.999998 -6.65337e-05 -0.000200846 6.6466e-05 1 0.0331685 0.0588764 0.00113953
FixedParameters: 0 0 0

#Transform 125
Transform: AffineTransform_float_3_3
Parameters: 0.999998 -0.00231897 0.000201343 0.00231903 0.999998 -0.000147534 -0.000200659 0.000147466 1 0.0263853 0.0830804 0.00106721
FixedParameters: 0 0 0

#Transform 126
Transform: AffineTransform_float_3_3
Parameters: 0.999998 -0.00231899 7.82874e-05 0.00231901 0.999998 -0.000123819 -7.77123e-05 0.000124181 1 0.0121221 0.057433 0.000333938
FixedParameters: 0 0 0

#Transform 127
Transform: AffineTransform_float_3_3
Parameters: 0.999997 -0.00231876 0.000672837 0.00231924 0.999997 -0.000360441 -0.000671163 0.000361557 0.999999 -0.0170378 0.0526145 0.0269912
FixedParameters: 0 0 0

#Transform 128
Transform: AffineTransform_float_3_3
Parameters: 0.999998 -0.002319 0.000200986 0.002319 0.999998 6.4661e-06 -0.000201016 -6.53386e-06 1 0.0226414 0.0748776 0.00126945
FixedParameters: 0 0 0

#Transform 129
Transform: AffineTransform_float_3_3
Parameters: 0.999997 -0.00248999 0.000109224 0.00249001 0.999997 -8.97283e-05 -0.000108778 8.92711e-05 1 0.0183804 0.053044 0.000661592
FixedParameters: 0 0 0

#Transform 130
Transform: AffineTransform_float_3_3
Parameters: 0.999998 -0.002319 2.12805e-05 0.002319 0.999998 -0.000120951 -2.07194e-05 0.000121048 1 0.0622485 0.0557838 0.00522418
FixedParameters: 0 0 0

#Transform 131
Transform: AffineTransform_float_3_3
Parameters: 0.999996 -0.00282296 0.000257434 0.00282304 0.999996 -0.000153274 -0.000257564 0.000154728 1 0.0504931 0.0702887 0.00121873
FixedParameters: 0 0 0

#Transform 132
Transform: AffineTransform_float_3_3
Parameters: 0.999997 -0.002697 2.29837e-05 0.002697 0.999997 6.06201e-06 -2.20161e-05 -5.94065e-06 1 0.0435969 0.0341699 0.000323923
FixedParameters: 0 0 0

#Transform 133
Transform: AffineTransform_float_3_3
Parameters: 0.999997 -0.00244697 0.000201401 0.00244703 0.999997 -0.000163508 -0.000200601 0.000163491 1 0.0206522 0.0761791 0.00102298
FixedParameters: 0 0 0

#Transform 134
Transform: AffineTransform_float_3_3
Parameters: 0.999996 -0.00282297 0.000201397 0.00282303 0.999996 -0.000140432 -0.000200604 0.000140567 1 0.033051 0.0730002 0.00103156
FixedParameters: 0 0 0

#Transform 135
Transform: AffineTransform_float_3_3
Parameters: 0.999996 -0.003073 4.53993e-05 0.00307301 0.999996 -0.000129861 -4.56034e-05 0.000129141 1 0.0408519 0.0802247 0.000229291
FixedParameters: 0 0 0

#Transform 136
Transform: AffineTransform_float_3_3
Parameters: 0.999996 -0.002823 0.000108983 0.002823 0.999996 6.30768e-06 -0.000109017 -5.69227e-06 1 0.0321525 0.065595 0.000739371
FixedParameters: 0 0 0

#Transform 137
Transform: AffineTransform_float_3_3
Parameters: 0.999996 -0.002823 7.19828e-05 0.002823 0.999996 6.20323e-06 -7.20167e-05 -5.79672e-06 1 0.0107572 0.0552395 0.000512741
FixedParameters: 0 0 0

#Transform 138
Transform: AffineTransform_float_3_3
Parameters: 0.999995 -0.00299298 0.000120481 0.00299302 0.999995 -0.00016064 -0.000120518 0.000161361 1 0.0404021 0.0876465 0.000487519
FixedParameters: 0 0 0

#Transform 139
Transform: AffineTransform_float_3_3
Parameters: 0.999997 -0.00267298 0.000137382 0.00267302 0.999997 -0.000142633 -0.000136617 0.000143366 1 0.0391094 0.0914911 0.000671525
FixedParameters: 0 0 0

#Transform 140
Transform: AffineTransform_float_3_3
Parameters: 0.999997 -0.00268897 0.000201365 0.00268903 0.999997 -0.000135459 -0.000200634 0.00013654 1 0.0254125 0.0685266 0.0010076
FixedParameters: 0 0 0

#Transform 141
Transform: AffineTransform_float_3_3
Parameters: 0.999997 -0.002662 0.000200983 0.002662 0.999997 6.53504e-06 -0.000201018 -6.46492e-06 1 0.0208875 0.0640958 0.00126288
FixedParameters: 0 0 0

#Transform 142
Transform: AffineTransform_float_3_3
Parameters: 0.999997 -0.00271196 0.000279373 0.00271204 0.999997 -0.000137243 -0.000278625 0.000138756 1 0.0325113 0.0716244 0.00142202
FixedParameters: 0 0 0

#Transform 143
Transform: AffineTransform_float_3_3
Parameters: 0.999997 -0.00270098 0.000201288 0.00270102 0.999997 -0.000106457 -0.000200713 0.000106543 1 0.0315124 0.0539193 0.00110073
FixedParameters: 0 0 0

#Transform 144
Transform: AffineTransform_float_3_3
Parameters: 0.999996 -0.00275399 0.000138209 0.00275401 0.999996 -7.56197e-05 -0.00013779 7.63798e-05 1 0.0303834 0.0549288 0.0033952
FixedParameters: 0 0 0

#Transform 145
Transform: AffineTransform_float_3_3
Parameters: 0.999995 -0.00287034 0.00118761 0.00287066 0.999995 -0.000557593 -0.00118639 0.000561408 0.999999 -0.0412972 0.0354311 0.0746818
FixedParameters: 0 0 0

#Transform 146
Transform: AffineTransform_float_3_3
Parameters: 0.999996 -0.00298166 0.000627649 0.00298135 0.999996 -0.000552131 -0.000626352 0.00055387 0.999999 0.0543155 0.092212 0.0107296
FixedParameters: 0 0 0

#Transform 147
Transform: AffineTransform_float_3_3
Parameters: 0.999995 -0.00285342 0.000695389 0.00285358 0.999995 -0.000836019 -0.000693612 0.000837983 1 0.0289945 0.088912 0.0378543
FixedParameters: 0 0 0

#Transform 148
Transform: AffineTransform_float_3_3
Parameters: 0.999996 -0.00262192 0.00020198 0.00262208 0.999997 -0.000373472 -0.000201019 0.000374529 1 0.0614416 0.0675552 0.0092735
FixedParameters: 0 0 0

#Transform 149
Transform: AffineTransform_float_3_3
Parameters: 0.999997 -0.00247096 0.00012484 0.00247004 0.999997 -0.000339693 -0.00012416 0.000340308 1 0.0542818 0.0839085 0.00102352
FixedParameters: 0 0 0

#Transform 150
Transform: AffineTransform_float_3_3
Parameters: 0.999996 -0.00282091 0.000355735 0.00282109 0.999996 -0.000259997 -0.000354265 0.000261 1 0.0335353 0.0778824 0.00171892
FixedParameters: 0 0 0

#Transform 151
Transform: AffineTransform_float_3_3
Parameters: 0.999995 -0.00308486 0.000390143 0.00308515 0.999995 -0.000369798 -0.000389857 0.000371204 1 0.0236604 0.0822185 0.0026495
FixedParameters: 0 0 0

#Transform 152
Transform: AffineTransform_float_3_3
Parameters: 0.999995 -0.00307704 0.000546807 0.00307697 0.999996 6.36828e-05 -0.000547194 -6.23166e-05 1 0.0173073 0.0710727 -0.000645718
FixedParameters: 0 0 0

#Transform 153
Transform: AffineTransform_float_3_3
Parameters: 0.999996 -0.00304099 0.00020116 0.00304101 0.999996 -5.23885e-05 -0.000200841 5.2611e-05 1 0.0354286 0.0757914 -0.00309949
FixedParameters: 0 0 0

#Transform 154
Transform: AffineTransform_float_3_3
Parameters: 0.999995 -0.00290603 0.000528843 0.00290597 0.999996 5.4537e-05 -0.000529157 -5.34625e-05 1 -5.59568e-05 0.0596533 0.00517684
FixedParameters: 0 0 0

#Transform 155
Transform: AffineTransform_float_3_3
Parameters: 0.999996 -0.00280399 0.000201089 0.00280401 0.999996 -3.14363e-05 -0.000200912 3.15635e-05 1 0.023458 0.0640672 0.00329604
FixedParameters: 0 0 0

#Transform 156
Transform: AffineTransform_float_3_3
Parameters: 0.999996 -0.00284497 0.00020144 0.00284503 0.999996 -0.000154428 -0.000200561 0.000154571 1 0.0338142 0.0954323 0.0031205
FixedParameters: 0 0 0

#Transform 157
Transform: AffineTransform_float_3_3
Parameters: 0.999996 -0.00279396 0.000281373 0.00279304 0.999996 -0.000133215 -0.000281627 0.000133787 1 0.0280981 0.0718794 0.00352573
FixedParameters: 0 0 0

#Transform 158
Transform: AffineTransform_float_3_3
Parameters: 0.999995 -0.00312199 0.000201099 0.00312201 0.999995 -3.13723e-05 -0.000200902 3.16274e-05 1 0.0301802 0.0804539 0.0033112
FixedParameters: 0 0 0

#Transform 159
Transform: AffineTransform_float_3_3
Parameters: 0.999995 -0.00295399 0.000201094 0.002954 0.999995 -3.14061e-05 -0.000200907 3.15936e-05 1 0.0419227 0.0772542 0.000255736
FixedParameters: 0 0 0

#Transform 160
Transform: AffineTransform_float_3_3
Parameters: 0.999996 -0.00306801 0.000200883 0.00306799 0.999996 3.86165e-05 -0.000200119 -3.83862e-05 1 0.0344942 0.0706779 0.00347824
FixedParameters: 0 0 0

#Transform 161
Transform: AffineTransform_float_3_3
Parameters: 0.999995 -0.00309499 0.000201098 0.00309501 0.999995 -3.13778e-05 -0.000200903 3.1622e-05 1 0.0331631 0.0812748 0.00331462
FixedParameters: 0 0 0

#Transform 162
Transform: AffineTransform_float_3_3
Parameters: 0.999996 -0.00306598 0.000201303 0.00306602 0.999996 -9.83833e-05 -0.000200696 9.96158e-05 1 0.046182 0.0801983 0.0031647
FixedParameters: 0 0 0

#Transform 163
Transform: AffineTransform_float_3_3
Parameters: 0.999995 -0.00331096 0.000261558 0.00331104 0.999994 -0.000168135 -0.000261442 0.000168866 1 0.0551587 0.095634 0.00336134
FixedParameters: 0 0 0

#Transform 164
Transform: AffineTransform_float_3_3
Parameters: 0.999995 -0.00318302 0.000257798 0.00318298 0.999995 6.38209e-05 -0.000258202 -6.31785e-05 1 0.0326108 0.0673946 0.00377176
FixedParameters: 0 0 0

#Transform 165
Transform: AffineTransform_float_3_3
Parameters: 0.999995 -0.0028476 0.000760509 0.0028474 0.999996 -0.000528836 -0.00075949 0.000531165 0.999999 0.00529396 0.0755391 0.0354568
FixedParameters: 0 0 0

#Transform 166
Transform: AffineTransform_float_3_3
Parameters: 0.999996 -0.00282397 0.000201361 0.00282403 0.999996 -0.000127432 -0.000200638 0.000128567 1 0.0475823 0.0670399 0.00310619
FixedParameters: 0 0 0

#Transform 167
Transform: AffineTransform_float_3_3
Parameters: 0.999995 -0.0030688 0.000503216 0.0030692 0.999995 -0.000395457 -0.000501785 0.000396542 1 0.0346591 0.0563444 0.0292297
FixedParameters: 0 0 0

#Transform 168
Transform: AffineTransform_float_3_3
Parameters: 0.999995 -0.00286382 0.00144933 0.00286518 0.999995 -0.000810851 -0.00144667 0.000815147 0.999998 -0.0316853 0.0583533 0.0974367
FixedParameters: 0 0 0

#Transform 169
Transform: AffineTransform_float_3_3
Parameters: 0.999996 -0.00294441 0.000820114 0.00294459 0.999996 -0.000716589 -0.000817886 0.000719412 1 0.0124039 0.0831065 0.037056
FixedParameters: 0 0 0

#Transform 170
Transform: AffineTransform_float_3_3
Parameters: 0.999996 -0.00273735 0.000802228 0.00273765 0.999996 -0.000812807 -0.000799772 0.000815193 1 0.0202758 0.0892706 0.029967
FixedParameters: 0 0 0

#Transform 171
Transform: AffineTransform_float_3_3
Parameters: 0.999995 -0.00283832 0.000929071 0.00283867 0.999995 -0.000728366 -0.000926927 0.000731634 1 0.0103613 0.0808815 0.0375834
FixedParameters: 0 0 0

#Transform 172
Transform: AffineTransform_float_3_3
Parameters: 0.999996 -0.0028556 0.000494325 0.0028554 0.999995 -0.000813591 -0.000491674 0.000815407 0.999999 0.0136084 0.0997987 0.0183588
FixedParameters: 0 0 0

#Transform 173
Transform: AffineTransform_float_3_3
Parameters: 0.999996 -0.00283267 0.000412262 0.00283333 0.999995 -0.000797835 -0.000409737 0.000799163 0.999999 0.0374496 0.111323 0.0205591
FixedParameters: 0 0 0

#Transform 174
Transform: AffineTransform_float_3_3
Parameters: 0.999996 -0.00277393 0.000288637 0.00277407 0.999996 -0.0002292 -0.000288364 0.000229801 1 0.0446555 0.101276 0.00666245
FixedParameters: 0 0 0

#Transform 175
Transform: AffineTransform_float_3_3
Parameters: 0.999995 -0.00291488 0.000538615 0.00291511 0.999995 -0.000210431 -0.000537385 0.000211567 1 0.0162608 0.0770326 0.00463547
FixedParameters: 0 0 0

#Transform 176
Transform: AffineTransform_float_3_3
Parameters: 0.999993 -0.00354318 0.00135115 0.00354382 0.999993 -0.000605216 -0.00134885 0.000609783 0.999999 -0.0263353 0.0577069 0.0498424
FixedParameters: 0 0 0

#Transform 177
Transform: AffineTransform_float_3_3
Parameters: 0.999994 -0.00351856 0.000983582 0.00351944 0.999993 -0.000447541 -0.000982418 0.00045146 1 -0.00244612 0.0793372 0.0124655
FixedParameters: 0 0 0

#Transform 178
Transform: AffineTransform_float_3_3
Parameters: 0.999992 -0.00387769 0.000966238 0.00387731 0.999993 -0.000317256 -0.00096476 0.000321744 1 -0.00385523 0.0760843 0.017054
FixedParameters: 0 0 0

#Transform 179
Transform: AffineTransform_float_3_3
Parameters: 0.999991 -0.0038027 0.00147835 0.0038043 0.999993 -0.000877383 -0.00147465 0.000883615 0.999998 -0.0319167 0.083406 0.0530183
FixedParameters: 0 0 0
