#Insight Transform File V1.0
#Transform 0
Transform: AffineTransform_float_3_3
Parameters: 1 -0.000368226 -0.000537845 0.000368774 1 -0.000420198 0.000537155 0.000419802 1 0.0658282 -0.0768384 -0.37741
FixedParameters: 0 0 0

#Transform 1
Transform: AffineTransform_float_3_3
Parameters: 1 0.000616 2.3e-05 -0.000616 1 -1.4168e-08 -2.3e-05 -1.4168e-08 1 0.037116 0.0476553 -0.00166947
FixedParameters: 0 0 0

#Transform 2
Transform: AffineTransform_float_3_3
Parameters: 1 0.000615995 8.40357e-05 -0.000616005 1 5.79482e-05 -8.39642e-05 -5.80517e-05 1 0.0535387 0.115762 -0.0465724
FixedParameters: 0 0 0

#Transform 3
Transform: AffineTransform_float_3_3
Parameters: 1 0.000187 -1.7e-05 -0.000187 1 3.179e-09 1.7e-05 3.179e-09 1 0.00828475 0.112936 -0.0465449
FixedParameters: 0 0 0

#Transform 4
Transform: AffineTransform_float_3_3
Parameters: 1 0.000212984 8.60396e-05 -0.000213016 1 0.000185982 -8.59604e-05 -0.000186018 1 0.0615821 0.127723 -0.0759225
FixedParameters: 0 0 0

#Transform 5
Transform: AffineTransform_float_3_3
Parameters: 1 0.000128159 -0.000245917 -0.000127841 1 0.000648031 0.000245083 -0.000647968 1 0.0265137 0.108738 -0.0735146
FixedParameters: 0 0 0

#Transform 6
Transform: AffineTransform_float_3_3
Parameters: 1 0.000616173 -0.000245566 -0.000615827 0.999999 0.000704151 0.000245433 -0.000703848 0.999999 0.0577717 0.117001 -0.0942814
FixedParameters: 0 0 0

#Transform 7
Transform: AffineTransform_float_3_3
Parameters: 1 9.48739e-05 0.000408029 -9.51265e-05 1 0.000309961 -0.000407971 -0.000309039 1 0.0392637 0.132768 -0.123976
FixedParameters: 0 0 0

#Transform 8
Transform: AffineTransform_float_3_3
Parameters: 1 0.000187952 0.000138066 -0.000188048 1 0.000348974 -0.000137934 -0.000349026 1 0.0386734 0.131054 -0.0965982
FixedParameters: 0 0 0

#Transform 9
Transform: AffineTransform_float_3_3
Parameters: 1 0.000249937 0.000102153 -0.000250063 1 0.000613974 -0.000101846 -0.000614025 1 0.0800931 0.121267 -0.122367
FixedParameters: 0 0 0

#Transform 10
Transform: AffineTransform_float_3_3
Parameters: 1 -6.01214e-05 0.000208965 5.98785e-05 1 0.000581012 -0.000209035 -0.000580987 1 0.0526485 0.123339 -0.13312
FixedParameters: 0 0 0

#Transform 11
Transform: AffineTransform_float_3_3
Parameters: 1 5.97767e-06 4.70028e-05 -6.02232e-06 1 0.000475 -4.69971e-05 -0.000475 1 0.106681 0.126907 -0.139114
FixedParameters: 0 0 0

#Transform 12
Transform: AffineTransform_float_3_3
Parameters: 1 -9.13074e-05 0.000365923 9.06925e-05 0.999999 0.000840033 -0.000366076 -0.000839966 0.999999 0.033995 0.131326 -0.121812
FixedParameters: 0 0 0

#Transform 13
Transform: AffineTransform_float_3_3
Parameters: 0.999999 -0.000108571 0.000778921 0.000108429 0.999999 0.000733085 -0.00077908 -0.000732916 1 0.0959731 0.144655 -0.140399
FixedParameters: 0 0 0

#Transform 14
Transform: AffineTransform_float_3_3
Parameters: 0.999999 -5.49553e-05 0.000922943 5.40446e-05 1 0.00103505 -0.000923056 -0.00103495 0.999999 0.0433128 0.14226 -0.182979
FixedParameters: 0 0 0

#Transform 15
Transform: AffineTransform_float_3_3
Parameters: 0.999999 -0.000297648 0.000884782 0.000296352 0.999999 0.000733263 -0.000884217 -0.000732737 1 0.0950575 0.17047 -0.22858
FixedParameters: 0 0 0

#Transform 16
Transform: AffineTransform_float_3_3
Parameters: 0.999999 -0.000399536 0.000731707 0.000399464 0.999999 0.000733293 -0.000731293 -0.000732708 1 0.0595139 0.170849 -0.209499
FixedParameters: 0 0 0

#Transform 17
Transform: AffineTransform_float_3_3
Parameters: 0.999999 -0.000169364 0.00103778 0.000167637 0.999999 0.00131417 -0.00103722 -0.00131382 0.999998 0.0876657 0.158386 -0.272074
FixedParameters: 0 0 0

#Transform 18
Transform: AffineTransform_float_3_3
Parameters: 0.999999 -0.000448329 0.000781238 0.000446671 0.999999 0.00170135 -0.000781761 -0.00170065 0.999998 0.0674244 0.135766 -0.242954
FixedParameters: 0 0 0

#Transform 19
Transform: AffineTransform_float_3_3
Parameters: 0.999999 -0.000741972 0.00120078 0.000740027 0.999999 0.00164289 -0.00120222 -0.00164111 0.999998 0.0670709 0.152527 -0.264741
FixedParameters: 0 0 0

#Transform 20
Transform: AffineTransform_float_3_3
Parameters: 1 -0.000622594 0.000912915 0.000621406 0.999999 0.00174557 -0.000914086 -0.00174443 0.999998 0.0492585 0.152238 -0.220905
FixedParameters: 0 0 0

#Transform 21
Transform: AffineTransform_float_3_3
Parameters: 0.999998 -0.000666121 0.00152364 0.000662878 0.999997 0.00204801 -0.00152536 -0.00204699 0.999996 0.0693901 0.152797 -0.255541
FixedParameters: 0 0 0

#Transform 22
Transform: AffineTransform_float_3_3
Parameters: 0.999999 -0.000557745 0.00112264 0.000554255 0.999997 0.00244362 -0.00112436 -0.00244338 0.999997 0.0976614 0.130609 -0.266565
FixedParameters: 0 0 0

#Transform 23
Transform: AffineTransform_float_3_3
Parameters: 0.999999 -0.000345959 0.00151387 0.000341041 0.999994 0.00327452 -0.00151512 -0.00327448 0.999993 0.0490993 0.11642 -0.275049
FixedParameters: 0 0 0

#Transform 24
Transform: AffineTransform_float_3_3
Parameters: 0.999999 -0.000166031 0.000734321 0.00016297 0.999992 0.00412612 -0.000734679 -0.00412588 0.999991 0.110347 0.0999541 -0.266706
FixedParameters: 0 0 0

#Transform 25
Transform: AffineTransform_float_3_3
Parameters: 1 8.58785e-05 0.00100836 -9.0124e-05 0.999991 0.00408791 -0.00100864 -0.00408809 0.999991 0.0718182 0.138225 -0.281468
FixedParameters: 0 0 0

#Transform 26
Transform: AffineTransform_float_3_3
Parameters: 1 6.15208e-05 0.00040023 -6.24784e-05 0.999993 0.00369698 -0.000399772 -0.00369703 0.999993 0.106489 0.148978 -0.279669
FixedParameters: 0 0 0

#Transform 27
Transform: AffineTransform_float_3_3
Parameters: 1 -0.000169856 0.00105639 0.000166142 0.999994 0.00364918 -0.00105761 -0.00364882 0.999993 0.0693135 0.154951 -0.308695
FixedParameters: 0 0 0

#Transform 28
Transform: AffineTransform_float_3_3
Parameters: 1 -0.000295905 0.000550981 0.000294095 0.999994 0.00345416 -0.000552019 -0.00345384 0.999994 0.116249 0.160828 -0.319402
FixedParameters: 0 0 0

#Transform 29
Transform: AffineTransform_float_3_3
Parameters: 0.999999 -0.000385143 0.00120168 0.000380859 0.999994 0.00344646 -0.00120232 -0.00344554 0.999994 0.0559184 0.16604 -0.340799
FixedParameters: 0 0 0

#Transform 30
Transform: AffineTransform_float_3_3
Parameters: 1 -0.000321083 0.000544777 0.000319916 0.999992 0.00381917 -0.000546225 -0.00381882 0.999992 0.140038 0.185094 -0.432551
FixedParameters: 0 0 0

#Transform 31
Transform: AffineTransform_float_3_3
Parameters: 1 -0.000681854 0.000965289 0.000678148 0.999992 0.00398666 -0.000967711 -0.00398634 0.999991 0.0881047 0.168529 -0.393782
FixedParameters: 0 0 0

#Transform 32
Transform: AffineTransform_float_3_3
Parameters: 0.999999 -0.000535466 0.00128974 0.000529533 0.999991 0.00423469 -0.00129225 -0.00423431 0.99999 0.0813307 0.155233 -0.421403
FixedParameters: 0 0 0

#Transform 33
Transform: AffineTransform_float_3_3
Parameters: 1 -0.000386108 0.000505397 0.000383894 0.999992 0.0041642 -0.000506603 -0.00416381 0.999991 0.110762 0.158837 -0.403485
FixedParameters: 0 0 0

#Transform 34
Transform: AffineTransform_float_3_3
Parameters: 0.999998 -0.000743695 0.00147665 0.000737308 0.99999 0.0045291 -0.00147935 -0.00452791 0.999988 0.053529 0.158842 -0.469116
FixedParameters: 0 0 0

#Transform 35
Transform: AffineTransform_float_3_3
Parameters: 0.999999 -0.00113164 0.00105504 0.00112736 0.999989 0.00439219 -0.00105996 -0.0043908 0.99999 0.0883719 0.175165 -0.494029
FixedParameters: 0 0 0

#Transform 36
Transform: AffineTransform_float_3_3
Parameters: 0.999999 -0.000942963 0.00152672 0.000936036 0.999989 0.00455544 -0.00153128 -0.00455357 0.999989 0.0454479 0.16766 -0.473662
FixedParameters: 0 0 0

#Transform 37
Transform: AffineTransform_float_3_3
Parameters: 0.999999 -0.000738662 0.00103669 0.000733337 0.999989 0.00448976 -0.0010403 -0.00448924 0.99999 0.10468 0.167466 -0.499668
FixedParameters: 0 0 0

#Transform 38
Transform: AffineTransform_float_3_3
Parameters: 0.999998 -0.000989463 0.00160542 0.000981538 0.999988 0.00464358 -0.00160957 -0.00464141 0.999988 0.0300435 0.163906 -0.487912
FixedParameters: 0 0 0

#Transform 39
Transform: AffineTransform_float_3_3
Parameters: 0.999999 -0.000726391 0.00127037 0.000719611 0.999987 0.00502392 -0.00127363 -0.00502308 0.999986 0.116637 0.16771 -0.5087
FixedParameters: 0 0 0

#Transform 40
Transform: AffineTransform_float_3_3
Parameters: 0.999998 -0.00105911 0.00132112 0.00105289 0.999989 0.0046194 -0.00132588 -0.0046186 0.999989 0.0446584 0.147302 -0.4079
FixedParameters: 0 0 0

#Transform 41
Transform: AffineTransform_float_3_3
Parameters: 0.999999 -0.000909381 0.00105739 0.00090362 0.999986 0.00507896 -0.0010616 -0.00507804 0.999986 0.124481 0.149067 -0.47866
FixedParameters: 0 0 0

#Transform 42
Transform: AffineTransform_float_3_3
Parameters: 0.999999 -0.000880907 0.000975592 0.000876091 0.999987 0.00501886 -0.000980409 -0.00501814 0.999987 0.082822 0.12957 -0.402197
FixedParameters: 0 0 0

#Transform 43
Transform: AffineTransform_float_3_3
Parameters: 0.999999 -0.000668276 0.00135544 0.000661727 0.999986 0.0053609 -0.00135857 -0.0053601 0.999984 0.0995669 0.131392 -0.440865
FixedParameters: 0 0 0

#Transform 44
Transform: AffineTransform_float_3_3
Parameters: 0.999999 -0.000988394 0.0011293 0.000982607 0.999988 0.00476712 -0.0011337 -0.00476589 0.999988 0.0737278 0.135649 -0.402282
FixedParameters: 0 0 0

#Transform 45
Transform: AffineTransform_float_3_3
Parameters: 0.999998 -0.000706893 0.00144264 0.000699105 0.999989 0.00477302 -0.00144635 -0.00477199 0.999988 0.0853071 0.160505 -0.439838
FixedParameters: 0 0 0

#Transform 46
Transform: AffineTransform_float_3_3
Parameters: 1 -0.000713327 0.000918656 0.000708672 0.999988 0.00470165 -0.000922342 -0.00470134 0.999988 0.132079 0.139583 -0.435791
FixedParameters: 0 0 0

#Transform 47
Transform: AffineTransform_float_3_3
Parameters: 0.999998 -0.00136906 0.00176979 0.00136093 0.999988 0.00455042 -0.00177621 -0.00454758 0.999988 0.0431206 0.142516 -0.436369
FixedParameters: 0 0 0

#Transform 48
Transform: AffineTransform_float_3_3
Parameters: 0.999999 -0.00100739 0.00117339 0.00100261 0.999989 0.00458918 -0.00117761 -0.00458782 0.999989 0.105778 0.16671 -0.493355
FixedParameters: 0 0 0

#Transform 49
Transform: AffineTransform_float_3_3
Parameters: 0.999997 -0.00129136 0.00184046 0.00128263 0.999987 0.00508038 -0.00184754 -0.00507763 0.999986 0.0133392 0.142345 -0.447277
FixedParameters: 0 0 0

#Transform 50
Transform: AffineTransform_float_3_3
Parameters: 0.999998 -0.0011922 0.00146919 0.0011858 0.999988 0.00489075 -0.00147482 -0.00488925 0.999987 0.0930996 0.174662 -0.506708
FixedParameters: 0 0 0

#Transform 51
Transform: AffineTransform_float_3_3
Parameters: 0.999997 -0.00152033 0.00153879 0.00151267 0.999987 0.00475233 -0.0015462 -0.00474966 0.999987 0.0386112 0.148436 -0.475231
FixedParameters: 0 0 0

#Transform 52
Transform: AffineTransform_float_3_3
Parameters: 0.999998 -0.00105731 0.00155606 0.00105069 0.999989 0.00468964 -0.00156094 -0.00468736 0.999988 0.0701066 0.171535 -0.477526
FixedParameters: 0 0 0

#Transform 53
Transform: AffineTransform_float_3_3
Parameters: 0.999998 -0.00106185 0.00164897 0.00105415 0.999988 0.00475175 -0.00165403 -0.00474926 0.999988 0.0821197 0.173679 -0.502033
FixedParameters: 0 0 0

#Transform 54
Transform: AffineTransform_float_3_3
Parameters: 0.999998 -0.00151995 0.0011183 0.00151505 0.999989 0.0044137 -0.0011247 -0.0044123 0.999989 0.0690362 0.16599 -0.473724
FixedParameters: 0 0 0

#Transform 55
Transform: AffineTransform_float_3_3
Parameters: 0.999998 -0.00121195 0.00155762 0.00120505 0.99999 0.00445289 -0.00156338 -0.00445111 0.999989 0.0601105 0.180104 -0.469077
FixedParameters: 0 0 0

#Transform 56
Transform: AffineTransform_float_3_3
Parameters: 0.999998 -0.00125118 0.00167693 0.00124382 0.999988 0.0048681 -0.00168307 -0.00486691 0.999986 0.048542 0.156619 -0.467396
FixedParameters: 0 0 0

#Transform 57
Transform: AffineTransform_float_3_3
Parameters: 0.999999 -0.00125843 0.00135104 0.00125257 0.999988 0.0047517 -0.00135697 -0.0047493 0.999988 0.0796067 0.174636 -0.441891
FixedParameters: 0 0 0

#Transform 58
Transform: AffineTransform_float_3_3
Parameters: 0.999998 -0.00118423 0.00167521 0.00117677 0.999988 0.00490399 -0.00168079 -0.00490202 0.999987 0.0721825 0.168771 -0.46191
FixedParameters: 0 0 0

#Transform 59
Transform: AffineTransform_float_3_3
Parameters: 0.999998 -0.00134035 0.00133365 0.00133465 0.999988 0.00475179 -0.00134035 -0.00474921 0.999988 0.0476617 0.174859 -0.451081
FixedParameters: 0 0 0

#Transform 60
Transform: AffineTransform_float_3_3
Parameters: 0.999998 -0.00121597 0.00146424 0.00120803 0.999988 0.00475178 -0.00146975 -0.00474922 0.999987 0.0677976 0.174411 -0.451078
FixedParameters: 0 0 0

#Transform 61
Transform: AffineTransform_float_3_3
Parameters: 0.999998 -0.0013863 0.00174443 0.0013777 0.999988 0.00475241 -0.00175057 -0.00474958 0.999987 0.0443392 0.166252 -0.490604
FixedParameters: 0 0 0

#Transform 62
Transform: AffineTransform_float_3_3
Parameters: 0.999998 -0.00156723 0.00130757 0.00156177 0.999988 0.00475205 -0.00131543 -0.00474995 0.999988 0.0447205 0.171162 -0.460276
FixedParameters: 0 0 0

#Transform 63
Transform: AffineTransform_float_3_3
Parameters: 0.999999 -0.00116833 0.00145414 0.00116067 0.999986 0.0050307 -0.00145986 -0.0050293 0.999987 0.0714402 0.170228 -0.484521
FixedParameters: 0 0 0

#Transform 64
Transform: AffineTransform_float_3_3
Parameters: 0.999998 -0.00147001 0.00145395 0.00146199 0.999984 0.00549414 -0.00146205 -0.00549186 0.999984 0.0433624 0.154302 -0.475519
FixedParameters: 0 0 0

#Transform 65
Transform: AffineTransform_float_3_3
Parameters: 0.999998 -0.00152298 0.00135821 0.00151602 0.999985 0.00512607 -0.00136579 -0.00512393 0.999986 0.0364044 0.153043 -0.464923
FixedParameters: 0 0 0

#Transform 66
Transform: AffineTransform_float_3_3
Parameters: 0.999998 -0.0015139 0.00176958 0.0015041 0.999984 0.00557968 -0.00177842 -0.00557732 0.999983 0.0347635 0.158558 -0.47412
FixedParameters: 0 0 0

#Transform 67
Transform: AffineTransform_float_3_3
Parameters: 0.999998 -0.00162635 0.0013371 0.00161864 0.999983 0.00548417 -0.00134589 -0.00548182 0.999984 0.0472037 0.155107 -0.467129
FixedParameters: 0 0 0

#Transform 68
Transform: AffineTransform_float_3_3
Parameters: 0.999997 -0.00156904 0.00147952 0.00156095 0.999984 0.00542232 -0.00148848 -0.00541968 0.999984 0.0673907 0.165042 -0.492509
FixedParameters: 0 0 0

#Transform 69
Transform: AffineTransform_float_3_3
Parameters: 0.999998 -0.0014507 0.00134172 0.0014433 0.999982 0.00572094 -0.00135028 -0.00571905 0.999982 0.0555885 0.156628 -0.497266
FixedParameters: 0 0 0

#Transform 70
Transform: AffineTransform_float_3_3
Parameters: 0.999996 -0.00172957 0.0018743 0.00171842 0.999982 0.00562824 -0.0018847 -0.00562476 0.999983 0.0349318 0.169529 -0.495071
FixedParameters: 0 0 0

#Transform 71
Transform: AffineTransform_float_3_3
Parameters: 0.999997 -0.00168806 0.0017966 0.00167794 0.999983 0.00558903 -0.0018054 -0.00558597 0.999983 0.0439892 0.163946 -0.505159
FixedParameters: 0 0 0

#Transform 72
Transform: AffineTransform_float_3_3
Parameters: 0.999998 -0.0016284 0.00165179 0.0016186 0.999982 0.00567369 -0.00166121 -0.00567131 0.999983 0.031188 0.146584 -0.454309
FixedParameters: 0 0 0

#Transform 73
Transform: AffineTransform_float_3_3
Parameters: 0.999998 -0.00171244 0.00153151 0.00170355 0.999979 0.00614562 -0.0015425 -0.00614337 0.99998 0.0523062 0.150975 -0.465178
FixedParameters: 0 0 0

#Transform 74
Transform: AffineTransform_float_3_3
Parameters: 0.999997 -0.00170783 0.00163177 0.00169817 0.99998 0.00600678 -0.00164223 -0.00600321 0.99998 0.0300612 0.148569 -0.469728
FixedParameters: 0 0 0

#Transform 75
Transform: AffineTransform_float_3_3
Parameters: 0.999997 -0.00164672 0.00181231 0.00163628 0.999981 0.00590198 -0.00182169 -0.00589902 0.999981 -0.000796967 0.14299 -0.471942
FixedParameters: 0 0 0

#Transform 76
Transform: AffineTransform_float_3_3
Parameters: 0.999997 -0.00173945 0.00173459 0.00172855 0.999981 0.00600702 -0.00174541 -0.00600399 0.999981 0.0119549 0.139258 -0.487857
FixedParameters: 0 0 0

#Transform 77
Transform: AffineTransform_float_3_3
Parameters: 0.999997 -0.00175326 0.0017025 0.00174275 0.999981 0.00600699 -0.0017125 -0.00600402 0.999981 0.00442405 0.139378 -0.469542
FixedParameters: 0 0 0

#Transform 78
Transform: AffineTransform_float_3_3
Parameters: 0.999996 -0.00177257 0.0018872 0.00176043 0.99998 0.00611334 -0.00189779 -0.00610965 0.999979 0.00905772 0.140924 -0.481182
FixedParameters: 0 0 0

#Transform 79
Transform: AffineTransform_float_3_3
Parameters: 0.999997 -0.00174408 0.00133955 0.00173592 0.999981 0.00600634 -0.00135045 -0.00600366 0.999981 0.0153205 0.139384 -0.473472
FixedParameters: 0 0 0

#Transform 80
Transform: AffineTransform_float_3_3
Parameters: 0.999997 -0.00172721 0.00169466 0.00171679 0.99998 0.00600692 -0.00170434 -0.00600407 0.99998 0.00177086 0.139434 -0.471676
FixedParameters: 0 0 0

#Transform 81
Transform: AffineTransform_float_3_3
Parameters: 0.999997 -0.00154493 0.00158337 0.00153506 0.99998 0.00625645 -0.00159363 -0.00625356 0.999979 0.00212364 0.13 -0.42546
FixedParameters: 0 0 0

#Transform 82
Transform: AffineTransform_float_3_3
Parameters: 0.999997 -0.00157879 0.00179155 0.00156822 0.99998 0.00600683 -0.00180045 -0.00600318 0.999981 -0.00141239 0.128574 -0.410661
FixedParameters: 0 0 0

#Transform 83
Transform: AffineTransform_float_3_3
Parameters: 0.999998 -0.00163178 0.00162423 0.00162222 0.99998 0.00600665 -0.00163377 -0.00600335 0.99998 -0.00981169 0.133755 -0.413482
FixedParameters: 0 0 0

#Transform 84
Transform: AffineTransform_float_3_3
Parameters: 0.999996 -0.0018574 0.00176009 0.0018466 0.999981 0.00589327 -0.00177091 -0.00588973 0.999981 -0.00799069 0.138368 -0.416033
FixedParameters: 0 0 0

#Transform 85
Transform: AffineTransform_float_3_3
Parameters: 0.999997 -0.00171633 0.00188173 0.00170467 0.99998 0.00600723 -0.00189127 -0.00600377 0.99998 -0.027539 0.133936 -0.409232
FixedParameters: 0 0 0

#Transform 86
Transform: AffineTransform_float_3_3
Parameters: 0.999997 -0.00168759 0.00168848 0.0016764 0.999979 0.00625685 -0.00169952 -0.00625315 0.999979 -0.00482758 0.128762 -0.409774
FixedParameters: 0 0 0

#Transform 87
Transform: AffineTransform_float_3_3
Parameters: 0.999997 -0.00186181 0.00184717 0.00184919 0.999978 0.00637544 -0.00185883 -0.00637256 0.999978 -0.00657653 0.120751 -0.428657
FixedParameters: 0 0 0

#Transform 88
Transform: AffineTransform_float_3_3
Parameters: 0.999997 -0.00176405 0.00166744 0.00175396 0.999981 0.00600694 -0.00167756 -0.00600406 0.99998 0.00430323 0.134105 -0.402532
FixedParameters: 0 0 0

#Transform 89
Transform: AffineTransform_float_3_3
Parameters: 0.999997 -0.00173223 0.00175096 0.00172077 0.999978 0.00639603 -0.00176204 -0.00639297 0.999978 0.00677316 0.146305 -0.411973
FixedParameters: 0 0 0

#Transform 90
Transform: AffineTransform_float_3_3
Parameters: 0.999998 -0.00158847 0.00159162 0.00157853 0.999977 0.00655853 -0.00160239 -0.00655647 0.999977 0.0146011 0.136883 -0.402296
FixedParameters: 0 0 0

#Transform 91
Transform: AffineTransform_float_3_3
Parameters: 0.999997 -0.00161001 0.00139769 0.00160099 0.999978 0.00642526 -0.00140831 -0.00642275 0.999979 0.0140986 0.109856 -0.38849
FixedParameters: 0 0 0

#Transform 92
Transform: AffineTransform_float_3_3
Parameters: 0.999997 -0.00165341 0.00183277 0.0016426 0.99998 0.00620803 -0.00184223 -0.00620498 0.999979 -0.0123585 0.117977 -0.371379
FixedParameters: 0 0 0

#Transform 93
Transform: AffineTransform_float_3_3
Parameters: 0.999998 -0.00155592 0.00169705 0.00154508 0.999978 0.00641664 -0.00170695 -0.00641436 0.999978 -0.00987892 0.110107 -0.362949
FixedParameters: 0 0 0

#Transform 94
Transform: AffineTransform_float_3_3
Parameters: 0.999997 -0.00167959 0.00180126 0.0016674 0.999978 0.00641902 -0.00181274 -0.00641597 0.999978 0.00295135 0.110141 -0.399768
FixedParameters: 0 0 0

#Transform 95
Transform: AffineTransform_float_3_3
Parameters: 0.999997 -0.00167037 0.00175324 0.00165863 0.999977 0.00646592 -0.00176376 -0.00646307 0.999977 -0.0107565 0.108442 -0.399428
FixedParameters: 0 0 0

#Transform 96
Transform: AffineTransform_float_3_3
Parameters: 0.999998 -0.0015675 0.00167121 0.0015565 0.999979 0.00626862 -0.00168079 -0.00626538 0.999979 -0.00813537 0.115524 -0.366662
FixedParameters: 0 0 0

#Transform 97
Transform: AffineTransform_float_3_3
Parameters: 0.999997 -0.00161849 0.00179068 0.00160751 0.999978 0.0063999 -0.00180032 -0.00639711 0.999978 0.00213265 0.110884 -0.371373
FixedParameters: 0 0 0

#Transform 98
Transform: AffineTransform_float_3_3
Parameters: 0.999998 -0.00150369 0.0017812 0.00149231 0.999977 0.00654667 -0.00179081 -0.00654432 0.999977 -0.00553708 0.105249 -0.381778
FixedParameters: 0 0 0

#Transform 99
Transform: AffineTransform_float_3_3
Parameters: 0.999997 -0.0016735 0.00167862 0.0016625 0.999976 0.00682681 -0.00169039 -0.00682419 0.999976 -0.0102548 0.0954886 -0.377393
FixedParameters: 0 0 0

#Transform 100
Transform: AffineTransform_float_3_3
Parameters: 0.999997 -0.00168346 0.00187086 0.00167154 0.999977 0.00664215 -0.00188214 -0.00663886 0.999976 0.00434345 0.124688 -0.381477
FixedParameters: 0 0 0

#Transform 101
Transform: AffineTransform_float_3_3
Parameters: 0.999997 -0.00140282 0.0016569 0.00139217 0.999978 0.00651632 -0.00166611 -0.00651368 0.999978 -0.000944137 0.114299 -0.359123
FixedParameters: 0 0 0

#Transform 102
Transform: AffineTransform_float_3_3
Parameters: 0.999996 -0.00170075 0.00191601 0.00168625 0.999969 0.00767226 -0.00192899 -0.00766874 0.999968 -0.0125631 0.0601393 -0.332431
FixedParameters: 0 0 0

#Transform 103
Transform: AffineTransform_float_3_3
Parameters: 0.999997 -0.00166556 0.00167863 0.00165343 0.999971 0.00745779 -0.00169138 -0.0074552 0.999971 0.0108416 0.0801793 -0.361235
FixedParameters: 0 0 0

#Transform 104
Transform: AffineTransform_float_3_3
Parameters: 0.999996 -0.00166131 0.0020519 0.00164469 0.999968 0.00792341 -0.00206509 -0.0079196 0.999967 0.0120144 0.0630566 -0.364559
FixedParameters: 0 0 0

#Transform 105
Transform: AffineTransform_float_3_3
Parameters: 0.999996 -0.00185429 0.00214819 0.00183771 0.999966 0.00802498 -0.00216281 -0.00802103 0.999966 -0.0173878 0.0638479 -0.381254
FixedParameters: 0 0 0

#Transform 106
Transform: AffineTransform_float_3_3
Parameters: 0.999996 -0.0018065 0.00214136 0.0017885 0.999965 0.00814687 -0.00215564 -0.00814314 0.999965 0.0634113 0.0842573 -0.418666
FixedParameters: 0 0 0

#Transform 107
Transform: AffineTransform_float_3_3
Parameters: 0.999995 -0.00191298 0.00228726 0.00189402 0.999964 0.00827037 -0.00230274 -0.00826663 0.999963 0.0122453 0.0675834 -0.402763
FixedParameters: 0 0 0

#Transform 108
Transform: AffineTransform_float_3_3
Parameters: 0.999995 -0.00197234 0.00223999 0.00195366 0.999965 0.00815841 -0.00225601 -0.00815459 0.999964 0.014905 0.0764693 -0.410048
FixedParameters: 0 0 0

#Transform 109
Transform: AffineTransform_float_3_3
Parameters: 0.999995 -0.00196364 0.00254622 0.00194337 0.999966 0.00808199 -0.00256178 -0.00807702 0.999964 0.0336854 0.084639 -0.432737
FixedParameters: 0 0 0

#Transform 110
Transform: AffineTransform_float_3_3
Parameters: 0.999995 -0.00197222 0.00248228 0.00195078 0.999962 0.00852288 -0.00249871 -0.00851811 0.99996 0.0285004 0.0896172 -0.455038
FixedParameters: 0 0 0

#Transform 111
Transform: AffineTransform_float_3_3
Parameters: 0.999996 -0.00204466 0.00199407 0.00202834 0.999968 0.00782208 -0.00200992 -0.00781793 0.999968 0.0356191 0.109836 -0.435
FixedParameters: 0 0 0

#Transform 112
Transform: AffineTransform_float_3_3
Parameters: 0.999995 -0.00217719 0.0023685 0.00215781 0.999965 0.00807415 -0.00238649 -0.00806884 0.999964 0.0467642 0.106354 -0.469606
FixedParameters: 0 0 0

#Transform 113
Transform: AffineTransform_float_3_3
Parameters: 0.999994 -0.00231276 0.00254339 0.00229124 0.999961 0.00852388 -0.00256362 -0.00851813 0.999961 0.0221874 0.0903802 -0.466852
FixedParameters: 0 0 0

#Transform 114
Transform: AffineTransform_float_3_3
Parameters: 0.999994 -0.00265772 0.00201209 0.00264027 0.999963 0.00827036 -0.0020339 -0.00826464 0.999964 0.0533154 0.0544741 -0.423988
FixedParameters: 0 0 0

#Transform 115
Transform: AffineTransform_float_3_3
Parameters: 0.999994 -0.00237124 0.00248288 0.00234976 0.999961 0.00852388 -0.00250311 -0.00851811 0.99996 0.0741336 0.0854505 -0.455163
FixedParameters: 0 0 0

#Transform 116
Transform: AffineTransform_float_3_3
Parameters: 0.999995 -0.0022823 0.00215272 0.00226269 0.999957 0.00892691 -0.00217328 -0.00892208 0.999958 0.0641244 0.079549 -0.450877
FixedParameters: 0 0 0

#Transform 117
Transform: AffineTransform_float_3_3
Parameters: 0.999995 -0.00229123 0.001843 0.00227477 0.999959 0.00876223 -0.001863 -0.00875777 0.99996 0.0889214 0.0852879 -0.469299
FixedParameters: 0 0 0

#Transform 118
Transform: AffineTransform_float_3_3
Parameters: 0.999995 -0.00237949 0.00237063 0.00235851 0.999957 0.00902465 -0.00239238 -0.00901937 0.999957 0.0522556 0.0758359 -0.488078
FixedParameters: 0 0 0

#Transform 119
Transform: AffineTransform_float_3_3
Parameters: 0.999995 -0.00226647 0.00215972 0.00224552 0.999953 0.0094359 -0.00218128 -0.0094311 0.999953 0.0522586 0.0569521 -0.476457
FixedParameters: 0 0 0

#Transform 120
Transform: AffineTransform_float_3_3
Parameters: 0.999995 -0.0021488 0.00225536 0.0021282 0.999955 0.00918484 -0.00227464 -0.00918016 0.999956 0.05073 0.0655194 -0.469596
FixedParameters: 0 0 0

#Transform 121
Transform: AffineTransform_float_3_3
Parameters: 0.999994 -0.00246467 0.00239085 0.00244234 0.999953 0.0094369 -0.00241315 -0.00943111 0.999952 0.0517488 0.0877526 -0.496931
FixedParameters: 0 0 0

#Transform 122
Transform: AffineTransform_float_3_3
Parameters: 0.999995 -0.00225645 0.00250407 0.00223356 0.999954 0.00932665 -0.00252494 -0.00932136 0.999954 0.0248206 0.0858859 -0.501761
FixedParameters: 0 0 0

#Transform 123
Transform: AffineTransform_float_3_3
Parameters: 0.999995 -0.00229312 0.00244048 0.00226988 0.999953 0.00943659 -0.00246152 -0.0094304 0.999952 0.0479405 0.0819832 -0.510805
FixedParameters: 0 0 0

#Transform 124
Transform: AffineTransform_float_3_3
Parameters: 0.999995 -0.00223819 0.0025056 0.00221482 0.999952 0.0096136 -0.0025264 -0.0096084 0.99995 0.0458403 0.0929787 -0.507613
FixedParameters: 0 0 0

#Transform 125
Transform: AffineTransform_float_3_3
Parameters: 0.999994 -0.00228548 0.00234429 0.00226252 0.999952 0.00954735 -0.0023657 -0.00954264 0.999951 0.027743 0.0719347 -0.483736
FixedParameters: 0 0 0

#Transform 126
Transform: AffineTransform_float_3_3
Parameters: 0.999994 -0.00212666 0.00251838 0.00210134 0.99995 0.00975435 -0.00253861 -0.00974966 0.99995 0.020908 0.0661196 -0.468118
FixedParameters: 0 0 0

#Transform 127
Transform: AffineTransform_float_3_3
Parameters: 0.999994 -0.00232381 0.00235167 0.00230118 0.99995 0.00965646 -0.00237432 -0.00965153 0.99995 0.0327197 0.0442174 -0.494055
FixedParameters: 0 0 0

#Transform 128
Transform: AffineTransform_float_3_3
Parameters: 0.999995 -0.00208476 0.00263707 0.00205824 0.999947 0.0101095 -0.00265794 -0.0101045 0.999946 0.0266635 0.0356134 -0.486493
FixedParameters: 0 0 0

#Transform 129
Transform: AffineTransform_float_3_3
Parameters: 0.999995 -0.00224922 0.00229547 0.00222578 0.999947 0.0100702 -0.00231752 -0.0100648 0.999946 0.0235608 0.0434342 -0.503285
FixedParameters: 0 0 0

#Transform 130
Transform: AffineTransform_float_3_3
Parameters: 0.999995 -0.00214216 0.00222386 0.00212084 0.999948 0.00992076 -0.00224515 -0.00991524 0.999949 0.0337566 0.0663978 -0.480994
FixedParameters: 0 0 0

#Transform 131
Transform: AffineTransform_float_3_3
Parameters: 0.999994 -0.00211147 0.00250961 0.00208752 0.99995 0.00971428 -0.00253039 -0.0097087 0.999949 0.0206102 0.062484 -0.467997
FixedParameters: 0 0 0

#Transform 132
Transform: AffineTransform_float_3_3
Parameters: 0.999995 -0.00190008 0.00244625 0.00187693 0.999954 0.00940164 -0.00246375 -0.00939636 0.999953 0.00421005 0.0731381 -0.474883
FixedParameters: 0 0 0

#Transform 133
Transform: AffineTransform_float_3_3
Parameters: 0.999995 -0.00190046 0.00253484 0.00187553 0.999952 0.0096188 -0.00255315 -0.00961419 0.99995 0.022921 0.0653929 -0.460156
FixedParameters: 0 0 0

#Transform 134
Transform: AffineTransform_float_3_3
Parameters: 0.999995 -0.0021265 0.00211862 0.00210649 0.999952 0.00963251 -0.00213938 -0.0096275 0.999952 0.0399441 0.0725924 -0.466213
FixedParameters: 0 0 0

#Transform 135
Transform: AffineTransform_float_3_3
Parameters: 0.999995 -0.00197011 0.00217518 0.00194789 0.999947 0.0101193 -0.00219482 -0.0101147 0.999946 0.0358331 0.0465238 -0.464992
FixedParameters: 0 0 0

#Transform 136
Transform: AffineTransform_float_3_3
Parameters: 0.999994 -0.00202492 0.00253832 0.00199908 0.99995 0.00978113 -0.00255767 -0.00977587 0.999949 0.0140413 0.0473562 -0.434486
FixedParameters: 0 0 0

#Transform 137
Transform: AffineTransform_float_3_3
Parameters: 0.999994 -0.00238969 0.00232086 0.00236631 0.99995 0.00973054 -0.00234413 -0.00972545 0.99995 0.0509568 0.0342711 -0.414834
FixedParameters: 0 0 0

#Transform 138
Transform: AffineTransform_float_3_3
Parameters: 0.999994 -0.00227597 0.00252483 0.00225003 0.999945 0.0102407 -0.00254817 -0.0102343 0.999945 0.0476666 0.0176819 -0.410253
FixedParameters: 0 0 0

#Transform 139
Transform: AffineTransform_float_3_3
Parameters: 0.999995 -0.00200764 0.0024597 0.00198036 0.999936 0.0111889 -0.00248231 -0.0111841 0.999935 0.0428441 -0.0115338 -0.373632
FixedParameters: 0 0 0

#Transform 140
Transform: AffineTransform_float_3_3
Parameters: 0.999995 -0.00206228 0.00207708 0.00204071 0.999946 0.0101983 -0.00209792 -0.0101937 0.999946 0.0593476 0.00457716 -0.368685
FixedParameters: 0 0 0

#Transform 141
Transform: AffineTransform_float_3_3
Parameters: 0.999996 -0.00202107 0.00199285 0.00200094 0.999948 0.010022 -0.00201215 -0.010018 0.999948 0.0611867 0.0109791 -0.362853
FixedParameters: 0 0 0

#Transform 142
Transform: AffineTransform_float_3_3
Parameters: 0.999996 -0.00227933 0.00191456 0.00226267 0.999957 0.00900337 -0.00193544 -0.00899862 0.999957 0.0472928 0.0264263 -0.324572
FixedParameters: 0 0 0

#Transform 143
Transform: AffineTransform_float_3_3
Parameters: 0.999996 -0.00250557 0.00174039 0.00248843 0.999952 0.00945637 -0.0017646 -0.00945162 0.999954 0.0544439 0.00634331 -0.306456
FixedParameters: 0 0 0

#Transform 144
Transform: AffineTransform_float_3_3
Parameters: 0.999994 -0.00279042 0.00167825 0.00277558 0.999959 0.0085357 -0.00170175 -0.0085313 0.999962 0.0834426 0.0590634 -0.368647
FixedParameters: 0 0 0

#Transform 145
Transform: AffineTransform_float_3_3
Parameters: 0.999996 -0.00261849 0.00152982 0.00260551 0.999963 0.00811002 -0.00155118 -0.00810597 0.999966 0.0730538 0.0787264 -0.351077
FixedParameters: 0 0 0

#Transform 146
Transform: AffineTransform_float_3_3
Parameters: 0.999996 -0.00238342 0.0014352 0.00237157 0.999966 0.00790843 -0.0014548 -0.00790556 0.999967 0.0991005 0.0710187 -0.32408
FixedParameters: 0 0 0

#Transform 147
Transform: AffineTransform_float_3_3
Parameters: 0.999997 -0.00194888 0.00099978 0.00194112 0.999968 0.00782596 -0.00101522 -0.00782404 0.999969 0.0964402 0.0678128 -0.294206
FixedParameters: 0 0 0

#Transform 148
Transform: AffineTransform_float_3_3
Parameters: 0.999999 -0.00159667 0.0008942 0.00159034 0.999972 0.00740644 -0.000905802 -0.00740457 0.999972 0.0860703 0.0657595 -0.274563
FixedParameters: 0 0 0

#Transform 149
Transform: AffineTransform_float_3_3
Parameters: 0.999998 -0.00219866 0.000595052 0.00219334 0.999968 0.00771732 -0.000611943 -0.00771567 0.99997 0.0914316 0.0696971 -0.287029
FixedParameters: 0 0 0

#Transform 150
Transform: AffineTransform_float_3_3
Parameters: 0.999998 -0.0020879 0.00092863 0.00208009 0.99997 0.00737495 -0.000944365 -0.00737305 0.999973 0.0876735 0.0785418 -0.300038
FixedParameters: 0 0 0

#Transform 151
Transform: AffineTransform_float_3_3
Parameters: 0.999999 -0.00166548 0.000599695 0.00166152 0.999971 0.00739901 -0.00061131 -0.007398 0.999973 0.09353 0.0868947 -0.333556
FixedParameters: 0 0 0

#Transform 152
Transform: AffineTransform_float_3_3
Parameters: 0.999999 -0.00149317 0.000151892 0.00149183 0.999971 0.00744224 -0.000163107 -0.00744177 0.999973 0.0912039 0.0892011 -0.357288
FixedParameters: 0 0 0

#Transform 153
Transform: AffineTransform_float_3_3
Parameters: 0.999999 -0.00183403 -2.75533e-06 0.00183496 0.99997 0.00750001 -1.17626e-05 -0.00749999 0.999972 0.145213 0.0792854 -0.302295
FixedParameters: 0 0 0

#Transform 154
Transform: AffineTransform_float_3_3
Parameters: 0.999999 -0.00182836 0.000289468 0.00182564 0.999966 0.00795354 -0.00030353 -0.00795346 0.999969 0.140969 0.0663208 -0.28921
FixedParameters: 0 0 0

#Transform 155
Transform: AffineTransform_float_3_3
Parameters: 0.999998 -0.00169567 7.51385e-05 0.00169533 0.999965 0.00817614 -8.88655e-05 -0.00817686 0.999966 0.12957 0.0535512 -0.280601
FixedParameters: 0 0 0

#Transform 156
Transform: AffineTransform_float_3_3
Parameters: 0.999998 -0.0019972 0.000152021 0.0019958 0.99997 0.00750232 -0.000166979 -0.00750268 0.999972 0.121552 0.0653336 -0.249587
FixedParameters: 0 0 0

#Transform 157
Transform: AffineTransform_float_3_3
Parameters: 0.999997 -0.00220679 0.00038014 0.00220421 0.999971 0.00719185 -0.000395862 -0.00719114 0.999974 0.132591 0.0777101 -0.25277
FixedParameters: 0 0 0

#Transform 158
Transform: AffineTransform_float_3_3
Parameters: 0.999998 -0.00206723 2.40255e-05 0.00206677 0.999971 0.00724406 -3.89726e-05 -0.00724393 0.999974 0.151595 0.0619225 -0.269233
FixedParameters: 0 0 0

#Transform 159
Transform: AffineTransform_float_3_3
Parameters: 0.999998 -0.00200788 0.000115658 0.00200713 0.999973 0.00714425 -0.000129342 -0.00714376 0.999975 0.133073 0.0657417 -0.289038
FixedParameters: 0 0 0

#Transform 160
Transform: AffineTransform_float_3_3
Parameters: 0.999998 -0.00197087 0.000251766 0.00196913 0.999972 0.00722551 -0.000265233 -0.00722449 0.999974 0.117707 0.0754875 -0.293581
FixedParameters: 0 0 0

#Transform 161
Transform: AffineTransform_float_3_3
Parameters: 0.999998 -0.00204322 -0.000118338 0.00204478 0.999974 0.00701578 0.000104656 -0.00701623 0.999976 0.131382 0.0835056 -0.301391
FixedParameters: 0 0 0

#Transform 162
Transform: AffineTransform_float_3_3
Parameters: 0.999998 -0.00203364 -5.83792e-05 0.00203437 0.999973 0.0070699 4.4618e-05 -0.0070701 0.999975 0.136329 0.0910915 -0.302082
FixedParameters: 0 0 0

#Transform 163
Transform: AffineTransform_float_3_3
Parameters: 0.999998 -0.00187117 0.000302875 0.00186883 0.999973 0.00701858 -0.000316125 -0.00701842 0.999976 0.133695 0.0822336 -0.301212
FixedParameters: 0 0 0

#Transform 164
Transform: AffineTransform_float_3_3
Parameters: 0.999999 -0.0018397 -0.000194713 0.0018403 0.999975 0.00690766 0.000181293 -0.00690735 0.999976 0.140387 0.0802213 -0.313677
FixedParameters: 0 0 0

#Transform 165
Transform: AffineTransform_float_3_3
Parameters: 0.999998 -0.00224193 0.000445521 0.00223907 0.999976 0.00646301 -0.00046048 -0.00646198 0.999979 0.11166 0.103414 -0.291994
FixedParameters: 0 0 0

#Transform 166
Transform: AffineTransform_float_3_3
Parameters: 0.999997 -0.00215916 0.000168703 0.00215883 0.999975 0.00662338 -0.000183302 -0.00662262 0.999978 0.139246 0.104437 -0.288411
FixedParameters: 0 0 0

#Transform 167
Transform: AffineTransform_float_3_3
Parameters: 0.999998 -0.00172033 0.000342477 0.00171766 0.999976 0.0067026 -0.000354521 -0.0067024 0.999978 0.119759 0.108449 -0.305204
FixedParameters: 0 0 0

#Transform 168
Transform: AffineTransform_float_3_3
Parameters: 0.999998 -0.00163861 0.000244416 0.00163738 0.999978 0.00646241 -0.000255586 -0.00646159 0.999979 0.113649 0.125058 -0.320654
FixedParameters: 0 0 0

#Transform 169
Transform: AffineTransform_float_3_3
Parameters: 1 -0.00109944 -0.000487111 0.00110256 0.999973 0.00736547 0.000478892 -0.00736553 0.999973 0.14882 0.103661 -0.283938
FixedParameters: 0 0 0

#Transform 170
Transform: AffineTransform_float_3_3
Parameters: 0.999996 -0.00288132 -0.000956574 0.00288969 0.999954 0.00920728 0.000930428 -0.00921073 0.999957 0.244667 0.00699782 -0.273188
FixedParameters: 0 0 0

#Transform 171
Transform: AffineTransform_float_3_3
Parameters: 0.999989 -0.00381314 -0.00278968 0.00384486 0.99993 0.0111424 0.00274731 -0.0111526 0.999934 0.344912 -0.0925526 -0.249816
FixedParameters: 0 0 0

#Transform 172
Transform: AffineTransform_float_3_3
Parameters: 0.999994 -0.00286992 -0.00228331 0.00289308 0.999944 0.0101685 0.00225469 -0.0101755 0.999945 0.262405 -0.0453563 -0.298463
FixedParameters: 0 0 0

#Transform 173
Transform: AffineTransform_float_3_3
Parameters: 0.999994 -0.00258069 -0.00229745 0.00260431 0.999944 0.0101991 0.00227155 -0.0102049 0.999946 0.261984 -0.0309557 -0.298423
FixedParameters: 0 0 0

#Transform 174
Transform: AffineTransform_float_3_3
Parameters: 0.999993 -0.0023451 -0.00266283 0.0023729 0.999942 0.0105217 0.00263817 -0.0105283 0.999941 0.2877 -0.0378361 -0.323282
FixedParameters: 0 0 0

#Transform 175
Transform: AffineTransform_float_3_3
Parameters: 0.999993 -0.00242849 -0.0025921 0.00245551 0.999944 0.0102757 0.0025669 -0.0102813 0.999944 0.26349 -0.0304582 -0.311316
FixedParameters: 0 0 0

#Transform 176
Transform: AffineTransform_float_3_3
Parameters: 0.999994 -0.00221934 -0.00259715 0.00224466 0.999949 0.00992024 0.00257485 -0.00992578 0.999948 0.296209 -0.0214994 -0.299529
FixedParameters: 0 0 0

#Transform 177
Transform: AffineTransform_float_3_3
Parameters: 0.999995 -0.00194547 -0.00269039 0.00197153 0.999949 0.00989276 0.00267162 -0.00989826 0.999948 0.275302 -0.0301197 -0.299293
FixedParameters: 0 0 0

#Transform 178
Transform: AffineTransform_float_3_3
Parameters: 0.999996 -0.00178497 -0.00249735 0.00180903 0.999952 0.00965453 0.00247965 -0.00965947 0.999951 0.262072 -0.022182 -0.309441
FixedParameters: 0 0 0

#Transform 179
Transform: AffineTransform_float_3_3
Parameters: 0.999995 -0.0016207 -0.00247906 0.0016453 0.999951 0.00983196 0.00246294 -0.00983603 0.999948 0.244534 -0.0305382 -0.335165
FixedParameters: 0 0 0
