#Insight Transform File V1.0
#Transform 0
Transform: AffineTransform_float_3_3
Parameters: 0.999999 2.30937e-05 -0.000843997 -2.39063e-05 1 0.00011102 0.000844002 -0.000110981 0.999999 -0.0230285 -0.0703285 -0.310712
FixedParameters: 0 0 0

#Transform 1
Transform: AffineTransform_float_3_3
Parameters: 1 0.000373979 5.11563e-05 -0.000374021 1 0.000417981 -5.08437e-05 -0.000418019 1 0.00643994 0.0858384 -0.11194
FixedParameters: 0 0 0

#Transform 2
Transform: AffineTransform_float_3_3
Parameters: 0.999999 0.000833911 5.24269e-05 -0.000834089 0.999998 0.00171096 -5.15729e-05 -0.00171104 0.999999 0.0249782 0.11458 -0.270158
FixedParameters: 0 0 0

#Transform 3
Transform: AffineTransform_float_3_3
Parameters: 0.999999 0.000850928 5.21794e-05 -0.000851071 0.999998 0.00138596 -5.08204e-05 -0.00138604 0.999999 0.0338114 0.185969 -0.308473
FixedParameters: 0 0 0

#Transform 4
Transform: AffineTransform_float_3_3
Parameters: 0.999999 0.000720934 5.19228e-05 -0.000721066 0.999999 0.00127996 -5.10771e-05 -0.00128004 0.999999 0.023859 0.198391 -0.327816
FixedParameters: 0 0 0

#Transform 5
Transform: AffineTransform_float_3_3
Parameters: 0.999999 0.000902897 5.2786e-05 -0.000903102 0.999997 0.00197795 -5.12137e-05 -0.00197805 0.999998 0.0260337 0.145731 -0.272806
FixedParameters: 0 0 0

#Transform 6
Transform: AffineTransform_float_3_3
Parameters: 0.999999 0.000902704 0.000201326 -0.000903295 0.999998 0.00146882 -0.000200673 -0.00146918 0.999999 0.0237529 0.21192 -0.3949
FixedParameters: 0 0 0

#Transform 7
Transform: AffineTransform_float_3_3
Parameters: 1 0.000686912 5.21698e-05 -0.000687088 0.999999 0.00170296 -5.08299e-05 -0.00170304 0.999998 0.0345593 0.221629 -0.40783
FixedParameters: 0 0 0

#Transform 8
Transform: AffineTransform_float_3_3
Parameters: 0.999999 0.000776919 5.2205e-05 -0.000777081 0.999998 0.00155096 -5.17948e-05 -0.00155104 0.999999 0.0336359 0.225708 -0.395764
FixedParameters: 0 0 0

#Transform 9
Transform: AffineTransform_float_3_3
Parameters: 0.999999 0.000995194 -0.000113308 -0.000995806 0.999998 0.00170011 0.000114693 -0.00169989 0.999998 0.0411869 0.218773 -0.416659
FixedParameters: 0 0 0

#Transform 10
Transform: AffineTransform_float_3_3
Parameters: 0.999999 0.00136792 5.303e-05 -0.00136808 0.999998 0.00148393 -5.09698e-05 -0.00148407 0.999999 0.0448966 0.244938 -0.417694
FixedParameters: 0 0 0

#Transform 11
Transform: AffineTransform_float_3_3
Parameters: 0.999999 0.000659295 0.000484959 -0.000659704 0.999998 0.00145368 -0.000484041 -0.00145432 0.999999 0.016097 0.220315 -0.385215
FixedParameters: 0 0 0

#Transform 12
Transform: AffineTransform_float_3_3
Parameters: 1 0.000583602 0.000216078 -0.000584398 0.999998 0.00184587 -0.000214922 -0.00184613 0.999999 0.0270998 0.180659 -0.309058
FixedParameters: 0 0 0

#Transform 13
Transform: AffineTransform_float_3_3
Parameters: 0.999999 0.000740642 0.000325816 -0.000740358 0.999999 0.00110076 -0.000325185 -0.00110124 1 0.0361392 0.229078 -0.351384
FixedParameters: 0 0 0

#Transform 14
Transform: AffineTransform_float_3_3
Parameters: 0.999999 0.00128343 0.000361015 -0.00128457 0.999998 0.00156954 -0.000358983 -0.00157046 0.999998 0.0466074 0.235284 -0.429948
FixedParameters: 0 0 0

#Transform 15
Transform: AffineTransform_float_3_3
Parameters: 1 0.000424748 0.000170629 -0.000425252 0.999999 0.00147993 -0.000170371 -0.00148007 0.999999 0.025187 0.234383 -0.354555
FixedParameters: 0 0 0

#Transform 16
Transform: AffineTransform_float_3_3
Parameters: 1 0.000537442 0.000398753 -0.000537557 0.999999 0.00140079 -0.000397247 -0.00140121 0.999999 0.0329871 0.257191 -0.469774
FixedParameters: 0 0 0

#Transform 17
Transform: AffineTransform_float_3_3
Parameters: 0.999999 0.000808859 0.000132857 -0.00080914 0.999999 0.00105989 -0.000132142 -0.00106011 0.999999 0.0547083 0.287334 -0.482825
FixedParameters: 0 0 0

#Transform 18
Transform: AffineTransform_float_3_3
Parameters: 1 0.000396403 0.000244969 -0.000396597 0.999997 0.0024419 -0.000244032 -0.0024421 0.999997 0.0262618 0.194677 -0.420992
FixedParameters: 0 0 0

#Transform 19
Transform: AffineTransform_float_3_3
Parameters: 1 0.000454605 0.000178012 -0.000454395 0.999998 0.00222492 -0.000176989 -0.00222508 0.999998 0.0268157 0.22077 -0.421962
FixedParameters: 0 0 0

#Transform 20
Transform: AffineTransform_float_3_3
Parameters: 0.999999 0.000773829 8.9489e-05 -0.000774169 0.999998 0.00192393 -8.75106e-05 -0.00192407 0.999998 0.0440077 0.231768 -0.423129
FixedParameters: 0 0 0

#Transform 21
Transform: AffineTransform_float_3_3
Parameters: 1 0.000500421 0.000372777 -0.000500578 0.999998 0.00155281 -0.000372223 -0.00155319 0.999998 0.0338875 0.238989 -0.425674
FixedParameters: 0 0 0

#Transform 22
Transform: AffineTransform_float_3_3
Parameters: 0.999999 0.000776575 0.000247338 -0.000776424 0.999998 0.00172281 -0.000245663 -0.00172319 0.999999 0.0513815 0.242129 -0.470921
FixedParameters: 0 0 0

#Transform 23
Transform: AffineTransform_float_3_3
Parameters: 0.999999 0.00079775 0.000149342 -0.000798251 0.999999 0.00168188 -0.000148657 -0.00168212 0.999998 0.0531505 0.263111 -0.487754
FixedParameters: 0 0 0

#Transform 24
Transform: AffineTransform_float_3_3
Parameters: 1 0.000485898 7.66497e-05 -0.000486101 0.999999 0.00133696 -7.53501e-05 -0.00133704 0.999999 0.0330191 0.257775 -0.472306
FixedParameters: 0 0 0

#Transform 25
Transform: AffineTransform_float_3_3
Parameters: 1 0.000335553 0.000422356 -0.000335447 1 0.00105986 -0.000421645 -0.00106014 1 0.0190564 0.274889 -0.439745
FixedParameters: 0 0 0

#Transform 26
Transform: AffineTransform_float_3_3
Parameters: 1 0.000800642 0.000601812 -0.000802357 0.999997 0.00226052 -0.000599188 -0.00226148 0.999998 0.0214852 0.19738 -0.386938
FixedParameters: 0 0 0

#Transform 27
Transform: AffineTransform_float_3_3
Parameters: 1 0.00049655 0.000179251 -0.000497449 0.999996 0.00251891 -0.000177747 -0.00251909 0.999997 0.0291275 0.183502 -0.329907
FixedParameters: 0 0 0

#Transform 28
Transform: AffineTransform_float_3_3
Parameters: 1 0.000407783 0.000153578 -0.000408218 0.999999 0.00141694 -0.000153422 -0.00141706 0.999999 0.0361048 0.233515 -0.340771
FixedParameters: 0 0 0

#Transform 29
Transform: AffineTransform_float_3_3
Parameters: 1 0.000417262 0.000444693 -0.000417737 0.999998 0.00166081 -0.000443306 -0.00166118 0.999998 0.0310901 0.233148 -0.399011
FixedParameters: 0 0 0

#Transform 30
Transform: AffineTransform_float_3_3
Parameters: 1 0.000406444 0.000444509 -0.000406556 0.999999 0.00125182 -0.000443491 -0.00125218 0.999999 0.0250696 0.257925 -0.376488
FixedParameters: 0 0 0

#Transform 31
Transform: AffineTransform_float_3_3
Parameters: 1 0.000547865 0.00011266 -0.000548136 0.999999 0.00120494 -0.00011234 -0.00120506 1 0.0322624 0.234931 -0.296014
FixedParameters: 0 0 0

#Transform 32
Transform: AffineTransform_float_3_3
Parameters: 1 0.000141402 0.000541157 -0.000142598 1 0.00110592 -0.000540843 -0.00110608 0.999999 0.031463 0.244805 -0.340199
FixedParameters: 0 0 0

#Transform 33
Transform: AffineTransform_float_3_3
Parameters: 1 0.000292053 0.000424653 -0.000292948 0.999998 0.00223188 -0.000424347 -0.00223213 0.999998 0.0268987 0.192867 -0.324296
FixedParameters: 0 0 0

#Transform 34
Transform: AffineTransform_float_3_3
Parameters: 1 5.61351e-05 -9.09167e-05 -5.58648e-05 0.999999 0.001485 9.1083e-05 -0.00148499 0.999999 0.0226529 0.224611 -0.296716
FixedParameters: 0 0 0

#Transform 35
Transform: AffineTransform_float_3_3
Parameters: 1 0.000307157 0.00041862 -0.000307844 0.999998 0.00201587 -0.00041838 -0.00201613 0.999998 0.0487965 0.192558 -0.353131
FixedParameters: 0 0 0

#Transform 36
Transform: AffineTransform_float_3_3
Parameters: 0.999999 -0.000735877 0.000476647 0.000735123 0.999998 0.00183935 -0.000477352 -0.00183865 0.999998 -0.00322344 0.180038 -0.243728
FixedParameters: 0 0 0

#Transform 37
Transform: AffineTransform_float_3_3
Parameters: 1 -0.000317553 0.000477633 0.000317448 1 0.00115715 -0.000477368 -0.00115685 0.999999 0.0663178 0.230869 -0.325471
FixedParameters: 0 0 0

#Transform 38
Transform: AffineTransform_float_3_3
Parameters: 0.999999 4.00153e-05 0.000724112 -4.29843e-05 0.999996 0.00274097 -0.000723885 -0.00274103 0.999996 0.0292376 0.148255 -0.304215
FixedParameters: 0 0 0

#Transform 39
Transform: AffineTransform_float_3_3
Parameters: 1 3.07481e-05 0.00013006 -3.12537e-05 0.999998 0.001937 -0.00013094 -0.001937 0.999998 0.0311991 0.176193 -0.256884
FixedParameters: 0 0 0

#Transform 40
Transform: AffineTransform_float_3_3
Parameters: 0.999999 0.000857343 0.00119209 -0.000863661 0.999989 0.00475298 -0.00118891 -0.00475403 0.999988 0.0353006 0.089411 -0.272597
FixedParameters: 0 0 0

#Transform 41
Transform: AffineTransform_float_3_3
Parameters: 1 -9.25654e-05 0.00112671 8.84337e-05 0.999995 0.0031641 -0.00112729 -0.0031639 0.999995 0.0323356 0.17649 -0.398226
FixedParameters: 0 0 0

#Transform 42
Transform: AffineTransform_float_3_3
Parameters: 1 -3.50166e-05 0.000669898 3.29831e-05 0.999996 0.00301002 -0.000670102 -0.00300998 0.999995 0.0403193 0.194026 -0.384125
FixedParameters: 0 0 0

#Transform 43
Transform: AffineTransform_float_3_3
Parameters: 0.999999 0.00061589 -0.00117297 -0.00061211 0.999995 0.00331372 0.00117503 -0.00331328 0.999994 0.12 0.194458 -0.406165
FixedParameters: 0 0 0

#Transform 44
Transform: AffineTransform_float_3_3
Parameters: 0.999999 0.000561625 -0.00117327 -0.000558372 0.999995 0.00308866 0.00117573 -0.00308734 0.999994 0.117422 0.202406 -0.387824
FixedParameters: 0 0 0

#Transform 45
Transform: AffineTransform_float_3_3
Parameters: 1 0.000261413 -0.000122119 -0.000261587 0.999995 0.00337303 0.000122883 -0.00337297 0.999995 0.060428 0.1964 -0.419652
FixedParameters: 0 0 0

#Transform 46
Transform: AffineTransform_float_3_3
Parameters: 1 0.000263936 2.66443e-05 -0.000264065 0.999997 0.00244099 -2.63555e-05 -0.00244101 0.999997 0.0405105 0.237545 -0.387937
FixedParameters: 0 0 0

#Transform 47
Transform: AffineTransform_float_3_3
Parameters: 1 0.000212946 2.64383e-05 -0.000213053 0.999998 0.00205799 -2.55616e-05 -0.002058 0.999998 0.0588639 0.260816 -0.428
FixedParameters: 0 0 0

#Transform 48
Transform: AffineTransform_float_3_3
Parameters: 1 0.000219934 2.65512e-05 -0.000220067 0.999997 0.00250599 -2.64486e-05 -0.00250601 0.999997 0.0527718 0.235081 -0.403826
FixedParameters: 0 0 0

#Transform 49
Transform: AffineTransform_float_3_3
Parameters: 1 0.000247948 2.64912e-05 -0.000248053 0.999998 0.00198099 -2.65087e-05 -0.00198101 0.999998 0.0503383 0.257726 -0.375749
FixedParameters: 0 0 0

#Transform 50
Transform: AffineTransform_float_3_3
Parameters: 1 0.000254546 -0.000256459 -0.000253452 0.999997 0.00212806 0.00025754 -0.00212793 0.999997 0.0761782 0.24965 -0.390972
FixedParameters: 0 0 0

#Transform 51
Transform: AffineTransform_float_3_3
Parameters: 1 9.36393e-05 0.000195174 -9.33623e-05 0.999999 0.00184898 -0.000195828 -0.00184902 0.999999 0.010623 0.260805 -0.384258
FixedParameters: 0 0 0

#Transform 52
Transform: AffineTransform_float_3_3
Parameters: 1 0.000326479 0.000197861 -0.000326521 0.999997 0.00263694 -0.00019714 -0.00263706 0.999996 0.0219055 0.216893 -0.366006
FixedParameters: 0 0 0

#Transform 53
Transform: AffineTransform_float_3_3
Parameters: 1 6.47248e-05 0.000116154 -6.52749e-05 0.999997 0.00237099 -0.000115846 -0.00237101 0.999997 0.0397413 0.233145 -0.363891
FixedParameters: 0 0 0

#Transform 54
Transform: AffineTransform_float_3_3
Parameters: 1 0.000103354 0.000250268 -0.000103648 0.999996 0.00258197 -0.000250733 -0.00258202 0.999996 0.0467824 0.20469 -0.310184
FixedParameters: 0 0 0

#Transform 55
Transform: AffineTransform_float_3_3
Parameters: 1 -0.000267419 0.000249551 0.00026758 0.999998 0.00167807 -0.000250449 -0.00167793 0.999998 0.0450355 0.267706 -0.339659
FixedParameters: 0 0 0

#Transform 56
Transform: AffineTransform_float_3_3
Parameters: 1 -0.00028175 -0.000160439 0.00028225 0.999998 0.00155695 0.000160561 -0.00155704 0.999999 0.0990002 0.261069 -0.302804
FixedParameters: 0 0 0

#Transform 57
Transform: AffineTransform_float_3_3
Parameters: 1 -0.000644785 -0.000104337 0.000644214 0.999997 0.00207393 0.000102664 -0.00207407 0.999998 0.0913483 0.220954 -0.221065
FixedParameters: 0 0 0

#Transform 58
Transform: AffineTransform_float_3_3
Parameters: 0.999999 -0.000621367 0.000482243 0.00061963 0.999996 0.0028303 -0.000484755 -0.0028297 0.999996 -0.00242655 0.172904 -0.204379
FixedParameters: 0 0 0

#Transform 59
Transform: AffineTransform_float_3_3
Parameters: 1 -0.000562942 0.000402686 0.000562057 0.999997 0.00233623 -0.000404314 -0.00233577 0.999997 -0.00439783 0.209112 -0.248274
FixedParameters: 0 0 0

#Transform 60
Transform: AffineTransform_float_3_3
Parameters: 1 -4.10955e-05 0.000391887 3.99042e-05 0.999996 0.00279502 -0.000392113 -0.00279498 0.999996 0.0425516 0.197117 -0.265073
FixedParameters: 0 0 0

#Transform 61
Transform: AffineTransform_float_3_3
Parameters: 1 -0.000349705 0.00032825 0.000348293 0.999997 0.00214511 -0.000329748 -0.00214488 0.999997 0.0403315 0.241437 -0.275923
FixedParameters: 0 0 0

#Transform 62
Transform: AffineTransform_float_3_3
Parameters: 0.999999 -0.000629814 0.000624174 0.000628186 0.999995 0.00290239 -0.000625826 -0.0029026 0.999995 -0.0193881 0.197149 -0.284756
FixedParameters: 0 0 0

#Transform 63
Transform: AffineTransform_float_3_3
Parameters: 1 -0.000986765 0.000329722 0.000986235 0.999997 0.00231033 -0.00033228 -0.00231067 0.999998 0.0263338 0.211389 -0.183412
FixedParameters: 0 0 0

#Transform 64
Transform: AffineTransform_float_3_3
Parameters: 0.999999 -0.000859452 0.00091771 0.000857548 0.999996 0.00266879 -0.000920292 -0.00266821 0.999996 -0.0170188 0.177681 -0.191005
FixedParameters: 0 0 0

#Transform 65
Transform: AffineTransform_float_3_3
Parameters: 0.999999 -0.000698439 0.000408549 0.000696558 0.999993 0.00351328 -0.000411449 -0.00351271 0.999993 0.00596234 0.111468 -0.173619
FixedParameters: 0 0 0

#Transform 66
Transform: AffineTransform_float_3_3
Parameters: 1 -0.000297047 0.000516829 0.000294952 0.999992 0.00395715 -0.000518171 -0.00395685 0.999992 0.0384361 0.135406 -0.24261
FixedParameters: 0 0 0

#Transform 67
Transform: AffineTransform_float_3_3
Parameters: 1 -0.000190957 0.000636416 0.000189041 0.999996 0.00307412 -0.000637584 -0.00307388 0.999995 0.00206929 0.19282 -0.228194
FixedParameters: 0 0 0

#Transform 68
Transform: AffineTransform_float_3_3
Parameters: 1 -0.000621202 0.000866714 0.0006188 0.999993 0.00369054 -0.000868289 -0.00368946 0.999993 -0.00692255 0.149734 -0.240072
FixedParameters: 0 0 0

#Transform 69
Transform: AffineTransform_float_3_3
Parameters: 0.999999 -0.00115275 0.00102492 0.00115025 0.999996 0.00267718 -0.00102808 -0.00267582 0.999996 -0.0160564 0.190232 -0.193979
FixedParameters: 0 0 0

#Transform 70
Transform: AffineTransform_float_3_3
Parameters: 1 -0.000475341 0.000123697 0.000474658 0.999996 0.00274306 -0.000125302 -0.00274294 0.999996 0.0513806 0.19417 -0.231593
FixedParameters: 0 0 0

#Transform 71
Transform: AffineTransform_float_3_3
Parameters: 0.999999 -0.000618008 0.000364294 0.000616992 0.999996 0.00276223 -0.000365705 -0.00276178 0.999996 0.012486 0.185524 -0.226405
FixedParameters: 0 0 0

#Transform 72
Transform: AffineTransform_float_3_3
Parameters: 1 -0.000290654 -0.00117783 0.000293347 0.999996 0.00284166 0.00117717 -0.00284234 0.999996 0.148198 0.247507 -0.390846
FixedParameters: 0 0 0

#Transform 73
Transform: AffineTransform_float_3_3
Parameters: 1 -0.000631246 6.77494e-05 0.000630754 0.999994 0.00356604 -7.02497e-05 -0.00356596 0.999993 0.0601745 0.188095 -0.292022
FixedParameters: 0 0 0

#Transform 74
Transform: AffineTransform_float_3_3
Parameters: 0.999999 -0.00114973 0.000457686 0.00114827 0.999993 0.00375553 -0.000462315 -0.00375447 0.999993 0.0462323 0.164814 -0.262738
FixedParameters: 0 0 0

#Transform 75
Transform: AffineTransform_float_3_3
Parameters: 0.999999 -0.000729217 0.00102543 0.000727783 0.999998 0.00215975 -0.00102757 -0.00215925 0.999997 0.0431069 0.25578 -0.328578
FixedParameters: 0 0 0

#Transform 76
Transform: AffineTransform_float_3_3
Parameters: 0.999999 -0.000738405 0.000672367 0.000735592 0.999994 0.0035715 -0.000675631 -0.00357051 0.999994 0.0497734 0.185483 -0.299111
FixedParameters: 0 0 0

#Transform 77
Transform: AffineTransform_float_3_3
Parameters: 1 -0.000994496 0.000672795 0.000993504 0.999997 0.00221967 -0.000675207 -0.00221933 0.999998 0.0431679 0.261279 -0.351786
FixedParameters: 0 0 0

#Transform 78
Transform: AffineTransform_float_3_3
Parameters: 0.999999 -0.000736087 0.00059319 0.000732914 0.999987 0.00518744 -0.000596809 -0.00518657 0.999987 0.0478647 0.12321 -0.320919
FixedParameters: 0 0 0

#Transform 79
Transform: AffineTransform_float_3_3
Parameters: 1 -0.000472979 0.000481088 0.000470021 0.999981 0.00617523 -0.000483911 -0.00617477 0.999981 -0.00515648 0.126178 -0.34631
FixedParameters: 0 0 0

#Transform 80
Transform: AffineTransform_float_3_3
Parameters: 1 -0.000408582 0.000482665 0.000407417 0.999994 0.00327319 -0.000484336 -0.0032728 0.999994 0.0387223 0.219989 -0.294943
FixedParameters: 0 0 0

#Transform 81
Transform: AffineTransform_float_3_3
Parameters: 1 -0.0010059 0.00048005 0.00100311 0.999992 0.00393148 -0.000483948 -0.00393152 0.999992 0.0243504 0.181302 -0.264645
FixedParameters: 0 0 0

#Transform 82
Transform: AffineTransform_float_3_3
Parameters: 0.999999 -0.00113972 0.000479938 0.00113828 0.999993 0.00356655 -0.000484063 -0.00356645 0.999993 0.0350224 0.221407 -0.272675
FixedParameters: 0 0 0

#Transform 83
Transform: AffineTransform_float_3_3
Parameters: 0.999999 -0.00122046 0.000480299 0.00121853 0.999994 0.00303459 -0.0004847 -0.00303441 0.999996 0.00896269 0.218059 -0.213867
FixedParameters: 0 0 0

#Transform 84
Transform: AffineTransform_float_3_3
Parameters: 0.999999 -0.000919512 0.000542443 0.000918485 0.999995 0.0027825 -0.000545558 -0.0027825 0.999996 0.056081 0.238001 -0.258143
FixedParameters: 0 0 0

#Transform 85
Transform: AffineTransform_float_3_3
Parameters: 1 -0.00108229 0.000486136 0.00108071 0.999996 0.00264853 -0.000488863 -0.00264747 0.999997 0.040334 0.211144 -0.181064
FixedParameters: 0 0 0

#Transform 86
Transform: AffineTransform_float_3_3
Parameters: 0.999999 -0.00100423 0.000890497 0.00100178 0.999997 0.0024959 -0.000892503 -0.00249511 0.999997 0.0210115 0.216748 -0.158471
FixedParameters: 0 0 0

#Transform 87
Transform: AffineTransform_float_3_3
Parameters: 0.999999 -0.000694347 0.000567354 0.000692653 0.999997 0.00237239 -0.000568644 -0.00237161 0.999997 0.0518262 0.220678 -0.201522
FixedParameters: 0 0 0

#Transform 88
Transform: AffineTransform_float_3_3
Parameters: 1 -0.00106037 0.000473946 0.00105963 0.999996 0.0028825 -0.000477057 -0.0028825 0.999995 0.0256289 0.198826 -0.212648
FixedParameters: 0 0 0

#Transform 89
Transform: AffineTransform_float_3_3
Parameters: 0.999999 -0.00112 0.000943452 0.001117 0.999995 0.00317206 -0.000946547 -0.00317094 0.999994 -0.000767664 0.190933 -0.248084
FixedParameters: 0 0 0

#Transform 90
Transform: AffineTransform_float_3_3
Parameters: 0.999999 -0.00114125 0.000769681 0.00113875 0.999995 0.00291088 -0.000773317 -0.00291012 0.999995 -0.0144605 0.201211 -0.209684
FixedParameters: 0 0 0

#Transform 91
Transform: AffineTransform_float_3_3
Parameters: 0.999999 -0.00117193 0.000666611 0.00117007 0.999995 0.00289478 -0.000669388 -0.00289322 0.999995 -0.00383895 0.183425 -0.199735
FixedParameters: 0 0 0

#Transform 92
Transform: AffineTransform_float_3_3
Parameters: 0.999999 -0.00121967 0.000813494 0.00121833 0.999997 0.00205599 -0.000815506 -0.00205501 0.999997 -0.00206584 0.234178 -0.265327
FixedParameters: 0 0 0

#Transform 93
Transform: AffineTransform_float_3_3
Parameters: 0.999999 -0.000584702 0.00146632 0.000582298 0.999999 0.00116086 -0.00146668 -0.00116014 0.999999 -0.0603003 0.277059 -0.226837
FixedParameters: 0 0 0

#Transform 94
Transform: AffineTransform_float_3_3
Parameters: 0.999999 -0.00136732 -0.000265521 0.00136768 0.999996 0.00257464 0.00026148 -0.00257436 0.999996 0.0724776 0.232295 -0.173423
FixedParameters: 0 0 0

#Transform 95
Transform: AffineTransform_float_3_3
Parameters: 0.999999 -0.00123048 0.000189944 0.00123052 0.999996 0.00248424 -0.000193057 -0.00248376 0.999997 0.0360767 0.212718 -0.159871
FixedParameters: 0 0 0

#Transform 96
Transform: AffineTransform_float_3_3
Parameters: 1 -0.00115431 0.000151633 0.00115469 0.999997 0.00205118 -0.000154369 -0.00205082 0.999998 0.0355891 0.247981 -0.154716
FixedParameters: 0 0 0

#Transform 97
Transform: AffineTransform_float_3_3
Parameters: 1 -0.0010698 0.000470181 0.0010692 0.999998 0.0017015 -0.00047182 -0.0017015 0.999998 0.00251476 0.239285 -0.119502
FixedParameters: 0 0 0

#Transform 98
Transform: AffineTransform_float_3_3
Parameters: 0.999999 -0.00124882 0.000523056 0.00124718 0.999998 0.00155765 -0.000524943 -0.00155735 0.999998 0.00754803 0.243764 -0.100721
FixedParameters: 0 0 0

#Transform 99
Transform: AffineTransform_float_3_3
Parameters: 0.999999 -0.00115876 0.000558432 0.00115824 0.999998 0.00135365 -0.000559567 -0.00135235 0.999999 -0.0034718 0.22676 -0.086873
FixedParameters: 0 0 0

#Transform 100
Transform: AffineTransform_float_3_3
Parameters: 0.999999 -0.00151911 0.000375544 0.00151889 0.999999 0.000300571 -0.000376457 -0.000300428 1 0.0103173 0.228075 -0.0247779
FixedParameters: 0 0 0

#Transform 101
Transform: AffineTransform_float_3_3
Parameters: 0.999998 -0.00156605 0.000312729 0.00156594 0.999999 0.00017349 -0.00031327 -0.00017251 1 0.0244334 0.261986 -0.0335217
FixedParameters: 0 0 0

#Transform 102
Transform: AffineTransform_float_3_3
Parameters: 0.999999 -0.00148813 0.000353437 0.00148887 0.999999 0.000378527 -0.000353564 -0.000378474 1 0.0216155 0.259154 -0.0381077
FixedParameters: 0 0 0

#Transform 103
Transform: AffineTransform_float_3_3
Parameters: 0.999998 -0.00162011 0.000208157 0.00162089 0.999999 0.000520338 -0.000208843 -0.000519663 1 0.0447866 0.248704 -0.0394001
FixedParameters: 0 0 0

#Transform 104
Transform: AffineTransform_float_3_3
Parameters: 0.999998 -0.00168703 5.21345e-05 0.00168697 0.999999 0.000513089 -5.28653e-05 -0.000512912 1 0.0442391 0.257317 -0.0311092
FixedParameters: 0 0 0

#Transform 105
Transform: AffineTransform_float_3_3
Parameters: 0.999999 -0.00175821 0.000359978 0.00175779 0.999999 0.000581634 -0.000361023 -0.000581366 1 0.0229305 0.24671 -0.0445875
FixedParameters: 0 0 0

#Transform 106
Transform: AffineTransform_float_3_3
Parameters: 0.999998 -0.00167105 0.000181587 0.00167096 0.999999 0.000247304 -0.000181412 -0.000246697 1 0.0292911 0.251717 -0.0158257
FixedParameters: 0 0 0

#Transform 107
Transform: AffineTransform_float_3_3
Parameters: 0.999999 -0.00144618 0.000301154 0.00144582 0.999999 0.000585436 -0.000301845 -0.000584564 1 0.0107945 0.233542 -0.0274055
FixedParameters: 0 0 0

#Transform 108
Transform: AffineTransform_float_3_3
Parameters: 0.999999 -0.00178738 0.000387239 0.00178762 0.999998 0.000985694 -0.000388762 -0.000985307 1 0.0450902 0.255601 -0.070121
FixedParameters: 0 0 0

#Transform 109
Transform: AffineTransform_float_3_3
Parameters: 0.999998 -0.00195113 0.000406387 0.00195087 0.999998 0.000314793 -0.000406612 -0.000313207 1 0.0238871 0.263822 -0.0347481
FixedParameters: 0 0 0

#Transform 110
Transform: AffineTransform_float_3_3
Parameters: 0.999998 -0.00203343 0.000373692 0.00203358 0.999998 0.00113576 -0.000375308 -0.00113424 1 0.0518754 0.25521 -0.0734905
FixedParameters: 0 0 0

#Transform 111
Transform: AffineTransform_float_3_3
Parameters: 0.999998 -0.00200414 0.000342194 0.00200386 0.999998 0.000402686 -0.000343807 -0.000402312 1 0.0366046 0.274733 -0.0297622
FixedParameters: 0 0 0

#Transform 112
Transform: AffineTransform_float_3_3
Parameters: 0.999999 -0.00177321 0.000456205 0.0017738 0.999999 0.00044881 -0.000456796 -0.000448191 1 0.011799 0.248989 -0.0265405
FixedParameters: 0 0 0

#Transform 113
Transform: AffineTransform_float_3_3
Parameters: 0.999999 -0.00177313 0.000427446 0.00177387 0.999999 0.000312759 -0.000428553 -0.000311241 1 0.0228515 0.270738 -0.0272028
FixedParameters: 0 0 0

#Transform 114
Transform: AffineTransform_float_3_3
Parameters: 0.999997 -0.00210821 0.000495079 0.00210778 0.999997 0.000437044 -0.00049592 -0.000435955 1 0.0116967 0.245072 -0.0215335
FixedParameters: 0 0 0

#Transform 115
Transform: AffineTransform_float_3_3
Parameters: 0.999997 -0.00229321 0.000513063 0.00229279 0.999998 0.000409178 -0.000513939 -0.000408823 1 0.0248626 0.26835 -0.0342624
FixedParameters: 0 0 0

#Transform 116
Transform: AffineTransform_float_3_3
Parameters: 0.999998 -0.00226019 0.000624302 0.00225981 0.999998 0.000309412 -0.000624697 -0.000307589 1 0.0115872 0.253702 -0.0276517
FixedParameters: 0 0 0

#Transform 117
Transform: AffineTransform_float_3_3
Parameters: 0.999997 -0.00208519 0.000576325 0.00208481 0.999998 0.000324202 -0.000576674 -0.000322798 1 0.0271049 0.258541 -0.0333689
FixedParameters: 0 0 0

#Transform 118
Transform: AffineTransform_float_3_3
Parameters: 1 -0.000964235 0.000683667 0.000964764 0.999999 0.00034566 -0.000684333 -0.00034434 0.999999 -0.00416601 0.259346 -0.0349824
FixedParameters: 0 0 0

#Transform 119
Transform: AffineTransform_float_3_3
Parameters: 0.999998 -0.00227103 4.58076e-05 0.00227098 0.999998 0.000525105 -4.71944e-05 -0.000525894 1 0.0828836 0.256672 -0.0249903
FixedParameters: 0 0 0

#Transform 120
Transform: AffineTransform_float_3_3
Parameters: 0.999998 -0.00201406 0.000105944 0.00201394 0.999998 0.000524214 -0.000107055 -0.000523785 1 0.0774328 0.259515 -0.0253096
FixedParameters: 0 0 0

#Transform 121
Transform: AffineTransform_float_3_3
Parameters: 0.999997 -0.00215908 0.00017798 0.00215891 0.999997 0.000472385 -0.000179019 -0.000471614 1 0.0779378 0.257288 -0.0232219
FixedParameters: 0 0 0

#Transform 122
Transform: AffineTransform_float_3_3
Parameters: 0.999997 -0.00214017 0.000341927 0.00214083 0.999997 0.000501733 -0.000343074 -0.000501267 1 0.0271471 0.217156 -0.0260105
FixedParameters: 0 0 0

#Transform 123
Transform: AffineTransform_float_3_3
Parameters: 0.999998 -0.00201703 7.10579e-05 0.00201697 0.999998 0.000467144 -7.19438e-05 -0.000467856 1 0.0720127 0.239183 -0.0209329
FixedParameters: 0 0 0

#Transform 124
Transform: AffineTransform_float_3_3
Parameters: 0.999998 -0.00206015 0.000406247 0.00205985 0.999998 0.000365837 -0.000406753 -0.000365163 1 0.0362134 0.222155 -0.0175347
FixedParameters: 0 0 0

#Transform 125
Transform: AffineTransform_float_3_3
Parameters: 0.999997 -0.00207519 0.000515241 0.00207481 0.999998 0.00036607 -0.000515758 -0.00036493 1 0.0373799 0.222144 -0.0171453
FixedParameters: 0 0 0

#Transform 126
Transform: AffineTransform_float_3_3
Parameters: 0.999999 -0.00178917 0.000410275 0.00178883 0.999999 0.000405735 -0.000410726 -0.000405266 1 0.0347612 0.227498 -0.0188552
FixedParameters: 0 0 0

#Transform 127
Transform: AffineTransform_float_3_3
Parameters: 0.999998 -0.00189831 0.000552951 0.00189769 0.999998 0.00055305 -0.000554048 -0.000551949 0.999999 0.0206953 0.214334 -0.0263636
FixedParameters: 0 0 0

#Transform 128
Transform: AffineTransform_float_3_3
Parameters: 0.999998 -0.00216028 0.00077121 0.00215972 0.999997 0.000366666 -0.000771789 -0.000364333 0.999999 -0.0053873 0.245981 -0.0438947
FixedParameters: 0 0 0

#Transform 129
Transform: AffineTransform_float_3_3
Parameters: 0.999996 -0.00226939 0.00160863 0.00226661 0.999997 0.00148665 -0.00161237 -0.00148235 0.999997 -0.038991 0.244876 -0.119765
FixedParameters: 0 0 0

#Transform 130
Transform: AffineTransform_float_3_3
Parameters: 0.999996 -0.00258665 0.00150617 0.00258535 0.999996 0.0010979 -0.00150884 -0.0010941 0.999999 0.0124723 0.26897 -0.106369
FixedParameters: 0 0 0

#Transform 131
Transform: AffineTransform_float_3_3
Parameters: 0.999996 -0.00262573 0.00108623 0.00262427 0.999997 0.000673854 -0.00108777 -0.000671147 0.999999 0.0169532 0.259967 -0.0568651
FixedParameters: 0 0 0

#Transform 132
Transform: AffineTransform_float_3_3
Parameters: 0.999996 -0.00269521 0.00132555 0.00269379 0.999996 0.000912575 -0.00132845 -0.000908423 0.999998 -0.00705314 0.250936 -0.0755529
FixedParameters: 0 0 0

#Transform 133
Transform: AffineTransform_float_3_3
Parameters: 0.999994 -0.00298323 0.00164377 0.00298177 0.999996 0.000750906 -0.00164623 -0.000746094 0.999999 -0.0354997 0.270276 -0.0702386
FixedParameters: 0 0 0

#Transform 134
Transform: AffineTransform_float_3_3
Parameters: 0.999994 -0.00296568 0.00189137 0.00296432 0.999995 0.000890612 -0.00189463 -0.000885387 0.999998 -0.0328869 0.273748 -0.0978901
FixedParameters: 0 0 0

#Transform 135
Transform: AffineTransform_float_3_3
Parameters: 0.999995 -0.00287704 0.0017216 0.00287496 0.999995 0.00118596 -0.0017254 -0.00118104 0.999998 -0.0274148 0.276736 -0.105036
FixedParameters: 0 0 0

#Transform 136
Transform: AffineTransform_float_3_3
Parameters: 0.999995 -0.0027926 0.00135471 0.0027914 0.999996 0.00118179 -0.00135829 -0.00117721 0.999999 0.0132498 0.281111 -0.0954977
FixedParameters: 0 0 0

#Transform 137
Transform: AffineTransform_float_3_3
Parameters: 0.999994 -0.00284283 0.00164684 0.00284017 0.999996 0.00111368 -0.00165015 -0.00110832 0.999998 0.0121719 0.307091 -0.105592
FixedParameters: 0 0 0

#Transform 138
Transform: AffineTransform_float_3_3
Parameters: 0.999996 -0.00262134 0.00144458 0.00261966 0.999996 0.000927789 -0.00144743 -0.000924211 0.999999 0.00240333 0.293421 -0.0913203
FixedParameters: 0 0 0

#Transform 139
Transform: AffineTransform_float_3_3
Parameters: 0.999995 -0.00274739 0.00170576 0.00274561 0.999996 0.000816688 -0.00170724 -0.000812314 0.999998 -0.0116427 0.299832 -0.0897221
FixedParameters: 0 0 0

#Transform 140
Transform: AffineTransform_float_3_3
Parameters: 0.999994 -0.00298693 0.00166513 0.00298707 0.999995 -4.20263e-05 -0.00166487 4.69731e-05 0.999998 -0.0192198 0.306275 -0.0501349
FixedParameters: 0 0 0

#Transform 141
Transform: AffineTransform_float_3_3
Parameters: 0.999995 -0.00284551 0.00134092 0.00284549 0.999996 0.000379817 -0.00134108 -0.000376186 0.999999 0.00192151 0.292115 -0.0541315
FixedParameters: 0 0 0

#Transform 142
Transform: AffineTransform_float_3_3
Parameters: 0.999995 -0.00308303 0.00129072 0.00308497 0.999994 -0.00152903 -0.00128528 0.00153297 0.999998 0.00672203 0.381344 -0.0504722
FixedParameters: 0 0 0

#Transform 143
Transform: AffineTransform_float_3_3
Parameters: 0.999994 -0.00321811 0.00176432 0.00322689 0.999982 -0.00506034 -0.00174768 0.00506666 0.999985 -0.0264823 0.47055 -0.0667097
FixedParameters: 0 0 0

#Transform 144
Transform: AffineTransform_float_3_3
Parameters: 0.999994 -0.00322433 0.00131719 0.00322467 0.999995 0.000254249 -0.00131781 -0.000249752 0.999999 0.01175 0.293364 -0.05783
FixedParameters: 0 0 0

#Transform 145
Transform: AffineTransform_float_3_3
Parameters: 0.999993 -0.00333368 0.00126622 0.00333332 0.999995 0.000535224 -0.00126778 -0.000531777 0.999999 0.0137631 0.313499 -0.0709181
FixedParameters: 0 0 0

#Transform 146
Transform: AffineTransform_float_3_3
Parameters: 0.999995 -0.00317101 0.000309846 0.00317098 0.999995 4.89828e-05 -0.000310154 -4.80167e-05 1 0.040357 0.294145 -0.0185554
FixedParameters: 0 0 0

#Transform 147
Transform: AffineTransform_float_3_3
Parameters: 0.999994 -0.00338954 0.00128859 0.00338847 0.999994 0.000417369 -0.00128941 -0.000412632 0.999999 0.0126087 0.288001 -0.0569692
FixedParameters: 0 0 0

#Transform 148
Transform: AffineTransform_float_3_3
Parameters: 0.999993 -0.00333134 0.00123309 0.00333066 0.999995 0.000275109 -0.00123491 -0.000270888 0.999999 0.0155786 0.319025 -0.0624744
FixedParameters: 0 0 0

#Transform 149
Transform: AffineTransform_float_3_3
Parameters: 0.999995 -0.00300929 0.00113123 0.00300871 0.999996 0.000256405 -0.00113177 -0.000253596 1 0.0114678 0.291024 -0.0408238
FixedParameters: 0 0 0

#Transform 150
Transform: AffineTransform_float_3_3
Parameters: 0.999995 -0.00272705 0.00108187 0.00272695 0.999997 4.89504e-05 -0.00108213 -4.60492e-05 1 0.0193737 0.304765 -0.041683
FixedParameters: 0 0 0

#Transform 151
Transform: AffineTransform_float_3_3
Parameters: 0.999995 -0.00313253 0.00127169 0.00313247 0.999995 0.000418986 -0.00127231 -0.000415017 0.999999 0.0349533 0.305918 -0.0639593
FixedParameters: 0 0 0

#Transform 152
Transform: AffineTransform_float_3_3
Parameters: 0.999994 -0.00301659 0.00138872 0.00301541 0.999996 0.00042619 -0.00139028 -0.000421809 0.999999 0.00431568 0.280379 -0.0455607
FixedParameters: 0 0 0

#Transform 153
Transform: AffineTransform_float_3_3
Parameters: 0.999994 -0.00290221 0.00156246 0.00290278 0.999995 -0.000500467 -0.00156054 0.000504531 0.999998 -0.0104336 0.311963 -0.0128428
FixedParameters: 0 0 0

#Transform 154
Transform: AffineTransform_float_3_3
Parameters: 0.999993 -0.00323127 0.00198202 0.00323873 0.999989 -0.00340361 -0.00197098 0.00340939 0.999992 -0.0232995 0.410558 -0.0870367
FixedParameters: 0 0 0

#Transform 155
Transform: AffineTransform_float_3_3
Parameters: 0.999995 -0.00307096 0.000558237 0.00307104 0.999996 -7.6286e-05 -0.000558764 7.77163e-05 1 0.0331941 0.275145 -0.0186605
FixedParameters: 0 0 0

#Transform 156
Transform: AffineTransform_float_3_3
Parameters: 0.999994 -0.00320964 0.0012176 0.00321136 0.999994 -0.0011191 -0.0012134 0.0011229 0.999998 0.018447 0.321122 -0.0227668
FixedParameters: 0 0 0

#Transform 157
Transform: AffineTransform_float_3_3
Parameters: 0.999992 -0.00366556 0.00157883 0.00367743 0.999966 -0.00730425 -0.00155117 0.00730974 0.999972 0.012239 0.56486 -0.07335
FixedParameters: 0 0 0

#Transform 158
Transform: AffineTransform_float_3_3
Parameters: 0.999988 -0.00462618 0.00123104 0.00464482 0.999865 -0.0157535 -0.00115796 0.0157595 0.999875 0.0278305 0.85403 -0.110246
FixedParameters: 0 0 0

#Transform 159
Transform: AffineTransform_float_3_3
Parameters: 0.999984 -0.00465526 0.00318784 0.00461674 0.999919 0.0119049 -0.00324316 -0.0118901 0.999924 -0.05324 -0.0421678 -0.158885
FixedParameters: 0 0 0

#Transform 160
Transform: AffineTransform_float_3_3
Parameters: 0.999996 -0.00267782 0.00106896 0.00267818 0.999996 -0.00110514 -0.00106604 0.00110786 0.999999 0.0110312 0.31351 -0.0128361
FixedParameters: 0 0 0

#Transform 161
Transform: AffineTransform_float_3_3
Parameters: 0.999995 -0.00320899 0.000206201 0.00320901 0.999995 -6.23386e-05 -0.0002058 6.26607e-05 1 0.119084 0.266207 -0.00300488
FixedParameters: 0 0 0

#Transform 162
Transform: AffineTransform_float_3_3
Parameters: 0.999995 -0.00316393 0.000412564 0.00316407 0.999995 -0.000177695 -0.000412435 0.000179306 1 0.0585823 0.279049 -0.00659283
FixedParameters: 0 0 0

#Transform 163
Transform: AffineTransform_float_3_3
Parameters: 0.999995 -0.00295595 0.000225652 0.00295505 0.999995 -0.000220334 -0.000225349 0.000220667 1 0.0746698 0.275005 -0.00625364
FixedParameters: 0 0 0

#Transform 164
Transform: AffineTransform_float_3_3
Parameters: 0.999994 -0.00310586 0.00102948 0.00310814 0.999993 -0.00208281 -0.00102252 0.00208619 0.999998 0.0351141 0.351944 -0.0439057
FixedParameters: 0 0 0

#Transform 165
Transform: AffineTransform_float_3_3
Parameters: 0.999994 -0.00342908 0.000768121 0.00342992 0.999994 -0.00120037 -0.00076388 0.00120263 0.999999 0.0653139 0.344265 -0.0304581
FixedParameters: 0 0 0

#Transform 166
Transform: AffineTransform_float_3_3
Parameters: 0.999994 -0.00316978 0.000762909 0.00317022 0.999995 -0.000285583 -0.000762089 0.000288417 0.999999 0.0592026 0.334147 -0.0258376
FixedParameters: 0 0 0

#Transform 167
Transform: AffineTransform_float_3_3
Parameters: 0.999995 -0.00305549 0.000922374 0.00305551 0.999995 0.000533821 -0.000923628 -0.000531181 1 0.0522696 0.303918 -0.0448277
FixedParameters: 0 0 0

#Transform 168
Transform: AffineTransform_float_3_3
Parameters: 0.999994 -0.00335286 0.000546872 0.00335214 0.999995 -0.000259168 -0.000546129 0.000260833 1 0.0831774 0.348908 -0.0350621
FixedParameters: 0 0 0

#Transform 169
Transform: AffineTransform_float_3_3
Parameters: 0.999994 -0.0033692 0.000955294 0.0033688 0.999995 0.00021122 -0.000955706 -0.000207781 1 0.0739375 0.328016 -0.0467577
FixedParameters: 0 0 0

#Transform 170
Transform: AffineTransform_float_3_3
Parameters: 0.999994 -0.00328609 0.000914676 0.00328591 0.999994 0.000100006 -0.000915323 -9.69926e-05 0.999999 0.0657336 0.332848 -0.044087
FixedParameters: 0 0 0

#Transform 171
Transform: AffineTransform_float_3_3
Parameters: 0.999991 -0.00375473 0.00163603 0.00375327 0.999993 0.00106115 -0.00163997 -0.00105485 0.999998 0.00630161 0.344808 -0.12872
FixedParameters: 0 0 0

#Transform 172
Transform: AffineTransform_float_3_3
Parameters: 0.999991 -0.00406908 0.00133374 0.00406891 0.999991 6.54275e-05 -0.00133426 -6.05713e-05 0.999999 0.0655954 0.364385 -0.0563976
FixedParameters: 0 0 0

#Transform 173
Transform: AffineTransform_float_3_3
Parameters: 0.999991 -0.0038548 0.00143654 0.0038542 0.999992 -0.000137464 -0.00143646 0.000142538 0.999999 0.0275681 0.373083 -0.067877
FixedParameters: 0 0 0

#Transform 174
Transform: AffineTransform_float_3_3
Parameters: 0.999993 -0.0034776 0.00139151 0.0034774 0.999994 0.000431842 -0.00139249 -0.00042616 0.999999 0.0217889 0.354322 -0.0657193
FixedParameters: 0 0 0

#Transform 175
Transform: AffineTransform_float_3_3
Parameters: 0.999993 -0.00350387 0.00133271 0.00350313 0.999993 0.000654673 -0.00133529 -0.000650326 0.999999 0.0203848 0.317419 -0.0671873
FixedParameters: 0 0 0

#Transform 176
Transform: AffineTransform_float_3_3
Parameters: 0.999992 -0.00377417 0.00169263 0.00377483 0.999993 0.00010239 -0.00169337 -9.56097e-05 0.999998 -0.00633788 0.354557 -0.0906611
FixedParameters: 0 0 0

#Transform 177
Transform: AffineTransform_float_3_3
Parameters: 0.999995 -0.00316389 0.000604595 0.00316411 0.999995 -0.000187088 -0.000603405 0.00018891 1 0.0561351 0.357925 -0.0262036
FixedParameters: 0 0 0

#Transform 178
Transform: AffineTransform_float_3_3
Parameters: 0.999993 -0.00350118 0.00145598 0.00350182 0.999993 -0.000562905 -0.00145402 0.000568095 0.999999 0.00279815 0.359396 -0.0447561
FixedParameters: 0 0 0

#Transform 179
Transform: AffineTransform_float_3_3
Parameters: 0.999995 -0.00318896 0.000433266 0.00318904 0.999995 -8.26187e-05 -0.000432733 8.43804e-05 1 0.0577383 0.339089 -0.0178399
FixedParameters: 0 0 0
