#Insight Transform File V1.0
#Transform 0
Transform: AffineTransform_float_3_3
Parameters: 1 0.000580996 0.00010002 -0.000581003 1 3.39419e-05 -9.99802e-05 -3.40581e-05 1 -0.0629232 -0.083443 -0.380545
FixedParameters: 0 0 0

#Transform 1
Transform: AffineTransform_float_3_3
Parameters: 1 0.000353209 0.000328775 -0.00035279 0.999999 -0.000637116 -0.000329225 0.000636883 0.999999 0.00761978 0.135209 0.0463274
FixedParameters: 0 0 0

#Transform 2
Transform: AffineTransform_float_3_3
Parameters: 1 0.000299242 0.000386813 -0.000298758 1 -0.000624115 -0.000387187 0.000624884 0.999999 -0.0136406 0.158959 0.0768956
FixedParameters: 0 0 0

#Transform 3
Transform: AffineTransform_float_3_3
Parameters: 0.999999 0.000298991 0.000800003 -0.000299009 1 1.17608e-05 -0.000799996 -1.12392e-05 0.999999 -0.0217878 0.139676 0.0320051
FixedParameters: 0 0 0

#Transform 4
Transform: AffineTransform_float_3_3
Parameters: 1 0.000299194 0.000371843 -0.000298805 1 -0.000523111 -0.000372156 0.000522889 1 -0.023317 0.186997 0.043418
FixedParameters: 0 0 0

#Transform 5
Transform: AffineTransform_float_3_3
Parameters: 1 0.000138483 0.000627893 -0.000138516 0.999999 -0.000770087 -0.000628106 0.000769913 0.999999 -0.0319364 0.194117 0.0692422
FixedParameters: 0 0 0

#Transform 6
Transform: AffineTransform_float_3_3
Parameters: 1 0.000310359 0.000529789 -0.000309641 0.999999 -0.000678164 -0.00052921 0.000677835 0.999999 -0.00914385 0.194255 0.0461671
FixedParameters: 0 0 0

#Transform 7
Transform: AffineTransform_float_3_3
Parameters: 1 0.000429344 0.000398629 -0.000429655 0.999999 -0.000863171 -0.000399371 0.000862828 0.999999 0.0249368 0.201186 0.0839057
FixedParameters: 0 0 0

#Transform 8
Transform: AffineTransform_float_3_3
Parameters: 1 0.000537024 0.00018293 -0.000536976 1 -0.000130098 -0.00018307 0.000129902 1 0.0224778 0.151477 0.0372327
FixedParameters: 0 0 0

#Transform 9
Transform: AffineTransform_float_3_3
Parameters: 1 0.000303227 0.000568878 -0.000302772 1 -0.000400172 -0.000569121 0.000399827 1 -0.00225354 0.184209 0.0701988
FixedParameters: 0 0 0

#Transform 10
Transform: AffineTransform_float_3_3
Parameters: 1 0.000482969 0.000117127 -0.000483031 1 0.000263943 -0.000116872 -0.000264056 1 0.0523953 0.184884 0.0319541
FixedParameters: 0 0 0

#Transform 11
Transform: AffineTransform_float_3_3
Parameters: 1 7.57042e-05 0.000493045 -7.52958e-05 1 0.000599963 -0.000492955 -0.000600037 0.999999 -0.00512931 0.13496 0.0102485
FixedParameters: 0 0 0

#Transform 12
Transform: AffineTransform_float_3_3
Parameters: 1 0.000182959 0.000117064 -0.000183041 1 0.000351979 -0.000116936 -0.000352021 1 0.00513862 0.160867 0.0592924
FixedParameters: 0 0 0

#Transform 13
Transform: AffineTransform_float_3_3
Parameters: 1 0.000177064 -0.000110898 -0.000176936 1 0.000575019 0.000111102 -0.00057498 1 0.029541 0.140745 0.0717443
FixedParameters: 0 0 0

#Transform 14
Transform: AffineTransform_float_3_3
Parameters: 1 0.000243673 0.000474168 -0.000244326 0.999999 0.000688884 -0.000473832 -0.000689115 0.999999 -0.0123389 0.126169 0.040793
FixedParameters: 0 0 0

#Transform 15
Transform: AffineTransform_float_3_3
Parameters: 1 0.000290917 0.000285085 -0.000291083 1 0.000291917 -0.000284915 -0.000292083 1 -0.000544244 0.158229 0.0731514
FixedParameters: 0 0 0

#Transform 16
Transform: AffineTransform_float_3_3
Parameters: 1 0.000273931 0.000106178 -0.000274069 1 0.000648971 -0.000105822 -0.000649029 1 0.0104193 0.136431 0.0757782
FixedParameters: 0 0 0

#Transform 17
Transform: AffineTransform_float_3_3
Parameters: 1 0.00030777 0.000488145 -0.00030823 1 0.000470849 -0.000487855 -0.00047115 1 -0.0103998 0.147354 0.0204383
FixedParameters: 0 0 0

#Transform 18
Transform: AffineTransform_float_3_3
Parameters: 1 0.000601986 3.42372e-05 -0.000602013 0.999999 0.000393979 -3.37628e-05 -0.00039402 1 0.0198948 0.152532 0.0675054
FixedParameters: 0 0 0

#Transform 19
Transform: AffineTransform_float_3_3
Parameters: 1 0.000258023 -2.0717e-05 -0.000257977 1 0.00109701 2.1283e-05 -0.001097 1 0.0125904 0.104616 0.0208114
FixedParameters: 0 0 0

#Transform 20
Transform: AffineTransform_float_3_3
Parameters: 1 0.000336002 0.000221996 -0.000335998 1 -1.10746e-05 -0.000222004 1.09254e-05 1 -0.00147574 0.174234 0.0454844
FixedParameters: 0 0 0

#Transform 21
Transform: AffineTransform_float_3_3
Parameters: 1 0.00046002 -0.000129928 -0.000459979 1 0.00015706 0.000130072 -0.00015694 1 0.0216316 0.166882 0.0448346
FixedParameters: 0 0 0

#Transform 22
Transform: AffineTransform_float_3_3
Parameters: 1 0.000266981 1.73028e-05 -0.00026702 1 0.001134 -1.76972e-05 -0.00113401 1 0.0165952 0.0947468 0.0283948
FixedParameters: 0 0 0

#Transform 23
Transform: AffineTransform_float_3_3
Parameters: 1 0.000487962 0.00016611 -0.000488037 1 0.000225919 -0.00016589 -0.000226081 1 0.00664269 0.162668 0.0347848
FixedParameters: 0 0 0

#Transform 24
Transform: AffineTransform_float_3_3
Parameters: 0.999999 0.000592298 -0.000578695 -0.000591702 0.999999 0.000514342 0.000579304 -0.000514657 0.999999 0.0694065 0.135881 0.0727223
FixedParameters: 0 0 0

#Transform 25
Transform: AffineTransform_float_3_3
Parameters: 1 0.000467046 -7.973e-05 -0.000466953 0.999999 0.000578037 8.02699e-05 -0.000577962 1 0.0185835 0.128336 0.0171262
FixedParameters: 0 0 0

#Transform 26
Transform: AffineTransform_float_3_3
Parameters: 1 0.000250947 0.000104127 -0.000251053 1 0.000506974 -0.000104873 -0.000507026 1 0.00628814 0.133016 0.0421792
FixedParameters: 0 0 0

#Transform 27
Transform: AffineTransform_float_3_3
Parameters: 0.999999 0.000813077 -0.000182653 -0.000813921 0.999999 0.000427149 0.000183347 -0.000426851 1 0.0426622 0.142988 0.060002
FixedParameters: 0 0 0

#Transform 28
Transform: AffineTransform_float_3_3
Parameters: 1 0.000442044 -0.000118837 -0.000441956 1 0.000368052 0.000119163 -0.000367947 1 0.032348 0.142209 0.0280822
FixedParameters: 0 0 0

#Transform 29
Transform: AffineTransform_float_3_3
Parameters: 1 0.000223001 7.9777e-06 -0.000222999 1 -0.000100002 -8.0223e-06 9.99982e-05 1 0.0151987 0.173456 0.0112243
FixedParameters: 0 0 0

#Transform 30
Transform: AffineTransform_float_3_3
Parameters: 1 0.000196923 -0.000137111 -0.000197077 1 -0.000561973 0.000136889 0.000562027 1 0.0208324 0.185628 0.0684396
FixedParameters: 0 0 0

#Transform 31
Transform: AffineTransform_float_3_3
Parameters: 1 3.78046e-05 -0.000573013 -3.81954e-05 1 -0.000340978 0.000572987 0.000341022 1 0.0467531 0.179797 0.0669695
FixedParameters: 0 0 0

#Transform 32
Transform: AffineTransform_float_3_3
Parameters: 1 -0.000200016 -0.000198983 0.000199983 1 -8.30398e-05 0.000199017 8.29602e-05 1 0.0177614 0.155697 0.0587179
FixedParameters: 0 0 0

#Transform 33
Transform: AffineTransform_float_3_3
Parameters: 1 3.19986e-05 -1.5003e-05 -3.20014e-05 1 -9.49995e-05 1.4997e-05 9.50005e-05 1 0.0125643 0.164068 0.0566459
FixedParameters: 0 0 0

#Transform 34
Transform: AffineTransform_float_3_3
Parameters: 0.999999 -0.000226276 -0.000674907 0.000225724 1 -0.000409152 0.000675092 0.000408847 0.999999 0.0517249 0.190626 0.0801879
FixedParameters: 0 0 0

#Transform 35
Transform: AffineTransform_float_3_3
Parameters: 1 0.000129963 9.80489e-05 -0.000130037 1 0.000375987 -9.79511e-05 -0.000376013 1 0.00122236 0.127997 0.046556
FixedParameters: 0 0 0

#Transform 36
Transform: AffineTransform_float_3_3
Parameters: 1 0.000202006 0.000158993 -0.000201994 1 -3.50321e-05 -0.000159007 3.49679e-05 1 -0.000998362 0.153379 0.104053
FixedParameters: 0 0 0

#Transform 37
Transform: AffineTransform_float_3_3
Parameters: 1 -0.000115998 -5.03596e-06 0.000116002 1 0.000309999 4.96404e-06 -0.000310001 1 0.00858758 0.131776 0.0628988
FixedParameters: 0 0 0

#Transform 38
Transform: AffineTransform_float_3_3
Parameters: 0.999999 0.000137883 -0.00078902 -0.000138117 1 -0.000147891 0.000788979 0.000148109 0.999999 0.0642407 0.16804 0.0794053
FixedParameters: 0 0 0

#Transform 39
Transform: AffineTransform_float_3_3
Parameters: 1 0.000340946 -0.000138132 -0.000341053 1 -0.000387953 0.000137868 0.000388047 1 0.0435906 0.20156 0.05332
FixedParameters: 0 0 0

#Transform 40
Transform: AffineTransform_float_3_3
Parameters: 1 5.9012e-05 -5.79878e-05 -5.8988e-05 1 0.000207003 5.80122e-05 -0.000206997 1 0.0134828 0.150937 0.00714192
FixedParameters: 0 0 0

#Transform 41
Transform: AffineTransform_float_3_3
Parameters: 1 -1.39958e-05 7.0083e-06 1.40047e-05 1 -0.000593 -7.9917e-06 0.000593 1 0.0021956 0.235433 0.0686348
FixedParameters: 0 0 0

#Transform 42
Transform: AffineTransform_float_3_3
Parameters: 1 0.000105986 -0.000347004 -0.000106014 1 -4.09632e-05 0.000346996 4.10368e-05 1 0.0369852 0.185023 0.0715276
FixedParameters: 0 0 0

#Transform 43
Transform: AffineTransform_float_3_3
Parameters: 1 -0.000134083 -0.000469976 0.000133917 1 -0.000176063 0.000470023 0.000175937 1 0.043515 0.177259 0.0692549
FixedParameters: 0 0 0

#Transform 44
Transform: AffineTransform_float_3_3
Parameters: 1 2.50088e-05 -3.09929e-05 -2.49912e-05 1 0.000284001 3.10071e-05 -0.000283999 1 0.0141301 0.154076 0.0268384
FixedParameters: 0 0 0

#Transform 45
Transform: AffineTransform_float_3_3
Parameters: 1 0.00018796 -9.90759e-05 -0.00018804 1 -0.000403981 9.8924e-05 0.000404019 1 0.022341 0.202714 0.0257884
FixedParameters: 0 0 0

#Transform 46
Transform: AffineTransform_float_3_3
Parameters: 1 0.00012771 -0.000378098 -0.00012729 0.999999 -0.000766951 0.000377902 0.000767048 0.999999 0.0391188 0.223873 0.0685697
FixedParameters: 0 0 0

#Transform 47
Transform: AffineTransform_float_3_3
Parameters: 1 -0.000376993 5.50486e-05 0.000377007 1 -0.000128979 -5.49514e-05 0.000129021 1 0.00019273 0.166234 0.0419559
FixedParameters: 0 0 0

#Transform 48
Transform: AffineTransform_float_3_3
Parameters: 1 -0.000306052 -0.000141887 0.000305948 1 -0.000368043 0.000142113 0.000367956 1 0.0225658 0.19464 0.068217
FixedParameters: 0 0 0

#Transform 49
Transform: AffineTransform_float_3_3
Parameters: 0.999999 -0.000171404 -0.000718903 0.000170596 1 -0.000562122 0.000719095 0.000561877 0.999999 0.0586436 0.193097 0.0705871
FixedParameters: 0 0 0

#Transform 50
Transform: AffineTransform_float_3_3
Parameters: 1 -0.000197965 -0.000133052 0.000198035 1 0.000262974 0.000132948 -0.000263026 1 0.0226302 0.132722 0.0552343
FixedParameters: 0 0 0

#Transform 51
Transform: AffineTransform_float_3_3
Parameters: 1 -0.000273082 -0.000200889 0.000272918 1 -0.000406055 0.000201111 0.000405945 1 0.0264427 0.177202 0.0902756
FixedParameters: 0 0 0

#Transform 52
Transform: AffineTransform_float_3_3
Parameters: 1 -0.000343123 -0.000327871 0.000342877 1 -0.000375112 0.000328129 0.000374887 1 0.0337931 0.183992 0.0976129
FixedParameters: 0 0 0

#Transform 53
Transform: AffineTransform_float_3_3
Parameters: 0.999999 0.000130973 -0.000698005 -0.000130026 1 -3.79092e-05 0.000697995 3.80914e-05 1 0.0748637 0.164009 0.104774
FixedParameters: 0 0 0

#Transform 54
Transform: AffineTransform_float_3_3
Parameters: 1 -0.000222064 -0.000625977 0.000221935 1 -0.000103139 0.000626023 0.000102861 1 0.0469068 0.136039 0.0834052
FixedParameters: 0 0 0

#Transform 55
Transform: AffineTransform_float_3_3
Parameters: 1 3.96351e-06 -0.000205001 -4.03649e-06 1 -0.000177999 0.000204999 0.000178001 1 0.0254034 0.163981 0.124844
FixedParameters: 0 0 0

#Transform 56
Transform: AffineTransform_float_3_3
Parameters: 0.999999 -0.000310142 -0.000960953 0.000309857 1 -0.000148298 0.000961045 0.000147702 0.999999 0.0680597 0.161705 0.123385
FixedParameters: 0 0 0

#Transform 57
Transform: AffineTransform_float_3_3
Parameters: 1 -0.000597917 -0.000366134 0.000598082 1 0.000224781 0.000365865 -0.000225219 1 0.0349952 0.138374 0.073083
FixedParameters: 0 0 0

#Transform 58
Transform: AffineTransform_float_3_3
Parameters: 1 -0.000500093 -0.000397883 0.000499907 1 -0.000234199 0.000397117 0.000233801 1 0.0373668 0.166527 0.0941684
FixedParameters: 0 0 0

#Transform 59
Transform: AffineTransform_float_3_3
Parameters: 0.999999 -0.000558135 -0.000593873 0.000557865 1 -0.000227331 0.000594127 0.000227668 1 0.0491133 0.166132 0.1388
FixedParameters: 0 0 0

#Transform 60
Transform: AffineTransform_float_3_3
Parameters: 1 -0.000574926 -0.000380112 0.000575074 1 0.000194781 0.000379888 -0.000195218 1 0.0359614 0.140255 0.0793734
FixedParameters: 0 0 0

#Transform 61
Transform: AffineTransform_float_3_3
Parameters: 1 -0.000596098 -0.000295803 0.000596902 1 -0.000330177 0.000295197 0.000330824 1 0.0305865 0.18323 0.110105
FixedParameters: 0 0 0

#Transform 62
Transform: AffineTransform_float_3_3
Parameters: 0.999999 -0.000749097 -0.000282742 0.000748902 0.999999 -0.000344212 0.000283257 0.000343788 1 0.0246442 0.1899 0.13656
FixedParameters: 0 0 0

#Transform 63
Transform: AffineTransform_float_3_3
Parameters: 1 -0.00103707 -0.000241694 0.00103693 1 -0.000295251 0.000242306 0.000294749 1 0.0254814 0.169548 0.103512
FixedParameters: 0 0 0

#Transform 64
Transform: AffineTransform_float_3_3
Parameters: 1 -0.000669041 -0.000205865 0.000668958 1 -0.000201138 0.000206134 0.000200862 1 0.0187854 0.173387 0.0516214
FixedParameters: 0 0 0

#Transform 65
Transform: AffineTransform_float_3_3
Parameters: 1 -0.000894191 -0.000479645 0.000893809 0.999999 -0.000397429 0.000480356 0.00039757 1 0.0432342 0.20928 0.10143
FixedParameters: 0 0 0

#Transform 66
Transform: AffineTransform_float_3_3
Parameters: 0.999999 -0.00075111 -0.000440812 0.000750889 0.999999 -0.000250331 0.000441187 0.000249669 1 0.0388334 0.170753 0.088733
FixedParameters: 0 0 0

#Transform 67
Transform: AffineTransform_float_3_3
Parameters: 0.999999 -0.000709075 -0.000303824 0.000708924 0.999999 -0.000248215 0.000304176 0.000247784 1 0.025802 0.180598 0.0676712
FixedParameters: 0 0 0

#Transform 68
Transform: AffineTransform_float_3_3
Parameters: 0.999999 -0.000551475 -0.000782664 0.000551523 0.999999 -0.000608431 0.000783335 0.000607568 0.999999 0.0608267 0.202972 0.0989966
FixedParameters: 0 0 0

#Transform 69
Transform: AffineTransform_float_3_3
Parameters: 0.999999 -0.000675042 -0.000459937 0.000674957 1 -9.33104e-05 0.000460062 9.26894e-05 1 0.0404159 0.174792 0.0880264
FixedParameters: 0 0 0

#Transform 70
Transform: AffineTransform_float_3_3
Parameters: 0.999999 -0.000853037 -0.000104697 0.000852962 0.999999 -0.000355089 0.000105303 0.00035491 1 0.00877476 0.178288 0.0549051
FixedParameters: 0 0 0

#Transform 71
Transform: AffineTransform_float_3_3
Parameters: 0.999999 -0.000752927 -0.00045012 0.000753071 0.999999 0.000159661 0.000449879 -0.000160339 1 0.0232576 0.148564 0.127224
FixedParameters: 0 0 0

#Transform 72
Transform: AffineTransform_float_3_3
Parameters: 1 -0.000426995 0.000236008 0.000427004 1 -1.88992e-05 -0.000235992 1.91008e-05 1 -0.0207728 0.140841 0.150377
FixedParameters: 0 0 0

#Transform 73
Transform: AffineTransform_float_3_3
Parameters: 0.999999 -0.000826012 -0.000122918 0.000825987 0.999999 -9.91015e-05 0.000122082 9.88992e-05 1 0.0286691 0.137046 0.0927345
FixedParameters: 0 0 0

#Transform 74
Transform: AffineTransform_float_3_3
Parameters: 1 -0.000840959 -0.000547064 0.000841042 0.999999 7.55399e-05 0.000546937 -7.546e-05 1 0.0420305 0.152081 0.117684
FixedParameters: 0 0 0

#Transform 75
Transform: AffineTransform_float_3_3
Parameters: 1 -0.000951993 -6.01171e-05 0.000952007 0.999999 0.000122943 5.98829e-05 -0.000123057 1 0.0122436 0.139939 0.0762448
FixedParameters: 0 0 0

#Transform 76
Transform: AffineTransform_float_3_3
Parameters: 0.999999 -0.000853993 8.80572e-05 0.000854005 0.999999 -6.69248e-05 -8.79427e-05 6.70751e-05 1 0.00797521 0.166711 0.0890692
FixedParameters: 0 0 0

#Transform 77
Transform: AffineTransform_float_3_3
Parameters: 1 -0.00105816 -0.000566711 0.00105785 1 -0.0002736 0.00056729 0.0002734 1 0.041731 0.18499 0.109269
FixedParameters: 0 0 0

#Transform 78
Transform: AffineTransform_float_3_3
Parameters: 1 -0.00110499 -0.000195081 0.00110502 1 7.27845e-05 0.000194919 -7.32155e-05 1 0.0163119 0.162086 0.0694715
FixedParameters: 0 0 0

#Transform 79
Transform: AffineTransform_float_3_3
Parameters: 1 -0.000534074 -0.000251843 0.000533926 1 -0.000293134 0.000252157 0.000293865 1 0.0134173 0.175527 0.147509
FixedParameters: 0 0 0

#Transform 80
Transform: AffineTransform_float_3_3
Parameters: 1 -0.000534008 -0.000365988 0.000533992 1 -2.21954e-05 0.000366012 2.18045e-05 1 0.0217847 0.169171 0.139152
FixedParameters: 0 0 0

#Transform 81
Transform: AffineTransform_float_3_3
Parameters: 0.999999 -0.000952989 -5.71715e-05 0.000953009 0.999999 0.000179946 5.68284e-05 -0.000180054 1 0.00439899 0.144989 0.110841
FixedParameters: 0 0 0

#Transform 82
Transform: AffineTransform_float_3_3
Parameters: 0.999999 -0.000710029 -0.000131839 0.00070997 0.999999 -0.000226094 0.00013216 0.000225906 1 0.0122704 0.170174 0.119491
FixedParameters: 0 0 0

#Transform 83
Transform: AffineTransform_float_3_3
Parameters: 0.999999 -0.000866041 -0.000370903 0.000865958 0.999999 -0.000112321 0.000371097 0.000111679 1 0.0346592 0.156171 0.133782
FixedParameters: 0 0 0

#Transform 84
Transform: AffineTransform_float_3_3
Parameters: 0.999999 -0.00122599 -0.000147066 0.00122601 0.999999 5.38197e-05 0.000146935 -5.31802e-05 1 0.0190796 0.14648 0.133233
FixedParameters: 0 0 0

#Transform 85
Transform: AffineTransform_float_3_3
Parameters: 1 -0.00117801 8.9848e-05 0.00117799 1 0.000129106 -8.91519e-05 -0.000128895 1 0.0181285 0.120253 0.123245
FixedParameters: 0 0 0

#Transform 86
Transform: AffineTransform_float_3_3
Parameters: 1 -0.00116999 9.01977e-05 0.00117002 1 -0.000168895 -8.98022e-05 0.000169105 1 0.0123263 0.152177 0.124533
FixedParameters: 0 0 0

#Transform 87
Transform: AffineTransform_float_3_3
Parameters: 0.999999 -0.001311 9.00537e-05 0.001311 0.999999 -4.0882e-05 -8.99462e-05 4.1118e-05 1 0.0155515 0.147329 0.142449
FixedParameters: 0 0 0

#Transform 88
Transform: AffineTransform_float_3_3
Parameters: 0.999999 -0.00136401 8.98049e-05 0.00136399 0.999999 0.000143123 -8.9195e-05 -0.000142878 1 0.0134254 0.135912 0.154371
FixedParameters: 0 0 0

#Transform 89
Transform: AffineTransform_float_3_3
Parameters: 0.999999 -0.00151303 -0.000167682 0.00151296 0.999999 -0.000210254 0.000167318 0.000209747 1 0.028604 0.157329 0.146948
FixedParameters: 0 0 0

#Transform 90
Transform: AffineTransform_float_3_3
Parameters: 0.999999 -0.00151402 -0.000300912 0.00151398 0.999999 -5.84556e-05 0.000301089 5.85442e-05 1 0.0355809 0.148063 0.156602
FixedParameters: 0 0 0

#Transform 91
Transform: AffineTransform_float_3_3
Parameters: 0.999999 -0.00129899 0.00016806 0.00129901 0.999999 -4.57817e-05 -0.00016794 4.62182e-05 1 0.0101663 0.138506 0.122016
FixedParameters: 0 0 0

#Transform 92
Transform: AffineTransform_float_3_3
Parameters: 1 -0.00121196 5.48144e-05 0.00121204 0.999999 -0.000671934 -5.41855e-05 0.000672066 1 0.0141193 0.186027 0.147588
FixedParameters: 0 0 0

#Transform 93
Transform: AffineTransform_float_3_3
Parameters: 0.999998 -0.00147533 -0.000592179 0.00147467 0.999999 -0.000556874 0.000592819 0.000555126 0.999999 0.0578696 0.173983 0.171655
FixedParameters: 0 0 0

#Transform 94
Transform: AffineTransform_float_3_3
Parameters: 0.999998 -0.00161989 0.000126393 0.00162011 0.999999 -0.000859796 -0.000125606 0.000860205 0.999999 0.00772904 0.183062 0.134431
FixedParameters: 0 0 0

#Transform 95
Transform: AffineTransform_float_3_3
Parameters: 0.999999 -0.00140202 -1.27904e-05 0.00140298 0.999998 -0.00157602 1.52111e-05 0.00157598 0.999999 0.0173166 0.228472 0.173222
FixedParameters: 0 0 0

#Transform 96
Transform: AffineTransform_float_3_3
Parameters: 0.999998 -0.00157094 -0.000507099 0.00157006 0.999997 -0.0018478 0.000509902 0.0018472 0.999998 0.0468171 0.242118 0.191174
FixedParameters: 0 0 0

#Transform 97
Transform: AffineTransform_float_3_3
Parameters: 0.999998 -0.00197227 0.000745649 0.00197073 0.999996 0.00170047 -0.00074935 -0.00169853 0.999999 0.0128108 0.0658788 0.06282
FixedParameters: 0 0 0

#Transform 98
Transform: AffineTransform_float_3_3
Parameters: 0.999998 -0.00202657 0.000568993 0.00202544 0.999998 0.000991155 -0.000571006 -0.000989846 1 -0.025698 0.0898365 0.0468324
FixedParameters: 0 0 0

#Transform 99
Transform: AffineTransform_float_3_3
Parameters: 0.999998 -0.001723 1.47674e-05 0.001723 0.999998 0.000135026 -1.52326e-05 -0.000134974 1 0.0518527 0.143087 0.136487
FixedParameters: 0 0 0

#Transform 100
Transform: AffineTransform_float_3_3
Parameters: 0.999998 -0.00205809 0.000382522 0.00205791 0.999998 0.000232788 -0.000382479 -0.000232213 1 0.020274 0.10238 0.140911
FixedParameters: 0 0 0

#Transform 101
Transform: AffineTransform_float_3_3
Parameters: 0.999998 -0.002104 0.000182945 0.00210399 0.999998 2.6385e-05 -0.000183054 -2.56149e-05 1 0.0118233 0.113088 0.185825
FixedParameters: 0 0 0

#Transform 102
Transform: AffineTransform_float_3_3
Parameters: 0.999998 -0.00197098 -0.000195211 0.00197102 0.999998 0.000106615 0.000195789 -0.000107386 1 0.0313652 0.108372 0.206015
FixedParameters: 0 0 0

#Transform 103
Transform: AffineTransform_float_3_3
Parameters: 0.999998 -0.00189804 0.000120447 0.00189797 0.999998 0.000291229 -0.000121552 -0.00029077 1 0.021796 0.0993281 0.163792
FixedParameters: 0 0 0

#Transform 104
Transform: AffineTransform_float_3_3
Parameters: 0.999998 -0.001922 -0.000181967 0.001922 0.999998 -1.73498e-05 0.000182034 1.76502e-05 1 0.0430992 0.140835 0.210274
FixedParameters: 0 0 0

#Transform 105
Transform: AffineTransform_float_3_3
Parameters: 0.999999 -0.00183906 0.000164323 0.00183894 0.999998 0.000368303 -0.000164676 -0.000367698 1 0.0175309 0.12301 0.175165
FixedParameters: 0 0 0

#Transform 106
Transform: AffineTransform_float_3_3
Parameters: 0.999998 -0.00196694 0.000162737 0.00196706 0.999998 -0.000374681 -0.000161264 0.000374318 1 0.0254096 0.155529 0.235339
FixedParameters: 0 0 0

#Transform 107
Transform: AffineTransform_float_3_3
Parameters: 0.999998 -0.00210002 0.000113618 0.00209998 0.999998 0.000182239 -0.000113382 -0.000181762 1 0.0235139 0.113784 0.198337
FixedParameters: 0 0 0

#Transform 108
Transform: AffineTransform_float_3_3
Parameters: 0.999998 -0.00199398 9.04744e-05 0.00199402 0.999998 -0.00023782 -9.05252e-05 0.000238181 1 0.0171353 0.124766 0.200304
FixedParameters: 0 0 0

#Transform 109
Transform: AffineTransform_float_3_3
Parameters: 0.999998 -0.00187401 -0.000225949 0.00187399 0.999998 -2.74235e-05 0.000226052 2.75764e-05 1 0.0521759 0.139848 0.219233
FixedParameters: 0 0 0

#Transform 110
Transform: AffineTransform_float_3_3
Parameters: 0.999998 -0.00208402 -8.84309e-05 0.00208398 0.999998 -0.000273185 8.85687e-05 0.000272816 1 0.0383001 0.136903 0.203548
FixedParameters: 0 0 0

#Transform 111
Transform: AffineTransform_float_3_3
Parameters: 0.999998 -0.00223096 -0.000162484 0.00223104 0.999997 0.000216638 0.000162518 -0.000216363 1 0.0251555 0.0998249 0.17052
FixedParameters: 0 0 0

#Transform 112
Transform: AffineTransform_float_3_3
Parameters: 0.999997 -0.00240502 -0.000116548 0.00240498 0.999997 -0.000188281 0.000116452 0.00018772 1 0.0342262 0.134277 0.228975
FixedParameters: 0 0 0

#Transform 113
Transform: AffineTransform_float_3_3
Parameters: 0.999998 -0.002258 -5.01805e-06 0.002258 0.999998 7.98869e-06 4.98193e-06 -8.01127e-06 1 0.0233397 0.112506 0.192735
FixedParameters: 0 0 0

#Transform 114
Transform: AffineTransform_float_3_3
Parameters: 0.999998 -0.0022768 0.000395172 0.0022762 0.999998 -0.000514102 -0.000393829 0.000514898 1 -0.0046922 0.144422 0.231617
FixedParameters: 0 0 0

#Transform 115
Transform: AffineTransform_float_3_3
Parameters: 0.999996 -0.00256189 0.000166683 0.00256211 0.999997 -0.000656575 -0.000165319 0.000656426 1 0.00718547 0.152728 0.245757
FixedParameters: 0 0 0

#Transform 116
Transform: AffineTransform_float_3_3
Parameters: 0.999996 -0.00248278 0.000623869 0.00248322 0.999997 -0.000349452 -0.000623131 0.000350548 0.999999 -0.0224764 0.148047 0.198225
FixedParameters: 0 0 0

#Transform 117
Transform: AffineTransform_float_3_3
Parameters: 0.999997 -0.00268087 0.000157329 0.00268114 0.999996 -0.000868581 -0.00015467 0.000869417 0.999999 -0.00302667 0.167315 0.268958
FixedParameters: 0 0 0

#Transform 118
Transform: AffineTransform_float_3_3
Parameters: 0.999997 -0.00243692 0.000211884 0.00243708 0.999997 -0.000362485 -0.000211115 0.000363516 1 0.00268794 0.144499 0.181332
FixedParameters: 0 0 0

#Transform 119
Transform: AffineTransform_float_3_3
Parameters: 0.999996 -0.00260089 0.000165693 0.00260111 0.999997 -0.000650571 -0.000163306 0.000651427 1 0.00954202 0.166959 0.237085
FixedParameters: 0 0 0

#Transform 120
Transform: AffineTransform_float_3_3
Parameters: 0.999992 -0.00376179 0.00138357 0.00376221 0.999993 -0.000148796 -0.00138343 0.000154205 0.999999 -0.0779592 0.125044 0.212818
FixedParameters: 0 0 0

#Transform 121
Transform: AffineTransform_float_3_3
Parameters: 0.999993 -0.00356465 0.0010516 0.00356635 0.999993 -0.00128926 -0.0010464 0.00129274 0.999998 -0.0360594 0.182092 0.215225
FixedParameters: 0 0 0

#Transform 122
Transform: AffineTransform_float_3_3
Parameters: 0.999987 -0.00479472 0.00159189 0.00479728 0.999988 -0.00143238 -0.00158511 0.00143962 0.999997 -0.0724748 0.216489 0.252245
FixedParameters: 0 0 0

#Transform 123
Transform: AffineTransform_float_3_3
Parameters: 0.999983 -0.0051747 0.00277442 0.0051753 0.999987 -0.00046065 -0.00277158 0.000475351 0.999996 -0.143323 0.124334 0.190338
FixedParameters: 0 0 0

#Transform 124
Transform: AffineTransform_float_3_3
Parameters: 0.99999 -0.00426838 0.0014776 0.00427062 0.99999 -0.00177671 -0.0014704 0.0017833 0.999998 -0.0628234 0.225034 0.222449
FixedParameters: 0 0 0

#Transform 125
Transform: AffineTransform_float_3_3
Parameters: 0.999989 -0.00449442 0.00130845 0.00449558 0.999989 -0.00120913 -0.00130355 0.00121487 0.999999 -0.0427849 0.197226 0.232599
FixedParameters: 0 0 0

#Transform 126
Transform: AffineTransform_float_3_3
Parameters: 0.999993 -0.00354736 0.00131017 0.00354964 0.999991 -0.00201736 -0.00130283 0.00202264 0.999997 -0.0655198 0.221926 0.202795
FixedParameters: 0 0 0

#Transform 127
Transform: AffineTransform_float_3_3
Parameters: 0.999993 -0.00354743 0.00097043 0.00354957 0.99999 -0.00265557 -0.00096057 0.00265943 0.999996 -0.0273692 0.262476 0.245722
FixedParameters: 0 0 0

#Transform 128
Transform: AffineTransform_float_3_3
Parameters: 0.999992 -0.00381163 0.00124934 0.00381437 0.999989 -0.00270926 -0.00123866 0.00271374 0.999996 -0.0416223 0.265311 0.285913
FixedParameters: 0 0 0

#Transform 129
Transform: AffineTransform_float_3_3
Parameters: 0.999993 -0.00368497 0.000367318 0.00368503 0.999993 -8.5647e-05 -0.000366684 8.63518e-05 1 0.0081839 0.0470364 0.351675
FixedParameters: 0 0 0

#Transform 130
Transform: AffineTransform_float_3_3
Parameters: 0.999993 -0.00369211 0.000719756 0.00369389 0.999989 -0.00264036 -0.000710246 0.00264264 0.999997 -0.0179618 0.180311 0.383178
FixedParameters: 0 0 0

#Transform 131
Transform: AffineTransform_float_3_3
Parameters: 0.99999 -0.0041541 0.00116797 0.0041589 0.999985 -0.00335817 -0.00115403 0.00336282 0.999993 -0.0430391 0.275552 0.371951
FixedParameters: 0 0 0

#Transform 132
Transform: AffineTransform_float_3_3
Parameters: 0.99999 -0.00412959 0.00123348 0.00413341 0.999987 -0.00277593 -0.00122252 0.00278107 0.999996 -0.0466994 0.192262 0.351644
FixedParameters: 0 0 0

#Transform 133
Transform: AffineTransform_float_3_3
Parameters: 0.99999 -0.00427449 0.000756295 0.0042775 0.999986 -0.0033418 -0.000741702 0.0033452 0.999994 -0.0108911 0.230691 0.428866
FixedParameters: 0 0 0

#Transform 134
Transform: AffineTransform_float_3_3
Parameters: 0.999991 -0.00418567 0.000741274 0.00418833 0.999986 -0.00316892 -0.000727724 0.00317207 0.999994 -0.0195796 0.217219 0.435144
FixedParameters: 0 0 0

#Transform 135
Transform: AffineTransform_float_3_3
Parameters: 0.999991 -0.00418622 0.000714507 0.00418878 0.999988 -0.00250803 -0.00070349 0.00251097 0.999996 -0.0419384 0.156464 0.427126
FixedParameters: 0 0 0

#Transform 136
Transform: AffineTransform_float_3_3
Parameters: 0.999991 -0.00418464 0.000945975 0.00418836 0.999985 -0.00357507 -0.000931024 0.00357893 0.999993 -0.0442715 0.213946 0.477563
FixedParameters: 0 0 0

#Transform 137
Transform: AffineTransform_float_3_3
Parameters: 0.999989 -0.00462091 0.00141571 0.00462608 0.999983 -0.00361049 -0.00139829 0.0036175 0.999993 -0.052665 0.219682 0.492358
FixedParameters: 0 0 0

#Transform 138
Transform: AffineTransform_float_3_3
Parameters: 0.999989 -0.00449745 0.00141158 0.00450155 0.999984 -0.00323668 -0.00139742 0.00324332 0.999994 -0.0499686 0.223308 0.341847
FixedParameters: 0 0 0

#Transform 139
Transform: AffineTransform_float_3_3
Parameters: 0.999991 -0.00418551 0.000726484 0.00418849 0.999986 -0.00345799 -0.000712514 0.00346101 0.999994 0.00839083 0.220428 0.423238
FixedParameters: 0 0 0

#Transform 140
Transform: AffineTransform_float_3_3
Parameters: 0.999988 -0.00465026 0.00100939 0.00465374 0.999982 -0.00373634 -0.000992604 0.00374166 0.999992 -0.0122839 0.223293 0.460863
FixedParameters: 0 0 0

#Transform 141
Transform: AffineTransform_float_3_3
Parameters: 0.999992 -0.0039416 0.000542238 0.00394339 0.999989 -0.00259588 -0.000531761 0.00259812 0.999997 0.00999075 0.163601 0.381319
FixedParameters: 0 0 0

#Transform 142
Transform: AffineTransform_float_3_3
Parameters: 0.999991 -0.00427642 0.000376384 0.00427757 0.999981 -0.00429743 -0.000357615 0.00429957 0.99999 0.0206733 0.20768 0.567899
FixedParameters: 0 0 0

#Transform 143
Transform: AffineTransform_float_3_3
Parameters: 0.999991 -0.00418975 0.000820762 0.00419325 0.999983 -0.00399759 -0.000804234 0.00400141 0.999991 -0.00744565 0.233766 0.532238
FixedParameters: 0 0 0

#Transform 144
Transform: AffineTransform_float_3_3
Parameters: 0.99999 -0.00427173 0.000604231 0.00427326 0.999983 -0.00379745 -0.000588768 0.00380055 0.999992 -0.00655084 0.195332 0.492127
FixedParameters: 0 0 0

#Transform 145
Transform: AffineTransform_float_3_3
Parameters: 0.99999 -0.0042716 0.000605145 0.00427339 0.999983 -0.00401145 -0.000587858 0.00401355 0.999992 -0.0077042 0.190981 0.584068
FixedParameters: 0 0 0

#Transform 146
Transform: AffineTransform_float_3_3
Parameters: 0.999991 -0.00426954 0.00101103 0.00427346 0.999981 -0.00445272 -0.000991971 0.00445728 0.999989 -0.025377 0.209323 0.627258
FixedParameters: 0 0 0

#Transform 147
Transform: AffineTransform_float_3_3
Parameters: 0.999989 -0.00454546 0.00101262 0.00454955 0.99998 -0.00453244 -0.000992377 0.00453756 0.999989 -0.0160433 0.21386 0.611087
FixedParameters: 0 0 0

#Transform 148
Transform: AffineTransform_float_3_3
Parameters: 0.999988 -0.00472615 0.00111674 0.00473086 0.999979 -0.00438277 -0.00109626 0.00438823 0.99999 -0.0225476 0.188606 0.616826
FixedParameters: 0 0 0

#Transform 149
Transform: AffineTransform_float_3_3
Parameters: 0.999989 -0.00470641 0.00114307 0.00471159 0.99998 -0.00404666 -0.00112393 0.00405134 0.999991 -0.0238718 0.183918 0.608075
FixedParameters: 0 0 0

#Transform 150
Transform: AffineTransform_float_3_3
Parameters: 0.999989 -0.00465576 0.00127135 0.00466024 0.99998 -0.00415012 -0.00125166 0.00415587 0.99999 -0.0283858 0.19206 0.650231
FixedParameters: 0 0 0

#Transform 151
Transform: AffineTransform_float_3_3
Parameters: 0.999988 -0.00469771 0.00139635 0.00470429 0.999978 -0.00453848 -0.00137465 0.00454451 0.999988 -0.0224467 0.230678 0.636124
FixedParameters: 0 0 0

#Transform 152
Transform: AffineTransform_float_3_3
Parameters: 0.999988 -0.00469745 0.00132839 0.00470455 0.999976 -0.00497281 -0.00130461 0.00497918 0.999987 -0.0353628 0.228638 0.648591
FixedParameters: 0 0 0

#Transform 153
Transform: AffineTransform_float_3_3
Parameters: 0.999994 -0.00339623 0.000535333 0.00339777 0.999988 -0.0033352 -0.000524668 0.0033368 0.999995 0.0220335 0.146596 0.570142
FixedParameters: 0 0 0

#Transform 154
Transform: AffineTransform_float_3_3
Parameters: 0.999992 -0.00381529 -6.09338e-05 0.00381571 0.999984 -0.00421126 7.70682e-05 0.00421074 0.999991 0.0497638 0.224494 0.589478
FixedParameters: 0 0 0

#Transform 155
Transform: AffineTransform_float_3_3
Parameters: 0.99999 -0.00427009 0.00117008 0.00427491 0.999982 -0.00423004 -0.00115192 0.00423496 0.999991 -0.0242126 0.190563 0.63647
FixedParameters: 0 0 0

#Transform 156
Transform: AffineTransform_float_3_3
Parameters: 0.999989 -0.00426925 0.00158954 0.00427575 0.999985 -0.00363324 -0.00157446 0.00363976 0.999992 -0.048819 0.053847 0.91875
FixedParameters: 0 0 0

#Transform 157
Transform: AffineTransform_float_3_3
Parameters: 0.99999 -0.00443086 0.00129569 0.00443814 0.999974 -0.00556431 -0.00127031 0.00556968 0.999983 -0.0198754 0.265562 0.708544
FixedParameters: 0 0 0

#Transform 158
Transform: AffineTransform_float_3_3
Parameters: 0.999991 -0.00426869 0.00109296 0.00427531 0.999974 -0.00583938 -0.00106805 0.00584362 0.999983 -0.0234428 0.292949 0.641814
FixedParameters: 0 0 0

#Transform 159
Transform: AffineTransform_float_3_3
Parameters: 0.999995 -0.00314283 0.000367079 0.00314417 0.999976 -0.00606787 -0.000347926 0.00606912 0.999981 0.0260631 0.338102 0.532057
FixedParameters: 0 0 0

#Transform 160
Transform: AffineTransform_float_3_3
Parameters: 0.999993 -0.00387444 0.000385624 0.00387656 0.999969 -0.00686856 -0.000359378 0.00687045 0.999977 0.0215394 0.370996 0.536059
FixedParameters: 0 0 0

#Transform 161
Transform: AffineTransform_float_3_3
Parameters: 0.999992 -0.00403929 0.000266306 0.0040407 0.999969 -0.00675798 -0.000238696 0.00675902 0.999977 0.019707 0.363811 0.62697
FixedParameters: 0 0 0

#Transform 162
Transform: AffineTransform_float_3_3
Parameters: 0.999993 -0.0037297 0.000674237 0.0037343 0.999972 -0.00649353 -0.000649758 0.00649647 0.999978 -0.0044148 0.331306 0.572397
FixedParameters: 0 0 0

#Transform 163
Transform: AffineTransform_float_3_3
Parameters: 0.999991 -0.0042262 0.000402546 0.0042298 0.999965 -0.00722436 -0.000372446 0.00722664 0.999974 0.00944695 0.398819 0.616595
FixedParameters: 0 0 0

#Transform 164
Transform: AffineTransform_float_3_3
Parameters: 0.999989 -0.00442701 0.00098043 0.00443299 0.999971 -0.00618972 -0.000953573 0.00619329 0.999981 -0.0278708 0.335556 0.530097
FixedParameters: 0 0 0

#Transform 165
Transform: AffineTransform_float_3_3
Parameters: 0.999992 -0.00384442 0.000565827 0.00384857 0.999972 -0.00645387 -0.000541168 0.00645613 0.999979 -0.0156912 0.349572 0.484423
FixedParameters: 0 0 0

#Transform 166
Transform: AffineTransform_float_3_3
Parameters: 0.999991 -0.00419393 0.000461811 0.00419707 0.999967 -0.00686612 -0.000433189 0.00686788 0.999977 0.00524379 0.392585 0.569455
FixedParameters: 0 0 0

#Transform 167
Transform: AffineTransform_float_3_3
Parameters: 0.999993 -0.00386348 0.000497202 0.00386752 0.999966 -0.00729513 -0.000468795 0.00729687 0.999974 0.0124989 0.395695 0.62313
FixedParameters: 0 0 0

#Transform 168
Transform: AffineTransform_float_3_3
Parameters: 0.999991 -0.00423017 0.000682604 0.00423483 0.999965 -0.00722917 -0.000652393 0.00723282 0.999973 0.0156077 0.364707 0.698634
FixedParameters: 0 0 0

#Transform 169
Transform: AffineTransform_float_3_3
Parameters: 0.99999 -0.00436373 0.00113819 0.00437227 0.999964 -0.0073681 -0.0011058 0.0073729 0.999972 -0.0227401 0.37924 0.729681
FixedParameters: 0 0 0

#Transform 170
Transform: AffineTransform_float_3_3
Parameters: 0.999988 -0.00464372 0.0015521 0.00465428 0.999967 -0.00668586 -0.0015209 0.00669214 0.999977 -0.0430323 0.427874 0.51602
FixedParameters: 0 0 0

#Transform 171
Transform: AffineTransform_float_3_3
Parameters: 0.999986 -0.00505006 0.00154715 0.00506093 0.999961 -0.00714627 -0.00151085 0.00715473 0.999974 -0.0645585 0.460787 0.520328
FixedParameters: 0 0 0

#Transform 172
Transform: AffineTransform_float_3_3
Parameters: 0.999986 -0.00503127 0.00193608 0.00504474 0.999961 -0.00715633 -0.00189992 0.00716566 0.999972 -0.0883349 0.462182 0.464786
FixedParameters: 0 0 0

#Transform 173
Transform: AffineTransform_float_3_3
Parameters: 0.999984 -0.00520733 0.00209727 0.00522067 0.999965 -0.00656615 -0.00206274 0.00657685 0.999976 -0.0991815 0.472895 0.474092
FixedParameters: 0 0 0

#Transform 174
Transform: AffineTransform_float_3_3
Parameters: 0.999982 -0.00548623 0.0021216 0.00550077 0.99996 -0.00702045 -0.0020834 0.00703155 0.999973 -0.0999631 0.473144 0.446397
FixedParameters: 0 0 0

#Transform 175
Transform: AffineTransform_float_3_3
Parameters: 0.999983 -0.00522948 0.00227304 0.00524451 0.999962 -0.00687519 -0.00223696 0.00688681 0.999974 -0.0978749 0.456436 0.452747
FixedParameters: 0 0 0

#Transform 176
Transform: AffineTransform_float_3_3
Parameters: 0.999984 -0.00520394 0.00217779 0.00521906 0.999958 -0.00743575 -0.00213823 0.00744624 0.99997 -0.0875277 0.506934 0.453936
FixedParameters: 0 0 0

#Transform 177
Transform: AffineTransform_float_3_3
Parameters: 0.999984 -0.00528256 0.00211838 0.00529644 0.999963 -0.00687189 -0.00208162 0.00688311 0.999974 -0.0925957 0.438505 0.43288
FixedParameters: 0 0 0

#Transform 178
Transform: AffineTransform_float_3_3
Parameters: 0.999987 -0.00470138 0.00201229 0.00471862 0.999954 -0.00833762 -0.0019727 0.00834739 0.999963 -0.0752494 0.540014 0.480574
FixedParameters: 0 0 0

#Transform 179
Transform: AffineTransform_float_3_3
Parameters: 0.999985 -0.00520353 0.00203991 0.00521847 0.999957 -0.00765347 -0.00200009 0.00766353 0.999968 -0.0769029 0.471379 0.45913
FixedParameters: 0 0 0
