#Insight Transform File V1.0
#Transform 0
Transform: AffineTransform_float_3_3
Parameters: 1 -0.000456079 -0.000164781 0.00045592 1 -0.000481075 0.000165219 0.000480925 1 0.0833864 -0.0643293 -0.353296
FixedParameters: 0 0 0

#Transform 1
Transform: AffineTransform_float_3_3
Parameters: 1 -3.4918e-07 0.000442 -3.4918e-07 0.999999 0.000789999 -0.000442 -0.000789999 0.999999 0.0267189 0.0917232 -0.0828495
FixedParameters: 0 0 0

#Transform 2
Transform: AffineTransform_float_3_3
Parameters: 1 3.63599e-05 -0.000328961 -3.66401e-05 1 0.00109401 0.00032904 -0.00109399 1 0.115102 0.136267 -0.13952
FixedParameters: 0 0 0

#Transform 3
Transform: AffineTransform_float_3_3
Parameters: 0.999999 0.000928942 6.87858e-05 -0.000929058 0.999999 0.000845936 -6.8214e-05 -0.000846064 0.999999 0.0564801 0.135805 -0.14497
FixedParameters: 0 0 0

#Transform 4
Transform: AffineTransform_float_3_3
Parameters: 1 0.000688889 0.000128597 -0.000689111 1 0.000865912 -0.000127403 -0.000866088 0.999999 0.0387746 0.138453 -0.145022
FixedParameters: 0 0 0

#Transform 5
Transform: AffineTransform_float_3_3
Parameters: 1 0.000633894 7.39116e-05 -0.000633105 0.999999 0.00143795 -7.30896e-05 -0.00143805 0.999999 0.0282897 0.10271 -0.0824226
FixedParameters: 0 0 0

#Transform 6
Transform: AffineTransform_float_3_3
Parameters: 1 0.000513111 -7.52432e-05 -0.000512887 0.999999 0.00147504 7.67566e-05 -0.00147496 0.999999 0.0547709 0.107611 -0.099696
FixedParameters: 0 0 0

#Transform 7
Transform: AffineTransform_float_3_3
Parameters: 1 0.000460028 0.000536834 -0.000460972 0.999999 0.00181075 -0.000536166 -0.00181125 0.999998 0.011898 0.108426 -0.14043
FixedParameters: 0 0 0

#Transform 8
Transform: AffineTransform_float_3_3
Parameters: 1 0.000304831 9.65367e-05 -0.00030517 0.999999 0.00175997 -9.64631e-05 -0.00176003 0.999999 0.0454734 0.114504 -0.13418
FixedParameters: 0 0 0

#Transform 9
Transform: AffineTransform_float_3_3
Parameters: 0.999999 0.000716962 2.6064e-05 -0.000717037 0.999998 0.00148398 -2.49359e-05 -0.00148402 0.999999 0.0301377 0.110409 -0.0853446
FixedParameters: 0 0 0

#Transform 10
Transform: AffineTransform_float_3_3
Parameters: 1 0.000183755 0.000121372 -0.000184247 0.999998 0.00202498 -0.000121627 -0.00202502 0.999998 0.0474766 0.106473 -0.131432
FixedParameters: 0 0 0

#Transform 11
Transform: AffineTransform_float_3_3
Parameters: 0.999999 0.000734926 4.03604e-05 -0.000735073 0.999998 0.00185097 -3.86394e-05 -0.00185103 0.999999 0.0384158 0.118636 -0.140637
FixedParameters: 0 0 0

#Transform 12
Transform: AffineTransform_float_3_3
Parameters: 1 0.000603765 0.000125138 -0.000604234 0.999998 0.00188393 -0.000123862 -0.00188408 0.999998 0.00667716 0.0948601 -0.0897252
FixedParameters: 0 0 0

#Transform 13
Transform: AffineTransform_float_3_3
Parameters: 1 0.00013879 0.000120243 -0.000139212 0.999999 0.00175098 -0.000120756 -0.00175102 0.999999 0.0413875 0.121322 -0.141627
FixedParameters: 0 0 0

#Transform 14
Transform: AffineTransform_float_3_3
Parameters: 1 0.000375962 2.16632e-05 -0.000376037 0.999999 0.00176399 -2.03367e-05 -0.00176401 0.999999 0.0267398 0.110712 -0.122311
FixedParameters: 0 0 0

#Transform 15
Transform: AffineTransform_float_3_3
Parameters: 1 0.000156236 -0.000132723 -0.000155764 0.999999 0.00177302 0.000133276 -0.00177298 0.999999 0.0504008 0.0983233 -0.0818613
FixedParameters: 0 0 0

#Transform 16
Transform: AffineTransform_float_3_3
Parameters: 1 1.37919e-05 0.000125023 -1.42081e-05 0.999998 0.001665 -0.000124976 -0.001665 0.999998 0.0495529 0.113169 -0.0952662
FixedParameters: 0 0 0

#Transform 17
Transform: AffineTransform_float_3_3
Parameters: 1 -0.000150398 0.000255767 0.000149602 0.999999 0.00155404 -0.000256233 -0.00155396 0.999999 0.053174 0.109885 -0.0855995
FixedParameters: 0 0 0

#Transform 18
Transform: AffineTransform_float_3_3
Parameters: 1 -0.000150754 0.000428736 0.000149245 0.999998 0.00175906 -0.000429263 -0.00175894 0.999999 0.046751 0.115004 -0.0856258
FixedParameters: 0 0 0

#Transform 19
Transform: AffineTransform_float_3_3
Parameters: 1 -0.000539569 0.000294961 0.00053943 0.999998 0.00192716 -0.00029604 -0.00192684 0.999998 0.0560871 0.106724 -0.0992684
FixedParameters: 0 0 0

#Transform 20
Transform: AffineTransform_float_3_3
Parameters: 1 -0.00014902 0.000449663 0.000147979 0.999998 0.00226707 -0.000450337 -0.00226793 0.999998 0.0395289 0.109346 -0.120809
FixedParameters: 0 0 0

#Transform 21
Transform: AffineTransform_float_3_3
Parameters: 1 -0.000135466 0.000200686 0.000134533 0.999998 0.00232203 -0.000201313 -0.00232197 0.999998 0.0503909 0.106035 -0.114059
FixedParameters: 0 0 0

#Transform 22
Transform: AffineTransform_float_3_3
Parameters: 1 9.6428e-05 0.000536103 -9.75729e-05 1 0.00106695 -0.000536896 -0.00106705 1 0.0510139 0.152171 -0.108277
FixedParameters: 0 0 0

#Transform 23
Transform: AffineTransform_float_3_3
Parameters: 1 -0.000313722 0.000366383 0.000313279 0.999998 0.00196912 -0.000366617 -0.00196889 0.999998 0.0565929 0.120461 -0.135542
FixedParameters: 0 0 0

#Transform 24
Transform: AffineTransform_float_3_3
Parameters: 0.999999 -0.000304769 0.000818343 0.000303229 0.999997 0.00216125 -0.000819657 -0.00216075 0.999998 0.0405644 0.120734 -0.13568
FixedParameters: 0 0 0

#Transform 25
Transform: AffineTransform_float_3_3
Parameters: 1 -0.000102911 0.000500814 0.000102089 0.999999 0.00181805 -0.000501186 -0.00181795 0.999998 0.0384535 0.112718 -0.111555
FixedParameters: 0 0 0

#Transform 26
Transform: AffineTransform_float_3_3
Parameters: 0.999999 -0.000215682 0.000714494 0.000214316 0.999997 0.00235415 -0.000715506 -0.00235385 0.999997 0.0323473 0.103614 -0.112086
FixedParameters: 0 0 0

#Transform 27
Transform: AffineTransform_float_3_3
Parameters: 1 -4.04931e-05 0.000214908 4.05067e-05 0.999998 0.00229401 -0.000215094 -0.00229399 0.999998 0.0525405 0.10478 -0.114209
FixedParameters: 0 0 0

#Transform 28
Transform: AffineTransform_float_3_3
Parameters: 1 -0.000282787 0.000351368 0.000282212 0.999998 0.0022371 -0.000352632 -0.0022369 0.999998 0.0334847 0.108125 -0.102344
FixedParameters: 0 0 0

#Transform 29
Transform: AffineTransform_float_3_3
Parameters: 1 -0.000142744 0.000360706 0.000142256 0.999998 0.00206105 -0.000361294 -0.00206195 0.999998 0.0580074 0.126666 -0.116912
FixedParameters: 0 0 0

#Transform 30
Transform: AffineTransform_float_3_3
Parameters: 1 -0.00025985 0.000420476 0.000259149 0.999998 0.00202111 -0.000421524 -0.00202089 0.999998 0.0445574 0.126877 -0.0933453
FixedParameters: 0 0 0

#Transform 31
Transform: AffineTransform_float_3_3
Parameters: 1 -0.000507675 0.000853006 0.000505325 0.999998 0.00196243 -0.000853993 -0.00196157 0.999997 0.0245669 0.111887 -0.101549
FixedParameters: 0 0 0

#Transform 32
Transform: AffineTransform_float_3_3
Parameters: 1 -0.000238173 8.14952e-05 0.000237828 0.999997 0.00212002 -8.15044e-05 -0.00211998 0.999997 0.0478211 0.115188 -0.102846
FixedParameters: 0 0 0

#Transform 33
Transform: AffineTransform_float_3_3
Parameters: 1 -0.000359816 0.000406279 0.000359185 0.999998 0.00200615 -0.000406721 -0.00200585 0.999998 0.0389587 0.117703 -0.0930301
FixedParameters: 0 0 0

#Transform 34
Transform: AffineTransform_float_3_3
Parameters: 1 -7.2868e-05 0.000417849 7.21316e-05 0.999998 0.00207703 -0.000418151 -0.00207697 0.999998 0.0439345 0.100044 -0.10774
FixedParameters: 0 0 0

#Transform 35
Transform: AffineTransform_float_3_3
Parameters: 1 -0.000255779 0.000417524 0.000254222 0.999998 0.00186511 -0.000417475 -0.00186489 0.999998 0.0567348 0.130912 -0.0955149
FixedParameters: 0 0 0

#Transform 36
Transform: AffineTransform_float_3_3
Parameters: 1 4.8957e-06 4.00129e-05 -5.10426e-06 0.999996 0.002607 -3.99868e-05 -0.002607 0.999996 0.0519791 0.0959397 -0.144303
FixedParameters: 0 0 0

#Transform 37
Transform: AffineTransform_float_3_3
Parameters: 1 -9.41816e-05 5.36826e-05 9.38207e-05 0.999995 0.00337301 -5.33168e-05 -0.003373 0.999995 0.0572672 0.0881453 -0.160076
FixedParameters: 0 0 0

#Transform 38
Transform: AffineTransform_float_3_3
Parameters: 1 1.31763e-05 -6.29634e-05 -1.28236e-05 0.999996 0.002799 6.30361e-05 -0.002799 0.999996 0.0388764 0.0995315 -0.11726
FixedParameters: 0 0 0

#Transform 39
Transform: AffineTransform_float_3_3
Parameters: 1 0.00108178 -0.00027494 -0.00108122 0.999996 0.0028303 0.000278061 -0.0028297 0.999996 0.0523702 0.0873184 -0.100521
FixedParameters: 0 0 0

#Transform 40
Transform: AffineTransform_float_3_3
Parameters: 0.999999 0.000667195 0.000339586 -0.000667803 0.999997 0.00237577 -0.000337414 -0.00237623 0.999997 0.0378281 0.121846 -0.10896
FixedParameters: 0 0 0

#Transform 41
Transform: AffineTransform_float_3_3
Parameters: 1 0.000275749 0.00010069 -0.000275252 0.999997 0.00250297 -0.000100311 -0.00250303 0.999997 0.0445487 0.112518 -0.114641
FixedParameters: 0 0 0

#Transform 42
Transform: AffineTransform_float_3_3
Parameters: 1 -5.99894e-05 -5.12497e-06 6.00103e-05 0.999998 0.002083 4.87501e-06 -0.002083 0.999998 0.042961 0.123121 -0.0996898
FixedParameters: 0 0 0

#Transform 43
Transform: AffineTransform_float_3_3
Parameters: 1 -0.000257109 0.000203862 0.000256891 1 0.000535052 -0.000204137 -0.000534947 1 0.0257558 0.161287 -0.0981895
FixedParameters: 0 0 0

#Transform 44
Transform: AffineTransform_float_3_3
Parameters: 1 0.000312222 -0.000149537 -0.000311777 0.999999 0.00148205 0.000150462 -0.00148195 0.999999 0.0816686 0.142348 -0.0852273
FixedParameters: 0 0 0

#Transform 45
Transform: AffineTransform_float_3_3
Parameters: 1 0.000667675 0.000153423 -0.000667327 0.999998 0.0021309 -0.000152578 -0.0021311 0.999997 0.0303332 0.0858923 -0.0775
FixedParameters: 0 0 0

#Transform 46
Transform: AffineTransform_float_3_3
Parameters: 1 0.000114378 -0.000186769 -0.000114621 0.999998 0.00202502 0.000187232 -0.00202498 0.999998 0.078227 0.129687 -0.120506
FixedParameters: 0 0 0

#Transform 47
Transform: AffineTransform_float_3_3
Parameters: 1 0.000109138 -5.97484e-05 -0.000108864 0.999998 0.00230701 5.92513e-05 -0.002307 0.999998 0.0584085 0.106161 -0.117679
FixedParameters: 0 0 0

#Transform 48
Transform: AffineTransform_float_3_3
Parameters: 1 7.75749e-05 0.000224148 -7.84267e-05 0.999998 0.00189698 -0.000224852 -0.00189702 0.999998 0.0342989 0.116333 -0.0898029
FixedParameters: 0 0 0

#Transform 49
Transform: AffineTransform_float_3_3
Parameters: 1 0.000228346 -0.000191589 -0.000227654 0.999999 0.00180304 0.000192411 -0.00180296 0.999999 0.0404524 0.120397 -0.0814073
FixedParameters: 0 0 0

#Transform 50
Transform: AffineTransform_float_3_3
Parameters: 1 -0.000130871 -6.72523e-05 0.000131131 0.999998 0.00192699 6.77474e-05 -0.00192701 0.999998 0.0521621 0.125669 -0.0861166
FixedParameters: 0 0 0

#Transform 51
Transform: AffineTransform_float_3_3
Parameters: 1 -8.46812e-05 0.00033783 8.33208e-05 0.999998 0.00201503 -0.000337169 -0.00201597 0.999998 0.021567 0.126882 -0.0950536
FixedParameters: 0 0 0

#Transform 52
Transform: AffineTransform_float_3_3
Parameters: 1 0.000157736 0.000165252 -0.000158263 0.999998 0.00159697 -0.000164747 -0.00159703 0.999998 0.0433118 0.119208 -0.0907678
FixedParameters: 0 0 0

#Transform 53
Transform: AffineTransform_float_3_3
Parameters: 1 -9.05632e-06 2.79818e-05 8.94365e-06 0.999998 0.002012 -2.80181e-05 -0.002012 0.999998 0.0297021 0.102143 -0.0728204
FixedParameters: 0 0 0

#Transform 54
Transform: AffineTransform_float_3_3
Parameters: 1 -8.51755e-05 0.000109864 8.58242e-05 0.999998 0.00159701 -0.000110137 -0.00159699 0.999998 0.0367536 0.124279 -0.0669951
FixedParameters: 0 0 0

#Transform 55
Transform: AffineTransform_float_3_3
Parameters: 1 0.000108871 0.000590209 -0.000110128 0.999998 0.00191294 -0.00058979 -0.00191306 0.999998 0.0285492 0.149273 -0.111782
FixedParameters: 0 0 0

#Transform 56
Transform: AffineTransform_float_3_3
Parameters: 1 6.33837e-05 0.000292134 -6.36181e-05 0.999998 0.00210998 -0.000292866 -0.00211002 0.999997 0.025218 0.14241 -0.100101
FixedParameters: 0 0 0

#Transform 57
Transform: AffineTransform_float_3_3
Parameters: 1 -1.37631e-05 0.000406975 1.32369e-05 0.999998 0.00187501 -0.000407026 -0.001875 0.999998 0.0242132 0.133983 -0.077271
FixedParameters: 0 0 0

#Transform 58
Transform: AffineTransform_float_3_3
Parameters: 1 -8.80291e-05 1.2802e-05 8.79706e-05 0.999998 0.00225 -1.3198e-05 -0.00225 0.999998 0.0402677 0.113815 -0.0990728
FixedParameters: 0 0 0

#Transform 59
Transform: AffineTransform_float_3_3
Parameters: 1 -0.000240503 0.000267549 0.000239496 0.999998 0.00187906 -0.000268451 -0.00187894 0.999998 0.0299863 0.131158 -0.0861049
FixedParameters: 0 0 0

#Transform 60
Transform: AffineTransform_float_3_3
Parameters: 1 -0.000117579 0.000268747 0.00011642 0.999997 0.00215503 -0.000269251 -0.00215497 0.999997 0.0152611 0.101429 -0.0718286
FixedParameters: 0 0 0

#Transform 61
Transform: AffineTransform_float_3_3
Parameters: 1 5.45124e-05 0.000273098 -5.54875e-05 0.999999 0.00178599 -0.000272901 -0.00178602 0.999999 0.036685 0.127465 -0.0771447
FixedParameters: 0 0 0

#Transform 62
Transform: AffineTransform_float_3_3
Parameters: 1 0.000131512 0.000228282 -0.000132487 0.999997 0.00213797 -0.000227717 -0.00213703 0.999997 0.0394595 0.122224 -0.122671
FixedParameters: 0 0 0

#Transform 63
Transform: AffineTransform_float_3_3
Parameters: 1 0.000131732 0.000122289 -0.000132267 0.999997 0.00219498 -0.00012171 -0.00219501 0.999997 0.0398648 0.120434 -0.0906002
FixedParameters: 0 0 0

#Transform 64
Transform: AffineTransform_float_3_3
Parameters: 1 0.000132147 -9.67991e-05 -0.000132852 0.999999 0.00152101 9.72022e-05 -0.00152099 0.999999 0.03934 0.145101 -0.0630998
FixedParameters: 0 0 0

#Transform 65
Transform: AffineTransform_float_3_3
Parameters: 1 -0.000179207 0.000114677 0.000178792 0.999999 0.00180602 -0.000115323 -0.00180598 0.999999 0.0315513 0.131182 -0.0747537
FixedParameters: 0 0 0

#Transform 66
Transform: AffineTransform_float_3_3
Parameters: 1 -0.000138891 -5.42793e-05 0.00013911 0.999998 0.00200999 5.47205e-05 -0.00201001 0.999998 0.0373287 0.112191 -0.0804055
FixedParameters: 0 0 0

#Transform 67
Transform: AffineTransform_float_3_3
Parameters: 1 -0.00026175 -0.000126519 0.000262249 0.999998 0.00198297 0.00012548 -0.00198303 0.999998 0.0493096 0.114872 -0.0893826
FixedParameters: 0 0 0

#Transform 68
Transform: AffineTransform_float_3_3
Parameters: 1 -0.000290124 5.43404e-05 0.000289874 0.999998 0.00227402 -5.56593e-05 -0.00227399 0.999998 0.0434858 0.117861 -0.0954157
FixedParameters: 0 0 0

#Transform 69
Transform: AffineTransform_float_3_3
Parameters: 1 -0.000270973 -1.35422e-05 0.000271027 0.999998 0.002001 1.34577e-05 -0.002001 0.999998 0.055763 0.136218 -0.0992576
FixedParameters: 0 0 0

#Transform 70
Transform: AffineTransform_float_3_3
Parameters: 1 -0.000227018 9.57686e-06 0.000226983 0.999998 0.001864 -9.42311e-06 -0.001864 0.999999 0.0400559 0.129388 -0.0896887
FixedParameters: 0 0 0

#Transform 71
Transform: AffineTransform_float_3_3
Parameters: 1 -0.000138918 -3.43345e-05 0.000138081 0.999997 0.002407 3.36677e-05 -0.00240701 0.999997 0.0320909 0.0998877 -0.0849541
FixedParameters: 0 0 0

#Transform 72
Transform: AffineTransform_float_3_3
Parameters: 1 -0.00028495 -2.55611e-05 0.000285049 0.999998 0.00196899 2.44388e-05 -0.00196901 0.999998 0.0678425 0.13041 -0.0954627
FixedParameters: 0 0 0

#Transform 73
Transform: AffineTransform_float_3_3
Parameters: 1 -0.000378958 -1.79031e-05 0.000379042 0.999997 0.00238299 1.70968e-05 -0.00238301 0.999997 0.0503456 0.123829 -0.11104
FixedParameters: 0 0 0

#Transform 74
Transform: AffineTransform_float_3_3
Parameters: 1 -0.000317038 1.83507e-05 0.000316962 0.999998 0.00204801 -1.86492e-05 -0.00204799 0.999998 0.0433823 0.132623 -0.0936881
FixedParameters: 0 0 0

#Transform 75
Transform: AffineTransform_float_3_3
Parameters: 1 -0.000506495 0.000226899 0.000505505 0.999998 0.00217412 -0.000228099 -0.00217389 0.999997 0.0367301 0.127017 -0.093858
FixedParameters: 0 0 0

#Transform 76
Transform: AffineTransform_float_3_3
Parameters: 1 -0.000532486 -0.000192429 0.000533513 0.999997 0.0026819 0.00019057 -0.0026821 0.999997 0.0573709 0.104112 -0.0943743
FixedParameters: 0 0 0

#Transform 77
Transform: AffineTransform_float_3_3
Parameters: 1 -0.000357862 0.000379188 0.000357138 0.999998 0.00227214 -0.000379812 -0.00227187 0.999998 0.033079 0.126097 -0.125018
FixedParameters: 0 0 0

#Transform 78
Transform: AffineTransform_float_3_3
Parameters: 1 -0.000159516 0.000237654 0.000158485 0.999997 0.00217004 -0.000237344 -0.00216996 0.999997 0.0143263 0.116366 -0.100621
FixedParameters: 0 0 0

#Transform 79
Transform: AffineTransform_float_3_3
Parameters: 1 -0.000486821 -9.19519e-05 0.000487179 0.999998 0.00195496 9.10477e-05 -0.00195504 0.999998 0.0523749 0.131361 -0.0863762
FixedParameters: 0 0 0

#Transform 80
Transform: AffineTransform_float_3_3
Parameters: 1 -0.000494091 4.80692e-05 0.000493907 0.999998 0.00188402 -4.99306e-05 -0.00188398 0.999998 0.0474426 0.142546 -0.0935842
FixedParameters: 0 0 0

#Transform 81
Transform: AffineTransform_float_3_3
Parameters: 1 -0.000417789 0.000368106 0.000417211 0.999997 0.00214115 -0.000368894 -0.00214084 0.999997 0.0276497 0.124363 -0.0781571
FixedParameters: 0 0 0

#Transform 82
Transform: AffineTransform_float_3_3
Parameters: 1 -0.000417108 5.62043e-05 0.000416892 0.999998 0.00190802 -5.67955e-05 -0.00190798 0.999998 0.0472601 0.128772 -0.0772108
FixedParameters: 0 0 0

#Transform 83
Transform: AffineTransform_float_3_3
Parameters: 1 -0.000418103 0.000532135 0.000416897 0.999998 0.00207122 -0.000532865 -0.00207178 0.999997 0.0305161 0.11806 -0.0773352
FixedParameters: 0 0 0

#Transform 84
Transform: AffineTransform_float_3_3
Parameters: 1 -0.000417506 0.000230083 0.000416493 0.999997 0.00219709 -0.000230915 -0.0021969 0.999997 0.0311706 0.11332 -0.0706876
FixedParameters: 0 0 0

#Transform 85
Transform: AffineTransform_float_3_3
Parameters: 1 -0.000460876 0.000375929 0.000460124 0.999997 0.00232717 -0.000377072 -0.00232783 0.999997 0.0174044 0.109812 -0.0976036
FixedParameters: 0 0 0

#Transform 86
Transform: AffineTransform_float_3_3
Parameters: 1 -0.000396451 0.000204127 0.000396548 0.999998 0.00220308 -0.000205874 -0.00220292 0.999997 0.0337028 0.12036 -0.0828262
FixedParameters: 0 0 0

#Transform 87
Transform: AffineTransform_float_3_3
Parameters: 0.999999 -0.000764258 0.000112256 0.000763742 0.999997 0.00228209 -0.000113743 -0.00228191 0.999998 0.0413966 0.118235 -0.0906155
FixedParameters: 0 0 0

#Transform 88
Transform: AffineTransform_float_3_3
Parameters: 1 -0.000346291 -0.00030381 0.000346709 0.999997 0.0023359 0.000303191 -0.00233611 0.999997 0.0549061 0.113645 -0.0870984
FixedParameters: 0 0 0

#Transform 89
Transform: AffineTransform_float_3_3
Parameters: 1 -0.000370255 0.00011317 0.000369746 0.999998 0.00224304 -0.00011383 -0.00224296 0.999998 0.0518805 0.134379 -0.0870117
FixedParameters: 0 0 0

#Transform 90
Transform: AffineTransform_float_3_3
Parameters: 1 -0.00037024 0.000113218 0.00036976 0.999997 0.00211204 -0.000113781 -0.00211196 0.999998 0.0480899 0.136374 -0.0767091
FixedParameters: 0 0 0

#Transform 91
Transform: AffineTransform_float_3_3
Parameters: 1 -0.000428373 0.000186143 0.000428625 0.999998 0.00200108 -0.000187858 -0.00200092 0.999998 0.0439158 0.122409 -0.0612828
FixedParameters: 0 0 0

#Transform 92
Transform: AffineTransform_float_3_3
Parameters: 0.999999 -0.000838386 0.000198374 0.000837614 0.999998 0.00194017 -0.000199625 -0.00193983 0.999998 0.0460158 0.124121 -0.0745547
FixedParameters: 0 0 0

#Transform 93
Transform: AffineTransform_float_3_3
Parameters: 1 -0.000360534 0.00023418 0.000360466 0.999998 0.00227709 -0.000234821 -0.00227692 0.999998 0.0388236 0.130944 -0.0916593
FixedParameters: 0 0 0

#Transform 94
Transform: AffineTransform_float_3_3
Parameters: 1 -0.000265439 0.000211449 0.000265559 0.999998 0.00207606 -0.000212552 -0.00207594 0.999998 0.0373062 0.137207 -0.0683465
FixedParameters: 0 0 0

#Transform 95
Transform: AffineTransform_float_3_3
Parameters: 1 -0.000453866 0.000362919 0.000453133 0.999997 0.00238417 -0.000364081 -0.00238384 0.999997 0.0222914 0.114783 -0.0510574
FixedParameters: 0 0 0

#Transform 96
Transform: AffineTransform_float_3_3
Parameters: 1 -0.000358611 0.00023507 0.000358389 0.999996 0.00259608 -0.000235931 -0.00259591 0.999996 0.0199026 0.0964356 -0.0579373
FixedParameters: 0 0 0

#Transform 97
Transform: AffineTransform_float_3_3
Parameters: 1 -0.000453682 -0.000117239 0.000453318 0.999996 0.00272995 0.000115763 -0.00273005 0.999997 0.0512238 0.10422 -0.0692803
FixedParameters: 0 0 0

#Transform 98
Transform: AffineTransform_float_3_3
Parameters: 1 -0.000387441 0.000151879 0.000386561 0.999995 0.00289506 -0.00015212 -0.00289494 0.999996 0.0400251 0.0945665 -0.0703215
FixedParameters: 0 0 0

#Transform 99
Transform: AffineTransform_float_3_3
Parameters: 1 -0.000555323 -0.000211782 0.000555677 0.999994 0.00320788 0.000210218 -0.00320812 0.999995 0.0421959 0.0835853 -0.0548354
FixedParameters: 0 0 0

#Transform 100
Transform: AffineTransform_float_3_3
Parameters: 1 -9.44424e-06 0.00061798 8.55571e-06 0.999998 0.00233701 -0.000618022 -0.002337 0.999997 -0.0116303 0.101014 -0.0563394
FixedParameters: 0 0 0

#Transform 101
Transform: AffineTransform_float_3_3
Parameters: 1 -0.000265727 -0.000157461 0.000266272 0.999999 0.00173496 0.000156538 -0.00173504 0.999999 0.0310424 0.117887 -0.0365806
FixedParameters: 0 0 0

#Transform 102
Transform: AffineTransform_float_3_3
Parameters: 1 -0.000270222 -0.000410513 0.000270777 0.999998 0.00189589 0.000409487 -0.00189611 0.999998 0.041369 0.125583 -0.0432903
FixedParameters: 0 0 0

#Transform 103
Transform: AffineTransform_float_3_3
Parameters: 1 -0.000270623 -0.000221461 0.000270376 0.999999 0.00170294 0.00022054 -0.00170306 0.999998 0.0481422 0.130064 -0.0531883
FixedParameters: 0 0 0

#Transform 104
Transform: AffineTransform_float_3_3
Parameters: 1 -0.000443888 0.000400017 0.000443113 0.999998 0.00221618 -0.000400983 -0.00221582 0.999998 0.0143349 0.105023 -0.0502162
FixedParameters: 0 0 0

#Transform 105
Transform: AffineTransform_float_3_3
Parameters: 1 -0.000459523 0.000216895 0.000458477 0.999997 0.0024051 -0.000218103 -0.0024049 0.999997 0.0226343 0.100966 -0.0642823
FixedParameters: 0 0 0

#Transform 106
Transform: AffineTransform_float_3_3
Parameters: 1 -0.000623321 0.000139575 0.000622681 0.999997 0.00228609 -0.000140424 -0.00228591 0.999998 0.0237324 0.0886437 -0.0449434
FixedParameters: 0 0 0

#Transform 107
Transform: AffineTransform_float_3_3
Parameters: 1 -0.00042012 5.20431e-05 0.000419881 0.999998 0.00227802 -5.29566e-05 -0.00227798 0.999998 0.0491197 0.094093 -0.0450173
FixedParameters: 0 0 0

#Transform 108
Transform: AffineTransform_float_3_3
Parameters: 1 -0.000613612 -0.000176357 0.000614388 0.999998 0.00221089 0.000174642 -0.00221111 0.999997 0.0376788 0.0971527 -0.0513605
FixedParameters: 0 0 0

#Transform 109
Transform: AffineTransform_float_3_3
Parameters: 1 -0.000602336 0.000165784 0.000601663 0.999998 0.0020201 -0.000167216 -0.0020199 0.999998 0.0215075 0.103004 -0.0447635
FixedParameters: 0 0 0

#Transform 110
Transform: AffineTransform_float_3_3
Parameters: 1 -0.000613745 -0.000122285 0.000614254 0.999997 0.00209392 0.000120714 -0.00209407 0.999998 0.0188465 0.0981055 -0.0619345
FixedParameters: 0 0 0

#Transform 111
Transform: AffineTransform_float_3_3
Parameters: 1 -0.000362028 -0.00051069 0.00036297 0.999998 0.00190382 0.00050931 -0.00190419 0.999998 0.0428135 0.111663 -0.0446522
FixedParameters: 0 0 0

#Transform 112
Transform: AffineTransform_float_3_3
Parameters: 1 -0.00040723 -0.000315994 0.000408769 0.999997 0.00243887 0.000315004 -0.00243913 0.999997 0.0454255 0.115197 -0.0745263
FixedParameters: 0 0 0

#Transform 113
Transform: AffineTransform_float_3_3
Parameters: 1 -0.000516456 0.000166593 0.000515543 0.999996 0.00272609 -0.000168406 -0.00272591 0.999997 0.00194671 0.0865563 -0.0502327
FixedParameters: 0 0 0

#Transform 114
Transform: AffineTransform_float_3_3
Parameters: 1 -0.000600383 -0.000282315 0.000600616 0.999997 0.00218983 0.000280686 -0.00218917 0.999997 0.0342633 0.105602 -0.0525546
FixedParameters: 0 0 0

#Transform 115
Transform: AffineTransform_float_3_3
Parameters: 0.999999 -0.000819206 9.72782e-05 0.000818794 0.999998 0.00210208 -9.87212e-05 -0.00210192 0.999998 0.0172952 0.128363 -0.0752919
FixedParameters: 0 0 0

#Transform 116
Transform: AffineTransform_float_3_3
Parameters: 1 -0.000567398 0.00016665 0.000566601 0.999997 0.0023801 -0.000168349 -0.00237991 0.999997 -0.00559524 0.109954 -0.0523771
FixedParameters: 0 0 0

#Transform 117
Transform: AffineTransform_float_3_3
Parameters: 1 -0.000403546 -0.000206889 0.000403455 0.999998 0.00220192 0.000206112 -0.00220208 0.999997 0.0174296 0.136708 -0.0575708
FixedParameters: 0 0 0

#Transform 118
Transform: AffineTransform_float_3_3
Parameters: 1 -0.000649345 0.000166661 0.000648654 0.999997 0.00206311 -0.000168338 -0.00206289 0.999998 0.0210754 0.148308 -0.065267
FixedParameters: 0 0 0

#Transform 119
Transform: AffineTransform_float_3_3
Parameters: 1 -0.000649291 0.000166874 0.000648709 0.999999 0.00173511 -0.000168126 -0.00173489 0.999998 0.00638825 0.143605 -0.0368401
FixedParameters: 0 0 0

#Transform 120
Transform: AffineTransform_float_3_3
Parameters: 1 -0.000466944 -3.18331e-05 0.000467056 0.999999 0.00178399 3.11668e-05 -0.00178402 0.999999 0.0233364 0.133293 -0.0442623
FixedParameters: 0 0 0

#Transform 121
Transform: AffineTransform_float_3_3
Parameters: 1 -0.000273864 -8.2452e-05 0.000274135 0.999998 0.00164998 8.15478e-05 -0.00165002 0.999998 0.0114822 0.1232 -0.0499144
FixedParameters: 0 0 0

#Transform 122
Transform: AffineTransform_float_3_3
Parameters: 1 -0.000344274 0.000167437 0.000344725 0.999998 0.00163606 -0.000168564 -0.00163594 0.999998 0.0140562 0.140338 -0.0538386
FixedParameters: 0 0 0

#Transform 123
Transform: AffineTransform_float_3_3
Parameters: 1 -0.000423444 0.000365486 0.000423557 0.999999 0.00121416 -0.000365514 -0.00121385 0.999999 -0.00186902 0.12394 -0.0338319
FixedParameters: 0 0 0

#Transform 124
Transform: AffineTransform_float_3_3
Parameters: 1 -0.000536297 0.000219276 0.000535704 0.999999 0.00135012 -0.000219724 -0.00135088 0.999999 0.00168426 0.127 -0.0211041
FixedParameters: 0 0 0

#Transform 125
Transform: AffineTransform_float_3_3
Parameters: 1 -0.000369385 0.000317553 0.000369616 0.999999 0.00121012 -0.000317447 -0.00120988 0.999999 -0.0071294 0.0599775 0.0194469
FixedParameters: 0 0 0

#Transform 126
Transform: AffineTransform_float_3_3
Parameters: 1 -0.000486246 0.000292591 0.000485754 0.999999 0.000841142 -0.000292408 -0.000840857 0.999999 -0.00188097 0.10388 -0.0168599
FixedParameters: 0 0 0

#Transform 127
Transform: AffineTransform_float_3_3
Parameters: 0.999999 -0.000341317 0.00072438 0.000340683 0.999999 0.00181825 -0.00072462 -0.00181775 0.999998 -0.0505386 0.0314425 0.0469539
FixedParameters: 0 0 0

#Transform 128
Transform: AffineTransform_float_3_3
Parameters: 1 -0.000430402 0.000338489 0.000429597 0.999999 0.00118715 -0.00033951 -0.00118685 0.999999 -0.013756 0.0764046 0.00325561
FixedParameters: 0 0 0

#Transform 129
Transform: AffineTransform_float_3_3
Parameters: 0.999999 -0.000609209 0.000545652 0.000607792 0.999998 0.00221433 -0.000546347 -0.00221367 0.999998 -0.0386055 -0.0039104 0.0702451
FixedParameters: 0 0 0

#Transform 130
Transform: AffineTransform_float_3_3
Parameters: 1 -0.000927208 0.000209083 0.000927793 0.999999 0.000989194 -0.000209918 -0.000988805 0.999999 0.0117615 0.0907151 -0.000564398
FixedParameters: 0 0 0

#Transform 131
Transform: AffineTransform_float_3_3
Parameters: 1 -0.000830343 0.000675352 0.000829658 0.999997 0.00198656 -0.000676649 -0.00198544 0.999998 -0.0322236 0.0210842 0.0392698
FixedParameters: 0 0 0

#Transform 132
Transform: AffineTransform_float_3_3
Parameters: 0.999999 -0.000621145 0.000708998 0.000619854 0.999998 0.00161444 -0.000710002 -0.00161456 0.999999 -0.0443662 0.0243165 0.0463919
FixedParameters: 0 0 0

#Transform 133
Transform: AffineTransform_float_3_3
Parameters: 0.999999 -0.000960319 0.000846507 0.000958681 0.999999 0.00155681 -0.000848494 -0.00155619 0.999999 -0.044911 0.02642 0.0555915
FixedParameters: 0 0 0

#Transform 134
Transform: AffineTransform_float_3_3
Parameters: 1 -0.00106607 0.000155519 0.00106693 1 0.000451166 -0.000155481 -0.000450835 1 0.00861446 0.137866 0.00501987
FixedParameters: 0 0 0

#Transform 135
Transform: AffineTransform_float_3_3
Parameters: 0.999999 -0.00130407 0.000249616 0.00130393 0.999999 0.000294326 -0.000250383 -0.000293674 1 0.0268777 0.153897 -0.00482902
FixedParameters: 0 0 0

#Transform 136
Transform: AffineTransform_float_3_3
Parameters: 1 -0.00106608 0.000224617 0.00106692 1 0.00035924 -0.000225384 -0.00035976 1 0.0243656 0.120574 0.00168372
FixedParameters: 0 0 0

#Transform 137
Transform: AffineTransform_float_3_3
Parameters: 1 -0.000508055 4.94356e-05 0.000507944 1 0.00111103 -5.05644e-05 -0.00111098 1 -0.00647302 0.070551 0.0224913
FixedParameters: 0 0 0

#Transform 138
Transform: AffineTransform_float_3_3
Parameters: 0.999999 -0.000907415 0.000357949 0.000907584 0.999999 0.00115833 -0.000359051 -0.00115767 1 -0.0149623 0.0449384 0.0514545
FixedParameters: 0 0 0

#Transform 139
Transform: AffineTransform_float_3_3
Parameters: 0.999999 -0.000702262 0.000253275 0.000701738 0.999999 0.00103218 -0.000253725 -0.00103282 1 0.0110133 0.0832939 0.0102379
FixedParameters: 0 0 0

#Transform 140
Transform: AffineTransform_float_3_3
Parameters: 0.999999 -0.00106721 0.000659038 0.00106678 0.999997 0.0018397 -0.000661964 -0.00183929 0.999998 -0.0257753 0.0335984 0.0684443
FixedParameters: 0 0 0

#Transform 141
Transform: AffineTransform_float_3_3
Parameters: 1 -0.00085417 0.000255436 0.000853832 1 0.000660218 -0.000256564 -0.000659781 0.999999 0.0070195 0.125079 0.00146485
FixedParameters: 0 0 0

#Transform 142
Transform: AffineTransform_float_3_3
Parameters: 1 -0.00101377 0.000659826 0.00101223 0.999999 0.00115867 -0.000661174 -0.00115833 0.999999 -0.0153457 0.0544927 0.0381058
FixedParameters: 0 0 0

#Transform 143
Transform: AffineTransform_float_3_3
Parameters: 0.999999 -0.000702712 0.000660242 0.000702286 0.999999 0.00107946 -0.000661758 -0.00107854 0.999999 -0.0149975 0.0833185 0.016017
FixedParameters: 0 0 0

#Transform 144
Transform: AffineTransform_float_3_3
Parameters: 1 -0.000633713 0.00101756 0.000633287 0.999999 0.000700645 -0.00101844 -0.000700355 0.999999 -0.039398 0.116334 0.0200475
FixedParameters: 0 0 0

#Transform 145
Transform: AffineTransform_float_3_3
Parameters: 1 -0.0010661 0.000265617 0.00106691 1 0.000359284 -0.000266383 -0.000358716 1 0.0159422 0.169474 -0.0119735
FixedParameters: 0 0 0

#Transform 146
Transform: AffineTransform_float_3_3
Parameters: 1 -0.00106605 0.000288817 0.00106695 1 0.000172308 -0.000289185 -0.000172692 1 0.015171 0.157596 -0.00157051
FixedParameters: 0 0 0

#Transform 147
Transform: AffineTransform_float_3_3
Parameters: 0.999998 -0.00152414 0.000490569 0.00152486 0.999999 0.000282748 -0.000491431 -0.000282251 1 0.00762762 0.150935 -0.00404319
FixedParameters: 0 0 0

#Transform 148
Transform: AffineTransform_float_3_3
Parameters: 0.999998 -0.001524 0.000481011 0.001524 0.999999 -7.26694e-06 -0.000480987 8.73303e-06 1 0.0112732 0.179349 -0.000282787
FixedParameters: 0 0 0

#Transform 149
Transform: AffineTransform_float_3_3
Parameters: 0.999999 -0.00116627 0.000660533 0.00116574 0.999999 0.00040077 -0.000661467 -0.000400229 0.999999 0.000420581 0.137745 0.00396874
FixedParameters: 0 0 0

#Transform 150
Transform: AffineTransform_float_3_3
Parameters: 0.999998 -0.00124991 0.00115802 0.00124909 0.999999 0.000786448 -0.00115898 -0.000784552 0.999999 -0.0424769 0.140016 0.0051477
FixedParameters: 0 0 0

#Transform 151
Transform: AffineTransform_float_3_3
Parameters: 0.999999 -0.00101291 0.00101109 0.00101109 0.999999 0.000904023 -0.00101191 -0.000902976 0.999999 -0.0335686 0.105034 0.0220914
FixedParameters: 0 0 0

#Transform 152
Transform: AffineTransform_float_3_3
Parameters: 1 -0.00109727 0.000497398 0.00109673 0.999999 0.000548546 -0.000498601 -0.000547453 0.999999 0.0132453 0.150685 -0.0035913
FixedParameters: 0 0 0

#Transform 153
Transform: AffineTransform_float_3_3
Parameters: 0.999999 -0.00120902 0.00049796 0.00120898 1 3.36021e-05 -0.00049804 -3.23979e-05 1 0.0189093 0.161117 -0.00648614
FixedParameters: 0 0 0

#Transform 154
Transform: AffineTransform_float_3_3
Parameters: 0.999999 -0.00152444 0.00103134 0.00152455 0.999998 0.000432573 -0.00103166 -0.000430428 1 -0.0308259 0.101152 0.0254028
FixedParameters: 0 0 0

#Transform 155
Transform: AffineTransform_float_3_3
Parameters: 0.999998 -0.00158523 0.000578357 0.00158476 0.999998 0.000405917 -0.000578642 -0.000405083 1 0.00450716 0.162623 -0.00523902
FixedParameters: 0 0 0

#Transform 156
Transform: AffineTransform_float_3_3
Parameters: 1 -0.00109931 0.000470286 0.0010987 0.999999 0.000649517 -0.000470714 -0.000649483 0.999999 0.0217955 0.168514 -0.0155324
FixedParameters: 0 0 0

#Transform 157
Transform: AffineTransform_float_3_3
Parameters: 0.999999 -0.00115301 0.000702979 0.00115299 1 1.88105e-05 -0.000703021 -1.81894e-05 1 -0.00152323 0.157153 0.0110544
FixedParameters: 0 0 0

#Transform 158
Transform: AffineTransform_float_3_3
Parameters: 0.999999 -0.00152424 0.00107167 0.00152476 0.999999 0.000220634 -0.00107134 -0.000219367 1 -0.0153774 0.128126 0.0140726
FixedParameters: 0 0 0

#Transform 159
Transform: AffineTransform_float_3_3
Parameters: 1 -0.00107305 0.000340838 0.00107295 1 0.000151366 -0.000341163 -0.000151634 1 0.019443 0.115395 0.00686418
FixedParameters: 0 0 0

#Transform 160
Transform: AffineTransform_float_3_3
Parameters: 0.999999 -0.0010744 0.000998575 0.00107361 1 0.000396073 -0.000999425 -0.000394927 1 0.0131775 0.11389 0.0145935
FixedParameters: 0 0 0

#Transform 161
Transform: AffineTransform_float_3_3
Parameters: 0.999999 -0.000900208 0.00127385 0.000899791 0.999999 0.000164146 -0.00127415 -0.000162853 0.999999 -0.021139 0.0782548 0.100827
FixedParameters: 0 0 0

#Transform 162
Transform: AffineTransform_float_3_3
Parameters: 0.999998 -0.00132339 0.000995836 0.00132061 0.999997 0.00239332 -0.000999161 -0.00239168 0.999996 -0.0062188 0.0523219 0.035446
FixedParameters: 0 0 0

#Transform 163
Transform: AffineTransform_float_3_3
Parameters: 0.999999 -0.00156436 0.000993736 0.00156064 0.999993 0.00336956 -0.000999262 -0.00336744 0.999994 0.00206156 0.0154897 0.0675765
FixedParameters: 0 0 0

#Transform 164
Transform: AffineTransform_float_3_3
Parameters: 0.999999 -0.00164359 0.000571309 0.00164341 0.999998 0.00102994 -0.000572693 -0.00102906 1 0.0425196 0.126617 -0.00657025
FixedParameters: 0 0 0

#Transform 165
Transform: AffineTransform_float_3_3
Parameters: 0.999999 -0.00132365 0.00063565 0.00132235 0.999998 0.00102084 -0.000637349 -0.00101916 1 0.0339823 0.134816 -0.000427483
FixedParameters: 0 0 0

#Transform 166
Transform: AffineTransform_float_3_3
Parameters: 0.999998 -0.00157667 0.000606265 0.00157633 0.999998 0.00110096 -0.000607735 -0.00110004 0.999999 0.0263198 0.13441 -0.00238484
FixedParameters: 0 0 0

#Transform 167
Transform: AffineTransform_float_3_3
Parameters: 0.999999 -0.00139764 0.000453018 0.00139636 0.999998 0.00141863 -0.000454981 -0.00141837 0.999999 0.0277853 0.122327 -0.0102561
FixedParameters: 0 0 0

#Transform 168
Transform: AffineTransform_float_3_3
Parameters: 0.999998 -0.00156656 0.000465117 0.00156644 0.999998 0.00120273 -0.000466884 -0.00120227 0.999999 0.0404456 0.137287 -0.0385412
FixedParameters: 0 0 0

#Transform 169
Transform: AffineTransform_float_3_3
Parameters: 0.999999 -0.00121499 0.000491572 0.00121402 0.999998 0.0019996 -0.000493427 -0.0019984 0.999998 0.0542592 0.135266 -0.0694593
FixedParameters: 0 0 0

#Transform 170
Transform: AffineTransform_float_3_3
Parameters: 0.999999 -0.00133153 0.000813496 0.00132947 0.999998 0.00188208 -0.000816503 -0.00188092 0.999998 0.0222764 0.137407 -0.0606818
FixedParameters: 0 0 0

#Transform 171
Transform: AffineTransform_float_3_3
Parameters: 0.999999 -0.00115065 0.000492494 0.00115035 0.999998 0.00130957 -0.000493506 -0.00130843 0.999999 0.0478181 0.144838 -0.0401337
FixedParameters: 0 0 0

#Transform 172
Transform: AffineTransform_float_3_3
Parameters: 0.999999 -0.00123697 0.000657183 0.00123603 0.999998 0.00146981 -0.000659816 -0.00146819 0.999998 0.058549 0.184617 -0.0676037
FixedParameters: 0 0 0

#Transform 173
Transform: AffineTransform_float_3_3
Parameters: 0.999999 -0.00135246 0.000492733 0.00135254 0.999998 0.000937667 -0.000493267 -0.000936334 1 0.0373592 0.15238 -0.0377784
FixedParameters: 0 0 0

#Transform 174
Transform: AffineTransform_float_3_3
Parameters: 0.999999 -0.00141131 0.000463047 0.00141069 0.999999 0.000675654 -0.000463952 -0.000674346 0.999999 0.0244216 0.150755 -0.0185623
FixedParameters: 0 0 0

#Transform 175
Transform: AffineTransform_float_3_3
Parameters: 0.999999 -0.00142841 0.000484782 0.00142759 0.999998 0.000852692 -0.000486217 -0.000852306 0.999999 0.0405453 0.141127 -0.00405388
FixedParameters: 0 0 0

#Transform 176
Transform: AffineTransform_float_3_3
Parameters: 0.999998 -0.00164727 0.000294468 0.00164773 0.999998 0.000930486 -0.000295534 -0.000930514 0.999999 0.0590494 0.172861 -0.0448568
FixedParameters: 0 0 0

#Transform 177
Transform: AffineTransform_float_3_3
Parameters: 0.999998 -0.00188107 0.000102649 0.00188093 0.999998 0.000718194 -0.000104352 -0.000718805 0.999999 0.0806164 0.0916477 0.0169466
FixedParameters: 0 0 0

#Transform 178
Transform: AffineTransform_float_3_3
Parameters: 1 -0.00117791 -0.000147759 0.0011771 0.999999 0.000643826 0.000147242 -0.000644174 1 0.0587444 0.114976 -0.000274054
FixedParameters: 0 0 0

#Transform 179
Transform: AffineTransform_float_3_3
Parameters: 1 -0.001138 -2.26462e-07 0.001138 1 0.000199 -2.26462e-07 -0.000199 1 0.0604329 0.136787 -0.000197217
FixedParameters: 0 0 0
