# transform file /out/sourcedata/freesurfer/sub-v2s8x29226_ses-1/mri/transforms/cc_up.lta
# created by oesteban on Sat Mar 14 03:39:04 2026

type      = 0 # LINEAR_VOX_TO_VOX
nxforms   = 1
mean      = 127.0000 119.0000 116.0000
sigma     = 10000.0000
1 4 4
9.951899051666260e-01 -3.538029966875911e-03 -9.789992123842239e-02 1.226186561584473e+01 
3.521033795550466e-03 9.999937415122986e-01 -3.463750763330609e-04 2.258985900878906e+01 
9.790053218603134e-02 2.910382698728675e-11 9.951961636543274e-01 1.107102870941162e+01 
0.000000000000000e+00 0.000000000000000e+00 0.000000000000000e+00 1.000000000000000e+00 
src volume info
valid = 1  # volume info valid
filename = /out/sourcedata/freesurfer/sub-v2s8x29226_ses-1/mri/norm.mgz
volume = 256 256 256
voxelsize = 1.000000000000000e+00 1.000000000000000e+00 1.000000000000000e+00
xras   = -1.000000000000000e+00 0.000000000000000e+00 0.000000000000000e+00
yras   = 0.000000000000000e+00 0.000000000000000e+00 -1.000000000000000e+00
zras   = 0.000000000000000e+00 1.000000000000000e+00 0.000000000000000e+00
cras   = -8.732467651367188e+00 1.000000000000000e+00 2.771072387695312e-01
dst volume info
valid = 1  # volume info valid
filename = /out/sourcedata/freesurfer/sub-v2s8x29226_ses-1/mri/norm.mgz
volume = 256 256 256
voxelsize = 1.000000000000000e+00 1.000000000000000e+00 1.000000000000000e+00
xras   = -1.000000000000000e+00 0.000000000000000e+00 0.000000000000000e+00
yras   = 0.000000000000000e+00 0.000000000000000e+00 -1.000000000000000e+00
zras   = 0.000000000000000e+00 1.000000000000000e+00 0.000000000000000e+00
cras   = -8.732467651367188e+00 1.000000000000000e+00 2.771072387695312e-01
