#Insight Transform File V1.0
#Transform 0
Transform: AffineTransform_float_3_3
Parameters: 1 -9.19729e-05 -0.000436006 9.1027e-05 1 6.19603e-05 0.000435994 -6.20401e-05 1 0.0765189 -0.0547755 -0.353451
FixedParameters: 0 0 0

#Transform 1
Transform: AffineTransform_float_3_3
Parameters: 1 0.000698994 5.00825e-05 -0.000699006 0.999999 0.000117965 -5.09175e-05 -0.000118036 1 0.0332763 0.056235 0.0070346
FixedParameters: 0 0 0

#Transform 2
Transform: AffineTransform_float_3_3
Parameters: 0.999999 0.000875974 -7.231e-05 -0.000876025 0.999999 -0.000353937 7.16898e-05 0.000354063 1 0.029961 0.122755 0.0107077
FixedParameters: 0 0 0

#Transform 3
Transform: AffineTransform_float_3_3
Parameters: 0.999999 0.000916 -0.000370998 -0.000915998 0.999999 2.33983e-06 0.000371001 -1.66016e-06 1 0.0474173 0.104575 0.0113086
FixedParameters: 0 0 0

#Transform 4
Transform: AffineTransform_float_3_3
Parameters: 0.999999 0.00113009 -0.000793866 -0.00112991 1 0.000118897 0.000793133 -0.000117104 0.999999 0.0795637 0.102346 0.0137201
FixedParameters: 0 0 0

#Transform 5
Transform: AffineTransform_float_3_3
Parameters: 0.999998 0.00150652 -0.00116733 -0.00150648 0.999999 0.000443759 0.00116767 -0.000442242 0.999999 0.0980081 0.0783932 0.011232
FixedParameters: 0 0 0

#Transform 6
Transform: AffineTransform_float_3_3
Parameters: 0.999998 0.00110867 -0.00133144 -0.00110833 1 0.000506477 0.00133256 -0.000504524 0.999999 0.143141 0.0945896 0.0215205
FixedParameters: 0 0 0

#Transform 7
Transform: AffineTransform_float_3_3
Parameters: 0.999999 0.00128803 -0.000860961 -0.00128797 0.999999 3.01089e-05 0.000861037 -2.8891e-05 0.999999 0.120965 0.159631 -0.000981666
FixedParameters: 0 0 0

#Transform 8
Transform: AffineTransform_float_3_3
Parameters: 0.999998 0.00174169 -0.00116697 -0.00174131 0.999999 0.000592034 0.00116803 -0.000589967 0.999999 0.107282 0.0784445 0.0209179
FixedParameters: 0 0 0

#Transform 9
Transform: AffineTransform_float_3_3
Parameters: 1 0.00113 -0.000468 -0.00113 1 5.2884e-07 0.000468 5.2884e-07 1 0.0767249 0.123427 0.00673471
FixedParameters: 0 0 0

#Transform 10
Transform: AffineTransform_float_3_3
Parameters: 0.999999 0.00135915 -0.000602661 -0.00135985 0.999999 0.00024982 0.000603339 -0.00024918 1 0.0541828 0.138761 -0.00355396
FixedParameters: 0 0 0

#Transform 11
Transform: AffineTransform_float_3_3
Parameters: 0.999999 0.00112413 -0.000602755 -0.00112387 1 0.000218678 0.000603246 -0.000218322 1 0.0650196 0.130045 0.00434317
FixedParameters: 0 0 0

#Transform 12
Transform: AffineTransform_float_3_3
Parameters: 1 0.00100693 -0.000476148 -0.00100707 1 -0.000146521 0.000475853 0.000146479 1 0.0487371 0.132519 0.0147087
FixedParameters: 0 0 0

#Transform 13
Transform: AffineTransform_float_3_3
Parameters: 1 0.00108207 -0.000481848 -0.00108193 1 0.000140521 0.000482152 -0.000140478 1 0.0318274 0.128381 0.0156876
FixedParameters: 0 0 0

#Transform 14
Transform: AffineTransform_float_3_3
Parameters: 1 0.00100717 -0.000602723 -0.00100783 1 0.000275608 0.000603278 -0.000275393 1 0.0483342 0.125342 0.0168684
FixedParameters: 0 0 0

#Transform 15
Transform: AffineTransform_float_3_3
Parameters: 0.999999 0.000951813 -0.00106427 -0.000950188 1 0.000764012 0.00106473 -0.000762988 0.999999 0.0859186 0.0811839 0.0450847
FixedParameters: 0 0 0

#Transform 16
Transform: AffineTransform_float_3_3
Parameters: 0.999999 0.000815937 -0.000924174 -0.000815064 0.999999 0.00101375 0.000924826 -0.00101225 0.999999 0.0470811 0.00145333 0.204372
FixedParameters: 0 0 0

#Transform 17
Transform: AffineTransform_float_3_3
Parameters: 0.999999 0.000981916 -0.000956014 -0.000979084 0.999995 0.00304594 0.000958986 -0.00304506 0.999995 0.112385 0.0494277 -0.0209943
FixedParameters: 0 0 0

#Transform 18
Transform: AffineTransform_float_3_3
Parameters: 0.999999 0.00149169 -0.000865382 -0.00148931 0.999994 0.00309929 0.000869619 -0.00309771 0.999995 0.0822354 0.0425056 -0.0236709
FixedParameters: 0 0 0

#Transform 19
Transform: AffineTransform_float_3_3
Parameters: 0.999998 0.000818392 -0.00143507 -0.000815607 0.999997 0.00236317 0.00143693 -0.00236183 0.999996 0.141538 0.0796709 -0.0154948
FixedParameters: 0 0 0

#Transform 20
Transform: AffineTransform_float_3_3
Parameters: 0.999999 0.000362676 -0.00143608 -0.000359324 0.999996 0.00255952 0.00143692 -0.00255848 0.999995 0.156069 0.0707676 -0.00767742
FixedParameters: 0 0 0

#Transform 21
Transform: AffineTransform_float_3_3
Parameters: 0.999998 0.000805675 -0.00143494 -0.000802324 0.999997 0.00256015 0.00143706 -0.00255885 0.999995 0.128628 0.0825026 0.00597881
FixedParameters: 0 0 0

#Transform 22
Transform: AffineTransform_float_3_3
Parameters: 0.999999 0.000880713 -0.00154189 -0.000877289 0.999996 0.00240736 0.00154312 -0.00240564 0.999996 0.133009 0.104177 -0.0349044
FixedParameters: 0 0 0

#Transform 23
Transform: AffineTransform_float_3_3
Parameters: 0.999997 0.000760551 -0.00199351 -0.000754448 0.999995 0.00328451 0.00199649 -0.00328349 0.999992 0.166278 0.0644048 -0.0345747
FixedParameters: 0 0 0

#Transform 24
Transform: AffineTransform_float_3_3
Parameters: 0.999997 0.000883548 -0.00218036 -0.000877451 0.999995 0.00300192 0.00218364 -0.00300008 0.999993 0.172734 0.0747191 -0.0144609
FixedParameters: 0 0 0

#Transform 25
Transform: AffineTransform_float_3_3
Parameters: 0.999999 0.00101842 -0.00146995 -0.00101458 0.999995 0.0030015 0.00147305 -0.00300051 0.999995 0.134687 0.0776979 -0.0364034
FixedParameters: 0 0 0

#Transform 26
Transform: AffineTransform_float_3_3
Parameters: 0.999998 0.00103699 -0.00137199 -0.00103301 0.999995 0.00290842 0.00137501 -0.00290758 0.999995 0.130553 0.0718719 -0.0314056
FixedParameters: 0 0 0

#Transform 27
Transform: AffineTransform_float_3_3
Parameters: 0.999998 0.00119082 -0.00166356 -0.00118618 0.999995 0.00289298 0.00166744 -0.00289102 0.999995 0.129869 0.0737902 -0.0279112
FixedParameters: 0 0 0

#Transform 28
Transform: AffineTransform_float_3_3
Parameters: 0.999997 0.00126195 -0.00205497 -0.00125705 0.999997 0.00240859 0.00205803 -0.00240541 0.999995 0.160052 0.0804896 -0.0200701
FixedParameters: 0 0 0

#Transform 29
Transform: AffineTransform_float_3_3
Parameters: 0.999998 0.00131326 -0.00166365 -0.00130874 0.999996 0.00255718 0.00166735 -0.00255482 0.999996 0.121674 0.075353 -0.00917135
FixedParameters: 0 0 0

#Transform 30
Transform: AffineTransform_float_3_3
Parameters: 0.999998 0.000985851 -0.0021038 -0.000979149 0.999994 0.00325507 0.0021072 -0.00325293 0.999992 0.156756 0.0367662 -0.0261669
FixedParameters: 0 0 0

#Transform 31
Transform: AffineTransform_float_3_3
Parameters: 0.999998 0.00085985 -0.00210422 -0.000853147 0.999995 0.00325481 0.00210779 -0.0032522 0.999993 0.162311 0.0361785 -0.0209704
FixedParameters: 0 0 0

#Transform 32
Transform: AffineTransform_float_3_3
Parameters: 0.999999 0.000723487 -0.00133558 -0.000718515 0.999994 0.00335696 0.00133742 -0.00335603 0.999993 0.120652 0.036392 -0.0257337
FixedParameters: 0 0 0

#Transform 33
Transform: AffineTransform_float_3_3
Parameters: 0.999998 0.000766823 -0.00178851 -0.000761179 0.999995 0.00325437 0.00179049 -0.00325263 0.999993 0.142693 0.0491971 -0.0268108
FixedParameters: 0 0 0

#Transform 34
Transform: AffineTransform_float_3_3
Parameters: 0.999998 0.000986283 -0.00210314 -0.000977713 0.999992 0.00393607 0.00210786 -0.00393393 0.99999 0.146147 0.00603212 -0.0282401
FixedParameters: 0 0 0

#Transform 35
Transform: AffineTransform_float_3_3
Parameters: 0.999997 0.000537469 -0.00210511 -0.000530527 0.999993 0.00354712 0.00210789 -0.00354587 0.999991 0.16349 0.0366576 0.00425226
FixedParameters: 0 0 0

#Transform 36
Transform: AffineTransform_float_3_3
Parameters: 0.999998 0.000916756 -0.00210364 -0.000909243 0.999993 0.00368492 0.00210736 -0.00368308 0.999991 0.165693 0.0268555 -0.000624618
FixedParameters: 0 0 0

#Transform 37
Transform: AffineTransform_float_3_3
Parameters: 0.999998 0.000917419 -0.00210335 -0.000909579 0.999991 0.00399992 0.00210765 -0.00399807 0.99999 0.166259 0.0171795 0.00195631
FixedParameters: 0 0 0

#Transform 38
Transform: AffineTransform_float_3_3
Parameters: 0.999996 0.000920447 -0.00264605 -0.000909551 0.99999 0.00432343 0.00265096 -0.00432158 0.999987 0.197479 0.0136297 -0.00680834
FixedParameters: 0 0 0

#Transform 39
Transform: AffineTransform_float_3_3
Parameters: 0.999996 0.00103352 -0.00234113 -0.00102748 0.999996 0.00278442 0.00234387 -0.00278259 0.999994 0.182409 0.0815229 0.00447791
FixedParameters: 0 0 0

#Transform 40
Transform: AffineTransform_float_3_3
Parameters: 0.999996 0.00136285 -0.0024726 -0.00135316 0.999991 0.00397836 0.0024774 -0.00397564 0.999989 0.203581 0.0254354 0.029866
FixedParameters: 0 0 0

#Transform 41
Transform: AffineTransform_float_3_3
Parameters: 0.999997 0.00132673 -0.00216689 -0.00132027 0.999995 0.00310387 0.00217111 -0.00310113 0.999993 0.179934 0.0804507 -0.0023365
FixedParameters: 0 0 0

#Transform 42
Transform: AffineTransform_float_3_3
Parameters: 0.999997 0.0013701 -0.00231081 -0.00136291 0.999995 0.00306916 0.00231419 -0.00306684 0.999992 0.180931 0.0698266 0.00898546
FixedParameters: 0 0 0

#Transform 43
Transform: AffineTransform_float_3_3
Parameters: 0.999996 0.000973286 -0.00264733 -0.000965713 0.999995 0.00275157 0.00265067 -0.00274943 0.999992 0.223247 0.0976042 -0.0042192
FixedParameters: 0 0 0

#Transform 44
Transform: AffineTransform_float_3_3
Parameters: 0.999998 0.000263971 -0.00201723 -0.00025803 0.999995 0.00295952 0.00201777 -0.00295947 0.999993 0.182554 0.0876969 -0.00533429
FixedParameters: 0 0 0

#Transform 45
Transform: AffineTransform_float_3_3
Parameters: 0.999998 0.000349096 -0.0019711 -0.000343903 0.999996 0.00258568 0.00197189 -0.00258432 0.999994 0.161956 0.108162 0.00379537
FixedParameters: 0 0 0

#Transform 46
Transform: AffineTransform_float_3_3
Parameters: 0.999997 0.000750743 -0.00199422 -0.000746256 0.999997 0.00237749 0.00199678 -0.00237651 0.999995 0.172658 0.110705 0.00563887
FixedParameters: 0 0 0

#Transform 47
Transform: AffineTransform_float_3_3
Parameters: 0.999998 0.000766438 -0.00215607 -0.000761558 0.999996 0.00252265 0.00215893 -0.00252035 0.999994 0.186373 0.100259 0.00874374
FixedParameters: 0 0 0

#Transform 48
Transform: AffineTransform_float_3_3
Parameters: 0.999996 0.000978042 -0.00287628 -0.000969957 0.999995 0.0027958 0.00287972 -0.0027932 0.999992 0.215724 0.0802595 0.025319
FixedParameters: 0 0 0

#Transform 49
Transform: AffineTransform_float_3_3
Parameters: 0.999993 0.000980548 -0.00341199 -0.000970453 0.999995 0.00309133 0.00341502 -0.00308867 0.99999 0.241732 0.0629267 0.0401431
FixedParameters: 0 0 0

#Transform 50
Transform: AffineTransform_float_3_3
Parameters: 0.999995 0.000978679 -0.00280699 -0.00097032 0.999994 0.00309174 0.00281001 -0.00308926 0.999992 0.213324 0.0525261 0.0303074
FixedParameters: 0 0 0

#Transform 51
Transform: AffineTransform_float_3_3
Parameters: 0.999995 0.000873171 -0.00280778 -0.000865828 0.999997 0.00255444 0.00281022 -0.00255156 0.999993 0.23185 0.0868248 0.0216323
FixedParameters: 0 0 0

#Transform 52
Transform: AffineTransform_float_3_3
Parameters: 0.999995 0.000601108 -0.00305803 -0.000590894 0.999995 0.00330482 0.00305997 -0.00330318 0.99999 0.223265 0.0602187 0.0284895
FixedParameters: 0 0 0

#Transform 53
Transform: AffineTransform_float_3_3
Parameters: 0.999996 0.000978652 -0.00256271 -0.000970349 0.999994 0.0033745 0.00256629 -0.0033725 0.999991 0.190717 0.0644821 0.0285794
FixedParameters: 0 0 0

#Transform 54
Transform: AffineTransform_float_3_3
Parameters: 0.999998 0.000461788 -0.00224441 -0.000454214 0.999994 0.00346903 0.00224559 -0.00346797 0.999992 0.186045 0.0483601 0.051971
FixedParameters: 0 0 0

#Transform 55
Transform: AffineTransform_float_3_3
Parameters: 0.999996 0.000883712 -0.00274653 -0.000876285 0.999995 0.00280842 0.00274947 -0.00280558 0.999993 0.232768 0.0841932 0.0150927
FixedParameters: 0 0 0

#Transform 56
Transform: AffineTransform_float_3_3
Parameters: 0.999997 0.000976772 -0.00251438 -0.000970228 0.999996 0.00269245 0.00251762 -0.00269055 0.999993 0.20844 0.0900409 0.0191082
FixedParameters: 0 0 0

#Transform 57
Transform: AffineTransform_float_3_3
Parameters: 0.999996 0.000977503 -0.00246203 -0.000970498 0.999995 0.0030464 0.00246497 -0.0030446 0.999993 0.176977 0.0473054 0.0434716
FixedParameters: 0 0 0

#Transform 58
Transform: AffineTransform_float_3_3
Parameters: 0.999995 0.00136334 -0.002805 -0.00135366 0.999993 0.00368382 0.00281 -0.00368019 0.99999 0.193251 0.0233223 0.0325234
FixedParameters: 0 0 0

#Transform 59
Transform: AffineTransform_float_3_3
Parameters: 0.999996 0.00154053 -0.00263061 -0.00153247 0.999994 0.00286205 0.0026344 -0.00285796 0.999993 0.192017 0.0846918 0.0188735
FixedParameters: 0 0 0

#Transform 60
Transform: AffineTransform_float_3_3
Parameters: 0.999996 0.00148331 -0.00211027 -0.00147768 0.999995 0.00251813 0.00211372 -0.00251487 0.999994 0.163188 0.0829405 0.039068
FixedParameters: 0 0 0

#Transform 61
Transform: AffineTransform_float_3_3
Parameters: 0.999996 0.000792324 -0.00268444 -0.000786676 0.999997 0.00198412 0.00268557 -0.00198188 0.999995 0.172075 0.0932476 0.0667649
FixedParameters: 0 0 0

#Transform 62
Transform: AffineTransform_float_3_3
Parameters: 0.999996 0.00122872 -0.00245214 -0.00122328 0.999996 0.00233401 0.00245486 -0.00233099 0.999995 0.180482 0.0924716 0.0532692
FixedParameters: 0 0 0

#Transform 63
Transform: AffineTransform_float_3_3
Parameters: 0.999997 0.00135985 -0.00191999 -0.00135715 0.999998 0.00148461 0.00192202 -0.00148239 0.999997 0.126697 0.138665 0.0470644
FixedParameters: 0 0 0

#Transform 64
Transform: AffineTransform_float_3_3
Parameters: 0.999995 0.00172463 -0.00268175 -0.00171837 0.999996 0.00247362 0.00268625 -0.00246838 0.999994 0.165712 0.0949701 0.0495467
FixedParameters: 0 0 0

#Transform 65
Transform: AffineTransform_float_3_3
Parameters: 0.999996 0.00145756 -0.00268137 -0.00144844 0.999994 0.0031909 0.00268563 -0.0031871 0.999992 0.160511 0.0483724 0.0571703
FixedParameters: 0 0 0

#Transform 66
Transform: AffineTransform_float_3_3
Parameters: 0.999995 0.00136455 -0.00268318 -0.00135945 0.999997 0.00207066 0.00268582 -0.00206734 0.999995 0.161276 0.128915 -0.00729635
FixedParameters: 0 0 0

#Transform 67
Transform: AffineTransform_float_3_3
Parameters: 0.999991 0.00121118 -0.00400804 -0.00120782 0.999999 0.000794848 0.00400996 -0.00079015 0.999991 0.257646 0.213036 -0.0548224
FixedParameters: 0 0 0

#Transform 68
Transform: AffineTransform_float_3_3
Parameters: 0.999991 0.00159814 -0.00387784 -0.00158786 0.999996 0.00261718 0.00388216 -0.00261082 0.999989 0.232016 0.114827 0.00438898
FixedParameters: 0 0 0

#Transform 69
Transform: AffineTransform_float_3_3
Parameters: 0.999991 0.00142022 -0.00400609 -0.00141178 0.999997 0.00205467 0.0040099 -0.00204932 0.99999 0.247267 0.153334 0.0177592
FixedParameters: 0 0 0

#Transform 70
Transform: AffineTransform_float_3_3
Parameters: 0.999993 0.001544 -0.00352808 -0.001535 0.999995 0.00255243 0.00353193 -0.00254756 0.99999 0.206251 0.13182 0.0233382
FixedParameters: 0 0 0

#Transform 71
Transform: AffineTransform_float_3_3
Parameters: 0.999993 0.00154595 -0.00341807 -0.00153505 0.999993 0.00320427 0.00342393 -0.00319873 0.999989 0.201921 0.095025 0.00702434
FixedParameters: 0 0 0

#Transform 72
Transform: AffineTransform_float_3_3
Parameters: 0.999993 0.00157856 -0.00336847 -0.00157044 0.999996 0.00224631 0.00337153 -0.00224069 0.999992 0.217612 0.160469 0.00307466
FixedParameters: 0 0 0

#Transform 73
Transform: AffineTransform_float_3_3
Parameters: 0.999991 0.00176797 -0.0039086 -0.00175602 0.999994 0.00306489 0.00391439 -0.00305811 0.999987 0.242869 0.0994622 0.0016711
FixedParameters: 0 0 0

#Transform 74
Transform: AffineTransform_float_3_3
Parameters: 0.999991 0.00183656 -0.00388409 -0.00182444 0.999993 0.00323512 0.00388992 -0.00322789 0.999987 0.234851 0.091632 0.00654292
FixedParameters: 0 0 0

#Transform 75
Transform: AffineTransform_float_3_3
Parameters: 0.99999 0.00183675 -0.00413435 -0.00182424 0.999993 0.00308757 0.00413964 -0.00307943 0.999986 0.242026 0.1051 0.0050695
FixedParameters: 0 0 0

#Transform 76
Transform: AffineTransform_float_3_3
Parameters: 0.999986 0.00213603 -0.0046993 -0.00211898 0.999991 0.00362501 0.0047067 -0.003615 0.999983 0.321383 0.0381815 0.0233701
FixedParameters: 0 0 0

#Transform 77
Transform: AffineTransform_float_3_3
Parameters: 0.999988 0.00228207 -0.004277 -0.00226694 0.999991 0.00352374 0.004285 -0.00351426 0.999984 0.268752 0.0424013 0.0676527
FixedParameters: 0 0 0

#Transform 78
Transform: AffineTransform_float_3_3
Parameters: 0.99999 0.00224228 -0.00384729 -0.00222972 0.999992 0.00345261 0.00385471 -0.00344439 0.999986 0.225458 0.0460932 0.0679084
FixedParameters: 0 0 0

#Transform 79
Transform: AffineTransform_float_3_3
Parameters: 0.999989 0.00248878 -0.00412792 -0.00247622 0.999993 0.00285726 0.00413508 -0.00284674 0.999988 0.261644 0.116422 0.0225043
FixedParameters: 0 0 0

#Transform 80
Transform: AffineTransform_float_3_3
Parameters: 0.999986 0.00268648 -0.00454345 -0.00266052 0.999979 0.00582416 0.00455956 -0.00581283 0.999972 0.249524 -0.126164 0.117094
FixedParameters: 0 0 0

#Transform 81
Transform: AffineTransform_float_3_3
Parameters: 0.999986 0.00215699 -0.00497452 -0.002135 0.999988 0.00442268 0.00498448 -0.00441131 0.999978 0.29493 0.00416433 0.0777441
FixedParameters: 0 0 0

#Transform 82
Transform: AffineTransform_float_3_3
Parameters: 0.999983 0.00216089 -0.00550591 -0.00213511 0.999986 0.00470384 0.00551609 -0.00469216 0.999974 0.303362 -0.0211266 0.11323
FixedParameters: 0 0 0

#Transform 83
Transform: AffineTransform_float_3_3
Parameters: 0.999982 0.0021592 -0.00558471 -0.0021358 0.999989 0.00433501 0.0055943 -0.004323 0.999975 0.321978 -0.00786981 0.0991551
FixedParameters: 0 0 0

#Transform 84
Transform: AffineTransform_float_3_3
Parameters: 0.999983 0.00276132 -0.00504284 -0.00273868 0.999987 0.00442789 0.00505516 -0.00441412 0.999978 0.281238 0.00520015 0.0793187
FixedParameters: 0 0 0

#Transform 85
Transform: AffineTransform_float_3_3
Parameters: 0.99998 0.00290127 -0.00558094 -0.00287573 0.999985 0.00453114 0.00559407 -0.00451486 0.999974 0.297494 -0.00328556 0.0992601
FixedParameters: 0 0 0

#Transform 86
Transform: AffineTransform_float_3_3
Parameters: 0.999985 0.00197752 -0.00514364 -0.00195249 0.999986 0.00476612 0.00515336 -0.00475688 0.999976 0.281657 -0.0265865 0.0909947
FixedParameters: 0 0 0

#Transform 87
Transform: AffineTransform_float_3_3
Parameters: 0.999987 0.00170985 -0.00492547 -0.00168815 0.999988 0.00443637 0.00493253 -0.00442763 0.999978 0.284404 -0.000459648 0.0727555
FixedParameters: 0 0 0

#Transform 88
Transform: AffineTransform_float_3_3
Parameters: 0.999985 0.00174787 -0.00508353 -0.00172613 0.999989 0.00430384 0.00509047 -0.00429516 0.999978 0.315058 0.0245245 0.0647495
FixedParameters: 0 0 0

#Transform 89
Transform: AffineTransform_float_3_3
Parameters: 0.999988 0.0017439 -0.0045622 -0.0017261 0.999991 0.00392492 0.0045688 -0.00391708 0.999982 0.287019 0.0513971 0.0671105
FixedParameters: 0 0 0

#Transform 90
Transform: AffineTransform_float_3_3
Parameters: 0.999989 0.00154823 -0.00456319 -0.00153077 0.999991 0.00377803 0.00456881 -0.00377097 0.999982 0.259452 0.0680849 0.0637078
FixedParameters: 0 0 0

#Transform 91
Transform: AffineTransform_float_3_3
Parameters: 0.999985 0.00174343 -0.00505202 -0.00172657 0.999992 0.00345177 0.00505798 -0.00344323 0.999982 0.292604 0.0764157 0.0743343
FixedParameters: 0 0 0

#Transform 92
Transform: AffineTransform_float_3_3
Parameters: 0.999985 0.00230373 -0.00497937 -0.00228527 0.999991 0.00376444 0.00498862 -0.00375256 0.99998 0.276428 0.0641485 0.0667138
FixedParameters: 0 0 0

#Transform 93
Transform: AffineTransform_float_3_3
Parameters: 0.999986 0.00211081 -0.00472886 -0.00209719 0.999993 0.00292296 0.00473514 -0.00291304 0.999985 0.262774 0.116228 0.0309858
FixedParameters: 0 0 0

#Transform 94
Transform: AffineTransform_float_3_3
Parameters: 0.999987 0.0022612 -0.00442828 -0.0022478 0.999993 0.00298299 0.00443471 -0.00297301 0.999985 0.264979 0.116145 0.0228692
FixedParameters: 0 0 0

#Transform 95
Transform: AffineTransform_float_3_3
Parameters: 0.999984 0.00232225 -0.00502443 -0.00230874 0.999994 0.00284165 0.00503057 -0.00282936 0.999984 0.275606 0.122745 0.0403373
FixedParameters: 0 0 0

#Transform 96
Transform: AffineTransform_float_3_3
Parameters: 0.999982 0.00266725 -0.00541153 -0.00265075 0.999992 0.0031924 0.00541947 -0.0031786 0.999981 0.272213 0.0907878 0.0657505
FixedParameters: 0 0 0

#Transform 97
Transform: AffineTransform_float_3_3
Parameters: 0.999983 0.00225186 -0.00541384 -0.00223714 0.999993 0.00274916 0.00541915 -0.00273684 0.999981 0.304 0.10709 0.0477938
FixedParameters: 0 0 0

#Transform 98
Transform: AffineTransform_float_3_3
Parameters: 0.999983 0.00249269 -0.00513645 -0.00247431 0.999991 0.00344776 0.00514454 -0.00343523 0.999981 0.306497 0.0841763 0.0258948
FixedParameters: 0 0 0

#Transform 99
Transform: AffineTransform_float_3_3
Parameters: 0.999984 0.00249319 -0.00512218 -0.00247481 0.99999 0.00355373 0.00513081 -0.00354126 0.99998 0.301331 0.0816909 0.0475879
FixedParameters: 0 0 0

#Transform 100
Transform: AffineTransform_float_3_3
Parameters: 0.999984 0.00264598 -0.00513277 -0.00262802 0.999991 0.00350655 0.00514123 -0.00349345 0.99998 0.271865 0.0877856 0.0382426
FixedParameters: 0 0 0

#Transform 101
Transform: AffineTransform_float_3_3
Parameters: 0.999983 0.00249362 -0.00541146 -0.00247438 0.999991 0.00344445 0.00541954 -0.00343155 0.99998 0.336629 0.106512 0.0177256
FixedParameters: 0 0 0

#Transform 102
Transform: AffineTransform_float_3_3
Parameters: 0.999983 0.00186889 -0.00541762 -0.00186111 0.999998 0.0012761 0.00541936 -0.00126589 0.999984 0.321341 0.232938 -0.0180508
FixedParameters: 0 0 0

#Transform 103
Transform: AffineTransform_float_3_3
Parameters: 0.999984 0.00130071 -0.00541983 -0.00130029 0.999999 0.00013405 0.00541917 -0.000126953 0.999986 0.34393 0.296607 -0.0279892
FixedParameters: 0 0 0

#Transform 104
Transform: AffineTransform_float_3_3
Parameters: 0.999986 0.00156862 -0.00493785 -0.00156537 0.999998 0.000737739 0.00493915 -0.000730261 0.999987 0.294162 0.256712 0.00145959
FixedParameters: 0 0 0

#Transform 105
Transform: AffineTransform_float_3_3
Parameters: 0.999987 0.00179901 -0.00474272 -0.00179298 0.999997 0.00127252 0.00474528 -0.00126348 0.999988 0.288187 0.231941 0.0115068
FixedParameters: 0 0 0

#Transform 106
Transform: AffineTransform_float_3_3
Parameters: 0.999989 0.00174462 -0.00448043 -0.00173838 0.999998 0.00148081 0.00448357 -0.0014732 0.999989 0.260915 0.219931 0.00475373
FixedParameters: 0 0 0

#Transform 107
Transform: AffineTransform_float_3_3
Parameters: 0.999986 0.00174371 -0.00487596 -0.00173829 0.999998 0.00117549 0.00487804 -0.00116651 0.999988 0.303213 0.213144 0.03228
FixedParameters: 0 0 0

#Transform 108
Transform: AffineTransform_float_3_3
Parameters: 0.999986 0.00245946 -0.00465812 -0.00245454 0.999997 0.00117845 0.00466088 -0.00116655 0.999989 0.283558 0.203653 0.0236986
FixedParameters: 0 0 0

#Transform 109
Transform: AffineTransform_float_3_3
Parameters: 0.999987 0.00246191 -0.00451633 -0.00245609 0.999997 0.00109311 0.00451967 -0.00108189 0.999989 0.267539 0.211231 0.0188214
FixedParameters: 0 0 0

#Transform 110
Transform: AffineTransform_float_3_3
Parameters: 0.999986 0.00246279 -0.00471098 -0.00245621 0.999996 0.00123359 0.00471402 -0.00122241 0.999988 0.279603 0.20098 0.0306914
FixedParameters: 0 0 0

#Transform 111
Transform: AffineTransform_float_3_3
Parameters: 0.99999 0.00246672 -0.00390788 -0.00245628 0.999994 0.00249063 0.00391412 -0.00248137 0.99999 0.201511 0.124933 0.0495658
FixedParameters: 0 0 0

#Transform 112
Transform: AffineTransform_float_3_3
Parameters: 0.999993 0.00187117 -0.00325661 -0.00186683 0.999998 0.00128409 0.00325939 -0.00127791 0.999994 0.18394 0.199944 0.0129955
FixedParameters: 0 0 0

#Transform 113
Transform: AffineTransform_float_3_3
Parameters: 0.999989 0.00194672 -0.00431742 -0.00194128 0.999997 0.0013294 0.00432057 -0.0013206 0.99999 0.240208 0.186629 0.0419313
FixedParameters: 0 0 0

#Transform 114
Transform: AffineTransform_float_3_3
Parameters: 0.999989 0.00181897 -0.00437994 -0.00181403 0.999997 0.00113796 0.00438206 -0.00113004 0.99999 0.268132 0.20782 0.0398718
FixedParameters: 0 0 0

#Transform 115
Transform: AffineTransform_float_3_3
Parameters: 0.999989 0.00187439 -0.00442088 -0.00186761 0.999997 0.00167528 0.00442413 -0.00166773 0.999989 0.262253 0.192658 0.0414013
FixedParameters: 0 0 0

#Transform 116
Transform: AffineTransform_float_3_3
Parameters: 0.999989 0.00187634 -0.00432796 -0.00186766 0.999996 0.00216111 0.00433204 -0.0021529 0.999989 0.248824 0.151895 0.0547542
FixedParameters: 0 0 0

#Transform 117
Transform: AffineTransform_float_3_3
Parameters: 0.999989 0.00187498 -0.00446967 -0.00186703 0.999996 0.00178737 0.00447234 -0.00177964 0.999989 0.265016 0.171627 0.0394793
FixedParameters: 0 0 0

#Transform 118
Transform: AffineTransform_float_3_3
Parameters: 0.999986 0.00197193 -0.00489902 -0.00196208 0.999996 0.00202964 0.00490298 -0.00202036 0.999986 0.308019 0.151856 0.0594454
FixedParameters: 0 0 0

#Transform 119
Transform: AffineTransform_float_3_3
Parameters: 0.999986 0.00187668 -0.00498437 -0.00186733 0.999997 0.00194434 0.00498763 -0.00193567 0.999985 0.302493 0.163539 0.0745836
FixedParameters: 0 0 0

#Transform 120
Transform: AffineTransform_float_3_3
Parameters: 0.999987 0.00181875 -0.00476667 -0.00181025 0.999996 0.00183965 0.00476933 -0.00183135 0.999987 0.274669 0.162403 0.0638307
FixedParameters: 0 0 0

#Transform 121
Transform: AffineTransform_float_3_3
Parameters: 0.999988 0.00187215 -0.0043828 -0.00186685 0.999997 0.00117819 0.00438519 -0.0011708 0.999989 0.287065 0.209831 0.0270237
FixedParameters: 0 0 0

#Transform 122
Transform: AffineTransform_float_3_3
Parameters: 0.999992 0.00139321 -0.00394281 -0.00138679 0.999998 0.00157848 0.00394519 -0.00157252 0.999991 0.243985 0.189057 0.0277143
FixedParameters: 0 0 0

#Transform 123
Transform: AffineTransform_float_3_3
Parameters: 0.99999 0.001196 -0.00436409 -0.001189 0.999998 0.00160621 0.00436591 -0.0016008 0.999989 0.29606 0.195808 0.0235023
FixedParameters: 0 0 0

#Transform 124
Transform: AffineTransform_float_3_3
Parameters: 0.999989 0.0013964 -0.00452311 -0.0013876 0.999997 0.0020813 0.00452589 -0.0020747 0.999987 0.283683 0.145414 0.0603324
FixedParameters: 0 0 0

#Transform 125
Transform: AffineTransform_float_3_3
Parameters: 0.999988 0.0013946 -0.00466274 -0.00138741 0.999997 0.00163149 0.00466527 -0.00162551 0.999988 0.279496 0.148295 0.0892872
FixedParameters: 0 0 0

#Transform 126
Transform: AffineTransform_float_3_3
Parameters: 0.999991 0.00139186 -0.00416238 -0.00138715 0.999999 0.00116879 0.00416362 -0.00116322 0.99999 0.268488 0.192832 0.0682303
FixedParameters: 0 0 0

#Transform 127
Transform: AffineTransform_float_3_3
Parameters: 0.999991 0.00139254 -0.00403509 -0.00138746 0.999998 0.00137461 0.00403691 -0.00136939 0.999991 0.250553 0.195571 0.0576818
FixedParameters: 0 0 0

#Transform 128
Transform: AffineTransform_float_3_3
Parameters: 0.99999 0.00173466 -0.00393607 -0.00172733 0.999997 0.00169581 0.00393993 -0.00168918 0.999991 0.220883 0.17068 0.0702114
FixedParameters: 0 0 0

#Transform 129
Transform: AffineTransform_float_3_3
Parameters: 0.999992 0.00139401 -0.00355325 -0.00138699 0.999997 0.00197594 0.00355574 -0.00197106 0.999991 0.19224 0.181463 0.0513372
FixedParameters: 0 0 0

#Transform 130
Transform: AffineTransform_float_3_3
Parameters: 0.999993 0.00133848 -0.00355319 -0.00133052 0.999997 0.00210574 0.00355581 -0.00210126 0.999992 0.207182 0.167118 0.0568436
FixedParameters: 0 0 0

#Transform 131
Transform: AffineTransform_float_3_3
Parameters: 0.999992 0.00139419 -0.00355318 -0.00138681 0.999997 0.00202594 0.00355581 -0.00202106 0.999991 0.20568 0.159074 0.0740175
FixedParameters: 0 0 0

#Transform 132
Transform: AffineTransform_float_3_3
Parameters: 0.999992 0.00122214 -0.00386806 -0.00121586 0.999998 0.00158972 0.00386994 -0.00158528 0.999992 0.24591 0.180073 0.0636035
FixedParameters: 0 0 0

#Transform 133
Transform: AffineTransform_float_3_3
Parameters: 0.99999 0.0013388 -0.00425355 -0.0013312 0.999998 0.00183668 0.00425645 -0.00183132 0.99999 0.267345 0.162898 0.0634298
FixedParameters: 0 0 0

#Transform 134
Transform: AffineTransform_float_3_3
Parameters: 0.999988 0.0013952 -0.0045685 -0.0013868 0.999998 0.00179836 0.00457149 -0.00179164 0.999988 0.266756 0.164012 0.0721167
FixedParameters: 0 0 0

#Transform 135
Transform: AffineTransform_float_3_3
Parameters: 0.999991 0.0013928 -0.00414406 -0.0013872 0.999998 0.00140276 0.00414695 -0.00139724 0.999991 0.279692 0.183015 0.0632877
FixedParameters: 0 0 0

#Transform 136
Transform: AffineTransform_float_3_3
Parameters: 0.99999 0.00139138 -0.00413453 -0.00138762 0.999998 0.00106275 0.00413547 -0.00105726 0.999991 0.257377 0.2089 0.040732
FixedParameters: 0 0 0

#Transform 137
Transform: AffineTransform_float_3_3
Parameters: 0.999992 0.00138759 -0.00358777 -0.00138741 0.999999 0.000167979 0.00358823 -0.000163022 0.999993 0.225376 0.272716 0.0225282
FixedParameters: 0 0 0

#Transform 138
Transform: AffineTransform_float_3_3
Parameters: 0.999991 0.00139015 -0.00400291 -0.00138685 0.999998 0.000788558 0.00400409 -0.00078344 0.999991 0.262718 0.23397 0.0286666
FixedParameters: 0 0 0

#Transform 139
Transform: AffineTransform_float_3_3
Parameters: 0.999991 0.00132208 -0.00400066 -0.00131792 0.999998 0.00102328 0.00400235 -0.00101772 0.999992 0.249794 0.222964 0.0363989
FixedParameters: 0 0 0

#Transform 140
Transform: AffineTransform_float_3_3
Parameters: 0.999991 0.00139123 -0.00400053 -0.00138677 0.999998 0.00105956 0.00400247 -0.00105444 0.999992 0.237734 0.224612 0.0482499
FixedParameters: 0 0 0

#Transform 141
Transform: AffineTransform_float_3_3
Parameters: 0.999991 0.00128627 -0.00400159 -0.00128573 0.999999 0.000319148 0.00400241 -0.000313855 0.999992 0.258692 0.262374 0.0456024
FixedParameters: 0 0 0

#Transform 142
Transform: AffineTransform_float_3_3
Parameters: 0.999992 0.00119471 -0.00400089 -0.00119129 0.999999 0.000929774 0.00400211 -0.000925226 0.999991 0.240898 0.216761 0.0383034
FixedParameters: 0 0 0

#Transform 143
Transform: AffineTransform_float_3_3
Parameters: 0.999991 0.00139235 -0.00405616 -0.00138765 0.999998 0.00132264 0.00405783 -0.00131636 0.999991 0.218091 0.177918 0.0680076
FixedParameters: 0 0 0

#Transform 144
Transform: AffineTransform_float_3_3
Parameters: 0.999991 0.00139183 -0.00400032 -0.00138717 0.999999 0.00120956 0.00400268 -0.00120344 0.999992 0.232656 0.173173 0.0626399
FixedParameters: 0 0 0

#Transform 145
Transform: AffineTransform_float_3_3
Parameters: 0.999991 0.00139286 -0.00416405 -0.00138714 0.999998 0.00141079 0.00416596 -0.00140421 0.999991 0.23118 0.180191 0.0591478
FixedParameters: 0 0 0

#Transform 146
Transform: AffineTransform_float_3_3
Parameters: 0.999988 0.00139231 -0.00454238 -0.00138769 0.999999 0.00117132 0.00454362 -0.00116469 0.999989 0.261848 0.20631 0.0611479
FixedParameters: 0 0 0

#Transform 147
Transform: AffineTransform_float_3_3
Parameters: 0.999987 0.00139305 -0.00487028 -0.00138695 0.999999 0.00124577 0.00487273 -0.00123923 0.999988 0.277829 0.205146 0.0715126
FixedParameters: 0 0 0

#Transform 148
Transform: AffineTransform_float_3_3
Parameters: 0.999987 0.00139398 -0.00475196 -0.00138702 0.999998 0.00147161 0.00475404 -0.00146539 0.999987 0.279543 0.207656 0.05172
FixedParameters: 0 0 0

#Transform 149
Transform: AffineTransform_float_3_3
Parameters: 0.999988 0.00139448 -0.00482084 -0.00138751 0.999998 0.00155571 0.00482316 -0.00154829 0.999987 0.278696 0.202518 0.0584437
FixedParameters: 0 0 0

#Transform 150
Transform: AffineTransform_float_3_3
Parameters: 0.999987 0.00152201 -0.00490783 -0.001515 0.999998 0.00143045 0.00491017 -0.00142355 0.999987 0.281293 0.204125 0.0664159
FixedParameters: 0 0 0

#Transform 151
Transform: AffineTransform_float_3_3
Parameters: 0.999989 0.00140266 -0.0044571 -0.00138734 0.999993 0.00351422 0.0044619 -0.00350778 0.999984 0.262278 0.085252 0.10084
FixedParameters: 0 0 0

#Transform 152
Transform: AffineTransform_float_3_3
Parameters: 0.999984 0.0015486 -0.00540941 -0.0015354 0.999996 0.00233334 0.00541359 -0.00232465 0.999982 0.323955 0.140959 0.0863818
FixedParameters: 0 0 0

#Transform 153
Transform: AffineTransform_float_3_3
Parameters: 0.999983 0.00139413 -0.00556221 -0.00138686 0.999998 0.00128674 0.00556378 -0.00127826 0.999983 0.335689 0.203142 0.0685855
FixedParameters: 0 0 0

#Transform 154
Transform: AffineTransform_float_3_3
Parameters: 0.999978 0.00140298 -0.00657362 -0.00138703 0.999996 0.00243417 0.00657639 -0.00242483 0.999976 0.452455 0.125003 0.0715046
FixedParameters: 0 0 0

#Transform 155
Transform: AffineTransform_float_3_3
Parameters: 0.999983 0.00103083 -0.00571442 -0.00102217 0.999999 0.00154787 0.00571659 -0.00154213 0.999983 0.372137 0.188526 0.0718432
FixedParameters: 0 0 0

#Transform 156
Transform: AffineTransform_float_3_3
Parameters: 0.999986 0.00132945 -0.00515657 -0.00131955 0.999998 0.00183483 0.00515942 -0.00182817 0.999985 0.306086 0.164763 0.0813958
FixedParameters: 0 0 0

#Transform 157
Transform: AffineTransform_float_3_3
Parameters: 0.999985 0.00139797 -0.00528911 -0.00138702 0.999997 0.00207837 0.00529189 -0.00207063 0.999984 0.297932 0.156059 0.0760938
FixedParameters: 0 0 0

#Transform 158
Transform: AffineTransform_float_3_3
Parameters: 0.999986 0.00133048 -0.00513232 -0.00132352 0.999999 0.00126581 0.00513468 -0.00125919 0.999986 0.285654 0.209598 0.0595047
FixedParameters: 0 0 0

#Transform 159
Transform: AffineTransform_float_3_3
Parameters: 0.999987 0.0013943 -0.00490093 -0.0013877 0.999998 0.00149282 0.00490307 -0.00148618 0.999987 0.282006 0.192144 0.0561912
FixedParameters: 0 0 0

#Transform 160
Transform: AffineTransform_float_3_3
Parameters: 0.999988 0.00139478 -0.00484777 -0.00138723 0.999997 0.00160674 0.00485023 -0.00160025 0.999987 0.276965 0.171027 0.0534438
FixedParameters: 0 0 0

#Transform 161
Transform: AffineTransform_float_3_3
Parameters: 0.999988 0.00126583 -0.00486923 -0.00125917 0.999998 0.00140515 0.00487177 -0.00139885 0.999987 0.289905 0.198798 0.0449352
FixedParameters: 0 0 0

#Transform 162
Transform: AffineTransform_float_3_3
Parameters: 0.999987 0.00139313 -0.00477821 -0.00138687 0.999998 0.00128564 0.00477978 -0.00127936 0.999988 0.279194 0.18991 0.0935743
FixedParameters: 0 0 0

#Transform 163
Transform: AffineTransform_float_3_3
Parameters: 0.999988 0.00133052 -0.00486013 -0.00132048 0.999997 0.00216644 0.00486287 -0.00216056 0.999986 0.270098 0.152675 0.0811405
FixedParameters: 0 0 0

#Transform 164
Transform: AffineTransform_float_3_3
Parameters: 0.999987 0.0013947 -0.0048608 -0.0013873 0.999998 0.00158676 0.0048632 -0.00158024 0.999987 0.278209 0.179208 0.0723381
FixedParameters: 0 0 0

#Transform 165
Transform: AffineTransform_float_3_3
Parameters: 0.999987 0.00105589 -0.00486151 -0.00104911 0.999999 0.00142012 0.00486349 -0.00141488 0.999987 0.284586 0.189825 0.0747561
FixedParameters: 0 0 0

#Transform 166
Transform: AffineTransform_float_3_3
Parameters: 0.999988 0.00091755 -0.00486102 -0.000906448 0.999997 0.00217243 0.00486298 -0.00216756 0.999986 0.270155 0.158878 0.0924757
FixedParameters: 0 0 0

#Transform 167
Transform: AffineTransform_float_3_3
Parameters: 0.999986 0.000746865 -0.00524046 -0.000736136 0.999997 0.00207489 0.00524154 -0.00207111 0.999984 0.309931 0.159304 0.0712264
FixedParameters: 0 0 0

#Transform 168
Transform: AffineTransform_float_3_3
Parameters: 0.999983 0.000916422 -0.0057285 -0.000906584 0.999998 0.00164622 0.0057295 -0.00164178 0.999982 0.341886 0.179845 0.0651979
FixedParameters: 0 0 0

#Transform 169
Transform: AffineTransform_float_3_3
Parameters: 0.999982 0.00109498 -0.00593708 -0.00109002 0.999999 0.000842487 0.00593792 -0.000835513 0.999982 0.325746 0.172383 0.140439
FixedParameters: 0 0 0

#Transform 170
Transform: AffineTransform_float_3_3
Parameters: 0.999984 0.000917568 -0.00555126 -0.00090643 0.999998 0.00190606 0.00555374 -0.00190093 0.999983 0.313707 0.12719 0.145951
FixedParameters: 0 0 0

#Transform 171
Transform: AffineTransform_float_3_3
Parameters: 0.999989 0.000682014 -0.00450724 -0.000676985 0.999999 0.00111406 0.00450776 -0.00111094 0.999989 0.269652 0.201462 0.086234
FixedParameters: 0 0 0

#Transform 172
Transform: AffineTransform_float_3_3
Parameters: 0.999988 0.000781749 -0.00486192 -0.000775251 0.999998 0.00138979 0.00486308 -0.00138622 0.999987 0.283955 0.180572 0.105803
FixedParameters: 0 0 0

#Transform 173
Transform: AffineTransform_float_3_3
Parameters: 0.99999 0.000911956 -0.00420693 -0.000907044 0.999999 0.00117983 0.00420807 -0.00117617 0.999991 0.250142 0.192065 0.0699344
FixedParameters: 0 0 0

#Transform 174
Transform: AffineTransform_float_3_3
Parameters: 0.999988 0.000912843 -0.00486191 -0.000907154 0.999999 0.00120443 0.00486309 -0.00119958 0.999988 0.289403 0.19701 0.0608882
FixedParameters: 0 0 0

#Transform 175
Transform: AffineTransform_float_3_3
Parameters: 0.999988 0.00103762 -0.0046413 -0.00103038 0.999998 0.0016448 0.0046427 -0.0016392 0.999988 0.259051 0.161816 0.0954897
FixedParameters: 0 0 0

#Transform 176
Transform: AffineTransform_float_3_3
Parameters: 0.999987 0.00119219 -0.00486173 -0.00118681 0.999998 0.00107078 0.00486327 -0.00106521 0.999987 0.276184 0.197079 0.0949235
FixedParameters: 0 0 0

#Transform 177
Transform: AffineTransform_float_3_3
Parameters: 0.99999 0.00119549 -0.00414242 -0.00119051 0.999999 0.00132794 0.00414358 -0.00132306 0.99999 0.229123 0.188661 0.0995504
FixedParameters: 0 0 0

#Transform 178
Transform: AffineTransform_float_3_3
Parameters: 0.999991 0.000706316 -0.00414276 -0.000698685 0.999998 0.00176691 0.00414424 -0.00176409 0.99999 0.230918 0.173404 0.093251
FixedParameters: 0 0 0

#Transform 179
Transform: AffineTransform_float_3_3
Parameters: 0.99999 0.00043452 -0.00428754 -0.000429477 1 0.00105585 0.00428745 -0.00105315 0.999991 0.271298 0.217177 0.0733416
FixedParameters: 0 0 0
