#Insight Transform File V1.0
#Transform 0
Transform: AffineTransform_float_3_3
Parameters: 1 0.000216043 -3.5741e-05 -0.000215958 1 0.00119901 3.5259e-05 -0.00119899 1 -0.0560964 -0.110124 -0.352658
FixedParameters: 0 0 0

#Transform 1
Transform: AffineTransform_float_3_3
Parameters: 0.999999 0.00157429 -0.00074861 -0.00157671 0.999996 -0.00229082 0.000744389 0.00229218 0.999997 0.134293 0.331858 -0.165909
FixedParameters: 0 0 0

#Transform 2
Transform: AffineTransform_float_3_3
Parameters: 0.999999 0.000727578 0.000751595 -0.000723425 0.999982 -0.00607355 -0.000755408 0.00607346 0.999982 0.0971815 0.70141 -0.347753
FixedParameters: 0 0 0

#Transform 3
Transform: AffineTransform_float_3_3
Parameters: 0.999999 0.000459521 0.000673286 -0.000456479 0.999993 -0.00374031 -0.000674712 0.00373969 0.999993 0.0547877 0.492183 -0.192452
FixedParameters: 0 0 0

#Transform 4
Transform: AffineTransform_float_3_3
Parameters: 0.999995 -0.00109924 0.00296928 0.00109976 1 -0.000253736 -0.00296872 0.000257265 0.999995 0.0647429 0.40239 -0.571114
FixedParameters: 0 0 0

#Transform 5
Transform: AffineTransform_float_3_3
Parameters: 0.999999 -0.000610556 0.00110514 0.000608442 0.999999 0.00140867 -0.00110686 -0.00140733 0.999999 0.0228112 -0.0287266 0.15802
FixedParameters: 0 0 0

#Transform 6
Transform: AffineTransform_float_3_3
Parameters: 0.999999 -0.00046265 0.00129941 0.000460348 0.999999 0.0012706 -0.00130059 -0.0012694 0.999999 -0.00295825 0.094243 -0.0172487
FixedParameters: 0 0 0

#Transform 7
Transform: AffineTransform_float_3_3
Parameters: 0.999998 5.20776e-05 0.001688 -5.19223e-05 1 -4.60877e-05 -0.001688 4.59121e-05 0.999998 -0.0350742 0.219059 -0.0606326
FixedParameters: 0 0 0

#Transform 8
Transform: AffineTransform_float_3_3
Parameters: 0.999999 -9.48524e-05 0.00151695 9.41473e-05 1 0.000562143 -0.00151705 -0.000561856 0.999998 0.0157529 0.216923 -0.140539
FixedParameters: 0 0 0

#Transform 9
Transform: AffineTransform_float_3_3
Parameters: 0.999999 -2.25017e-05 0.00133799 2.14982e-05 1 0.000375029 -0.00133801 -0.00037497 0.999999 0.00766254 0.248749 -0.133918
FixedParameters: 0 0 0

#Transform 10
Transform: AffineTransform_float_3_3
Parameters: 0.999999 0.000252034 0.00127599 -0.000251965 1 -2.73215e-05 -0.00127601 2.66784e-05 0.999999 0.0158862 0.257174 -0.142422
FixedParameters: 0 0 0

#Transform 11
Transform: AffineTransform_float_3_3
Parameters: 0.999999 0.000395547 0.00117615 -0.000393451 0.999997 -0.00216546 -0.00117785 0.00216453 0.999997 0.000296931 0.36904 -0.0723431
FixedParameters: 0 0 0

#Transform 12
Transform: AffineTransform_float_3_3
Parameters: 0.999996 0.00183066 0.00210783 -0.00182734 0.999997 -0.00173786 -0.00211118 0.00173414 0.999997 -0.0882493 0.404947 -0.156364
FixedParameters: 0 0 0

#Transform 13
Transform: AffineTransform_float_3_3
Parameters: 0.999999 0.000833169 0.00160888 -0.000830833 0.999998 -0.00134734 -0.00161012 0.00134666 0.999998 -0.0196902 0.318704 -0.0703983
FixedParameters: 0 0 0

#Transform 14
Transform: AffineTransform_float_3_3
Parameters: 0.999999 0.000745171 0.00104259 -0.000745829 1 0.000794223 -0.00104241 -0.000795778 0.999999 0.0418251 0.167797 -0.0640703
FixedParameters: 0 0 0

#Transform 15
Transform: AffineTransform_float_3_3
Parameters: 0.999998 0.00169114 0.000222916 -0.00169086 0.999999 -0.000641378 -0.000224083 0.000640622 1 0.0882833 0.296031 -0.099713
FixedParameters: 0 0 0

#Transform 16
Transform: AffineTransform_float_3_3
Parameters: 1 0.000617672 -0.000321712 -0.000617329 0.999997 0.0020862 0.000322288 -0.0020858 0.999998 0.142087 0.0602287 -0.00605025
FixedParameters: 0 0 0

#Transform 17
Transform: AffineTransform_float_3_3
Parameters: 0.999999 6.51248e-05 -0.000863915 -6.4875e-05 0.999999 0.00130206 0.000864085 -0.00130194 0.999999 0.186054 0.121794 -0.0187504
FixedParameters: 0 0 0

#Transform 18
Transform: AffineTransform_float_3_3
Parameters: 1 0.000582007 -2.18039e-05 -0.000581992 1 0.000337013 2.21961e-05 -0.000336987 1 0.121423 0.198469 -0.0454053
FixedParameters: 0 0 0

#Transform 19
Transform: AffineTransform_float_3_3
Parameters: 0.999998 0.00159627 -0.000486099 -0.00159572 0.999998 0.000564776 0.000486901 -0.000564223 0.999999 0.163057 0.214069 -0.112219
FixedParameters: 0 0 0

#Transform 20
Transform: AffineTransform_float_3_3
Parameters: 1 -0.000976238 -0.000629083 0.000974762 0.999997 -0.00196561 0.000630917 0.00196538 0.999998 0.241618 0.30941 -0.0196385
FixedParameters: 0 0 0

#Transform 21
Transform: AffineTransform_float_3_3
Parameters: 1 0.000289753 -0.000459788 -0.000291248 0.999997 -0.00271487 0.000459211 0.00271513 0.999996 0.155142 0.427659 -0.0890907
FixedParameters: 0 0 0

#Transform 22
Transform: AffineTransform_float_3_3
Parameters: 0.999999 0.000837951 -5.77206e-05 -0.00083805 1 -0.000859952 5.72792e-05 0.000860048 0.999999 0.121134 0.281896 -0.0283627
FixedParameters: 0 0 0

#Transform 23
Transform: AffineTransform_float_3_3
Parameters: 0.999999 0.00128259 -0.000556947 -0.00128241 0.999999 -0.000738286 0.000556053 0.000738714 0.999999 0.169577 0.281538 -0.0467128
FixedParameters: 0 0 0

#Transform 24
Transform: AffineTransform_float_3_3
Parameters: 1 0.00116931 0.000121086 -0.00116869 0.999996 -0.00249214 -0.000124913 0.00249186 0.999997 0.0791691 0.423154 -0.0722029
FixedParameters: 0 0 0

#Transform 25
Transform: AffineTransform_float_3_3
Parameters: 0.999999 0.00131422 0.000128822 -0.00131379 0.999998 -0.00165717 -0.000130177 0.00165683 0.999998 0.0570192 0.308395 -0.0210425
FixedParameters: 0 0 0

#Transform 26
Transform: AffineTransform_float_3_3
Parameters: 0.999998 0.00202933 0.000182635 -0.00202967 0.999991 0.00376164 -0.000175367 -0.00376136 0.999993 -0.0422619 -0.506511 1.21536
FixedParameters: 0 0 0

#Transform 27
Transform: AffineTransform_float_3_3
Parameters: 0.999998 0.00187591 8.00991e-05 -0.00187609 0.999997 0.00111885 -7.79025e-05 -0.00111815 1 0.014741 -0.199192 0.814711
FixedParameters: 0 0 0

#Transform 28
Transform: AffineTransform_float_3_3
Parameters: 0.999999 0.00146303 7.7343e-05 -0.00146296 0.999999 -0.000449114 -7.86568e-05 0.000448885 1 0.0112046 -0.0162637 0.57835
FixedParameters: 0 0 0

#Transform 29
Transform: AffineTransform_float_3_3
Parameters: 0.999999 0.00124022 0.000139086 -0.00124078 0.999998 -0.00154317 -0.000140915 0.00154283 0.999999 0.0421562 0.0908277 0.553638
FixedParameters: 0 0 0

#Transform 30
Transform: AffineTransform_float_3_3
Parameters: 1 0.00038772 0.000324959 -0.00038628 0.999986 -0.00527613 -0.000327043 0.00527587 0.999986 0.0734583 0.397287 0.320509
FixedParameters: 0 0 0

#Transform 31
Transform: AffineTransform_float_3_3
Parameters: 1 0.00045162 -0.000110562 -0.000452381 0.999994 -0.00345695 0.000109437 0.00345705 0.999994 0.128444 0.32784 0.147553
FixedParameters: 0 0 0

#Transform 32
Transform: AffineTransform_float_3_3
Parameters: 1 0.000467607 0.00049649 -0.000466394 0.999994 -0.00323323 -0.00049751 0.00323277 0.999994 0.0779667 0.335942 0.115787
FixedParameters: 0 0 0

#Transform 33
Transform: AffineTransform_float_3_3
Parameters: 0.99999 0.00320134 -0.00309719 -0.00321466 0.999985 -0.00441609 0.00308282 0.00442592 0.999986 0.425114 0.481464 0.0464135
FixedParameters: 0 0 0

#Transform 34
Transform: AffineTransform_float_3_3
Parameters: 0.999995 0.0021105 -0.00201279 -0.0021165 0.999994 -0.00273575 0.00200721 0.00274025 0.999994 0.262975 0.321569 0.130898
FixedParameters: 0 0 0

#Transform 35
Transform: AffineTransform_float_3_3
Parameters: 0.999998 0.00159622 -0.000186811 -0.00159678 0.999989 -0.00426571 0.000180189 0.00426629 0.999991 0.069305 0.488727 0.0366915
FixedParameters: 0 0 0

#Transform 36
Transform: AffineTransform_float_3_3
Parameters: 0.999999 0.00152232 -0.000160623 -0.00152368 0.99999 -0.00434976 0.000153373 0.00435024 0.999991 0.043397 0.4972 0.018814
FixedParameters: 0 0 0

#Transform 37
Transform: AffineTransform_float_3_3
Parameters: 0.999999 0.00174622 -0.00057167 -0.00174978 0.999976 -0.00667502 0.000560332 0.00667599 0.999978 0.0988896 0.705629 -0.0554084
FixedParameters: 0 0 0

#Transform 38
Transform: AffineTransform_float_3_3
Parameters: 0.999999 0.00113512 -0.000864783 -0.00114388 0.999946 -0.010339 0.000853219 0.01034 0.999946 0.143046 0.960939 -0.0987262
FixedParameters: 0 0 0

#Transform 39
Transform: AffineTransform_float_3_3
Parameters: 1 0.00114518 0.000131046 -0.00114382 0.999961 -0.00869615 -0.000140953 0.00869684 0.999962 0.0237997 0.861024 -0.108379
FixedParameters: 0 0 0

#Transform 40
Transform: AffineTransform_float_3_3
Parameters: 0.99999 0.00188914 0.00400116 -0.00182887 0.999886 -0.0149805 -0.00402884 0.0149735 0.99988 -0.199173 1.39261 -0.337892
FixedParameters: 0 0 0

#Transform 41
Transform: AffineTransform_float_3_3
Parameters: 0.999994 0.00187195 0.00271526 -0.00184305 0.999942 -0.0106261 -0.00273473 0.0106209 0.99994 -0.152026 1.00997 -0.0437222
FixedParameters: 0 0 0

#Transform 42
Transform: AffineTransform_float_3_3
Parameters: 0.999997 0.00198206 0.00152232 -0.00197994 0.999997 -0.00135502 -0.00152468 0.00135198 0.999998 -0.140816 0.150448 0.493724
FixedParameters: 0 0 0

#Transform 43
Transform: AffineTransform_float_3_3
Parameters: 0.999998 0.00162793 0.000118949 -0.00162807 0.999998 0.000582807 -0.000118051 -0.000583193 1 -0.00738159 0.0381619 0.323058
FixedParameters: 0 0 0

#Transform 44
Transform: AffineTransform_float_3_3
Parameters: 0.999999 0.00149367 -0.000222224 -0.00149433 0.999998 -0.00148867 0.000219775 0.00148933 0.999999 0.0321286 0.250279 0.14753
FixedParameters: 0 0 0

#Transform 45
Transform: AffineTransform_float_3_3
Parameters: 0.999998 0.00114372 0.00120627 -0.00114428 1 0.00023462 -0.00120573 -0.000235379 0.999999 -0.0734041 0.13391 0.241679
FixedParameters: 0 0 0

#Transform 46
Transform: AffineTransform_float_3_3
Parameters: 0.999999 0.00114445 0.000756316 -0.00114355 0.999999 -0.000597865 -0.000756683 0.000597134 0.999999 -0.0142979 0.205321 0.179829
FixedParameters: 0 0 0

#Transform 47
Transform: AffineTransform_float_3_3
Parameters: 0.999999 0.00114489 0.00104202 -0.00114411 0.999999 -0.000853193 -0.00104298 0.000851807 0.999999 -0.0525188 0.227072 0.178161
FixedParameters: 0 0 0

#Transform 48
Transform: AffineTransform_float_3_3
Parameters: 0.999999 0.0011454 0.00104147 -0.0011436 0.999999 -0.00134019 -0.00104253 0.00133881 0.999998 -0.0403027 0.264602 0.158254
FixedParameters: 0 0 0

#Transform 49
Transform: AffineTransform_float_3_3
Parameters: 1 0.000921587 0.000516956 -0.000921414 0.999999 -0.00113348 -0.000518044 0.00113252 0.999999 0.00465985 0.250556 0.112265
FixedParameters: 0 0 0

#Transform 50
Transform: AffineTransform_float_3_3
Parameters: 1 0.000936864 0.000718875 -0.000936136 0.999999 -0.00120167 -0.000720125 0.00120033 0.999999 -0.0174197 0.279003 0.124721
FixedParameters: 0 0 0

#Transform 51
Transform: AffineTransform_float_3_3
Parameters: 0.999999 0.000779612 0.000517077 -0.000779387 0.999999 -0.0011844 -0.000517923 0.0011836 0.999999 -0.0187376 0.268005 0.169586
FixedParameters: 0 0 0

#Transform 52
Transform: AffineTransform_float_3_3
Parameters: 0.999999 0.000781663 0.000961842 -0.000779337 0.999996 -0.00276575 -0.000964159 0.00276525 0.999995 -0.0501015 0.39863 0.0814053
FixedParameters: 0 0 0

#Transform 53
Transform: AffineTransform_float_3_3
Parameters: 0.999999 0.000781097 0.000709698 -0.000779901 0.999996 -0.00295156 -0.000712304 0.00295045 0.999996 -0.0148898 0.411627 0.0708278
FixedParameters: 0 0 0

#Transform 54
Transform: AffineTransform_float_3_3
Parameters: 1 0.000865919 0.000759819 -0.00086408 0.999996 -0.00252266 -0.000762183 0.00252234 0.999997 -0.00835773 0.381215 0.0908503
FixedParameters: 0 0 0

#Transform 55
Transform: AffineTransform_float_3_3
Parameters: 0.999999 0.000780729 0.000515391 -0.000779273 0.999994 -0.0033454 -0.00051761 0.0033456 0.999995 0.00278132 0.439519 0.0833246
FixedParameters: 0 0 0

#Transform 56
Transform: AffineTransform_float_3_3
Parameters: 0.999999 0.0014545 -0.000277642 -0.0014545 0.999998 -0.0018156 0.000274359 0.0018164 0.999999 0.10332 0.386862 0.0528184
FixedParameters: 0 0 0

#Transform 57
Transform: AffineTransform_float_3_3
Parameters: 0.999999 0.0014353 -0.000587712 -0.0014357 0.999999 -0.00119216 0.000585288 0.00119284 0.999999 0.121524 0.284434 0.138058
FixedParameters: 0 0 0

#Transform 58
Transform: AffineTransform_float_3_3
Parameters: 0.999998 0.00143471 -0.00133539 -0.00143629 0.999999 -0.000968084 0.00133461 0.000969917 0.999998 0.176482 0.246027 0.116276
FixedParameters: 0 0 0

#Transform 59
Transform: AffineTransform_float_3_3
Parameters: 1 0.000759835 -0.000866026 -0.000770166 0.99993 -0.0117993 0.000856973 0.0117997 0.99993 0.127155 1.11086 -0.181866
FixedParameters: 0 0 0

#Transform 60
Transform: AffineTransform_float_3_3
Parameters: 0.999998 0.000782011 0.00173965 -0.000769987 0.999976 -0.00689435 -0.00174535 0.00689265 0.999974 -0.0508422 0.777384 -0.0349241
FixedParameters: 0 0 0

#Transform 61
Transform: AffineTransform_float_3_3
Parameters: 0.999999 0.000174832 0.000914905 -0.000168167 0.999979 -0.00637116 -0.00091609 0.00637084 0.99998 0.0251475 0.770491 -0.101193
FixedParameters: 0 0 0

#Transform 62
Transform: AffineTransform_float_3_3
Parameters: 1 -0.000217773 0.000376298 0.000220231 0.999983 -0.00592792 -0.000375701 0.00592809 0.999983 0.0608959 0.700151 -0.0665864
FixedParameters: 0 0 0

#Transform 63
Transform: AffineTransform_float_3_3
Parameters: 1 0.00029583 -0.000593604 -0.000300164 0.999962 -0.00872782 0.000590402 0.00872817 0.999961 0.120005 0.912172 -0.138119
FixedParameters: 0 0 0

#Transform 64
Transform: AffineTransform_float_3_3
Parameters: 1 0.000725224 0.000892197 -0.000722776 0.999996 -0.00249065 -0.000893804 0.00249035 0.999997 -0.0364128 0.366125 0.084483
FixedParameters: 0 0 0

#Transform 65
Transform: AffineTransform_float_3_3
Parameters: 0.999999 0.000724267 -0.000272657 -0.000722736 0.999989 0.0046192 0.000275342 -0.0046198 0.99999 0.0303817 -0.204985 0.319559
FixedParameters: 0 0 0

#Transform 66
Transform: AffineTransform_float_3_3
Parameters: 0.999999 0.000303324 -0.000673854 -0.000302676 1 0.000481204 0.000674145 -0.000480795 0.999999 0.0562241 0.108361 0.214621
FixedParameters: 0 0 0

#Transform 67
Transform: AffineTransform_float_3_3
Parameters: 0.999998 7.85767e-05 -0.00225212 -8.14228e-05 0.999999 -0.00151982 0.00225188 0.00152018 0.999997 0.237782 0.294965 0.131214
FixedParameters: 0 0 0

#Transform 68
Transform: AffineTransform_float_3_3
Parameters: 0.999999 0.000301346 -0.000879568 -0.000302655 0.999998 -0.00188073 0.000879432 0.00188127 0.999998 0.105303 0.329459 0.112055
FixedParameters: 0 0 0

#Transform 69
Transform: AffineTransform_float_3_3
Parameters: 0.999999 0.000654878 -0.000475548 -0.000656122 0.999997 -0.00236169 0.000474451 0.00236231 0.999997 0.0600974 0.370008 0.102197
FixedParameters: 0 0 0

#Transform 70
Transform: AffineTransform_float_3_3
Parameters: 0.999999 0.000708122 -0.000504235 -0.000708877 0.999998 -0.00174264 0.000502765 0.00174336 0.999999 0.0431026 0.314792 0.119197
FixedParameters: 0 0 0

#Transform 71
Transform: AffineTransform_float_3_3
Parameters: 1 0.000512135 -0.000371197 -0.000512865 0.999997 -0.00233481 0.000369803 0.00233519 0.999997 0.045255 0.357178 0.095454
FixedParameters: 0 0 0

#Transform 72
Transform: AffineTransform_float_3_3
Parameters: 0.999999 0.000778249 -0.000371576 -0.000778751 0.999997 -0.00202371 0.000370424 0.00202429 0.999998 0.0471077 0.334596 0.108641
FixedParameters: 0 0 0

#Transform 73
Transform: AffineTransform_float_3_3
Parameters: 0.999999 0.000719369 -0.000294546 -0.000719632 0.999998 -0.00214879 0.000293454 0.00214921 0.999997 0.0438137 0.351865 0.070641
FixedParameters: 0 0 0

#Transform 74
Transform: AffineTransform_float_3_3
Parameters: 0.999999 0.000697906 -0.000372059 -0.000699094 0.999996 -0.00294774 0.00036994 0.00294826 0.999995 0.0446038 0.402206 0.0981923
FixedParameters: 0 0 0

#Transform 75
Transform: AffineTransform_float_3_3
Parameters: 0.999999 0.000907653 -0.000122594 -0.000907348 0.999996 -0.00285789 0.000120407 0.00285811 0.999996 0.0225179 0.392979 0.105196
FixedParameters: 0 0 0

#Transform 76
Transform: AffineTransform_float_3_3
Parameters: 0.999999 0.000827923 -0.000372403 -0.000829079 0.999996 -0.00290069 0.000370596 0.00290131 0.999995 0.0358148 0.415379 0.0960341
FixedParameters: 0 0 0

#Transform 77
Transform: AffineTransform_float_3_3
Parameters: 1 0.000976934 -0.000372806 -0.000978068 0.999996 -0.00287064 0.000370193 0.00287136 0.999996 0.0386593 0.414188 0.0907738
FixedParameters: 0 0 0

#Transform 78
Transform: AffineTransform_float_3_3
Parameters: 0.999999 0.000765814 -0.000372447 -0.000766186 0.999994 -0.00319271 0.000370555 0.00319328 0.999995 0.0502082 0.441414 0.0875753
FixedParameters: 0 0 0

#Transform 79
Transform: AffineTransform_float_3_3
Parameters: 0.999993 -0.00165302 0.00317283 0.00164498 0.999996 0.00252724 -0.00317716 -0.00252276 0.999992 0.0296983 0.27124 -0.210909
FixedParameters: 0 0 0

#Transform 80
Transform: AffineTransform_float_3_3
Parameters: 0.999996 -0.00105258 0.00256049 0.00107343 0.999968 -0.00798828 -0.0025525 0.00799172 0.999965 -0.0535041 0.802985 0.128392
FixedParameters: 0 0 0

#Transform 81
Transform: AffineTransform_float_3_3
Parameters: 0.999995 -0.00270006 0.00174236 0.00270794 0.999986 -0.00456931 -0.00173064 0.0045747 0.999988 -0.0987988 0.346618 1.01462
FixedParameters: 0 0 0

#Transform 82
Transform: AffineTransform_float_3_3
Parameters: 0.999999 -0.00141361 0.000402401 0.0014124 0.999991 0.00396357 -0.000407602 -0.00396343 0.999992 0.07216 -0.298513 0.781382
FixedParameters: 0 0 0

#Transform 83
Transform: AffineTransform_float_3_3
Parameters: 0.999999 -0.000187526 0.000915303 0.000189474 0.999998 -0.00160983 -0.000915696 0.00161017 0.999999 0.017801 0.24641 0.331179
FixedParameters: 0 0 0

#Transform 84
Transform: AffineTransform_float_3_3
Parameters: 0.999999 -0.000905506 0.00125752 0.000908491 0.999995 -0.00277986 -0.00125448 0.00278114 0.999996 -0.0526285 0.396857 0.218668
FixedParameters: 0 0 0

#Transform 85
Transform: AffineTransform_float_3_3
Parameters: 0.999999 -0.000929528 0.00110079 0.000933473 0.999992 -0.00406898 -0.00109721 0.00407003 0.999991 -0.0352302 0.534012 0.137043
FixedParameters: 0 0 0

#Transform 86
Transform: AffineTransform_float_3_3
Parameters: 0.999998 -0.000900485 0.00166763 0.000908512 0.999986 -0.00511249 -0.00166238 0.0051135 0.999985 -0.0901247 0.63249 0.11065
FixedParameters: 0 0 0

#Transform 87
Transform: AffineTransform_float_3_3
Parameters: 0.999998 -0.0011355 0.00152736 0.0011445 0.999984 -0.00557426 -0.00152064 0.00557574 0.999984 -0.0810026 0.678451 0.0876991
FixedParameters: 0 0 0

#Transform 88
Transform: AffineTransform_float_3_3
Parameters: 0.999999 -0.00114315 -0.000891168 0.00113685 0.999976 -0.00687002 0.000898831 0.00686898 0.999976 0.0868815 0.812388 0.0125772
FixedParameters: 0 0 0

#Transform 89
Transform: AffineTransform_float_3_3
Parameters: 1 -0.000812605 -0.000833612 0.000805392 0.999968 -0.00789267 0.000840383 0.00789231 0.999968 0.0767958 0.909083 -0.0612107
FixedParameters: 0 0 0

#Transform 90
Transform: AffineTransform_float_3_3
Parameters: 1 -0.000375819 2.57919e-05 0.000375183 0.999973 -0.007427 -2.32142e-05 0.00742701 0.999973 0.0260136 0.85097 0.00544857
FixedParameters: 0 0 0

#Transform 91
Transform: AffineTransform_float_3_3
Parameters: 1 -0.000152903 -0.000289001 0.000151097 0.999979 -0.00657205 0.000289999 0.00657196 0.999979 0.0456609 0.790035 0.014657
FixedParameters: 0 0 0

#Transform 92
Transform: AffineTransform_float_3_3
Parameters: 0.999999 0.000508247 -0.000518711 -0.000510754 0.999985 -0.00532073 0.00051629 0.00532026 0.999985 0.0354077 0.659382 0.0680409
FixedParameters: 0 0 0

#Transform 93
Transform: AffineTransform_float_3_3
Parameters: 1 0.000324325 -0.000140568 -0.000325672 0.999989 -0.00482996 0.000138429 0.00483005 0.999989 0.0113554 0.636063 0.081253
FixedParameters: 0 0 0

#Transform 94
Transform: AffineTransform_float_3_3
Parameters: 1 5.00978e-05 -0.000224203 -5.09014e-05 0.999992 -0.00402599 0.000223797 0.00402601 0.999992 0.0213839 0.56489 0.0849292
FixedParameters: 0 0 0

#Transform 95
Transform: AffineTransform_float_3_3
Parameters: 1 0.0001787 -6.08874e-05 -0.0001793 0.999987 -0.00496199 6.0111e-05 0.00496201 0.999987 0.00612723 0.631745 0.0733111
FixedParameters: 0 0 0

#Transform 96
Transform: AffineTransform_float_3_3
Parameters: 1 0.00029867 0.000178886 -0.000298329 0.999993 -0.00373505 -0.000180115 0.00373495 0.999993 -0.0217482 0.54773 0.0818382
FixedParameters: 0 0 0

#Transform 97
Transform: AffineTransform_float_3_3
Parameters: 1 0.000378956 -0.000475636 -0.000381045 0.99999 -0.00430482 0.000474364 0.00430518 0.99999 0.031849 0.587739 0.112185
FixedParameters: 0 0 0

#Transform 98
Transform: AffineTransform_float_3_3
Parameters: 0.999999 0.000473707 -0.000778014 -0.000477293 0.999991 -0.00423763 0.000775984 0.00423737 0.99999 0.0534296 0.556048 0.122634
FixedParameters: 0 0 0

#Transform 99
Transform: AffineTransform_float_3_3
Parameters: 0.999999 0.000731805 -0.000255449 -0.000732192 0.999988 -0.00470881 0.000251555 0.00470918 0.999989 0.0195851 0.623002 0.0711637
FixedParameters: 0 0 0

#Transform 100
Transform: AffineTransform_float_3_3
Parameters: 1 0.000502197 -0.000175318 -0.000502806 0.999989 -0.00461192 0.000173683 0.00461209 0.99999 0.00909743 0.618658 0.0718596
FixedParameters: 0 0 0

#Transform 101
Transform: AffineTransform_float_3_3
Parameters: 1 0.00030698 -0.000183715 -0.000308021 0.999985 -0.00557695 0.000182285 0.00557706 0.999985 0.0297274 0.681584 0.085432
FixedParameters: 0 0 0

#Transform 102
Transform: AffineTransform_float_3_3
Parameters: 1 0.000741456 0.000740556 -0.000738542 0.999989 -0.00465655 -0.000744447 0.00465545 0.999989 -0.0398317 0.615835 0.105401
FixedParameters: 0 0 0

#Transform 103
Transform: AffineTransform_float_3_3
Parameters: 0.999999 9.54995e-05 0.000925256 -8.85024e-05 0.999967 -0.00810208 -0.000925747 0.00810191 0.999966 -0.0247498 0.908086 -0.0516824
FixedParameters: 0 0 0

#Transform 104
Transform: AffineTransform_float_3_3
Parameters: 1 0.000329845 0.00103985 -0.000322154 0.999979 -0.00657634 -0.00104214 0.00657566 0.999978 -0.0948033 0.693365 0.229658
FixedParameters: 0 0 0

#Transform 105
Transform: AffineTransform_float_3_3
Parameters: 0.999998 0.000495278 0.00158583 -0.000484721 0.999979 -0.00647478 -0.00158917 0.00647422 0.999978 -0.151635 0.708464 0.197918
FixedParameters: 0 0 0

#Transform 106
Transform: AffineTransform_float_3_3
Parameters: 0.999981 -0.00354353 0.00516956 0.00359147 0.99995 -0.00939663 -0.00513545 0.00941539 0.999943 -0.215458 1.04921 -0.274516
FixedParameters: 0 0 0

#Transform 107
Transform: AffineTransform_float_3_3
Parameters: 0.999975 -0.00387891 0.00589404 0.0038821 0.999993 -0.000514131 -0.00589196 0.000536868 0.999982 -0.508566 0.344765 0.459357
FixedParameters: 0 0 0

#Transform 108
Transform: AffineTransform_float_3_3
Parameters: 0.99999 -0.0025643 0.00385624 0.0025927 0.999969 -0.00745608 -0.00383676 0.00746592 0.999965 -0.322673 0.871429 0.0387852
FixedParameters: 0 0 0

#Transform 109
Transform: AffineTransform_float_3_3
Parameters: 0.999994 -0.00231054 0.00253127 0.00232445 0.999981 -0.00572315 -0.00251773 0.00572885 0.99998 -0.211158 0.724447 0.0611828
FixedParameters: 0 0 0

#Transform 110
Transform: AffineTransform_float_3_3
Parameters: 0.999992 -0.00251421 0.00329286 0.0025398 0.999966 -0.0078527 -0.00327315 0.00786129 0.999963 -0.271705 0.925716 -0.0170175
FixedParameters: 0 0 0

#Transform 111
Transform: AffineTransform_float_3_3
Parameters: 0.999991 -0.00262212 0.00352217 0.00264888 0.999967 -0.00764875 -0.00350183 0.00765826 0.999965 -0.287035 0.937325 -0.0338393
FixedParameters: 0 0 0

#Transform 112
Transform: AffineTransform_float_3_3
Parameters: 0.999989 -0.00268107 0.00390382 0.00271393 0.99996 -0.00845449 -0.00388118 0.00846449 0.999956 -0.288426 1.00267 -0.0404731
FixedParameters: 0 0 0

#Transform 113
Transform: AffineTransform_float_3_3
Parameters: 0.99999 -0.00219808 0.00372442 0.00222891 0.999963 -0.00831677 -0.00370558 0.00832522 0.999958 -0.297213 0.987311 -0.0242698
FixedParameters: 0 0 0

#Transform 114
Transform: AffineTransform_float_3_3
Parameters: 0.999991 -0.00221891 0.00357177 0.0022521 0.999955 -0.00928805 -0.00355123 0.00929597 0.999951 -0.277949 1.06414 -0.0505944
FixedParameters: 0 0 0

#Transform 115
Transform: AffineTransform_float_3_3
Parameters: 0.999991 -0.00204365 0.00369421 0.00207836 0.999955 -0.00931841 -0.00367578 0.0093266 0.99995 -0.301892 1.07702 -0.045231
FixedParameters: 0 0 0

#Transform 116
Transform: AffineTransform_float_3_3
Parameters: 0.999991 -0.00181951 0.00366084 0.00185249 0.999957 -0.0091663 -0.00364417 0.00917271 0.999952 -0.302533 1.06029 -0.030555
FixedParameters: 0 0 0

#Transform 117
Transform: AffineTransform_float_3_3
Parameters: 0.999994 -0.00172101 0.00299268 0.00174799 0.999957 -0.00903982 -0.00297731 0.00904517 0.999954 -0.233527 1.04443 -0.0521309
FixedParameters: 0 0 0

#Transform 118
Transform: AffineTransform_float_3_3
Parameters: 0.999994 -0.00133242 0.00298763 0.00135558 0.999968 -0.00790299 -0.00297738 0.00790701 0.999965 -0.265299 0.961719 -0.0315798
FixedParameters: 0 0 0

#Transform 119
Transform: AffineTransform_float_3_3
Parameters: 0.999994 -0.00177382 0.00274748 0.00179318 0.999974 -0.00699511 -0.00273452 0.00699989 0.999972 -0.195734 0.944236 -0.117635
FixedParameters: 0 0 0

#Transform 120
Transform: AffineTransform_float_3_3
Parameters: 0.999997 -0.00227855 0.00138502 0.00229045 0.999962 -0.00832586 -0.00136597 0.00832914 0.999965 -0.0376305 1.16327 -0.354661
FixedParameters: 0 0 0

#Transform 121
Transform: AffineTransform_float_3_3
Parameters: 0.999987 -0.00170291 0.00491269 0.00176709 0.999913 -0.0130705 -0.00489032 0.0130795 0.999903 -0.355845 1.52842 -0.327777
FixedParameters: 0 0 0

#Transform 122
Transform: AffineTransform_float_3_3
Parameters: 0.999977 -0.000212122 0.00675389 0.000289882 0.999934 -0.0115323 -0.0067511 0.0115337 0.99991 -0.580486 1.3875 -0.212812
FixedParameters: 0 0 0

#Transform 123
Transform: AffineTransform_float_3_3
Parameters: 0.999981 -0.00222149 0.00574397 0.00229051 0.999926 -0.0119481 -0.00571703 0.0119609 0.999912 -0.427661 1.34095 -0.265644
FixedParameters: 0 0 0

#Transform 124
Transform: AffineTransform_float_3_3
Parameters: 0.99997 -0.00663357 0.00414302 0.00667744 0.99992 -0.0108057 -0.00407099 0.0108333 0.999933 -0.102588 1.30006 -0.282175
FixedParameters: 0 0 0

#Transform 125
Transform: AffineTransform_float_3_3
Parameters: 0.999982 -0.00346394 0.0047715 0.00349206 0.999976 -0.00588544 -0.0047515 0.00590156 0.999972 -0.271637 0.940164 -0.100817
FixedParameters: 0 0 0

#Transform 126
Transform: AffineTransform_float_3_3
Parameters: 0.999959 -0.00504225 0.00754806 0.00508375 0.999972 -0.00552286 -0.00751995 0.00556015 0.999957 -0.391806 0.921247 -0.0641646
FixedParameters: 0 0 0

#Transform 127
Transform: AffineTransform_float_3_3
Parameters: 0.999968 -0.00415694 0.00674959 0.00419506 0.999976 -0.00563487 -0.00672541 0.00566314 0.999962 -0.373106 0.976351 -0.116382
FixedParameters: 0 0 0

#Transform 128
Transform: AffineTransform_float_3_3
Parameters: 0.999974 -0.00415783 0.00579086 0.00419516 0.99997 -0.00642086 -0.00576313 0.00644512 0.999962 -0.334235 0.995054 -0.118617
FixedParameters: 0 0 0

#Transform 129
Transform: AffineTransform_float_3_3
Parameters: 0.99998 -0.00325118 0.00544394 0.00328582 0.999974 -0.00639924 -0.00542305 0.00641776 0.999964 -0.326784 0.994393 -0.106474
FixedParameters: 0 0 0

#Transform 130
Transform: AffineTransform_float_3_3
Parameters: 0.999991 -0.0023749 0.0033297 0.0023941 0.99998 -0.00574307 -0.00331629 0.00575092 0.999978 -0.177734 0.904625 -0.108404
FixedParameters: 0 0 0

#Transform 131
Transform: AffineTransform_float_3_3
Parameters: 0.999993 -0.0025389 0.00259396 0.00254609 0.999993 -0.00273641 -0.00258603 0.00274258 0.999993 -0.129717 0.625881 -0.022209
FixedParameters: 0 0 0

#Transform 132
Transform: AffineTransform_float_3_3
Parameters: 0.99999 -0.00244135 0.003623 0.00246165 0.99998 -0.00570713 -0.003609 0.00571586 0.999977 -0.248975 0.848769 -0.0873511
FixedParameters: 0 0 0

#Transform 133
Transform: AffineTransform_float_3_3
Parameters: 0.999991 -0.00206891 0.0036936 0.00209308 0.999977 -0.00652933 -0.0036794 0.00653767 0.999972 -0.265767 0.937271 -0.102921
FixedParameters: 0 0 0

#Transform 134
Transform: AffineTransform_float_3_3
Parameters: 0.999993 -0.00223432 0.00307797 0.00224868 0.999987 -0.00444711 -0.00306802 0.00445389 0.999986 -0.224359 0.782686 -0.0782979
FixedParameters: 0 0 0

#Transform 135
Transform: AffineTransform_float_3_3
Parameters: 0.999993 -0.00260091 0.0024339 0.00261209 0.999986 -0.00456467 -0.00242109 0.00457133 0.999986 -0.155839 0.785307 -0.047004
FixedParameters: 0 0 0

#Transform 136
Transform: AffineTransform_float_3_3
Parameters: 0.99999 -0.00279832 0.00365638 0.00281768 0.999983 -0.00511475 -0.00364162 0.00512525 0.99998 -0.255145 0.816735 0.00458579
FixedParameters: 0 0 0

#Transform 137
Transform: AffineTransform_float_3_3
Parameters: 0.999995 -0.00228819 0.00241851 0.00229381 0.999994 -0.00240046 -0.00241349 0.00240654 0.999994 -0.181182 0.610236 0.00712988
FixedParameters: 0 0 0

#Transform 138
Transform: AffineTransform_float_3_3
Parameters: 0.999991 -0.00261215 0.00339206 0.00261985 0.999994 -0.00231113 -0.00338594 0.00231986 0.999991 -0.273066 0.579402 0.0274517
FixedParameters: 0 0 0

#Transform 139
Transform: AffineTransform_float_3_3
Parameters: 0.999992 -0.00221717 0.00338179 0.00222883 0.999992 -0.00349849 -0.00337422 0.00350551 0.999988 -0.265374 0.687633 0.00284563
FixedParameters: 0 0 0

#Transform 140
Transform: AffineTransform_float_3_3
Parameters: 0.999993 -0.00174043 0.00333307 0.00175157 0.999993 -0.00347219 -0.00332693 0.00347782 0.999989 -0.249818 0.672463 0.0458504
FixedParameters: 0 0 0

#Transform 141
Transform: AffineTransform_float_3_3
Parameters: 0.999994 -0.00218058 0.00277721 0.00219142 0.99999 -0.00375494 -0.00276878 0.00376106 0.999989 -0.215666 0.674831 0.0336463
FixedParameters: 0 0 0

#Transform 142
Transform: AffineTransform_float_3_3
Parameters: 0.999993 -0.00200906 0.00309478 0.00202094 0.99999 -0.00385977 -0.00308622 0.00386622 0.999988 -0.242647 0.694692 0.0151015
FixedParameters: 0 0 0

#Transform 143
Transform: AffineTransform_float_3_3
Parameters: 0.999994 -0.00185336 0.00313092 0.00186564 0.999992 -0.00371919 -0.00312408 0.00372482 0.999988 -0.252886 0.698086 0.0159187
FixedParameters: 0 0 0

#Transform 144
Transform: AffineTransform_float_3_3
Parameters: 0.999992 -0.00190197 0.00335485 0.00191402 0.999991 -0.0035856 -0.00334715 0.00359239 0.999988 -0.267995 0.680052 0.0121961
FixedParameters: 0 0 0

#Transform 145
Transform: AffineTransform_float_3_3
Parameters: 0.999994 -0.00178841 0.00296203 0.00179959 0.99999 -0.00391369 -0.00295498 0.00391831 0.999988 -0.223722 0.724174 -0.0107524
FixedParameters: 0 0 0

#Transform 146
Transform: AffineTransform_float_3_3
Parameters: 0.999994 -0.00180688 0.00318064 0.00182212 0.999987 -0.00475723 -0.00317136 0.00476276 0.999983 -0.258154 0.79153 -0.0319644
FixedParameters: 0 0 0

#Transform 147
Transform: AffineTransform_float_3_3
Parameters: 0.999993 -0.000616813 0.00369625 0.000636194 0.999987 -0.00519268 -0.00369374 0.00519431 0.999979 -0.311856 0.824698 -0.0303074
FixedParameters: 0 0 0

#Transform 148
Transform: AffineTransform_float_3_3
Parameters: 0.999995 -0.000471614 0.00289504 0.000483387 0.99999 -0.00427962 -0.00289296 0.00428038 0.999986 -0.240022 0.763062 -0.0223794
FixedParameters: 0 0 0

#Transform 149
Transform: AffineTransform_float_3_3
Parameters: 0.99999 -0.000282097 0.0044519 0.000350887 0.99988 -0.0154836 -0.0044461 0.0154854 0.99987 -0.0572738 1.70669 -0.510445
FixedParameters: 0 0 0

#Transform 150
Transform: AffineTransform_float_3_3
Parameters: 0.999959 -0.00326723 0.00845223 0.00331377 0.999979 -0.00552522 -0.00843377 0.00555278 0.999949 -0.387395 0.787292 0.0353472
FixedParameters: 0 0 0

#Transform 151
Transform: AffineTransform_float_3_3
Parameters: 0.999982 -0.00252338 0.00557597 0.00259462 0.999914 -0.0128738 -0.00554304 0.0128882 0.999901 -0.383974 1.46218 -0.251334
FixedParameters: 0 0 0

#Transform 152
Transform: AffineTransform_float_3_3
Parameters: 0.99999 -0.0023694 0.00393718 0.00241459 0.999932 -0.0113606 -0.00390981 0.0113704 0.999927 -0.254407 1.34097 -0.231172
FixedParameters: 0 0 0

#Transform 153
Transform: AffineTransform_float_3_3
Parameters: 0.999984 -0.00278606 0.00504278 0.00281794 0.999976 -0.0063379 -0.00502522 0.00635211 0.999967 -0.335434 0.920209 -0.108993
FixedParameters: 0 0 0

#Transform 154
Transform: AffineTransform_float_3_3
Parameters: 0.999978 -0.00221968 0.00624747 0.00227133 0.999963 -0.00821999 -0.00622952 0.008234 0.999946 -0.413209 1.13023 -0.187956
FixedParameters: 0 0 0

#Transform 155
Transform: AffineTransform_float_3_3
Parameters: 0.999983 -0.0023116 0.00548309 0.0023264 0.999994 -0.00262129 -0.00547691 0.00263371 0.999981 -0.33269 0.752358 -0.228154
FixedParameters: 0 0 0

#Transform 156
Transform: AffineTransform_float_3_3
Parameters: 0.999997 -0.00214699 0.00042413 0.00214401 0.999973 0.00693092 -0.000438869 -0.00693007 0.999976 0.0811082 0.110005 -0.275504
FixedParameters: 0 0 0

#Transform 157
Transform: AffineTransform_float_3_3
Parameters: 1 0.00091651 0.000567793 -0.000917491 0.999999 0.00086448 -0.000566207 -0.00086552 1 -0.0601789 0.551743 -0.297362
FixedParameters: 0 0 0

#Transform 158
Transform: AffineTransform_float_3_3
Parameters: 0.999995 0.000924965 0.00324059 -0.000920036 0.999999 -0.00153299 -0.00324241 0.00153001 0.999993 -0.25904 0.728857 -0.20692
FixedParameters: 0 0 0

#Transform 159
Transform: AffineTransform_float_3_3
Parameters: 0.999992 0.0015871 0.00380108 -0.0015679 0.999986 -0.005022 -0.00380892 0.005016 0.99998 -0.295276 0.973164 -0.273362
FixedParameters: 0 0 0

#Transform 160
Transform: AffineTransform_float_3_3
Parameters: 0.999991 0.00125991 0.00401273 -0.00124209 0.999991 -0.00421402 -0.00401727 0.00420898 0.999983 -0.303881 0.916954 -0.252642
FixedParameters: 0 0 0

#Transform 161
Transform: AffineTransform_float_3_3
Parameters: 0.999997 5.80547e-05 0.0024478 -4.8948e-05 0.999993 -0.00369913 -0.0024472 0.00369887 0.99999 -0.144024 0.84156 -0.209621
FixedParameters: 0 0 0

#Transform 162
Transform: AffineTransform_float_3_3
Parameters: 0.999997 5.71775e-05 0.00237782 -4.88216e-05 0.999994 -0.00343913 -0.00237818 0.00343887 0.999992 -0.14686 0.829196 -0.208919
FixedParameters: 0 0 0

#Transform 163
Transform: AffineTransform_float_3_3
Parameters: 0.999997 -1.36529e-05 0.00254904 2.03469e-05 0.999997 -0.00248996 -0.00254896 0.00249004 0.999993 -0.164183 0.745628 -0.171726
FixedParameters: 0 0 0

#Transform 164
Transform: AffineTransform_float_3_3
Parameters: 0.999995 -0.000201007 0.00295355 0.000208992 0.999997 -0.0027054 -0.00295344 0.00270661 0.999992 -0.191819 0.761238 -0.164412
FixedParameters: 0 0 0

#Transform 165
Transform: AffineTransform_float_3_3
Parameters: 0.999994 -0.000351702 0.00338562 0.000367295 0.999989 -0.00451878 -0.00338338 0.00452022 0.999984 -0.229904 0.889851 -0.25223
FixedParameters: 0 0 0

#Transform 166
Transform: AffineTransform_float_3_3
Parameters: 0.999997 -0.000323491 0.00271315 0.000333509 0.999994 -0.00350511 -0.00271185 0.00350589 0.99999 -0.190923 0.794299 -0.175073
FixedParameters: 0 0 0

#Transform 167
Transform: AffineTransform_float_3_3
Parameters: 0.999998 -7.09393e-05 0.0022802 7.70599e-05 0.999997 -0.00265783 -0.0022798 0.00265817 0.999994 -0.148952 0.737469 -0.141381
FixedParameters: 0 0 0

#Transform 168
Transform: AffineTransform_float_3_3
Parameters: 0.999998 -0.000151527 0.00189187 0.000161475 0.999984 -0.0055377 -0.00189114 0.00553729 0.999983 -0.136946 0.872689 -0.0354662
FixedParameters: 0 0 0

#Transform 169
Transform: AffineTransform_float_3_3
Parameters: 0.999996 -0.000920622 0.00262138 0.000932384 0.999989 -0.00472558 -0.00261762 0.00472743 0.999986 -0.196664 0.842588 -0.0915245
FixedParameters: 0 0 0

#Transform 170
Transform: AffineTransform_float_3_3
Parameters: 0.999996 -0.000921159 0.00262119 0.00093284 0.99999 -0.00451958 -0.00261681 0.00452243 0.999987 -0.182995 0.855942 -0.118505
FixedParameters: 0 0 0

#Transform 171
Transform: AffineTransform_float_3_3
Parameters: 0.999996 -0.000860954 0.0024852 0.000873044 0.999988 -0.00484985 -0.00248079 0.00485215 0.999985 -0.166826 0.894408 -0.16831
FixedParameters: 0 0 0

#Transform 172
Transform: AffineTransform_float_3_3
Parameters: 0.999995 -0.00133808 0.00309693 0.00135492 0.999986 -0.00514283 -0.00309007 0.00514716 0.999982 -0.207729 0.916442 -0.182023
FixedParameters: 0 0 0

#Transform 173
Transform: AffineTransform_float_3_3
Parameters: 0.999995 -0.00198048 0.00268378 0.00199552 0.999984 -0.00541867 -0.00267322 0.00542432 0.999981 -0.0845136 0.995117 -0.271125
FixedParameters: 0 0 0

#Transform 174
Transform: AffineTransform_float_3_3
Parameters: 0.99999 -0.00446548 -0.000645825 0.00445152 0.999799 -0.0195511 0.000733165 0.0195479 0.999808 0.195896 2.00102 -0.486024
FixedParameters: 0 0 0

#Transform 175
Transform: AffineTransform_float_3_3
Parameters: 1 -0.00120009 -0.000140174 0.00119892 0.999901 -0.0140322 0.000156839 0.0140318 0.999901 0.0768398 1.62793 -0.430349
FixedParameters: 0 0 0

#Transform 176
Transform: AffineTransform_float_3_3
Parameters: 0.999998 -0.00145751 0.00127657 0.00147149 0.999943 -0.0106321 -0.00126042 0.0106339 0.999942 -0.0269837 1.37238 -0.321753
FixedParameters: 0 0 0

#Transform 177
Transform: AffineTransform_float_3_3
Parameters: 0.999998 -0.00140031 0.00132355 0.00141369 0.999952 -0.00963514 -0.00131044 0.00963685 0.999952 -0.0438905 1.28436 -0.288785
FixedParameters: 0 0 0

#Transform 178
Transform: AffineTransform_float_3_3
Parameters: 0.999996 -0.00218118 0.00208902 0.00220282 0.999943 -0.0105004 -0.00206598 0.0105046 0.999942 -0.0645725 1.32668 -0.282808
FixedParameters: 0 0 0

#Transform 179
Transform: AffineTransform_float_3_3
Parameters: 0.999996 -0.00143048 0.00236176 0.00146852 0.999864 -0.0163886 -0.00233824 0.0163924 0.999863 -0.0937945 1.83003 -0.470667
FixedParameters: 0 0 0
