#Insight Transform File V1.0
#Transform 0
Transform: AffineTransform_float_3_3
Parameters: 0.999999 -0.000783066 0.000457886 0.000782933 0.999999 0.000145358 -0.000458113 -0.000144641 1 0.0356121 -0.0527482 0.361338
FixedParameters: 0 0 0

#Transform 1
Transform: AffineTransform_float_3_3
Parameters: 0.999999 0.000690186 -0.000188321 -0.000689814 1 0.00098413 0.000189679 -0.000983869 0.999999 0.045235 0.162737 -0.167301
FixedParameters: 0 0 0

#Transform 2
Transform: AffineTransform_float_3_3
Parameters: 0.999999 0.000781349 -0.000365255 -0.000780651 0.999999 0.000954286 0.000365745 -0.000953715 1 0.0526297 0.275975 -0.170794
FixedParameters: 0 0 0

#Transform 3
Transform: AffineTransform_float_3_3
Parameters: 0.999999 0.000631643 -0.000364889 -0.000631358 0.999999 0.00176023 0.000365112 -0.00176077 0.999999 0.0446051 0.229851 -0.152174
FixedParameters: 0 0 0

#Transform 4
Transform: AffineTransform_float_3_3
Parameters: 0.999999 0.00073706 -0.000124645 -0.00073794 0.999999 0.000481092 0.000124355 -0.000480908 1 0.0403418 0.300669 -0.279474
FixedParameters: 0 0 0

#Transform 5
Transform: AffineTransform_float_3_3
Parameters: 0.999999 0.000658587 0.000452601 -0.000658412 1 0.000911703 -0.0004514 -0.000912298 1 0.0142596 0.283329 -0.200049
FixedParameters: 0 0 0

#Transform 6
Transform: AffineTransform_float_3_3
Parameters: 0.999999 0.000872815 0.000158021 -0.000873184 0.999999 0.00116986 -0.000156978 -0.00117014 1 0.0266148 0.266218 -0.218269
FixedParameters: 0 0 0

#Transform 7
Transform: AffineTransform_float_3_3
Parameters: 0.999999 0.000696381 0.000411049 -0.000696618 0.999998 0.00150571 -0.000409951 -0.00150629 0.999999 0.0196768 0.276232 -0.280727
FixedParameters: 0 0 0

#Transform 8
Transform: AffineTransform_float_3_3
Parameters: 1 0.000551969 5.3324e-05 -0.000552031 0.999999 0.00058697 -5.26759e-05 -0.000587029 1 0.0237995 0.309384 -0.200143
FixedParameters: 0 0 0

#Transform 9
Transform: AffineTransform_float_3_3
Parameters: 0.999999 0.000890074 -6.90485e-05 -0.000889925 0.999999 0.00106906 6.99513e-05 -0.00106894 1 0.0524807 0.295041 -0.261457
FixedParameters: 0 0 0

#Transform 10
Transform: AffineTransform_float_3_3
Parameters: 1 0.000599803 0.000115034 -0.000600197 0.999999 0.00172293 -0.000113966 -0.00172307 0.999999 0.0365553 0.286607 -0.266291
FixedParameters: 0 0 0

#Transform 11
Transform: AffineTransform_float_3_3
Parameters: 1 0.000531935 4.77293e-05 -0.000532065 0.999999 0.00137097 -4.72706e-05 -0.00137103 0.999999 0.0371076 0.285797 -0.173001
FixedParameters: 0 0 0

#Transform 12
Transform: AffineTransform_float_3_3
Parameters: 1 0.000532671 -0.000365023 -0.000532329 0.999998 0.0018352 0.000365978 -0.00183581 0.999998 0.0459605 0.271601 -0.220517
FixedParameters: 0 0 0

#Transform 13
Transform: AffineTransform_float_3_3
Parameters: 1 0.00053279 -0.000364849 -0.000532212 0.999997 0.00216119 0.000365151 -0.0021618 0.999997 0.0541133 0.264758 -0.229847
FixedParameters: 0 0 0

#Transform 14
Transform: AffineTransform_float_3_3
Parameters: 0.999999 0.00066857 0.000273054 -0.000669429 0.999998 0.00157682 -0.000271944 -0.00157718 0.999998 0.0297563 0.295359 -0.216879
FixedParameters: 0 0 0

#Transform 15
Transform: AffineTransform_float_3_3
Parameters: 1 0.000654689 0.000151351 -0.00065531 0.999997 0.0020629 -0.000149648 -0.0020631 0.999998 0.0311075 0.25833 -0.207128
FixedParameters: 0 0 0

#Transform 16
Transform: AffineTransform_float_3_3
Parameters: 0.999999 0.00093947 0.000279784 -0.000940527 0.999998 0.00189874 -0.000277214 -0.00189926 0.999998 0.0338367 0.260074 -0.199659
FixedParameters: 0 0 0

#Transform 17
Transform: AffineTransform_float_3_3
Parameters: 1 0.000589047 -3.8279e-05 -0.000588953 0.999999 0.00122402 3.87209e-05 -0.00122398 1 0.0377683 0.30544 -0.23345
FixedParameters: 0 0 0

#Transform 18
Transform: AffineTransform_float_3_3
Parameters: 1 0.000590343 -0.000195969 -0.000590657 0.999999 0.00174712 0.000197032 -0.00174688 0.999998 0.0401263 0.29691 -0.274032
FixedParameters: 0 0 0

#Transform 19
Transform: AffineTransform_float_3_3
Parameters: 0.999999 0.000764378 0.000394209 -0.000764624 0.999999 0.0015807 -0.000393792 -0.0015803 0.999998 0.0242083 0.295413 -0.197482
FixedParameters: 0 0 0

#Transform 20
Transform: AffineTransform_float_3_3
Parameters: 1 0.00032093 3.26978e-05 -0.000321069 0.999997 0.00217399 -3.13021e-05 -0.00217401 0.999997 0.0457492 0.282401 -0.264984
FixedParameters: 0 0 0

#Transform 21
Transform: AffineTransform_float_3_3
Parameters: 1 0.000581216 -9.57007e-05 -0.000580786 0.999998 0.00223606 9.62989e-05 -0.00223595 0.999998 0.0518616 0.297937 -0.289593
FixedParameters: 0 0 0

#Transform 22
Transform: AffineTransform_float_3_3
Parameters: 1 0.000541647 0.000174102 -0.000542353 0.999998 0.00203391 -0.000172898 -0.00203309 0.999998 0.0337639 0.288529 -0.227604
FixedParameters: 0 0 0

#Transform 23
Transform: AffineTransform_float_3_3
Parameters: 1 0.00043577 0.000169592 -0.000436229 0.999999 0.00135793 -0.000168408 -0.00135807 0.999999 0.0334335 0.314711 -0.198947
FixedParameters: 0 0 0

#Transform 24
Transform: AffineTransform_float_3_3
Parameters: 1 0.000420521 0.000328614 -0.000420479 0.999999 0.00145886 -0.000328387 -0.00145914 0.999999 0.049402 0.322391 -0.249374
FixedParameters: 0 0 0

#Transform 25
Transform: AffineTransform_float_3_3
Parameters: 1 0.000509072 0.000428106 -0.000510928 0.999998 0.00217078 -0.000426892 -0.00217122 0.999998 0.0284462 0.296859 -0.222042
FixedParameters: 0 0 0

#Transform 26
Transform: AffineTransform_float_3_3
Parameters: 0.999999 0.000956769 -0.000363983 -0.00095523 0.999998 0.00210835 0.000366014 -0.00210765 0.999997 0.0651806 0.28483 -0.188407
FixedParameters: 0 0 0

#Transform 27
Transform: AffineTransform_float_3_3
Parameters: 1 0.000576267 -0.000172106 -0.000575732 0.999998 0.0015511 0.000172893 -0.0015509 0.999999 0.0584478 0.281472 -0.234331
FixedParameters: 0 0 0

#Transform 28
Transform: AffineTransform_float_3_3
Parameters: 1 0.00064972 0.000152202 -0.00065028 0.999998 0.0018489 -0.000150798 -0.0018491 0.999999 0.0425379 0.305757 -0.25383
FixedParameters: 0 0 0

#Transform 29
Transform: AffineTransform_float_3_3
Parameters: 1 0.000543545 -0.000261871 -0.000542454 0.999997 0.00207814 0.000263128 -0.00207886 0.999998 0.0484055 0.260169 -0.191002
FixedParameters: 0 0 0

#Transform 30
Transform: AffineTransform_float_3_3
Parameters: 0.999999 0.000758014 -5.16031e-06 -0.000757985 0.999997 0.002427 6.83965e-06 -0.002427 0.999997 0.0475797 0.254528 -0.238405
FixedParameters: 0 0 0

#Transform 31
Transform: AffineTransform_float_3_3
Parameters: 0.999999 0.000843615 -0.00026001 -0.000843384 0.999997 0.00235922 0.00026199 -0.00235878 0.999997 0.0728963 0.276762 -0.278465
FixedParameters: 0 0 0

#Transform 32
Transform: AffineTransform_float_3_3
Parameters: 0.999999 0.000638187 0.000526986 -0.000639812 0.999998 0.00154366 -0.000526012 -0.00154434 0.999998 0.0231594 0.306561 -0.20121
FixedParameters: 0 0 0

#Transform 33
Transform: AffineTransform_float_3_3
Parameters: 1 0.000513466 0.000240145 -0.000514534 0.999998 0.00222888 -0.000238854 -0.00222912 0.999998 0.0306032 0.253707 -0.184165
FixedParameters: 0 0 0

#Transform 34
Transform: AffineTransform_float_3_3
Parameters: 1 0.000388277 0.000354793 -0.000388724 0.999998 0.00204186 -0.000354207 -0.00204114 0.999998 0.0364738 0.297218 -0.2815
FixedParameters: 0 0 0

#Transform 35
Transform: AffineTransform_float_3_3
Parameters: 1 1.71952e-05 0.000440032 -1.78047e-05 0.999999 0.00182899 -0.000439968 -0.00182901 0.999998 0.00149378 0.270986 -0.141702
FixedParameters: 0 0 0

#Transform 36
Transform: AffineTransform_float_3_3
Parameters: 1 0.000303882 5.86127e-05 -0.000304118 0.999998 0.00201598 -5.8387e-05 -0.00201602 0.999998 0.055625 0.309979 -0.272653
FixedParameters: 0 0 0

#Transform 37
Transform: AffineTransform_float_3_3
Parameters: 1 0.000293523 0.000190736 -0.000293475 0.999997 0.00250494 -0.000189265 -0.00250505 0.999997 0.0405159 0.28778 -0.232111
FixedParameters: 0 0 0

#Transform 38
Transform: AffineTransform_float_3_3
Parameters: 1 0.000369524 0.000348505 -0.000370476 0.999999 0.00136587 -0.000348494 -0.00136613 0.999999 0.0192524 0.293164 -0.188525
FixedParameters: 0 0 0

#Transform 39
Transform: AffineTransform_float_3_3
Parameters: 1 0.000170872 5.73829e-05 -0.00017013 0.999998 0.00223999 -5.76191e-05 -0.00224001 0.999998 0.0587043 0.271232 -0.187608
FixedParameters: 0 0 0

#Transform 40
Transform: AffineTransform_float_3_3
Parameters: 0.999999 0.000226262 0.000987399 -0.000228736 0.999998 0.00175977 -0.000986598 -0.00176022 0.999998 0.0264466 0.323949 -0.236767
FixedParameters: 0 0 0

#Transform 41
Transform: AffineTransform_float_3_3
Parameters: 0.999999 0.000270026 0.000689382 -0.000270974 0.999999 0.00141381 -0.000688617 -0.00141319 0.999999 0.00728591 0.276334 -0.119798
FixedParameters: 0 0 0

#Transform 42
Transform: AffineTransform_float_3_3
Parameters: 0.999999 -3.07237e-05 0.000888942 2.92762e-05 0.999998 0.00193903 -0.000889058 -0.00193897 0.999997 0.0282843 0.294859 -0.248502
FixedParameters: 0 0 0

#Transform 43
Transform: AffineTransform_float_3_3
Parameters: 1 -0.00027393 0.00051851 0.000273069 0.999999 0.00179314 -0.00051949 -0.00179286 0.999999 0.0207303 0.295351 -0.142864
FixedParameters: 0 0 0

#Transform 44
Transform: AffineTransform_float_3_3
Parameters: 1 -9.06978e-05 0.000351821 9.03018e-05 0.999998 0.00198303 -0.00035218 -0.00198297 0.999998 0.0423033 0.293288 -0.21912
FixedParameters: 0 0 0

#Transform 45
Transform: AffineTransform_float_3_3
Parameters: 0.999999 0.00036657 0.000615853 -0.000367428 0.999997 0.00232378 -0.000614148 -0.00232423 0.999997 0.0372162 0.283439 -0.259624
FixedParameters: 0 0 0

#Transform 46
Transform: AffineTransform_float_3_3
Parameters: 1 2.76345e-05 0.00102407 -2.93654e-05 0.999998 0.00230997 -0.00102394 -0.00231003 0.999997 0.0253515 0.289166 -0.262485
FixedParameters: 0 0 0

#Transform 47
Transform: AffineTransform_float_3_3
Parameters: 1 -3.42433e-06 0.000614994 1.57565e-06 0.999998 0.002316 -0.000615005 -0.002316 0.999997 0.0265006 0.26938 -0.211377
FixedParameters: 0 0 0

#Transform 48
Transform: AffineTransform_float_3_3
Parameters: 1 0.000103086 0.000428221 -0.000104913 0.999997 0.00213395 -0.000427777 -0.00213404 0.999997 0.024232 0.273641 -0.204786
FixedParameters: 0 0 0

#Transform 49
Transform: AffineTransform_float_3_3
Parameters: 0.999999 0.000499617 0.000664042 -0.000500382 0.999997 0.00208367 -0.000662959 -0.00208333 0.999997 0.0410568 0.322845 -0.286443
FixedParameters: 0 0 0

#Transform 50
Transform: AffineTransform_float_3_3
Parameters: 1 0.00052208 0.000462041 -0.000522919 0.999998 0.00199276 -0.000460959 -0.00199224 0.999998 0.0217802 0.30358 -0.20809
FixedParameters: 0 0 0

#Transform 51
Transform: AffineTransform_float_3_3
Parameters: 1 0.000167691 0.00116534 -0.000170309 0.999998 0.0019818 -0.00116467 -0.0019822 0.999998 0.0218644 0.320318 -0.253725
FixedParameters: 0 0 0

#Transform 52
Transform: AffineTransform_float_3_3
Parameters: 0.999999 0.0003413 0.00126673 -0.0003447 0.999997 0.00213156 -0.00126627 -0.00213243 0.999997 0.0267529 0.330081 -0.284582
FixedParameters: 0 0 0

#Transform 53
Transform: AffineTransform_float_3_3
Parameters: 0.999999 0.000237578 0.00094236 -0.000239422 0.999999 0.00150978 -0.00094164 -0.00150922 0.999999 0.0144239 0.306095 -0.171029
FixedParameters: 0 0 0

#Transform 54
Transform: AffineTransform_float_3_3
Parameters: 1 0.000176393 0.00121138 -0.000178607 0.999997 0.00215278 -0.00121062 -0.00215221 0.999997 0.0387829 0.365088 -0.339466
FixedParameters: 0 0 0

#Transform 55
Transform: AffineTransform_float_3_3
Parameters: 1 6.60784e-05 0.00117717 -6.89211e-05 0.999997 0.00248192 -0.00117683 -0.00248208 0.999996 0.00395866 0.305249 -0.224434
FixedParameters: 0 0 0

#Transform 56
Transform: AffineTransform_float_3_3
Parameters: 0.999999 0.000165477 0.00121535 -0.000167522 0.999998 0.0020758 -0.00121466 -0.0020762 0.999997 0.0380985 0.348 -0.295712
FixedParameters: 0 0 0

#Transform 57
Transform: AffineTransform_float_3_3
Parameters: 0.999999 -0.000318783 0.000972091 0.000316216 0.999996 0.00286231 -0.000972909 -0.00286169 0.999996 0.0225088 0.306521 -0.242502
FixedParameters: 0 0 0

#Transform 58
Transform: AffineTransform_float_3_3
Parameters: 0.999999 -0.000148439 0.000875757 0.000147562 0.999998 0.00164313 -0.000875244 -0.00164287 0.999999 0.0143455 0.298596 -0.13361
FixedParameters: 0 0 0

#Transform 59
Transform: AffineTransform_float_3_3
Parameters: 0.999999 -0.000225456 0.00122337 0.000222546 0.999996 0.00282328 -0.00122363 -0.00282373 0.999996 0.0245461 0.334638 -0.328697
FixedParameters: 0 0 0

#Transform 60
Transform: AffineTransform_float_3_3
Parameters: 0.999999 -0.000179218 0.00128656 0.000175781 0.999997 0.00250123 -0.00128744 -0.00250077 0.999996 0.00303077 0.300303 -0.1984
FixedParameters: 0 0 0

#Transform 61
Transform: AffineTransform_float_3_3
Parameters: 0.999999 -0.000235004 0.00129346 0.000231995 0.999998 0.0023223 -0.00129454 -0.0023217 0.999997 0.0218641 0.330894 -0.238531
FixedParameters: 0 0 0

#Transform 62
Transform: AffineTransform_float_3_3
Parameters: 0.999999 -0.000513503 0.0012776 0.000510496 0.999996 0.00274066 -0.0012794 -0.00274035 0.999996 0.0042521 0.301229 -0.242918
FixedParameters: 0 0 0

#Transform 63
Transform: AffineTransform_float_3_3
Parameters: 0.999999 -0.000609295 0.00134396 0.000607706 0.999999 0.00170682 -0.00134504 -0.00170618 0.999997 -0.00657763 0.326248 -0.15799
FixedParameters: 0 0 0

#Transform 64
Transform: AffineTransform_float_3_3
Parameters: 0.999998 -0.000555475 0.00153274 0.000551523 0.999998 0.00226785 -0.00153425 -0.00226615 0.999997 0.0075553 0.358624 -0.322531
FixedParameters: 0 0 0

#Transform 65
Transform: AffineTransform_float_3_3
Parameters: 1 -0.00046619 0.00104102 0.00046381 0.999997 0.00210348 -0.00104198 -0.00210252 0.999997 0.0096387 0.296006 -0.165459
FixedParameters: 0 0 0

#Transform 66
Transform: AffineTransform_float_3_3
Parameters: 0.999998 -0.000518206 0.00151257 0.000513793 0.999996 0.00277978 -0.00151443 -0.00277922 0.999995 0.0201507 0.335784 -0.321233
FixedParameters: 0 0 0

#Transform 67
Transform: AffineTransform_float_3_3
Parameters: 0.999999 -0.000938655 0.00150034 0.000936346 0.999998 0.00176941 -0.00150166 -0.00176759 0.999998 -0.0121313 0.332213 -0.196312
FixedParameters: 0 0 0

#Transform 68
Transform: AffineTransform_float_3_3
Parameters: 0.999999 -0.000468309 0.00129116 0.00046669 0.999999 0.0017876 -0.00129284 -0.0017874 0.999997 0.0281471 0.321549 -0.171985
FixedParameters: 0 0 0

#Transform 69
Transform: AffineTransform_float_3_3
Parameters: 0.999998 -0.000402239 0.00160319 0.000398762 0.999998 0.00201964 -0.00160381 -0.00201936 0.999996 0.0128861 0.339204 -0.231683
FixedParameters: 0 0 0

#Transform 70
Transform: AffineTransform_float_3_3
Parameters: 0.999999 -0.000430573 0.00129014 0.000428428 0.999998 0.00199355 -0.00129086 -0.00199345 0.999997 0.0223676 0.329165 -0.218043
FixedParameters: 0 0 0

#Transform 71
Transform: AffineTransform_float_3_3
Parameters: 0.999999 -0.000722745 0.00161033 0.000719257 0.999997 0.00232416 -0.00161168 -0.00232384 0.999996 0.0165022 0.35159 -0.287919
FixedParameters: 0 0 0

#Transform 72
Transform: AffineTransform_float_3_3
Parameters: 0.999999 -0.000755263 0.0013077 0.000752737 0.999998 0.00172999 -0.0013093 -0.00172901 0.999997 -0.0060043 0.325312 -0.133029
FixedParameters: 0 0 0

#Transform 73
Transform: AffineTransform_float_3_3
Parameters: 0.999999 -0.000565223 0.00125155 0.000561778 0.999997 0.00257471 -0.00125245 -0.0025733 0.999996 0.0156578 0.317165 -0.253335
FixedParameters: 0 0 0

#Transform 74
Transform: AffineTransform_float_3_3
Parameters: 0.999999 -0.000697585 0.00138971 0.000693414 0.999995 0.00329697 -0.00139229 -0.00329603 0.999993 0.00603322 0.302996 -0.267934
FixedParameters: 0 0 0

#Transform 75
Transform: AffineTransform_float_3_3
Parameters: 0.999998 -0.000470901 0.00160815 0.000468098 0.999999 0.00180376 -0.00160985 -0.00180325 0.999997 -0.0052948 0.347306 -0.211363
FixedParameters: 0 0 0

#Transform 76
Transform: AffineTransform_float_3_3
Parameters: 0.999998 -0.000428033 0.00161694 0.000424965 0.999997 0.00249469 -0.00161806 -0.00249331 0.999995 0.0135981 0.342349 -0.300103
FixedParameters: 0 0 0

#Transform 77
Transform: AffineTransform_float_3_3
Parameters: 0.999999 -0.000859894 0.00126404 0.000857106 0.999997 0.00228809 -0.00126596 -0.00228691 0.999996 0.00477807 0.31066 -0.178095
FixedParameters: 0 0 0

#Transform 78
Transform: AffineTransform_float_3_3
Parameters: 0.999997 -0.000762702 0.00211331 0.000758297 0.999997 0.00222461 -0.00211569 -0.00222339 0.999996 -0.00860373 0.356471 -0.268215
FixedParameters: 0 0 0

#Transform 79
Transform: AffineTransform_float_3_3
Parameters: 0.999998 -0.000606277 0.00157674 0.000602722 0.999997 0.00207795 -0.00157825 -0.00207704 0.999996 0.0206687 0.353484 -0.278901
FixedParameters: 0 0 0

#Transform 80
Transform: AffineTransform_float_3_3
Parameters: 0.999999 -0.000469989 0.00137732 0.000468009 0.999999 0.00144465 -0.00137868 -0.00144335 0.999998 0.0161363 0.326263 -0.14847
FixedParameters: 0 0 0

#Transform 81
Transform: AffineTransform_float_3_3
Parameters: 0.999999 -0.000390288 0.00178394 0.000390712 1 0.000161697 -0.00178406 -0.000161304 0.999999 0.0192969 0.396505 -0.249492
FixedParameters: 0 0 0

#Transform 82
Transform: AffineTransform_float_3_3
Parameters: 0.999997 -0.00131242 0.00206319 0.00130858 0.999997 0.00214271 -0.00206681 -0.00214029 0.999995 0.00520481 0.322347 -0.224058
FixedParameters: 0 0 0

#Transform 83
Transform: AffineTransform_float_3_3
Parameters: 0.999998 -0.00131122 0.0015623 0.00130778 0.999997 0.00206005 -0.0015647 -0.00205795 0.999996 -0.00802884 0.312469 -0.176121
FixedParameters: 0 0 0

#Transform 84
Transform: AffineTransform_float_3_3
Parameters: 0.999997 -0.00118553 0.00216999 0.00118047 0.999996 0.00254657 -0.00217301 -0.00254343 0.999995 -0.00673652 0.326726 -0.273827
FixedParameters: 0 0 0

#Transform 85
Transform: AffineTransform_float_3_3
Parameters: 0.999998 -0.00124949 0.00193647 0.00124452 0.999995 0.00283142 -0.00193953 -0.00282959 0.999994 0.000458119 0.32447 -0.311337
FixedParameters: 0 0 0

#Transform 86
Transform: AffineTransform_float_3_3
Parameters: 0.999998 -0.00143891 0.00135391 0.00143609 0.999996 0.00214795 -0.00135709 -0.00214605 0.999997 -0.00431141 0.292532 -0.175568
FixedParameters: 0 0 0

#Transform 87
Transform: AffineTransform_float_3_3
Parameters: 0.999998 -0.00121819 0.00196079 0.00121281 0.999996 0.00264538 -0.00196421 -0.00264261 0.999994 0.0114469 0.347552 -0.322241
FixedParameters: 0 0 0

#Transform 88
Transform: AffineTransform_float_3_3
Parameters: 0.999998 -0.0015836 0.00152931 0.0015814 0.999998 0.00170142 -0.00153169 -0.00169858 0.999998 -0.0171067 0.329553 -0.140871
FixedParameters: 0 0 0

#Transform 89
Transform: AffineTransform_float_3_3
Parameters: 0.999997 -0.00114362 0.0018738 0.00113938 0.999997 0.00193214 -0.0018762 -0.00193086 0.999997 0.0240492 0.364032 -0.271826
FixedParameters: 0 0 0

#Transform 90
Transform: AffineTransform_float_3_3
Parameters: 0.999998 -0.00131069 0.00188444 0.00130731 0.999997 0.00195647 -0.00188656 -0.00195353 0.999997 0.00928455 0.329694 -0.186868
FixedParameters: 0 0 0

#Transform 91
Transform: AffineTransform_float_3_3
Parameters: 0.999997 -0.00110978 0.00227665 0.00110722 0.999998 0.00122152 -0.00227735 -0.00121948 0.999996 -0.0191164 0.364653 -0.158277
FixedParameters: 0 0 0

#Transform 92
Transform: AffineTransform_float_3_3
Parameters: 0.999996 -0.00134302 0.00222257 0.00133898 0.999998 0.00180998 -0.00222442 -0.00180702 0.999996 -0.000693697 0.368995 -0.252072
FixedParameters: 0 0 0

#Transform 93
Transform: AffineTransform_float_3_3
Parameters: 0.999998 -0.00160815 0.0015748 0.00160585 0.999998 0.00136753 -0.0015772 -0.00136447 0.999998 0.00813549 0.319866 -0.129448
FixedParameters: 0 0 0

#Transform 94
Transform: AffineTransform_float_3_3
Parameters: 0.999996 -0.00156501 0.0021661 0.00156098 0.999997 0.00185439 -0.00216889 -0.00185061 0.999996 -0.00154713 0.33884 -0.18951
FixedParameters: 0 0 0

#Transform 95
Transform: AffineTransform_float_3_3
Parameters: 0.999996 -0.00153638 0.00230275 0.00153362 0.999997 0.00146854 -0.00230525 -0.00146446 0.999997 -0.0051314 0.390292 -0.242939
FixedParameters: 0 0 0

#Transform 96
Transform: AffineTransform_float_3_3
Parameters: 0.999998 -0.0014954 0.00126552 0.0014946 0.999999 0.000319892 -0.00126548 -0.000317108 0.999999 -0.00121823 0.32532 -0.0595664
FixedParameters: 0 0 0

#Transform 97
Transform: AffineTransform_float_3_3
Parameters: 0.999997 -0.000985724 0.00222135 0.000982276 0.999998 0.00167719 -0.00222265 -0.00167481 0.999996 0.005771 0.361778 -0.283256
FixedParameters: 0 0 0

#Transform 98
Transform: AffineTransform_float_3_3
Parameters: 0.999997 -0.00162675 0.00210488 0.00162425 0.999998 0.00130842 -0.00210712 -0.00130458 0.999997 -0.021758 0.353773 -0.146133
FixedParameters: 0 0 0

#Transform 99
Transform: AffineTransform_float_3_3
Parameters: 0.999995 -0.00147977 0.00261931 0.00147523 0.999997 0.00182387 -0.00262169 -0.00182013 0.999995 -0.00904662 0.361833 -0.263102
FixedParameters: 0 0 0

#Transform 100
Transform: AffineTransform_float_3_3
Parameters: 0.999995 -0.00193562 0.00242933 0.00193038 0.999997 0.0019037 -0.00243368 -0.0018993 0.999995 -0.0260539 0.327288 -0.199889
FixedParameters: 0 0 0

#Transform 101
Transform: AffineTransform_float_3_3
Parameters: 0.999997 -0.00146685 0.00230783 0.00146515 0.999998 0.000802384 -0.00230917 -0.000798615 0.999997 -0.00712423 0.372758 -0.171817
FixedParameters: 0 0 0

#Transform 102
Transform: AffineTransform_float_3_3
Parameters: 0.999994 -0.00170057 0.00277281 0.00169743 0.999997 0.00129071 -0.00277519 -0.00128529 0.999996 -0.0257383 0.367348 -0.207343
FixedParameters: 0 0 0

#Transform 103
Transform: AffineTransform_float_3_3
Parameters: 0.999997 -0.00148473 0.00184981 0.00148227 0.999998 0.00147775 -0.00185219 -0.00147425 0.999997 -0.00882921 0.294989 -0.136706
FixedParameters: 0 0 0

#Transform 104
Transform: AffineTransform_float_3_3
Parameters: 0.999995 -0.00161902 0.00268979 0.00161699 0.999999 0.000751353 -0.00269021 -0.000746649 0.999996 -0.00349474 0.379583 -0.195646
FixedParameters: 0 0 0

#Transform 105
Transform: AffineTransform_float_3_3
Parameters: 0.999996 -0.00167711 0.00225718 0.00167589 0.999999 0.000493785 -0.00225783 -0.000490216 0.999998 -0.00653295 0.36089 -0.138383
FixedParameters: 0 0 0

#Transform 106
Transform: AffineTransform_float_3_3
Parameters: 0.999996 -0.00118042 0.00227474 0.00117758 0.999998 0.00106668 -0.00227625 -0.00106332 0.999997 -0.00896812 0.330978 -0.148462
FixedParameters: 0 0 0

#Transform 107
Transform: AffineTransform_float_3_3
Parameters: 0.999995 -0.00179303 0.00265563 0.00179097 0.999998 0.00076476 -0.00265737 -0.000760239 0.999996 -0.0062526 0.397625 -0.240112
FixedParameters: 0 0 0

#Transform 108
Transform: AffineTransform_float_3_3
Parameters: 0.999995 -0.00246378 0.00202484 0.00246222 0.999996 0.000880989 -0.00202616 -0.000876012 0.999997 -0.0356856 0.321973 -0.111591
FixedParameters: 0 0 0

#Transform 109
Transform: AffineTransform_float_3_3
Parameters: 0.999993 -0.00169896 0.00314486 0.00169503 0.999998 0.00126334 -0.00314714 -0.00125766 0.999995 -0.0296675 0.40648 -0.305559
FixedParameters: 0 0 0

#Transform 110
Transform: AffineTransform_float_3_3
Parameters: 0.999995 -0.00179181 0.00251901 0.00178819 0.999998 0.00111651 -0.002521 -0.00111249 0.999996 -0.0218453 0.360816 -0.189264
FixedParameters: 0 0 0

#Transform 111
Transform: AffineTransform_float_3_3
Parameters: 0.999995 -0.00184723 0.00232824 0.00184477 0.999998 0.000957299 -0.00233076 -0.000953698 0.999997 -0.0072039 0.355514 -0.146637
FixedParameters: 0 0 0

#Transform 112
Transform: AffineTransform_float_3_3
Parameters: 0.999994 -0.00214466 0.00275938 0.00214034 0.999997 0.00169092 -0.00276362 -0.00168508 0.999995 -0.00159061 0.388911 -0.257426
FixedParameters: 0 0 0

#Transform 113
Transform: AffineTransform_float_3_3
Parameters: 0.999995 -0.00216853 0.00226463 0.00216547 0.999996 0.00155991 -0.00226838 -0.00155509 0.999996 -0.0114976 0.32351 -0.160727
FixedParameters: 0 0 0

#Transform 114
Transform: AffineTransform_float_3_3
Parameters: 0.999994 -0.00221545 0.0026194 0.00221055 0.999996 0.0020808 -0.0026236 -0.0020752 0.999995 0.0153201 0.374749 -0.254008
FixedParameters: 0 0 0

#Transform 115
Transform: AffineTransform_float_3_3
Parameters: 0.999996 -0.00229696 0.00151355 0.00229604 0.999997 0.000634477 -0.00151545 -0.000631521 0.999998 0.0172635 0.342024 -0.0962004
FixedParameters: 0 0 0

#Transform 116
Transform: AffineTransform_float_3_3
Parameters: 0.999994 -0.00204943 0.00284881 0.00204456 0.999996 0.00155883 -0.00285218 -0.00155316 0.999994 -0.00760762 0.381779 -0.22534
FixedParameters: 0 0 0

#Transform 117
Transform: AffineTransform_float_3_3
Parameters: 0.999995 -0.00223792 0.00253031 0.00223608 0.999997 0.000759663 -0.00253269 -0.000753337 0.999997 -0.03093 0.363378 -0.131204
FixedParameters: 0 0 0

#Transform 118
Transform: AffineTransform_float_3_3
Parameters: 0.999994 -0.00181523 0.00299964 0.00180777 0.999996 0.00241044 -0.00300436 -0.00240456 0.999992 -0.00870618 0.380297 -0.273069
FixedParameters: 0 0 0

#Transform 119
Transform: AffineTransform_float_3_3
Parameters: 0.999993 -0.00246388 0.00306628 0.00245811 0.999995 0.00192155 -0.00307172 -0.00191345 0.999994 -0.0229941 0.392168 -0.233925
FixedParameters: 0 0 0

#Transform 120
Transform: AffineTransform_float_3_3
Parameters: 0.999995 -0.00231898 0.00247321 0.00231602 0.999996 0.00120873 -0.0024758 -0.00120327 0.999996 -0.0249424 0.373419 -0.148046
FixedParameters: 0 0 0

#Transform 121
Transform: AffineTransform_float_3_3
Parameters: 0.999993 -0.0021736 0.00327798 0.0021654 0.999995 0.00231912 -0.00328302 -0.00231188 0.999992 -0.0221148 0.375143 -0.275513
FixedParameters: 0 0 0

#Transform 122
Transform: AffineTransform_float_3_3
Parameters: 0.999995 -0.00159722 0.0026905 0.00159278 0.999997 0.00156929 -0.0026935 -0.00156471 0.999995 -0.00523192 0.369122 -0.175722
FixedParameters: 0 0 0

#Transform 123
Transform: AffineTransform_float_3_3
Parameters: 0.999994 -0.00224033 0.00289088 0.00223468 0.999996 0.00184347 -0.00289512 -0.00183753 0.999994 -0.00736193 0.399833 -0.265807
FixedParameters: 0 0 0

#Transform 124
Transform: AffineTransform_float_3_3
Parameters: 0.999995 -0.00223236 0.00228773 0.00222864 0.999996 0.00147011 -0.00229127 -0.00146489 0.999997 -0.0140574 0.33647 -0.14778
FixedParameters: 0 0 0

#Transform 125
Transform: AffineTransform_float_3_3
Parameters: 0.999994 -0.00195547 0.00305387 0.00194953 0.999996 0.00212097 -0.00305814 -0.00211503 0.999993 0.00876375 0.400581 -0.332847
FixedParameters: 0 0 0

#Transform 126
Transform: AffineTransform_float_3_3
Parameters: 0.999994 -0.00251059 0.00263654 0.00250842 0.999997 0.00098362 -0.00263946 -0.00097638 0.999996 -0.0102423 0.36442 -0.139085
FixedParameters: 0 0 0

#Transform 127
Transform: AffineTransform_float_3_3
Parameters: 0.999992 -0.00234182 0.00325382 0.00233617 0.999995 0.00179262 -0.00325818 -0.00178438 0.999993 -0.0197479 0.381142 -0.234665
FixedParameters: 0 0 0

#Transform 128
Transform: AffineTransform_float_3_3
Parameters: 0.999992 -0.00231277 0.00319984 0.00230723 0.999995 0.0018074 -0.00320317 -0.00179961 0.999993 -0.02334 0.409712 -0.213963
FixedParameters: 0 0 0

#Transform 129
Transform: AffineTransform_float_3_3
Parameters: 0.999995 -0.0021481 0.00228221 0.0021429 0.999995 0.0022339 -0.00228679 -0.0022291 0.999995 0.013263 0.376222 -0.210078
FixedParameters: 0 0 0

#Transform 130
Transform: AffineTransform_float_3_3
Parameters: 0.999993 -0.00226111 0.00303223 0.00225189 0.999993 0.00300385 -0.00303877 -0.00299715 0.999991 0.00856434 0.409251 -0.338971
FixedParameters: 0 0 0

#Transform 131
Transform: AffineTransform_float_3_3
Parameters: 0.999993 -0.00245336 0.00258297 0.00244663 0.999994 0.00246433 -0.00258903 -0.00245766 0.999993 0.00368571 0.368546 -0.222899
FixedParameters: 0 0 0

#Transform 132
Transform: AffineTransform_float_3_3
Parameters: 0.999994 -0.00235048 0.00244579 0.00234452 0.999993 0.00264775 -0.00245221 -0.00264225 0.999994 0.0119284 0.358542 -0.232961
FixedParameters: 0 0 0

#Transform 133
Transform: AffineTransform_float_3_3
Parameters: 0.999992 -0.00256593 0.00282171 0.00255907 0.999993 0.00245624 -0.00282828 -0.00244876 0.999993 0.0126626 0.378011 -0.234367
FixedParameters: 0 0 0

#Transform 134
Transform: AffineTransform_float_3_3
Parameters: 0.999993 -0.00306215 0.00212748 0.00305886 0.999994 0.00148052 -0.00213152 -0.00147348 0.999996 -0.000649648 0.355989 -0.144205
FixedParameters: 0 0 0

#Transform 135
Transform: AffineTransform_float_3_3
Parameters: 0.99999 -0.0029684 0.00316521 0.0029586 0.999991 0.00297139 -0.00317379 -0.00296161 0.999991 2.56876e-05 0.381355 -0.342209
FixedParameters: 0 0 0

#Transform 136
Transform: AffineTransform_float_3_3
Parameters: 0.999992 -0.00282682 0.00289329 0.00282217 0.999994 0.00167018 -0.00289871 -0.00166182 0.999995 -0.031754 0.364066 -0.169034
FixedParameters: 0 0 0

#Transform 137
Transform: AffineTransform_float_3_3
Parameters: 0.999991 -0.00272409 0.00303876 0.0027159 0.999993 0.00266527 -0.00304624 -0.00265672 0.999992 0.00969276 0.39745 -0.310877
FixedParameters: 0 0 0

#Transform 138
Transform: AffineTransform_float_3_3
Parameters: 0.999995 -0.00277105 0.00189856 0.00276795 0.999995 0.00160726 -0.00190344 -0.00160173 0.999997 0.018262 0.313087 -0.135061
FixedParameters: 0 0 0

#Transform 139
Transform: AffineTransform_float_3_3
Parameters: 0.999991 -0.00268882 0.00326175 0.00268018 0.999993 0.00270477 -0.00326925 -0.00269623 0.999991 0.0086057 0.400059 -0.29452
FixedParameters: 0 0 0

#Transform 140
Transform: AffineTransform_float_3_3
Parameters: 0.999995 -0.00273532 0.0019972 0.00273369 0.999996 0.000660463 -0.0019988 -0.000655536 0.999998 0.014631 0.371653 -0.105907
FixedParameters: 0 0 0

#Transform 141
Transform: AffineTransform_float_3_3
Parameters: 0.999995 -0.00244871 0.00201871 0.00244529 0.999996 0.00134494 -0.00202228 -0.00134005 0.999997 0.0320226 0.341441 -0.128566
FixedParameters: 0 0 0

#Transform 142
Transform: AffineTransform_float_3_3
Parameters: 0.999988 -0.0030024 0.00385625 0.0029956 0.999993 0.00192357 -0.00386275 -0.00191142 0.99999 -0.0286146 0.392513 -0.246009
FixedParameters: 0 0 0

#Transform 143
Transform: AffineTransform_float_3_3
Parameters: 0.999992 -0.0031476 0.00271051 0.0031424 0.999993 0.00206754 -0.00271749 -0.00205946 0.999994 -0.0403172 0.35187 -0.202346
FixedParameters: 0 0 0

#Transform 144
Transform: AffineTransform_float_3_3
Parameters: 0.999989 -0.00326274 0.00317198 0.00325225 0.999989 0.00338735 -0.00318302 -0.00337665 0.999989 -0.0104887 0.35309 -0.287894
FixedParameters: 0 0 0

#Transform 145
Transform: AffineTransform_float_3_3
Parameters: 0.999992 -0.00301559 0.00268827 0.0030064 0.999989 0.00356611 -0.00269973 -0.00355789 0.99999 -0.00583384 0.339042 -0.274917
FixedParameters: 0 0 0

#Transform 146
Transform: AffineTransform_float_3_3
Parameters: 0.99999 -0.00321721 0.00291486 0.00320779 0.99999 0.00315938 -0.00292513 -0.00315062 0.999991 -0.0181608 0.377474 -0.259986
FixedParameters: 0 0 0

#Transform 147
Transform: AffineTransform_float_3_3
Parameters: 0.999989 -0.00272926 0.00386246 0.00270974 0.999984 0.00498352 -0.00387554 -0.00497348 0.99998 -0.0060899 0.380218 -0.432005
FixedParameters: 0 0 0

#Transform 148
Transform: AffineTransform_float_3_3
Parameters: 0.999991 -0.00289281 0.00317518 0.00288219 0.99999 0.00340418 -0.00318582 -0.00339482 0.999989 -0.0189555 0.380824 -0.285053
FixedParameters: 0 0 0

#Transform 149
Transform: AffineTransform_float_3_3
Parameters: 0.99999 -0.0028925 0.00321658 0.0028825 0.999991 0.0032653 -0.00322641 -0.0032557 0.999989 -0.0213538 0.377939 -0.273493
FixedParameters: 0 0 0

#Transform 150
Transform: AffineTransform_float_3_3
Parameters: 0.999988 -0.00289103 0.00376775 0.00287496 0.999987 0.00425388 -0.00378025 -0.00424312 0.999984 -0.0134556 0.400856 -0.387088
FixedParameters: 0 0 0

#Transform 151
Transform: AffineTransform_float_3_3
Parameters: 0.999992 -0.00296078 0.00266829 0.00295123 0.99999 0.0032869 -0.0026777 -0.0032791 0.999991 -0.0186071 0.338451 -0.231394
FixedParameters: 0 0 0

#Transform 152
Transform: AffineTransform_float_3_3
Parameters: 0.999988 -0.00314964 0.00394097 0.00313237 0.999985 0.0044734 -0.00395403 -0.0044606 0.999982 -0.0166901 0.380894 -0.407995
FixedParameters: 0 0 0

#Transform 153
Transform: AffineTransform_float_3_3
Parameters: 0.99999 -0.00341823 0.00291321 0.00340877 0.999989 0.00316696 -0.00292379 -0.00315704 0.99999 -0.0309122 0.379378 -0.258453
FixedParameters: 0 0 0

#Transform 154
Transform: AffineTransform_float_3_3
Parameters: 0.999989 -0.00276865 0.00378287 0.00275236 0.999987 0.00439846 -0.00379513 -0.00438854 0.999983 -0.0189825 0.402966 -0.411348
FixedParameters: 0 0 0

#Transform 155
Transform: AffineTransform_float_3_3
Parameters: 0.99999 -0.00325112 0.0029269 0.00324188 0.99999 0.00311652 -0.0029361 -0.00310748 0.999991 -0.0168677 0.367652 -0.23772
FixedParameters: 0 0 0

#Transform 156
Transform: AffineTransform_float_3_3
Parameters: 0.999987 -0.00321441 0.00397599 0.00319759 0.999986 0.00437677 -0.00399002 -0.00436424 0.999983 -0.0259689 0.407077 -0.424166
FixedParameters: 0 0 0

#Transform 157
Transform: AffineTransform_float_3_3
Parameters: 0.999991 -0.0034457 0.00269245 0.0034393 0.999991 0.00248928 -0.00270155 -0.00247972 0.999994 -0.0171662 0.362308 -0.210539
FixedParameters: 0 0 0

#Transform 158
Transform: AffineTransform_float_3_3
Parameters: 0.999988 -0.00321264 0.00385267 0.00319836 0.999988 0.00354137 -0.00386434 -0.00352963 0.999987 -0.0205616 0.406565 -0.341202
FixedParameters: 0 0 0

#Transform 159
Transform: AffineTransform_float_3_3
Parameters: 0.999991 -0.00312134 0.00266376 0.00311666 0.999993 0.00200632 -0.00267024 -0.00199768 0.999995 -0.0132374 0.377487 -0.182295
FixedParameters: 0 0 0

#Transform 160
Transform: AffineTransform_float_3_3
Parameters: 0.999991 -0.00311444 0.00312963 0.00310456 0.99999 0.00301775 -0.00313937 -0.00300725 0.999991 0.00191295 0.368153 -0.253848
FixedParameters: 0 0 0

#Transform 161
Transform: AffineTransform_float_3_3
Parameters: 0.999988 -0.00345214 0.00328634 0.00344086 0.999989 0.00338835 -0.00329766 -0.00337766 0.999989 -0.0196358 0.386458 -0.28411
FixedParameters: 0 0 0

#Transform 162
Transform: AffineTransform_float_3_3
Parameters: 0.999985 -0.00417461 0.00336959 0.00416738 0.999989 0.00226307 -0.00337941 -0.00224892 0.999992 -0.0510574 0.390477 -0.23147
FixedParameters: 0 0 0

#Transform 163
Transform: AffineTransform_float_3_3
Parameters: 0.999986 -0.00366332 0.00366975 0.00364867 0.999985 0.00390344 -0.00368424 -0.00388955 0.999985 -0.017363 0.395634 -0.347373
FixedParameters: 0 0 0

#Transform 164
Transform: AffineTransform_float_3_3
Parameters: 0.999992 -0.00343677 0.00237969 0.00343123 0.999991 0.00242319 -0.00238831 -0.00241481 0.999994 0.00983852 0.373842 -0.208542
FixedParameters: 0 0 0

#Transform 165
Transform: AffineTransform_float_3_3
Parameters: 0.999985 -0.00344838 0.00413439 0.00343162 0.999987 0.00396324 -0.0041476 -0.00394875 0.999983 -0.00655791 0.406421 -0.367685
FixedParameters: 0 0 0

#Transform 166
Transform: AffineTransform_float_3_3
Parameters: 0.99999 -0.00364808 0.00249905 0.00364392 0.999992 0.00163512 -0.00250494 -0.00162588 0.999995 0.0187271 0.370479 -0.158187
FixedParameters: 0 0 0

#Transform 167
Transform: AffineTransform_float_3_3
Parameters: 0.999988 -0.0035544 0.00352555 0.0035416 0.999987 0.00351553 -0.00353845 -0.00350346 0.999987 0.0134209 0.415348 -0.323365
FixedParameters: 0 0 0

#Transform 168
Transform: AffineTransform_float_3_3
Parameters: 0.99999 -0.00344356 0.0026591 0.00343944 0.999992 0.00171816 -0.0026649 -0.00170884 0.999995 0.0143423 0.385156 -0.169212
FixedParameters: 0 0 0

#Transform 169
Transform: AffineTransform_float_3_3
Parameters: 0.999991 -0.00341727 0.00242318 0.00341073 0.999991 0.00258729 -0.00243282 -0.00257971 0.999993 0.0205355 0.343398 -0.188183
FixedParameters: 0 0 0

#Transform 170
Transform: AffineTransform_float_3_3
Parameters: 0.999987 -0.00370268 0.00356393 0.00369131 0.999988 0.00300019 -0.00357507 -0.0029868 0.999989 -0.023657 0.414803 -0.272999
FixedParameters: 0 0 0

#Transform 171
Transform: AffineTransform_float_3_3
Parameters: 0.999989 -0.00377071 0.00256608 0.00376628 0.999991 0.00183968 -0.00257292 -0.00183032 0.999995 -0.00544827 0.358467 -0.135007
FixedParameters: 0 0 0

#Transform 172
Transform: AffineTransform_float_3_3
Parameters: 0.999987 -0.00350414 0.00376805 0.00348786 0.999984 0.0042822 -0.00378294 -0.0042688 0.999983 -0.01358 0.377771 -0.362164
FixedParameters: 0 0 0

#Transform 173
Transform: AffineTransform_float_3_3
Parameters: 0.999989 -0.00380848 0.0027458 0.00380453 0.999992 0.00163347 -0.0027522 -0.00162254 0.999995 -0.0194559 0.373153 -0.135559
FixedParameters: 0 0 0

#Transform 174
Transform: AffineTransform_float_3_3
Parameters: 0.999987 -0.00351764 0.00384384 0.00350036 0.999984 0.00432651 -0.00385916 -0.00431348 0.999984 -0.00774224 0.378505 -0.3784
FixedParameters: 0 0 0

#Transform 175
Transform: AffineTransform_float_3_3
Parameters: 0.999988 -0.00377423 0.00292698 0.00376776 0.99999 0.00213305 -0.00293502 -0.00212195 0.999994 -0.013185 0.375817 -0.170177
FixedParameters: 0 0 0

#Transform 176
Transform: AffineTransform_float_3_3
Parameters: 0.999988 -0.00321873 0.00367401 0.00320527 0.999988 0.00373782 -0.00368599 -0.00372618 0.999987 0.00381673 0.408848 -0.33976
FixedParameters: 0 0 0

#Transform 177
Transform: AffineTransform_float_3_3
Parameters: 0.999988 -0.0033055 0.00341588 0.0032945 0.99999 0.00307329 -0.00342613 -0.00306271 0.99999 -0.000620746 0.378656 -0.25199
FixedParameters: 0 0 0

#Transform 178
Transform: AffineTransform_float_3_3
Parameters: 0.99999 -0.0031733 0.00313661 0.0031607 0.999988 0.00391796 -0.00314939 -0.00390805 0.999988 0.0255242 0.38441 -0.304756
FixedParameters: 0 0 0

#Transform 179
Transform: AffineTransform_float_3_3
Parameters: 0.999989 -0.00381423 0.00299153 0.00380577 0.999989 0.00275242 -0.00300147 -0.00274158 0.999991 0.0252269 0.412305 -0.231492
FixedParameters: 0 0 0
