# transform file /out/sourcedata/freesurfer/sub-v2s8x29211_ses-1/mri/transforms/cc_up.lta
# created by oesteban on Sat Mar 14 02:49:19 2026

type      = 0 # LINEAR_VOX_TO_VOX
nxforms   = 1
mean      = 126.0000 145.0000 117.0000
sigma     = 10000.0000
1 4 4
9.972692728042603e-01 5.692208930850029e-02 -4.705188423395157e-02 -1.815406322479248e+00 
-5.685883760452271e-02 9.983786344528198e-01 2.682640915736556e-03 1.119998741149902e+01 
4.712829738855362e-02 0.000000000000000e+00 9.988888502120972e-01 1.808314132690430e+01 
0.000000000000000e+00 0.000000000000000e+00 0.000000000000000e+00 1.000000000000000e+00 
src volume info
valid = 1  # volume info valid
filename = /out/sourcedata/freesurfer/sub-v2s8x29211_ses-1/mri/norm.mgz
volume = 256 256 256
voxelsize = 1.000000000000000e+00 1.000000000000000e+00 1.000000000000000e+00
xras   = -1.000000000000000e+00 0.000000000000000e+00 0.000000000000000e+00
yras   = 0.000000000000000e+00 0.000000000000000e+00 -1.000000000000000e+00
zras   = 0.000000000000000e+00 1.000000000000000e+00 0.000000000000000e+00
cras   = -7.287178039550781e+00 1.000000000000000e+00 -4.060241699218750e+00
dst volume info
valid = 1  # volume info valid
filename = /out/sourcedata/freesurfer/sub-v2s8x29211_ses-1/mri/norm.mgz
volume = 256 256 256
voxelsize = 1.000000000000000e+00 1.000000000000000e+00 1.000000000000000e+00
xras   = -1.000000000000000e+00 0.000000000000000e+00 0.000000000000000e+00
yras   = 0.000000000000000e+00 0.000000000000000e+00 -1.000000000000000e+00
zras   = 0.000000000000000e+00 1.000000000000000e+00 0.000000000000000e+00
cras   = -7.287178039550781e+00 1.000000000000000e+00 -4.060241699218750e+00
