#Insight Transform File V1.0
#Transform 0
Transform: AffineTransform_float_3_3
Parameters: 1 -0.000515945 -7.63673e-05 0.000516054 0.999999 0.00071196 7.56325e-05 -0.000712039 0.999999 0.0721081 -0.0981998 -0.329427
FixedParameters: 0 0 0

#Transform 1
Transform: AffineTransform_float_3_3
Parameters: 1 0.000459045 -9.57856e-05 -0.000458955 1 0.000467044 9.62143e-05 -0.000466956 1 -0.00547779 0.00202978 0.00947708
FixedParameters: 0 0 0

#Transform 2
Transform: AffineTransform_float_3_3
Parameters: 1 0.000190952 -0.000329028 -0.000191048 1 -0.000144937 0.000328972 0.000145063 1 0.0164749 0.0504538 0.00454824
FixedParameters: 0 0 0

#Transform 3
Transform: AffineTransform_float_3_3
Parameters: 1 -0.000460001 -0.000118994 0.000459998 1 -1.20547e-05 0.000119005 1.19453e-05 1 0.0615549 -0.00173931 0.0607944
FixedParameters: 0 0 0

#Transform 4
Transform: AffineTransform_float_3_3
Parameters: 1 -0.00046365 -0.00105116 0.00046335 1 0.000332513 0.00105085 -0.000333488 1 0.123358 -0.0311056 0.07848
FixedParameters: 0 0 0

#Transform 5
Transform: AffineTransform_float_3_3
Parameters: 0.999999 -0.000824121 -0.00106768 0.00082488 1 0.00082312 0.00106732 -0.000823881 0.999999 0.138624 -0.0601441 0.12424
FixedParameters: 0 0 0

#Transform 6
Transform: AffineTransform_float_3_3
Parameters: 0.999998 -0.000973674 -0.00138893 0.000975325 0.999999 0.000953646 0.00138807 -0.000955353 0.999998 0.136263 -0.0680539 0.0662684
FixedParameters: 0 0 0

#Transform 7
Transform: AffineTransform_float_3_3
Parameters: 0.999999 -0.000792005 -0.001053 0.000791995 0.999999 -4.83397e-06 0.001053 4.16602e-06 1 0.11461 -0.00299574 0.0925601
FixedParameters: 0 0 0

#Transform 8
Transform: AffineTransform_float_3_3
Parameters: 0.999998 -0.000772756 -0.00143867 0.000774244 1 0.000863887 0.00143833 -0.000865113 0.999998 0.160122 -0.0619281 0.100336
FixedParameters: 0 0 0

#Transform 9
Transform: AffineTransform_float_3_3
Parameters: 0.999998 -0.000976054 -0.00169754 0.000976946 1 0.000556343 0.00169746 -0.000558658 0.999999 0.191172 -0.0424446 0.0942526
FixedParameters: 0 0 0

#Transform 10
Transform: AffineTransform_float_3_3
Parameters: 0.999998 -0.0012269 -0.00151989 0.0012281 0.999999 0.000721134 0.00151911 -0.000722865 0.999998 0.168727 -0.0434563 0.0691206
FixedParameters: 0 0 0

#Transform 11
Transform: AffineTransform_float_3_3
Parameters: 0.999997 -0.00164568 -0.00169634 0.00164532 0.999998 -0.000401792 0.00169766 0.000399207 0.999999 0.190108 0.00143991 0.0694964
FixedParameters: 0 0 0

#Transform 12
Transform: AffineTransform_float_3_3
Parameters: 0.999997 -0.00223552 -0.00106402 0.00223549 0.999998 0.000454623 0.00106298 -0.000457378 1 0.179529 -0.0516348 0.108321
FixedParameters: 0 0 0

#Transform 13
Transform: AffineTransform_float_3_3
Parameters: 0.999996 -0.00178675 -0.0021199 0.00178925 0.999998 0.00106221 0.0021181 -0.00106579 0.999997 0.259611 -0.0621925 0.0728812
FixedParameters: 0 0 0

#Transform 14
Transform: AffineTransform_float_3_3
Parameters: 0.999995 -0.00146001 -0.00279309 0.00146399 0.999998 0.00142592 0.00279091 -0.00143008 0.999995 0.362428 -0.102277 0.13443
FixedParameters: 0 0 0

#Transform 15
Transform: AffineTransform_float_3_3
Parameters: 0.999998 -0.00115741 -0.00202091 0.00115959 0.999999 0.000787658 0.00202009 -0.00079034 0.999997 0.277328 -0.0734308 0.188472
FixedParameters: 0 0 0

#Transform 16
Transform: AffineTransform_float_3_3
Parameters: 0.999996 -0.00149964 -0.00214065 0.00150135 0.999999 0.00109879 0.00213835 -0.00110221 0.999997 0.312906 -0.0988668 0.211028
FixedParameters: 0 0 0

#Transform 17
Transform: AffineTransform_float_3_3
Parameters: 0.999997 -0.00167641 -0.00184145 0.00167859 0.999998 0.000860912 0.00183955 -0.000864087 0.999998 0.274987 -0.0744705 0.193914
FixedParameters: 0 0 0

#Transform 18
Transform: AffineTransform_float_3_3
Parameters: 0.999996 -0.00173093 -0.00229832 0.00173307 0.999997 0.00133502 0.00229569 -0.00133898 0.999997 0.319764 -0.0943268 0.148399
FixedParameters: 0 0 0

#Transform 19
Transform: AffineTransform_float_3_3
Parameters: 0.999995 -0.00181586 -0.00229769 0.00181814 0.999998 0.000928826 0.00229531 -0.000933172 0.999997 0.30526 -0.0615529 0.138782
FixedParameters: 0 0 0

#Transform 20
Transform: AffineTransform_float_3_3
Parameters: 0.999991 -0.00357608 -0.00204611 0.00357892 0.999992 0.00142469 0.00204089 -0.00143231 0.999997 0.377243 -0.086582 0.141597
FixedParameters: 0 0 0

#Transform 21
Transform: AffineTransform_float_3_3
Parameters: 0.999993 -0.00310337 -0.00229955 0.00310562 0.999994 0.00113887 0.00229545 -0.00114613 0.999996 0.369006 -0.0864576 0.176418
FixedParameters: 0 0 0

#Transform 22
Transform: AffineTransform_float_3_3
Parameters: 0.999986 -0.00443936 -0.00295798 0.00444364 0.999989 0.00156388 0.00295103 -0.00157712 0.999995 0.47735 -0.120777 0.202571
FixedParameters: 0 0 0

#Transform 23
Transform: AffineTransform_float_3_3
Parameters: 0.99999 -0.00357034 -0.00253 0.00357565 0.999991 0.00223398 0.002522 -0.00224303 0.999995 0.417582 -0.17994 0.29922
FixedParameters: 0 0 0

#Transform 24
Transform: AffineTransform_float_3_3
Parameters: 0.999991 -0.00341112 -0.00222435 0.00341188 0.999994 0.000392414 0.00222265 -0.000399585 0.999998 0.405162 -0.0763265 0.252548
FixedParameters: 0 0 0

#Transform 25
Transform: AffineTransform_float_3_3
Parameters: 0.999992 -0.00361326 -0.00176452 0.00361374 0.999994 0.000418627 0.00176248 -0.000424372 0.999999 0.375657 -0.0666275 0.186529
FixedParameters: 0 0 0

#Transform 26
Transform: AffineTransform_float_3_3
Parameters: 0.99999 -0.0037102 -0.00223332 0.0037138 0.999991 0.00169972 0.00222667 -0.00170828 0.999996 0.404585 -0.116039 0.173176
FixedParameters: 0 0 0

#Transform 27
Transform: AffineTransform_float_3_3
Parameters: 0.999987 -0.00445687 -0.00273439 0.00446214 0.999989 0.00187482 0.00272561 -0.00188717 0.999994 0.460184 -0.128169 0.17629
FixedParameters: 0 0 0

#Transform 28
Transform: AffineTransform_float_3_3
Parameters: 0.999986 -0.00425089 -0.00291699 0.0042551 0.99999 0.00140261 0.00291101 -0.00141539 0.999995 0.467357 -0.114928 0.193471
FixedParameters: 0 0 0

#Transform 29
Transform: AffineTransform_float_3_3
Parameters: 0.999987 -0.00418152 -0.0028406 0.00418648 0.99999 0.00157213 0.0028344 -0.00158387 0.999994 0.48695 -0.134327 0.232063
FixedParameters: 0 0 0

#Transform 30
Transform: AffineTransform_float_3_3
Parameters: 0.999991 -0.00314839 -0.00278636 0.00315462 0.999993 0.00201323 0.00277964 -0.00202177 0.999994 0.393895 -0.142089 0.284631
FixedParameters: 0 0 0

#Transform 31
Transform: AffineTransform_float_3_3
Parameters: 0.99999 -0.00308507 -0.00316776 0.00309193 0.999993 0.00218523 0.00316124 -0.00219477 0.999992 0.434946 -0.154216 0.25934
FixedParameters: 0 0 0

#Transform 32
Transform: AffineTransform_float_3_3
Parameters: 0.99999 -0.0029021 -0.00341831 0.0029059 0.999995 0.00113708 0.00341468 -0.00114692 0.999993 0.432088 -0.0923256 0.203401
FixedParameters: 0 0 0

#Transform 33
Transform: AffineTransform_float_3_3
Parameters: 0.99999 -0.00360831 -0.00286571 0.00361569 0.99999 0.00268167 0.0028553 -0.00269233 0.999993 0.43192 -0.16409 0.234354
FixedParameters: 0 0 0

#Transform 34
Transform: AffineTransform_float_3_3
Parameters: 0.999986 -0.00423714 -0.00300228 0.00424285 0.999989 0.00194629 0.00299472 -0.00195971 0.999993 0.472288 -0.123555 0.186658
FixedParameters: 0 0 0

#Transform 35
Transform: AffineTransform_float_3_3
Parameters: 0.999988 -0.00422947 -0.00251724 0.00423152 0.99999 0.00099736 0.00251276 -0.00100864 0.999997 0.436605 -0.0224504 0.0758813
FixedParameters: 0 0 0

#Transform 36
Transform: AffineTransform_float_3_3
Parameters: 0.999989 -0.00377145 -0.00302544 0.00377855 0.999989 0.0024946 0.00301556 -0.0025064 0.999993 0.440733 -0.134907 0.178331
FixedParameters: 0 0 0

#Transform 37
Transform: AffineTransform_float_3_3
Parameters: 0.999991 -0.00218447 -0.00367907 0.00219353 0.999995 0.00231495 0.00367392 -0.00232305 0.99999 0.293741 -0.0966068 0.133541
FixedParameters: 0 0 0

#Transform 38
Transform: AffineTransform_float_3_3
Parameters: 0.999966 0.00811495 -0.00179973 -0.00811405 0.999967 0.000533622 0.00180428 -0.000519376 0.999998 -0.451921 0.247288 -0.369257
FixedParameters: 0 0 0

#Transform 39
Transform: AffineTransform_float_3_3
Parameters: 0.999983 0.00488959 -0.00299469 -0.0048744 0.999974 0.00519168 0.00302031 -0.00517732 0.999982 -0.11239 0.0988726 -0.413936
FixedParameters: 0 0 0

#Transform 40
Transform: AffineTransform_float_3_3
Parameters: 0.99999 0.00401288 -0.00196194 -0.00400312 0.999982 0.0045089 0.00198005 -0.0045011 0.999988 -0.121576 0.107294 -0.310004
FixedParameters: 0 0 0

#Transform 41
Transform: AffineTransform_float_3_3
Parameters: 0.999993 0.00363347 -0.00146303 -0.00362653 0.999983 0.00440334 0.00147898 -0.00439866 0.999989 -0.112219 0.0995773 -0.26252
FixedParameters: 0 0 0

#Transform 42
Transform: AffineTransform_float_3_3
Parameters: 0.999991 0.00369079 -0.00210869 -0.00368221 0.999984 0.0041558 0.00212431 -0.0041482 0.999989 -0.0760444 0.116222 -0.270428
FixedParameters: 0 0 0

#Transform 43
Transform: AffineTransform_float_3_3
Parameters: 0.999995 0.00214763 -0.00211629 -0.00213937 0.999991 0.00359955 0.00212471 -0.00359546 0.999992 0.0475876 0.100452 -0.187992
FixedParameters: 0 0 0

#Transform 44
Transform: AffineTransform_float_3_3
Parameters: 0.999998 0.00117918 -0.0014955 -0.00117582 0.999997 0.00212476 0.0014975 -0.00212324 0.999996 0.0936897 0.118723 -0.101472
FixedParameters: 0 0 0

#Transform 45
Transform: AffineTransform_float_3_3
Parameters: 0.999997 0.000733504 -0.00208142 -0.000728498 0.999998 0.00216352 0.00208258 -0.00216248 0.999995 0.141053 0.103428 -0.11537
FixedParameters: 0 0 0

#Transform 46
Transform: AffineTransform_float_3_3
Parameters: 0.999998 0.000112763 -0.00190372 -0.000108236 0.999997 0.00250221 0.00190428 -0.00250179 0.999995 0.136842 0.0906296 -0.111649
FixedParameters: 0 0 0

#Transform 47
Transform: AffineTransform_float_3_3
Parameters: 0.999998 9.1671e-06 -0.00170198 -1.83279e-06 0.999991 0.00421101 0.00170202 -0.00421099 0.999989 0.149718 0.0240221 -0.115325
FixedParameters: 0 0 0

#Transform 48
Transform: AffineTransform_float_3_3
Parameters: 0.999998 -0.000421367 -0.001842 0.000429632 0.999989 0.00468822 0.00184001 -0.00468978 0.999988 0.191316 -0.0259939 -0.0994976
FixedParameters: 0 0 0

#Transform 49
Transform: AffineTransform_float_3_3
Parameters: 0.999998 -0.000643313 -0.00182273 0.000650688 0.999991 0.00421982 0.00182027 -0.00422118 0.99999 0.163144 -0.0249672 -0.0588287
FixedParameters: 0 0 0

#Transform 50
Transform: AffineTransform_float_3_3
Parameters: 0.999998 -0.000321964 -0.00199348 0.000331034 0.999989 0.00453435 0.00199152 -0.00453465 0.999987 0.165127 -0.030417 -0.11259
FixedParameters: 0 0 0

#Transform 51
Transform: AffineTransform_float_3_3
Parameters: 0.999998 0.000179239 -0.00163633 -0.000172758 0.999992 0.00381229 0.00163767 -0.00381171 0.999992 0.150176 -0.013216 -0.0303532
FixedParameters: 0 0 0

#Transform 52
Transform: AffineTransform_float_3_3
Parameters: 0.999998 0.000613497 -0.00163495 -0.000607502 0.999994 0.003361 0.00163705 -0.00336 0.999993 0.138727 0.0111163 -0.0320905
FixedParameters: 0 0 0

#Transform 53
Transform: AffineTransform_float_3_3
Parameters: 0.999997 -2.25529e-05 -0.00247209 3.14466e-05 0.999994 0.00341693 0.00247191 -0.00341707 0.999991 0.212683 -0.0260315 -0.00648683
FixedParameters: 0 0 0

#Transform 54
Transform: AffineTransform_float_3_3
Parameters: 0.999997 -0.000122552 -0.00247243 0.000131446 0.999994 0.00341669 0.00247157 -0.00341731 0.999991 0.255679 -0.031263 0.0169895
FixedParameters: 0 0 0

#Transform 55
Transform: AffineTransform_float_3_3
Parameters: 0.999996 -0.000557232 -0.00278397 0.000566769 0.999993 0.00350944 0.00278203 -0.00351056 0.99999 0.281727 -0.0555425 0.0140805
FixedParameters: 0 0 0

#Transform 56
Transform: AffineTransform_float_3_3
Parameters: 0.999997 -0.000941576 -0.00232802 0.000949424 0.999995 0.0031898 0.00232498 -0.0031922 0.999992 0.251279 -0.0386505 0.0157805
FixedParameters: 0 0 0

#Transform 57
Transform: AffineTransform_float_3_3
Parameters: 0.999995 -0.00201886 -0.00248029 0.00202914 0.999989 0.00409398 0.00247171 -0.00409901 0.999988 0.306985 -0.0841883 0.0402049
FixedParameters: 0 0 0

#Transform 58
Transform: AffineTransform_float_3_3
Parameters: 0.999996 -0.00182747 -0.00248053 0.00183952 0.999987 0.00465146 0.00247147 -0.00465654 0.999986 0.313801 -0.125054 0.0758394
FixedParameters: 0 0 0

#Transform 59
Transform: AffineTransform_float_3_3
Parameters: 0.999995 -0.00212369 -0.00242606 0.0021343 0.999988 0.00425284 0.00241694 -0.00425815 0.999988 0.304686 -0.107495 0.0609551
FixedParameters: 0 0 0

#Transform 60
Transform: AffineTransform_float_3_3
Parameters: 0.999993 -0.00239009 -0.00282099 0.00240291 0.999986 0.00458225 0.00281001 -0.00458875 0.999986 0.355706 -0.160607 0.154662
FixedParameters: 0 0 0

#Transform 61
Transform: AffineTransform_float_3_3
Parameters: 0.999993 -0.00187566 -0.00340362 0.00189234 0.999985 0.0050986 0.00339439 -0.00510441 0.999981 0.293837 -0.063967 -0.0843326
FixedParameters: 0 0 0

#Transform 62
Transform: AffineTransform_float_3_3
Parameters: 1 -1.80024e-05 -0.00109707 2.19974e-05 0.999994 0.00364398 0.00109693 -0.00364402 0.999993 -0.00734991 0.117769 -0.265661
FixedParameters: 0 0 0

#Transform 63
Transform: AffineTransform_float_3_3
Parameters: 1 6.52609e-05 -0.000669783 -6.27384e-05 0.999995 0.00337504 0.000670215 -0.00337496 0.999994 0.0583285 0.0942901 -0.133995
FixedParameters: 0 0 0

#Transform 64
Transform: AffineTransform_float_3_3
Parameters: 0.999988 -0.00365235 -0.00331509 0.00366564 0.999985 0.0041189 0.00329991 -0.0041311 0.999986 0.431766 -0.0613762 0.0108969
FixedParameters: 0 0 0

#Transform 65
Transform: AffineTransform_float_3_3
Parameters: 0.99999 -0.00330423 -0.00296961 0.00333478 0.99994 0.0104192 0.0029354 -0.0104288 0.999942 0.407147 -0.417703 0.227711
FixedParameters: 0 0 0

#Transform 66
Transform: AffineTransform_float_3_3
Parameters: 0.99999 -0.00330554 -0.0030819 0.00333446 0.999949 0.00960283 0.0030501 -0.00961318 0.999949 0.441688 -0.368942 0.196148
FixedParameters: 0 0 0

#Transform 67
Transform: AffineTransform_float_3_3
Parameters: 0.999995 -0.00221893 -0.00246764 0.00223308 0.999979 0.00612252 0.00245437 -0.00612848 0.999978 0.358754 -0.11332 0.00960732
FixedParameters: 0 0 0

#Transform 68
Transform: AffineTransform_float_3_3
Parameters: 0.99999 -0.0026427 -0.00343483 0.0026673 0.999972 0.00708891 0.00341616 -0.0070981 0.999969 0.449666 -0.0560239 -0.119434
FixedParameters: 0 0 0

#Transform 69
Transform: AffineTransform_float_3_3
Parameters: 0.999991 -0.0026797 -0.00312984 0.0027043 0.999963 0.0081076 0.00310817 -0.0081154 0.999962 0.438776 -0.0720459 -0.123424
FixedParameters: 0 0 0

#Transform 70
Transform: AffineTransform_float_3_3
Parameters: 0.999989 -0.00380482 -0.00252666 0.00382518 0.999961 0.00803242 0.00249534 -0.00804158 0.999964 0.446069 -0.085636 -0.105846
FixedParameters: 0 0 0

#Transform 71
Transform: AffineTransform_float_3_3
Parameters: 0.999989 -0.00403848 -0.00232623 0.00405853 0.999956 0.00844965 0.00229277 -0.00845935 0.999961 0.455147 -0.117389 -0.112073
FixedParameters: 0 0 0

#Transform 72
Transform: AffineTransform_float_3_3
Parameters: 0.999989 -0.00435068 -0.00185083 0.00436732 0.999951 0.00890501 0.00181216 -0.00891298 0.999958 0.418499 -0.134923 -0.104599
FixedParameters: 0 0 0

#Transform 73
Transform: AffineTransform_float_3_3
Parameters: 0.999986 -0.00476586 -0.00222036 0.00478414 0.999954 0.00823848 0.00218063 -0.0082495 0.999963 0.451432 -0.128948 -0.082292
FixedParameters: 0 0 0

#Transform 74
Transform: AffineTransform_float_3_3
Parameters: 0.999984 -0.00524849 -0.00208112 0.00526551 0.999954 0.00800717 0.00203888 -0.00801783 0.999966 0.468259 -0.156312 -0.0237286
FixedParameters: 0 0 0

#Transform 75
Transform: AffineTransform_float_3_3
Parameters: 0.999988 -0.00396621 -0.00286204 0.0039878 0.999966 0.00729768 0.00283295 -0.00730833 0.99997 0.446731 -0.0752093 -0.0626278
FixedParameters: 0 0 0

#Transform 76
Transform: AffineTransform_float_3_3
Parameters: 0.999983 -0.00395327 -0.00430625 0.00400173 0.999928 0.011368 0.00426075 -0.011384 0.999926 0.551796 -0.3458 0.07642
FixedParameters: 0 0 0

#Transform 77
Transform: AffineTransform_float_3_3
Parameters: 0.99998 -0.00582226 -0.00241064 0.00584774 0.999929 0.0103861 0.00235035 -0.0103999 0.999943 0.507162 -0.270287 0.0266737
FixedParameters: 0 0 0

#Transform 78
Transform: AffineTransform_float_3_3
Parameters: 0.99998 -0.00596687 -0.00204956 0.00598712 0.999932 0.00995893 0.00198944 -0.00997007 0.999949 0.496065 -0.244834 5.86063e-05
FixedParameters: 0 0 0

#Transform 79
Transform: AffineTransform_float_3_3
Parameters: 0.999981 -0.006062 -0.00129164 0.00607398 0.999936 0.00949433 0.00123336 -0.00950266 0.999954 0.458999 -0.234859 0.0386033
FixedParameters: 0 0 0

#Transform 80
Transform: AffineTransform_float_3_3
Parameters: 0.999983 -0.00556418 -0.00164453 0.00557882 0.999948 0.00852597 0.00159647 -0.00853503 0.999963 0.460203 -0.182395 0.0281403
FixedParameters: 0 0 0

#Transform 81
Transform: AffineTransform_float_3_3
Parameters: 0.99998 -0.00603892 -0.00143328 0.00605209 0.999939 0.00930551 0.00137772 -0.0093135 0.999955 0.471549 -0.213689 0.036276
FixedParameters: 0 0 0

#Transform 82
Transform: AffineTransform_float_3_3
Parameters: 0.99998 -0.00603632 -0.00152255 0.00605167 0.999926 0.01051 0.00145945 -0.010519 0.999943 0.479656 -0.265297 0.0604311
FixedParameters: 0 0 0

#Transform 83
Transform: AffineTransform_float_3_3
Parameters: 0.999981 -0.00591311 -0.0013694 0.00592489 0.999944 0.00884905 0.0013166 -0.00885695 0.99996 0.460356 -0.19134 0.0350476
FixedParameters: 0 0 0

#Transform 84
Transform: AffineTransform_float_3_3
Parameters: 0.99998 -0.00610378 -0.00167665 0.00611821 0.999944 0.00860991 0.00162335 -0.00862008 0.999961 0.486935 -0.188275 0.0303014
FixedParameters: 0 0 0

#Transform 85
Transform: AffineTransform_float_3_3
Parameters: 0.99998 -0.0059206 -0.00229888 0.0059424 0.999938 0.00941453 0.00224311 -0.00942847 0.999953 0.518083 -0.229003 0.0443574
FixedParameters: 0 0 0

#Transform 86
Transform: AffineTransform_float_3_3
Parameters: 0.999979 -0.00621447 -0.00171314 0.00623153 0.999933 0.00981954 0.00165185 -0.00983048 0.999951 0.511512 -0.225622 -0.0121108
FixedParameters: 0 0 0

#Transform 87
Transform: AffineTransform_float_3_3
Parameters: 0.999981 -0.00606305 -0.00122471 0.00607494 0.999931 0.00999875 0.00116329 -0.0100062 0.99995 0.482291 -0.220656 -0.00164433
FixedParameters: 0 0 0

#Transform 88
Transform: AffineTransform_float_3_3
Parameters: 0.999982 -0.00585083 -0.00169624 0.00586618 0.999942 0.00908323 0.00164276 -0.00909279 0.999958 0.461972 -0.188257 -0.0539698
FixedParameters: 0 0 0

#Transform 89
Transform: AffineTransform_float_3_3
Parameters: 0.999978 -0.00635886 -0.00185436 0.00637713 0.99993 0.00994439 0.00179063 -0.00995661 0.999949 0.500766 -0.208826 -0.0470023
FixedParameters: 0 0 0

#Transform 90
Transform: AffineTransform_float_3_3
Parameters: 0.999978 -0.00624581 -0.00199002 0.00626419 0.999938 0.00926974 0.00193198 -0.00928127 0.999955 0.497302 -0.20435 -0.023813
FixedParameters: 0 0 0

#Transform 91
Transform: AffineTransform_float_3_3
Parameters: 0.999979 -0.00593276 -0.00236443 0.00595324 0.999945 0.0086471 0.00231357 -0.0086609 0.99996 0.523607 -0.170944 -0.0105964
FixedParameters: 0 0 0

#Transform 92
Transform: AffineTransform_float_3_3
Parameters: 0.999979 -0.00605994 -0.00229928 0.00608106 0.999938 0.00926321 0.00224372 -0.00927779 0.999955 0.529601 -0.18793 -0.0178414
FixedParameters: 0 0 0

#Transform 93
Transform: AffineTransform_float_3_3
Parameters: 0.999976 -0.00661077 -0.00231058 0.00663324 0.999926 0.0101959 0.00224344 -0.0102101 0.999946 0.548161 -0.210784 -0.0248457
FixedParameters: 0 0 0

#Transform 94
Transform: AffineTransform_float_3_3
Parameters: 0.99998 -0.00585726 -0.00230684 0.00588274 0.999923 0.0108696 0.00224315 -0.0108824 0.999939 0.50375 -0.233093 -0.0168442
FixedParameters: 0 0 0

#Transform 95
Transform: AffineTransform_float_3_3
Parameters: 0.999976 -0.00637888 -0.00271171 0.00640613 0.999929 0.0101139 0.0026473 -0.0101301 0.999945 0.559504 -0.219838 -0.0124677
FixedParameters: 0 0 0

#Transform 96
Transform: AffineTransform_float_3_3
Parameters: 0.999995 0.000265388 -0.00318811 -0.000227611 0.999932 0.0117228 0.00319089 -0.0117212 0.999926 0.21838 -0.148063 -0.401136
FixedParameters: 0 0 0

#Transform 97
Transform: AffineTransform_float_3_3
Parameters: 0.999994 -0.002482 -0.00270714 0.002507 0.999954 0.00927228 0.00268386 -0.00927873 0.999954 0.365977 -0.138629 -0.0830266
FixedParameters: 0 0 0

#Transform 98
Transform: AffineTransform_float_3_3
Parameters: 0.999992 -0.00312975 -0.00239871 0.00314425 0.999978 0.00596051 0.00237929 -0.0059685 0.99998 0.385111 -0.0264729 -0.0515353
FixedParameters: 0 0 0

#Transform 99
Transform: AffineTransform_float_3_3
Parameters: 0.999987 -0.00403679 -0.00333284 0.00407521 0.999925 0.0115406 0.00328516 -0.0115534 0.999928 0.504819 -0.344177 0.139949
FixedParameters: 0 0 0

#Transform 100
Transform: AffineTransform_float_3_3
Parameters: 0.999986 -0.00462349 -0.00251865 0.00464651 0.999945 0.00941142 0.00247435 -0.00942257 0.999952 0.46305 -0.22878 0.0729874
FixedParameters: 0 0 0

#Transform 101
Transform: AffineTransform_float_3_3
Parameters: 0.999986 -0.00477299 -0.00237488 0.00479701 0.999937 0.0102098 0.00232612 -0.0102213 0.999945 0.441463 -0.252625 0.0562743
FixedParameters: 0 0 0

#Transform 102
Transform: AffineTransform_float_3_3
Parameters: 0.999984 -0.00505535 -0.00251836 0.00508465 0.999921 0.0115044 0.00245964 -0.0115166 0.99993 0.473445 -0.280403 -0.018305
FixedParameters: 0 0 0

#Transform 103
Transform: AffineTransform_float_3_3
Parameters: 0.999984 -0.00523678 -0.00240592 0.00526323 0.999926 0.0110265 0.00234807 -0.0110395 0.999937 0.495594 -0.256281 -0.0286068
FixedParameters: 0 0 0

#Transform 104
Transform: AffineTransform_float_3_3
Parameters: 0.99998 -0.0052843 -0.0035375 0.0053227 0.999925 0.0110204 0.0034795 -0.0110396 0.999933 0.538899 -0.318697 0.114876
FixedParameters: 0 0 0

#Transform 105
Transform: AffineTransform_float_3_3
Parameters: 0.999977 -0.0057993 -0.00349101 0.0058347 0.99993 0.0103049 0.003431 -0.0103251 0.999941 0.603028 -0.306024 0.108402
FixedParameters: 0 0 0

#Transform 106
Transform: AffineTransform_float_3_3
Parameters: 0.999977 -0.00617566 -0.00259079 0.00620033 0.999935 0.00949314 0.0025322 -0.00950884 0.999951 0.536876 -0.251962 0.0708351
FixedParameters: 0 0 0

#Transform 107
Transform: AffineTransform_float_3_3
Parameters: 0.999976 -0.00670399 -0.00213368 0.00672301 0.999936 0.00903087 0.00207332 -0.00904512 0.999957 0.52796 -0.225253 0.0998622
FixedParameters: 0 0 0

#Transform 108
Transform: AffineTransform_float_3_3
Parameters: 0.99997 -0.00729631 -0.00261072 0.0073237 0.999916 0.0107592 0.00253228 -0.0107778 0.999938 0.588557 -0.335612 0.15587
FixedParameters: 0 0 0

#Transform 109
Transform: AffineTransform_float_3_3
Parameters: 0.999976 -0.00647651 -0.00223529 0.00649649 0.99994 0.00882468 0.0021787 -0.00883931 0.999958 0.544048 -0.238446 0.120749
FixedParameters: 0 0 0

#Transform 110
Transform: AffineTransform_float_3_3
Parameters: 0.999972 -0.00706886 -0.00216682 0.00708914 0.999931 0.0094319 0.00210017 -0.00944711 0.999953 0.542949 -0.264097 0.11811
FixedParameters: 0 0 0

#Transform 111
Transform: AffineTransform_float_3_3
Parameters: 0.999967 -0.00798028 -0.00158434 0.00799672 0.999917 0.0101757 0.00150266 -0.0101873 0.999947 0.535133 -0.283859 0.12011
FixedParameters: 0 0 0

#Transform 112
Transform: AffineTransform_float_3_3
Parameters: 0.999969 -0.00764252 -0.0019663 0.00766246 0.999919 0.0100932 0.00188869 -0.0101087 0.999947 0.559923 -0.283443 0.098588
FixedParameters: 0 0 0

#Transform 113
Transform: AffineTransform_float_3_3
Parameters: 0.99997 -0.00745127 -0.00202199 0.00747172 0.999917 0.0104442 0.00194402 -0.0104588 0.999944 0.533663 -0.303225 0.101835
FixedParameters: 0 0 0

#Transform 114
Transform: AffineTransform_float_3_3
Parameters: 0.999975 -0.00665769 -0.00260296 0.00668531 0.999921 0.0106279 0.00253204 -0.0106451 0.99994 0.550787 -0.291514 0.101622
FixedParameters: 0 0 0

#Transform 115
Transform: AffineTransform_float_3_3
Parameters: 0.999972 -0.00723539 -0.00221815 0.00725761 0.99992 0.0103622 0.00214285 -0.0103778 0.999944 0.546681 -0.275649 0.0727121
FixedParameters: 0 0 0

#Transform 116
Transform: AffineTransform_float_3_3
Parameters: 0.999971 -0.00722632 -0.00209198 0.00724867 0.999912 0.0110431 0.00201201 -0.0110588 0.999937 0.548188 -0.297946 0.0937823
FixedParameters: 0 0 0

#Transform 117
Transform: AffineTransform_float_3_3
Parameters: 0.999967 -0.00786037 -0.00205845 0.00788363 0.9999 0.0117352 0.00196556 -0.0117508 0.999929 0.592819 -0.309874 0.0724269
FixedParameters: 0 0 0

#Transform 118
Transform: AffineTransform_float_3_3
Parameters: 0.999965 -0.00821597 -0.00199377 0.00823704 0.999908 0.010782 0.00190523 -0.010798 0.99994 0.599964 -0.26672 0.0653513
FixedParameters: 0 0 0

#Transform 119
Transform: AffineTransform_float_3_3
Parameters: 0.999961 -0.00876589 -0.00112064 0.00877711 0.999908 0.0103286 0.00102936 -0.0103374 0.999946 0.595275 -0.242439 0.0635331
FixedParameters: 0 0 0

#Transform 120
Transform: AffineTransform_float_3_3
Parameters: 0.999956 -0.00937629 -0.00112338 0.00938772 0.999907 0.0099479 0.00102961 -0.0099581 0.99995 0.617485 -0.241131 0.0601083
FixedParameters: 0 0 0

#Transform 121
Transform: AffineTransform_float_3_3
Parameters: 0.999943 -0.0105359 -0.00164721 0.0105541 0.99988 0.0113903 0.0015268 -0.0114067 0.999934 0.709622 -0.321701 0.106058
FixedParameters: 0 0 0

#Transform 122
Transform: AffineTransform_float_3_3
Parameters: 0.999912 -0.0129085 -0.00327489 0.0129485 0.999836 0.0126547 0.00311111 -0.0126963 0.999914 0.902368 -0.410524 0.163262
FixedParameters: 0 0 0

#Transform 123
Transform: AffineTransform_float_3_3
Parameters: 0.99992 -0.0124191 -0.00215725 0.0124429 0.999858 0.0114291 0.00201576 -0.011455 0.999933 0.80416 -0.343126 0.115479
FixedParameters: 0 0 0

#Transform 124
Transform: AffineTransform_float_3_3
Parameters: 0.99993 -0.0113586 -0.00323792 0.0113944 0.999873 0.0111379 0.00311107 -0.0111741 0.999932 0.845688 -0.320292 0.093779
FixedParameters: 0 0 0

#Transform 125
Transform: AffineTransform_float_3_3
Parameters: 0.999878 -0.0147398 -0.00504353 0.0148002 0.999817 0.0121178 0.00486447 -0.0121902 0.999914 1.09398 -0.372702 0.0728469
FixedParameters: 0 0 0

#Transform 126
Transform: AffineTransform_float_3_3
Parameters: 0.99983 -0.0169294 -0.00732568 0.0170286 0.999761 0.0137586 0.00709132 -0.0138814 0.999879 1.30194 -0.469757 0.0813052
FixedParameters: 0 0 0

#Transform 127
Transform: AffineTransform_float_3_3
Parameters: 0.999889 -0.0142305 -0.00425425 0.0142845 0.999816 0.0128226 0.00407073 -0.0128823 0.999908 0.999021 -0.422318 0.0832049
FixedParameters: 0 0 0

#Transform 128
Transform: AffineTransform_float_3_3
Parameters: 0.999933 -0.0112168 -0.0026368 0.0112442 0.999877 0.0109191 0.00251421 -0.0109479 0.999937 0.778334 -0.304286 0.0320261
FixedParameters: 0 0 0

#Transform 129
Transform: AffineTransform_float_3_3
Parameters: 0.999949 -0.00978748 -0.00223254 0.00980953 0.999904 0.0098416 0.00213646 -0.00986241 0.999949 0.671099 -0.315884 0.146569
FixedParameters: 0 0 0

#Transform 130
Transform: AffineTransform_float_3_3
Parameters: 0.999944 -0.0101068 -0.00292277 0.0101362 0.999897 0.0101389 0.00282022 -0.0101681 0.999945 0.750458 -0.335765 0.147704
FixedParameters: 0 0 0

#Transform 131
Transform: AffineTransform_float_3_3
Parameters: 0.999944 -0.0100891 -0.00339281 0.0101249 0.999891 0.0107483 0.00328419 -0.0107817 0.999936 0.795007 -0.327 0.103536
FixedParameters: 0 0 0

#Transform 132
Transform: AffineTransform_float_3_3
Parameters: 0.999932 -0.0108439 -0.00413974 0.0109121 0.999795 0.01705 0.00395428 -0.017094 0.999846 0.868656 -0.616855 0.253865
FixedParameters: 0 0 0

#Transform 133
Transform: AffineTransform_float_3_3
Parameters: 0.999945 -0.00970195 -0.00383843 0.00975903 0.999838 0.0151324 0.00369056 -0.0151696 0.999878 0.826265 -0.548805 0.304874
FixedParameters: 0 0 0

#Transform 134
Transform: AffineTransform_float_3_3
Parameters: 0.999911 -0.0119561 -0.0059981 0.0120389 0.99983 0.013974 0.00582991 -0.014045 0.999885 1.02494 -0.496459 0.180861
FixedParameters: 0 0 0

#Transform 135
Transform: AffineTransform_float_3_3
Parameters: 0.999928 -0.010713 -0.00549779 0.010794 0.999831 0.0149217 0.00533721 -0.0149803 0.999873 0.932466 -0.53367 0.193804
FixedParameters: 0 0 0

#Transform 136
Transform: AffineTransform_float_3_3
Parameters: 0.999956 -0.0087053 -0.0035163 0.00875068 0.999874 0.0131948 0.0034007 -0.0132252 0.999907 0.738589 -0.428242 0.160079
FixedParameters: 0 0 0

#Transform 137
Transform: AffineTransform_float_3_3
Parameters: 0.999959 -0.00821879 -0.00384187 0.00826721 0.999885 0.0127058 0.00373713 -0.0127372 0.999912 0.752085 -0.414565 0.164688
FixedParameters: 0 0 0

#Transform 138
Transform: AffineTransform_float_3_3
Parameters: 0.999932 -0.0104992 -0.00518184 0.0105688 0.999852 0.0136262 0.00503817 -0.0136798 0.999893 0.943386 -0.461888 0.169127
FixedParameters: 0 0 0

#Transform 139
Transform: AffineTransform_float_3_3
Parameters: 0.999931 -0.0106615 -0.00494935 0.0107265 0.999855 0.0131908 0.00480764 -0.0132432 0.9999 0.925317 -0.445537 0.169944
FixedParameters: 0 0 0

#Transform 140
Transform: AffineTransform_float_3_3
Parameters: 0.999925 -0.0111847 -0.00486468 0.0112493 0.999847 0.0134053 0.00471332 -0.0134587 0.999899 0.939957 -0.446509 0.199652
FixedParameters: 0 0 0

#Transform 141
Transform: AffineTransform_float_3_3
Parameters: 0.99992 -0.011672 -0.00488959 0.011734 0.999848 0.0128386 0.00473941 -0.0128943 0.999905 0.953712 -0.431435 0.176474
FixedParameters: 0 0 0

#Transform 142
Transform: AffineTransform_float_3_3
Parameters: 0.999917 -0.0119048 -0.00490525 0.0119682 0.999843 0.0130604 0.00474875 -0.0131176 0.999902 0.971969 -0.44196 0.179254
FixedParameters: 0 0 0

#Transform 143
Transform: AffineTransform_float_3_3
Parameters: 0.999921 -0.0118231 -0.00440981 0.01188 0.999844 0.0131197 0.00425421 -0.0131704 0.999904 0.943772 -0.444627 0.178819
FixedParameters: 0 0 0

#Transform 144
Transform: AffineTransform_float_3_3
Parameters: 0.999918 -0.0120294 -0.00454222 0.0120896 0.999838 0.0133412 0.00438077 -0.0133948 0.9999 0.951016 -0.452276 0.21703
FixedParameters: 0 0 0

#Transform 145
Transform: AffineTransform_float_3_3
Parameters: 0.999925 -0.0115006 -0.00437017 0.0115584 0.999844 0.0133455 0.00421584 -0.0133945 0.999902 0.925305 -0.449247 0.229954
FixedParameters: 0 0 0

#Transform 146
Transform: AffineTransform_float_3_3
Parameters: 0.99993 -0.0109644 -0.00431365 0.0110306 0.999819 0.0154935 0.00414233 -0.0155405 0.99987 0.885928 -0.565148 0.297507
FixedParameters: 0 0 0

#Transform 147
Transform: AffineTransform_float_3_3
Parameters: 0.999936 -0.0105181 -0.00399736 0.0105739 0.999843 0.0142356 0.00384663 -0.0142774 0.99989 0.849966 -0.485286 0.272793
FixedParameters: 0 0 0

#Transform 148
Transform: AffineTransform_float_3_3
Parameters: 0.999942 -0.0102614 -0.00343645 0.0102996 0.999882 0.0114063 0.00331955 -0.0114417 0.999929 0.828433 -0.376151 0.208847
FixedParameters: 0 0 0

#Transform 149
Transform: AffineTransform_float_3_3
Parameters: 0.999935 -0.0106256 -0.00397596 0.0106734 0.99987 0.0120883 0.00384703 -0.0121297 0.999919 0.881726 -0.402766 0.202123
FixedParameters: 0 0 0

#Transform 150
Transform: AffineTransform_float_3_3
Parameters: 0.999939 -0.0102614 -0.0039748 0.0103096 0.99987 0.0124038 0.0038472 -0.0124442 0.999915 0.852223 -0.411019 0.213282
FixedParameters: 0 0 0

#Transform 151
Transform: AffineTransform_float_3_3
Parameters: 0.99994 -0.0102746 -0.00397977 0.0103255 0.999864 0.0128697 0.00384722 -0.0129103 0.99991 0.841675 -0.436298 0.198639
FixedParameters: 0 0 0

#Transform 152
Transform: AffineTransform_float_3_3
Parameters: 0.999935 -0.0106318 -0.00398633 0.0106832 0.999857 0.0130522 0.00384665 -0.0130947 0.999907 0.852488 -0.441839 0.202586
FixedParameters: 0 0 0

#Transform 153
Transform: AffineTransform_float_3_3
Parameters: 0.999937 -0.0105657 -0.00397517 0.0106133 0.99987 0.0120816 0.00384683 -0.0121234 0.999919 0.868535 -0.37743 0.18493
FixedParameters: 0 0 0

#Transform 154
Transform: AffineTransform_float_3_3
Parameters: 0.999936 -0.0106732 -0.00379253 0.0107198 0.999867 0.0122761 0.00366145 -0.0123169 0.999917 0.840656 -0.388575 0.184532
FixedParameters: 0 0 0

#Transform 155
Transform: AffineTransform_float_3_3
Parameters: 0.999936 -0.0107806 -0.00362177 0.0108224 0.999874 0.0116236 0.00349624 -0.0116614 0.999926 0.851848 -0.355522 0.188407
FixedParameters: 0 0 0

#Transform 156
Transform: AffineTransform_float_3_3
Parameters: 0.999932 -0.0111132 -0.00369329 0.0111558 0.999869 0.0117696 0.00356172 -0.0118104 0.999924 0.864738 -0.365854 0.189899
FixedParameters: 0 0 0

#Transform 157
Transform: AffineTransform_float_3_3
Parameters: 0.999932 -0.0110919 -0.00346581 0.0111311 0.999872 0.0114832 0.00333719 -0.0115208 0.999928 0.842359 -0.366913 0.181187
FixedParameters: 0 0 0

#Transform 158
Transform: AffineTransform_float_3_3
Parameters: 0.999927 -0.0116028 -0.00338658 0.0116382 0.999873 0.0108724 0.00326043 -0.0109106 0.999935 0.869895 -0.329229 0.153192
FixedParameters: 0 0 0

#Transform 159
Transform: AffineTransform_float_3_3
Parameters: 0.999924 -0.011862 -0.00351923 0.011893 0.99989 0.00892283 0.00341277 -0.00896417 0.999954 0.91061 -0.223362 0.0914156
FixedParameters: 0 0 0

#Transform 160
Transform: AffineTransform_float_3_3
Parameters: 0.999927 -0.0116448 -0.00340708 0.0116811 0.999873 0.01079 0.00328092 -0.010829 0.999936 0.895813 -0.372817 0.246115
FixedParameters: 0 0 0

#Transform 161
Transform: AffineTransform_float_3_3
Parameters: 0.999922 -0.0116466 -0.00436627 0.0116944 0.999868 0.0112218 0.00423473 -0.0112722 0.999927 0.950247 -0.415072 0.29239
FixedParameters: 0 0 0

#Transform 162
Transform: AffineTransform_float_3_3
Parameters: 0.999922 -0.0118294 -0.00415131 0.0118736 0.999873 0.0106325 0.00402469 -0.0106814 0.999935 0.956024 -0.357138 0.197261
FixedParameters: 0 0 0

#Transform 163
Transform: AffineTransform_float_3_3
Parameters: 0.999924 -0.0116977 -0.0040173 0.0117413 0.999868 0.0111787 0.00388572 -0.0112253 0.99993 0.91674 -0.376609 0.228406
FixedParameters: 0 0 0

#Transform 164
Transform: AffineTransform_float_3_3
Parameters: 0.999931 -0.0109254 -0.00413918 0.0109686 0.999885 0.0104073 0.00402481 -0.0104527 0.999938 0.92202 -0.350059 0.220658
FixedParameters: 0 0 0

#Transform 165
Transform: AffineTransform_float_3_3
Parameters: 0.999929 -0.0111602 -0.00414757 0.0112048 0.999878 0.0109373 0.00402543 -0.0109827 0.999931 0.912328 -0.365525 0.208759
FixedParameters: 0 0 0

#Transform 166
Transform: AffineTransform_float_3_3
Parameters: 0.999928 -0.0113467 -0.00387795 0.0113883 0.999877 0.0107936 0.00375504 -0.0108374 0.999934 0.900491 -0.347715 0.191368
FixedParameters: 0 0 0

#Transform 167
Transform: AffineTransform_float_3_3
Parameters: 0.999931 -0.011007 -0.00415453 0.011055 0.99987 0.0117189 0.00402547 -0.0117641 0.999922 0.922593 -0.359395 0.160319
FixedParameters: 0 0 0

#Transform 168
Transform: AffineTransform_float_3_3
Parameters: 0.999929 -0.011274 -0.00382415 0.011318 0.999868 0.0116765 0.00369186 -0.0117184 0.999924 0.885324 -0.36178 0.169598
FixedParameters: 0 0 0

#Transform 169
Transform: AffineTransform_float_3_3
Parameters: 0.999929 -0.0111907 -0.00414935 0.0112363 0.999875 0.0110662 0.00402464 -0.0111118 0.99993 0.93001 -0.354168 0.18644
FixedParameters: 0 0 0

#Transform 170
Transform: AffineTransform_float_3_3
Parameters: 0.999925 -0.0114267 -0.00436483 0.0114743 0.999874 0.0109637 0.00423917 -0.0110133 0.999931 0.963226 -0.33414 0.201957
FixedParameters: 0 0 0

#Transform 171
Transform: AffineTransform_float_3_3
Parameters: 0.99992 -0.0119372 -0.00415875 0.0119828 0.999866 0.0111581 0.00402525 -0.0112069 0.999929 0.958932 -0.342629 0.204375
FixedParameters: 0 0 0

#Transform 172
Transform: AffineTransform_float_3_3
Parameters: 0.999926 -0.0114208 -0.00415994 0.0114693 0.999865 0.0117662 0.00402506 -0.0118128 0.999922 0.921742 -0.354391 0.182571
FixedParameters: 0 0 0

#Transform 173
Transform: AffineTransform_float_3_3
Parameters: 0.999915 -0.0119436 -0.00533135 0.0120374 0.999769 0.0178433 0.00511765 -0.0179057 0.999826 0.994123 -0.637601 0.24975
FixedParameters: 0 0 0

#Transform 174
Transform: AffineTransform_float_3_3
Parameters: 0.999943 -0.00995453 -0.00379801 0.0100045 0.999858 0.0135088 0.00366299 -0.0135462 0.999901 0.799292 -0.423147 0.185904
FixedParameters: 0 0 0

#Transform 175
Transform: AffineTransform_float_3_3
Parameters: 0.999924 -0.0115188 -0.00438116 0.0115772 0.999842 0.0134963 0.00422485 -0.0135457 0.9999 0.929127 -0.444348 0.232295
FixedParameters: 0 0 0

#Transform 176
Transform: AffineTransform_float_3_3
Parameters: 0.999923 -0.0116698 -0.00438319 0.0117282 0.99984 0.0134956 0.00422482 -0.0135454 0.9999 0.933075 -0.444795 0.235738
FixedParameters: 0 0 0

#Transform 177
Transform: AffineTransform_float_3_3
Parameters: 0.999911 -0.0124612 -0.00480181 0.0125247 0.99983 0.0134821 0.00463317 -0.0135419 0.999897 0.992505 -0.463186 0.23505
FixedParameters: 0 0 0

#Transform 178
Transform: AffineTransform_float_3_3
Parameters: 0.999912 -0.0122791 -0.00503914 0.0123439 0.999838 0.0130569 0.00487786 -0.013118 0.999902 1.00448 -0.433077 0.19033
FixedParameters: 0 0 0

#Transform 179
Transform: AffineTransform_float_3_3
Parameters: 0.99991 -0.0123489 -0.00510188 0.0124121 0.999842 0.0127198 0.00494413 -0.0127822 0.999906 1.01921 -0.402719 0.207556
FixedParameters: 0 0 0
