# transform file /out/sourcedata/freesurfer/sub-v2s8x29235_ses-1/mri/transforms/cc_up.lta
# created by oesteban on Sat Mar 14 03:51:41 2026

type      = 0 # LINEAR_VOX_TO_VOX
nxforms   = 1
mean      = 136.0000 133.0000 120.0000
sigma     = 10000.0000
1 4 4
9.981204271316528e-01 -2.874386683106422e-02 5.412412434816360e-02 -6.888403892517090e+00 
2.870170027017593e-02 9.995868206024170e-01 1.556379604153335e-03 6.014896869659424e+00 
-5.414649844169617e-02 1.164153218269348e-10 9.985330104827881e-01 2.444691085815430e+01 
0.000000000000000e+00 0.000000000000000e+00 0.000000000000000e+00 1.000000000000000e+00 
src volume info
valid = 1  # volume info valid
filename = /out/sourcedata/freesurfer/sub-v2s8x29235_ses-1/mri/norm.mgz
volume = 256 256 256
voxelsize = 1.000000000000000e+00 1.000000000000000e+00 1.000000000000000e+00
xras   = -1.000000000000000e+00 0.000000000000000e+00 0.000000000000000e+00
yras   = 0.000000000000000e+00 0.000000000000000e+00 -1.000000000000000e+00
zras   = 0.000000000000000e+00 1.000000000000000e+00 0.000000000000000e+00
cras   = 6.651229858398438e-01 1.000000000000000e+00 1.000000000000000e+00
dst volume info
valid = 1  # volume info valid
filename = /out/sourcedata/freesurfer/sub-v2s8x29235_ses-1/mri/norm.mgz
volume = 256 256 256
voxelsize = 1.000000000000000e+00 1.000000000000000e+00 1.000000000000000e+00
xras   = -1.000000000000000e+00 0.000000000000000e+00 0.000000000000000e+00
yras   = 0.000000000000000e+00 0.000000000000000e+00 -1.000000000000000e+00
zras   = 0.000000000000000e+00 1.000000000000000e+00 0.000000000000000e+00
cras   = 6.651229858398438e-01 1.000000000000000e+00 1.000000000000000e+00
