# transform file transforms/talairach.lta
# created by oesteban on Sat Mar 14 02:42:36 2026

type      = 0 # LINEAR_VOX_TO_VOX
nxforms   = 1
mean      = 136.0000 135.0000 120.0000
sigma     = 10000.0000
1 4 4
1.056531786918640e+00 -5.062327906489372e-02 1.944133639335632e-02 -1.099971294403076e+01 
4.346292465925217e-02 1.094433546066284e+00 1.278043091297150e-01 -4.272821044921875e+01 
-2.773841843008995e-02 -1.492939144372940e-01 9.931679368019104e-01 1.589625263214111e+01 
0.000000000000000e+00 0.000000000000000e+00 0.000000000000000e+00 1.000000000000000e+00 
src volume info
valid = 1  # volume info valid
filename = nu.mgz
volume = 256 256 256
voxelsize = 1.000000000000000e+00 1.000000000000000e+00 1.000000000000000e+00
xras   = -1.000000000000000e+00 0.000000000000000e+00 0.000000000000000e+00
yras   = 0.000000000000000e+00 0.000000000000000e+00 -1.000000000000000e+00
zras   = 0.000000000000000e+00 1.000000000000000e+00 0.000000000000000e+00
cras   = 6.651229858398438e-01 1.000000000000000e+00 1.000000000000000e+00
dst volume info
valid = 1  # volume info valid
filename = /opt/freesurfer/average/RB_all_2020-01-02.gca
volume = 256 256 256
voxelsize = 1.000000000000000e+00 1.000000000000000e+00 1.000000000000000e+00
xras   = -1.000000000000000e+00 0.000000000000000e+00 0.000000000000000e+00
yras   = 0.000000000000000e+00 0.000000000000000e+00 -1.000000000000000e+00
zras   = 0.000000000000000e+00 1.000000000000000e+00 0.000000000000000e+00
cras   = 0.000000000000000e+00 0.000000000000000e+00 0.000000000000000e+00
