# transform file /out/sourcedata/freesurfer/sub-v2s8x29232_ses-1/mri/transforms/cc_up.lta
# created by oesteban on Sat Mar 14 04:07:14 2026

type      = 0 # LINEAR_VOX_TO_VOX
nxforms   = 1
mean      = 126.0000 136.0000 111.0000
sigma     = 10000.0000
1 4 4
9.985975027084351e-01 2.834271639585495e-02 -4.472113773226738e-02 2.662175655364990e+00 
-2.831433713436127e-02 9.995984435081482e-01 1.268027815967798e-03 1.347806739807129e+01 
4.473910853266716e-02 0.000000000000000e+00 9.989988207817078e-01 1.447101593017578e+01 
0.000000000000000e+00 0.000000000000000e+00 0.000000000000000e+00 1.000000000000000e+00 
src volume info
valid = 1  # volume info valid
filename = /out/sourcedata/freesurfer/sub-v2s8x29232_ses-1/mri/norm.mgz
volume = 256 256 256
voxelsize = 1.000000000000000e+00 1.000000000000000e+00 1.000000000000000e+00
xras   = -1.000000000000000e+00 0.000000000000000e+00 0.000000000000000e+00
yras   = 0.000000000000000e+00 0.000000000000000e+00 -1.000000000000000e+00
zras   = 0.000000000000000e+00 1.000000000000000e+00 0.000000000000000e+00
cras   = 2.833793640136719e+00 1.000000000000000e+00 2.771072387695312e-01
dst volume info
valid = 1  # volume info valid
filename = /out/sourcedata/freesurfer/sub-v2s8x29232_ses-1/mri/norm.mgz
volume = 256 256 256
voxelsize = 1.000000000000000e+00 1.000000000000000e+00 1.000000000000000e+00
xras   = -1.000000000000000e+00 0.000000000000000e+00 0.000000000000000e+00
yras   = 0.000000000000000e+00 0.000000000000000e+00 -1.000000000000000e+00
zras   = 0.000000000000000e+00 1.000000000000000e+00 0.000000000000000e+00
cras   = 2.833793640136719e+00 1.000000000000000e+00 2.771072387695312e-01
