# transform file /out/sourcedata/freesurfer/sub-v2s8x29194_ses-1/mri/transforms/cc_up.lta
# created by oesteban on Sat Mar 14 01:39:34 2026

type      = 0 # LINEAR_VOX_TO_VOX
nxforms   = 1
mean      = 137.0000 126.0000 117.0000
sigma     = 10000.0000
1 4 4
9.850150942802429e-01 1.642625331878662e-01 -5.256684124469757e-02 -2.174946594238281e+01 
-1.640291213989258e-01 9.864166975021362e-01 8.753665722906590e-03 4.429698944091797e+01 
5.329070612788200e-02 0.000000000000000e+00 9.985791444778442e-01 7.742537975311279e+00 
0.000000000000000e+00 0.000000000000000e+00 0.000000000000000e+00 1.000000000000000e+00 
src volume info
valid = 1  # volume info valid
filename = /out/sourcedata/freesurfer/sub-v2s8x29194_ses-1/mri/norm.mgz
volume = 256 256 256
voxelsize = 1.000000000000000e+00 1.000000000000000e+00 1.000000000000000e+00
xras   = -1.000000000000000e+00 0.000000000000000e+00 0.000000000000000e+00
yras   = 0.000000000000000e+00 0.000000000000000e+00 -1.000000000000000e+00
zras   = 0.000000000000000e+00 1.000000000000000e+00 0.000000000000000e+00
cras   = 6.651229858398438e-01 1.000000000000000e+00 1.000000000000000e+00
dst volume info
valid = 1  # volume info valid
filename = /out/sourcedata/freesurfer/sub-v2s8x29194_ses-1/mri/norm.mgz
volume = 256 256 256
voxelsize = 1.000000000000000e+00 1.000000000000000e+00 1.000000000000000e+00
xras   = -1.000000000000000e+00 0.000000000000000e+00 0.000000000000000e+00
yras   = 0.000000000000000e+00 0.000000000000000e+00 -1.000000000000000e+00
zras   = 0.000000000000000e+00 1.000000000000000e+00 0.000000000000000e+00
cras   = 6.651229858398438e-01 1.000000000000000e+00 1.000000000000000e+00
