# transform file transforms/talairach.lta
# created by oesteban on Sat Mar 14 00:49:01 2026

type      = 0 # LINEAR_VOX_TO_VOX
nxforms   = 1
mean      = 139.0000 126.0000 117.0000
sigma     = 10000.0000
1 4 4
1.102209329605103e+00 1.934314221143723e-01 -4.234414175152779e-02 -4.423733520507812e+01 
-1.519506573677063e-01 1.189397454261780e+00 2.824649512767792e-01 -3.321464157104492e+01 
8.838007599115372e-02 -2.410197108983994e-01 1.115375280380249e+00 -3.746042251586914e+00 
0.000000000000000e+00 0.000000000000000e+00 0.000000000000000e+00 1.000000000000000e+00 
src volume info
valid = 1  # volume info valid
filename = nu.mgz
volume = 256 256 256
voxelsize = 1.000000000000000e+00 1.000000000000000e+00 1.000000000000000e+00
xras   = -1.000000000000000e+00 0.000000000000000e+00 0.000000000000000e+00
yras   = 0.000000000000000e+00 0.000000000000000e+00 -1.000000000000000e+00
zras   = 0.000000000000000e+00 1.000000000000000e+00 0.000000000000000e+00
cras   = 6.651229858398438e-01 1.000000000000000e+00 1.000000000000000e+00
dst volume info
valid = 1  # volume info valid
filename = /opt/freesurfer/average/RB_all_2020-01-02.gca
volume = 256 256 256
voxelsize = 1.000000000000000e+00 1.000000000000000e+00 1.000000000000000e+00
xras   = -1.000000000000000e+00 0.000000000000000e+00 0.000000000000000e+00
yras   = 0.000000000000000e+00 0.000000000000000e+00 -1.000000000000000e+00
zras   = 0.000000000000000e+00 1.000000000000000e+00 0.000000000000000e+00
cras   = 0.000000000000000e+00 0.000000000000000e+00 0.000000000000000e+00
