#Insight Transform File V1.0
#Transform 0
Transform: AffineTransform_float_3_3
Parameters: 1 -0.00112392 0.000230382 0.00112408 1 -0.000339741 -0.000229618 0.000340258 1 0.0721572 -0.0390311 -0.339179
FixedParameters: 0 0 0

#Transform 1
Transform: AffineTransform_float_3_3
Parameters: 1 -4.6e-05 -2.622e-09 4.6e-05 1 5.7e-05 -2.622e-09 -5.7e-05 1 1.51427e-05 0.0682912 0.00208372
FixedParameters: 0 0 0

#Transform 2
Transform: AffineTransform_float_3_3
Parameters: 1 -0.000265541 0.00113811 0.00026546 1 -0.000403698 -0.00113789 0.000403302 1 -0.0386952 0.108485 0.0386355
FixedParameters: 0 0 0

#Transform 3
Transform: AffineTransform_float_3_3
Parameters: 0.999999 -0.000535005 0.00124 0.000534995 1 4.6634e-06 -0.00124 -3.3366e-06 0.999999 -0.0598941 0.0901452 0.0161714
FixedParameters: 0 0 0

#Transform 4
Transform: AffineTransform_float_3_3
Parameters: 0.999999 -0.000203486 0.000915114 0.000204514 1 -0.000561813 -0.000914885 0.000561187 1 -0.0380844 0.115655 0.0189989
FixedParameters: 0 0 0

#Transform 5
Transform: AffineTransform_float_3_3
Parameters: 0.999999 -0.000203148 0.000834208 0.000204852 1 -0.00102083 -0.000834791 0.00102117 0.999999 -0.0263755 0.142911 0.00886535
FixedParameters: 0 0 0

#Transform 6
Transform: AffineTransform_float_3_3
Parameters: 0.999999 -0.000680395 0.00133131 0.000680605 0.999999 -0.000454094 -0.00133069 0.000454906 0.999999 -0.0647518 0.12461 0.0226102
FixedParameters: 0 0 0

#Transform 7
Transform: AffineTransform_float_3_3
Parameters: 0.999999 -0.00037705 0.000846424 0.000377952 1 -0.00112368 -0.000846576 0.00112332 0.999999 -0.041644 0.170751 0.00445522
FixedParameters: 0 0 0

#Transform 8
Transform: AffineTransform_float_3_3
Parameters: 0.999999 -0.000834462 0.00159728 0.000834539 0.999999 -0.000336667 -0.00159672 0.000337333 0.999998 -0.0810127 0.133408 -1.33053e-05
FixedParameters: 0 0 0

#Transform 9
Transform: AffineTransform_float_3_3
Parameters: 0.999998 -0.000723234 0.00180991 0.000722765 0.999999 0.000130308 -0.00181009 -0.000128691 0.999999 -0.0676492 0.125943 -0.013908
FixedParameters: 0 0 0

#Transform 10
Transform: AffineTransform_float_3_3
Parameters: 0.999998 -0.000614957 0.00190501 0.000615043 1 -2.18284e-05 -0.00190499 2.31715e-05 0.999998 -0.0713006 0.143389 -0.00544754
FixedParameters: 0 0 0

#Transform 11
Transform: AffineTransform_float_3_3
Parameters: 0.999997 -0.000202478 0.00271612 0.000204523 1 -0.000560447 -0.00271589 0.000560552 0.999996 -0.133931 0.157078 0.0154325
FixedParameters: 0 0 0

#Transform 12
Transform: AffineTransform_float_3_3
Parameters: 0.999997 -0.000774583 0.00233047 0.000776416 0.999999 -0.000607192 -0.00232953 0.000608806 0.999997 -0.0715281 0.199093 -0.00296965
FixedParameters: 0 0 0

#Transform 13
Transform: AffineTransform_float_3_3
Parameters: 0.999996 -0.000814428 0.00268809 0.000818571 0.999999 -0.00132781 -0.00268692 0.00133019 0.999996 -0.118066 0.215441 0.00170167
FixedParameters: 0 0 0

#Transform 14
Transform: AffineTransform_float_3_3
Parameters: 0.999999 -0.000539401 0.00175811 0.000542598 0.999998 -0.00204705 -0.00175689 0.00204795 0.999997 -0.0531906 0.222353 0.00305835
FixedParameters: 0 0 0

#Transform 15
Transform: AffineTransform_float_3_3
Parameters: 0.999997 -0.0009185 0.00201706 0.000923499 0.999997 -0.00223114 -0.00201494 0.00223286 0.999996 -0.0915791 0.230042 -0.0198699
FixedParameters: 0 0 0

#Transform 16
Transform: AffineTransform_float_3_3
Parameters: 0.999997 -0.000781081 0.00197395 0.000785917 0.999996 -0.00249145 -0.00197205 0.00249354 0.999995 -0.0759129 0.241754 -0.0108469
FixedParameters: 0 0 0

#Transform 17
Transform: AffineTransform_float_3_3
Parameters: 0.999998 -0.000636726 0.00200536 0.000640273 0.999997 -0.00213172 -0.00200364 0.00213228 0.999995 -0.0491202 0.225982 -8.86644e-05
FixedParameters: 0 0 0

#Transform 18
Transform: AffineTransform_float_3_3
Parameters: 0.999999 -0.000832631 0.000189625 0.000833369 0.999997 -0.00195084 -0.000188374 0.00195116 0.999998 0.0610586 0.153351 0.0736655
FixedParameters: 0 0 0

#Transform 19
Transform: AffineTransform_float_3_3
Parameters: 1 -0.00104215 -5.93573e-05 0.00104185 0.999996 -0.00253606 6.16423e-05 0.00253594 0.999997 0.0232001 0.193147 0.0268449
FixedParameters: 0 0 0

#Transform 20
Transform: AffineTransform_float_3_3
Parameters: 0.999999 -0.000639425 0.000586721 0.000640575 0.999996 -0.00268763 -0.00058528 0.00268838 0.999996 0.00973356 0.195837 0.0448409
FixedParameters: 0 0 0

#Transform 21
Transform: AffineTransform_float_3_3
Parameters: 1 -0.00110088 0.000491518 0.00110212 0.999997 -0.00228546 -0.000489483 0.00228554 0.999998 -0.0145322 0.199993 0.042558
FixedParameters: 0 0 0

#Transform 22
Transform: AffineTransform_float_3_3
Parameters: 0.999999 -0.00105703 0.000732844 0.00105896 0.999996 -0.00268723 -0.000729156 0.00268877 0.999996 -0.00810877 0.215163 0.0816203
FixedParameters: 0 0 0

#Transform 23
Transform: AffineTransform_float_3_3
Parameters: 0.999999 -0.00148894 0.00102148 0.00149206 0.999995 -0.00300348 -0.00101752 0.00300552 0.999995 -0.0424575 0.228568 0.0466854
FixedParameters: 0 0 0

#Transform 24
Transform: AffineTransform_float_3_3
Parameters: 0.999999 -0.00118777 0.000670961 0.00119023 0.999993 -0.0033312 -0.000667038 0.0033328 0.999994 0.0413333 0.209676 0.0862473
FixedParameters: 0 0 0

#Transform 25
Transform: AffineTransform_float_3_3
Parameters: 0.999998 -0.00192152 0.000423754 0.00192248 0.999992 -0.00351319 -0.000417248 0.00351381 0.999993 0.0425375 0.226463 0.0750469
FixedParameters: 0 0 0

#Transform 26
Transform: AffineTransform_float_3_3
Parameters: 0.999998 -0.00212998 0.000842245 0.00213402 0.999986 -0.00480422 -0.000831754 0.00480679 0.999988 -0.0182277 0.335658 0.00484891
FixedParameters: 0 0 0

#Transform 27
Transform: AffineTransform_float_3_3
Parameters: 0.999997 -0.00224072 0.00108687 0.00224528 0.999989 -0.00395157 -0.00107813 0.00395343 0.999991 -0.00614894 0.265297 0.0759824
FixedParameters: 0 0 0

#Transform 28
Transform: AffineTransform_float_3_3
Parameters: 0.999997 -0.00159427 0.00188386 0.00160073 0.999994 -0.00304199 -0.00187914 0.003045 0.999993 -0.0818031 0.183905 0.106108
FixedParameters: 0 0 0

#Transform 29
Transform: AffineTransform_float_3_3
Parameters: 0.999998 -0.00159548 0.00167831 0.00160052 0.999995 -0.00269532 -0.00167469 0.00269768 0.999995 -0.085632 0.174387 0.0882446
FixedParameters: 0 0 0

#Transform 30
Transform: AffineTransform_float_3_3
Parameters: 0.999999 -0.000985424 0.00150567 0.000990574 0.999992 -0.00370751 -0.00150134 0.00370848 0.999992 -0.0942905 0.175198 0.0886092
FixedParameters: 0 0 0

#Transform 31
Transform: AffineTransform_float_3_3
Parameters: 0.999994 -0.00291548 0.00214202 0.00292452 0.999986 -0.00445376 -0.00212899 0.00446023 0.999988 -0.0602602 0.228394 0.0560839
FixedParameters: 0 0 0

#Transform 32
Transform: AffineTransform_float_3_3
Parameters: 0.999995 -0.00233645 0.00187942 0.00234354 0.999989 -0.00402261 -0.00186958 0.00402739 0.99999 -0.0804156 0.251132 0.0469062
FixedParameters: 0 0 0

#Transform 33
Transform: AffineTransform_float_3_3
Parameters: 0.999997 -0.00162787 0.00209456 0.00163513 0.999993 -0.00340559 -0.00208844 0.00340841 0.999992 -0.0919315 0.224599 0.0831492
FixedParameters: 0 0 0

#Transform 34
Transform: AffineTransform_float_3_3
Parameters: 0.999994 -0.00217043 0.00277965 0.00218456 0.999985 -0.00488796 -0.00276835 0.00489404 0.999984 -0.141402 0.270932 0.0582895
FixedParameters: 0 0 0

#Transform 35
Transform: AffineTransform_float_3_3
Parameters: 0.999997 -0.00176549 0.00163814 0.00177251 0.999988 -0.00459711 -0.00162987 0.00459989 0.999988 -0.0869767 0.239389 0.0762614
FixedParameters: 0 0 0

#Transform 36
Transform: AffineTransform_float_3_3
Parameters: 0.999996 -0.00228476 0.00166995 0.00229124 0.999988 -0.00434719 -0.00166005 0.00435181 0.999989 -0.0842586 0.244473 0.0538494
FixedParameters: 0 0 0

#Transform 37
Transform: AffineTransform_float_3_3
Parameters: 0.999996 -0.00216849 0.00172277 0.00217651 0.999986 -0.00495427 -0.00171224 0.00495773 0.999986 -0.0784978 0.271343 0.0802485
FixedParameters: 0 0 0

#Transform 38
Transform: AffineTransform_float_3_3
Parameters: 0.999995 -0.00228424 0.00217231 0.00229376 0.999987 -0.00450104 -0.00216169 0.00450596 0.999987 -0.118156 0.248522 0.0892929
FixedParameters: 0 0 0

#Transform 39
Transform: AffineTransform_float_3_3
Parameters: 0.999996 -0.00214365 0.00173711 0.00215136 0.999988 -0.00424228 -0.00172888 0.00424572 0.999989 -0.0715756 0.223809 0.0749905
FixedParameters: 0 0 0

#Transform 40
Transform: AffineTransform_float_3_3
Parameters: 0.999998 -0.00185183 0.00138827 0.00185717 0.999989 -0.00445444 -0.00137974 0.00445657 0.999989 -0.0618004 0.219242 0.103365
FixedParameters: 0 0 0

#Transform 41
Transform: AffineTransform_float_3_3
Parameters: 0.999997 -0.00204136 0.00176588 0.00204965 0.999988 -0.00433839 -0.00175712 0.0043416 0.999989 -0.0797056 0.225559 0.0820206
FixedParameters: 0 0 0

#Transform 42
Transform: AffineTransform_float_3_3
Parameters: 0.999997 -0.00181528 0.00113086 0.00182271 0.99998 -0.00596795 -0.00111914 0.00597005 0.999982 -0.0701633 0.305697 0.0566565
FixedParameters: 0 0 0

#Transform 43
Transform: AffineTransform_float_3_3
Parameters: 0.999993 -0.00201615 0.00292927 0.00203085 0.999985 -0.00507508 -0.00291872 0.00508092 0.999983 -0.178582 0.295265 0.0785233
FixedParameters: 0 0 0

#Transform 44
Transform: AffineTransform_float_3_3
Parameters: 0.999996 -0.00191487 0.00239495 0.00192614 0.999988 -0.00465641 -0.00238605 0.00466059 0.999987 -0.12071 0.270099 0.0787868
FixedParameters: 0 0 0

#Transform 45
Transform: AffineTransform_float_3_3
Parameters: 0.999995 -0.00191434 0.00223902 0.00192566 0.999985 -0.00521771 -0.00222898 0.00522229 0.999984 -0.138647 0.295594 0.0507484
FixedParameters: 0 0 0

#Transform 46
Transform: AffineTransform_float_3_3
Parameters: 0.999995 -0.00207792 0.00206819 0.00208908 0.999984 -0.00536871 -0.00205681 0.0053733 0.999984 -0.103465 0.306433 0.0662185
FixedParameters: 0 0 0

#Transform 47
Transform: AffineTransform_float_3_3
Parameters: 0.999996 -0.00221691 0.001639 0.00222509 0.999986 -0.00495038 -0.001628 0.00495463 0.999987 -0.0841814 0.289732 0.0631893
FixedParameters: 0 0 0

#Transform 48
Transform: AffineTransform_float_3_3
Parameters: 0.999997 -0.00206409 0.00148068 0.00207091 0.999987 -0.00468195 -0.00147132 0.00468505 0.999988 -0.0477319 0.262253 0.10166
FixedParameters: 0 0 0

#Transform 49
Transform: AffineTransform_float_3_3
Parameters: 0.999996 -0.00197878 0.00163677 0.00198622 0.999989 -0.00442076 -0.00162823 0.00442424 0.999989 -0.0650509 0.257038 0.0678248
FixedParameters: 0 0 0

#Transform 50
Transform: AffineTransform_float_3_3
Parameters: 0.999997 -0.0019871 0.000904603 0.00199089 0.999988 -0.00432421 -0.000895398 0.00432579 0.99999 -0.0247682 0.24665 0.0995227
FixedParameters: 0 0 0

#Transform 51
Transform: AffineTransform_float_3_3
Parameters: 0.999996 -0.00224132 0.00160934 0.00224868 0.999989 -0.0041604 -0.00160065 0.0041646 0.99999 -0.0905027 0.247915 0.0990467
FixedParameters: 0 0 0

#Transform 52
Transform: AffineTransform_float_3_3
Parameters: 0.999996 -0.00229117 0.00173903 0.00229883 0.999989 -0.00393502 -0.00172996 0.00393898 0.99999 -0.0976264 0.238098 0.0878352
FixedParameters: 0 0 0

#Transform 53
Transform: AffineTransform_float_3_3
Parameters: 0.999995 -0.00218541 0.00194171 0.00219458 0.999988 -0.00443176 -0.00193129 0.00443624 0.999989 -0.105964 0.251097 0.095435
FixedParameters: 0 0 0

#Transform 54
Transform: AffineTransform_float_3_3
Parameters: 0.999995 -0.0023422 0.00219948 0.0023528 0.999988 -0.00446385 -0.00218951 0.00446915 0.999987 -0.11823 0.252231 0.105029
FixedParameters: 0 0 0

#Transform 55
Transform: AffineTransform_float_3_3
Parameters: 0.999996 -0.00222466 0.0016854 0.00223135 0.999991 -0.00377026 -0.00167759 0.00377475 0.999992 -0.0926297 0.22996 0.0906688
FixedParameters: 0 0 0

#Transform 56
Transform: AffineTransform_float_3_3
Parameters: 0.999994 -0.00247016 0.00219897 0.00247884 0.999989 -0.00402657 -0.00218903 0.00403243 0.999989 -0.130691 0.247747 0.0973312
FixedParameters: 0 0 0

#Transform 57
Transform: AffineTransform_float_3_3
Parameters: 0.999995 -0.00233297 0.00219862 0.00234203 0.999989 -0.00411287 -0.00218938 0.00411813 0.999989 -0.0962231 0.236597 0.142285
FixedParameters: 0 0 0

#Transform 58
Transform: AffineTransform_float_3_3
Parameters: 0.999995 -0.0023961 0.00176938 0.0024029 0.999989 -0.00390876 -0.00176061 0.00391323 0.999991 -0.109976 0.227563 0.110859
FixedParameters: 0 0 0

#Transform 59
Transform: AffineTransform_float_3_3
Parameters: 0.999996 -0.00204977 0.00166892 0.00205722 0.999988 -0.00434158 -0.00165908 0.00434541 0.999989 -0.0699534 0.231109 0.121084
FixedParameters: 0 0 0

#Transform 60
Transform: AffineTransform_float_3_3
Parameters: 0.999995 -0.00240505 0.00177185 0.00241295 0.999987 -0.00450075 -0.00176115 0.00450426 0.999989 -0.104783 0.233635 0.145836
FixedParameters: 0 0 0

#Transform 61
Transform: AffineTransform_float_3_3
Parameters: 0.999995 -0.00235232 0.00199428 0.00236167 0.999987 -0.00435831 -0.00198372 0.00436368 0.999988 -0.108982 0.234392 0.142506
FixedParameters: 0 0 0

#Transform 62
Transform: AffineTransform_float_3_3
Parameters: 0.999995 -0.00243441 0.00211095 0.00244259 0.999988 -0.00407687 -0.00210105 0.00408214 0.99999 -0.140438 0.243568 0.111482
FixedParameters: 0 0 0

#Transform 63
Transform: AffineTransform_float_3_3
Parameters: 0.999995 -0.00246789 0.00189262 0.00247611 0.999987 -0.00429433 -0.00188238 0.00429867 0.999989 -0.101104 0.248001 0.0904715
FixedParameters: 0 0 0

#Transform 64
Transform: AffineTransform_float_3_3
Parameters: 0.999994 -0.00275731 0.00202886 0.00276569 0.999987 -0.00429341 -0.00201714 0.00429859 0.999988 -0.121714 0.254596 0.101692
FixedParameters: 0 0 0

#Transform 65
Transform: AffineTransform_float_3_3
Parameters: 0.999994 -0.00271885 0.00216256 0.00272815 0.999988 -0.00424113 -0.00215044 0.00424787 0.999988 -0.107643 0.233236 0.127171
FixedParameters: 0 0 0

#Transform 66
Transform: AffineTransform_float_3_3
Parameters: 0.999994 -0.00261509 0.00231326 0.00262492 0.999988 -0.00429296 -0.00230275 0.00429805 0.999988 -0.143472 0.254619 0.10983
FixedParameters: 0 0 0

#Transform 67
Transform: AffineTransform_float_3_3
Parameters: 0.999994 -0.00256795 0.00257806 0.00257905 0.999988 -0.00429238 -0.00256695 0.00429862 0.999988 -0.14805 0.25466 0.115346
FixedParameters: 0 0 0

#Transform 68
Transform: AffineTransform_float_3_3
Parameters: 0.999994 -0.00274372 0.00216681 0.00275228 0.999987 -0.00429306 -0.0021542 0.00429894 0.999989 -0.158021 0.238629 0.0976542
FixedParameters: 0 0 0

#Transform 69
Transform: AffineTransform_float_3_3
Parameters: 0.999995 -0.00242364 0.00228297 0.00243236 0.999988 -0.00410447 -0.00227303 0.00410953 0.999989 -0.148548 0.246578 0.11902
FixedParameters: 0 0 0

#Transform 70
Transform: AffineTransform_float_3_3
Parameters: 0.999993 -0.00289318 0.00260607 0.00290383 0.999987 -0.00415946 -0.00259393 0.00416754 0.999988 -0.182963 0.248239 0.133618
FixedParameters: 0 0 0

#Transform 71
Transform: AffineTransform_float_3_3
Parameters: 0.999993 -0.00277946 0.00241586 0.00278854 0.99999 -0.00353829 -0.00240614 0.00354571 0.999991 -0.156427 0.221139 0.107638
FixedParameters: 0 0 0

#Transform 72
Transform: AffineTransform_float_3_3
Parameters: 0.999992 -0.00288758 0.00260061 0.00289742 0.999988 -0.00401149 -0.00258939 0.0040185 0.999988 -0.182753 0.241677 0.135347
FixedParameters: 0 0 0

#Transform 73
Transform: AffineTransform_float_3_3
Parameters: 0.999992 -0.0028076 0.00260335 0.0028194 0.999987 -0.00438669 -0.00259065 0.00439431 0.999987 -0.148291 0.262535 0.130706
FixedParameters: 0 0 0

#Transform 74
Transform: AffineTransform_float_3_3
Parameters: 0.999991 -0.00322099 0.00276423 0.00323401 0.999983 -0.0047151 -0.00274877 0.00472389 0.999985 -0.167735 0.265539 0.113537
FixedParameters: 0 0 0

#Transform 75
Transform: AffineTransform_float_3_3
Parameters: 0.999989 -0.00383648 0.00254409 0.00386552 0.999924 -0.0117023 -0.00249892 0.0117117 0.999929 -0.117553 0.518454 0.067028
FixedParameters: 0 0 0

#Transform 76
Transform: AffineTransform_float_3_3
Parameters: 0.99997 -0.00657647 0.00407427 0.00665553 0.999782 -0.0198245 -0.00394275 0.0198505 0.999795 -0.160066 0.837959 -0.00350245
FixedParameters: 0 0 0

#Transform 77
Transform: AffineTransform_float_3_3
Parameters: 0.999976 -0.00541453 0.00429941 0.00549146 0.999819 -0.0182158 -0.0041996 0.0182392 0.999825 -0.208929 0.830663 0.0294608
FixedParameters: 0 0 0

#Transform 78
Transform: AffineTransform_float_3_3
Parameters: 0.999978 -0.00531524 0.0040059 0.00538376 0.999835 -0.0173538 -0.0039131 0.0173752 0.999842 -0.167081 0.770775 0.0313094
FixedParameters: 0 0 0

#Transform 79
Transform: AffineTransform_float_3_3
Parameters: 0.999984 -0.00448582 0.00340193 0.00453818 0.999869 -0.0154898 -0.00333207 0.0155052 0.999874 -0.135737 0.664961 0.113682
FixedParameters: 0 0 0

#Transform 80
Transform: AffineTransform_float_3_3
Parameters: 0.999981 -0.00482535 0.00399001 0.00488766 0.999863 -0.0158458 -0.003913 0.0158652 0.999867 -0.190998 0.703761 0.0576199
FixedParameters: 0 0 0

#Transform 81
Transform: AffineTransform_float_3_3
Parameters: 0.99998 -0.00472439 0.00419802 0.00478961 0.999865 -0.0157582 -0.00412299 0.0157778 0.999867 -0.212122 0.69366 0.0834446
FixedParameters: 0 0 0

#Transform 82
Transform: AffineTransform_float_3_3
Parameters: 0.999978 -0.00486024 0.00435709 0.00492977 0.999858 -0.0161449 -0.00427891 0.0161662 0.99986 -0.210755 0.708361 0.038277
FixedParameters: 0 0 0

#Transform 83
Transform: AffineTransform_float_3_3
Parameters: 0.999979 -0.00496172 0.00433185 0.00503229 0.999854 -0.0163676 -0.00425015 0.0163894 0.999856 -0.225496 0.713831 0.0600518
FixedParameters: 0 0 0

#Transform 84
Transform: AffineTransform_float_3_3
Parameters: 0.999979 -0.00486281 0.00429921 0.00492918 0.999863 -0.0157571 -0.0042218 0.0157779 0.999866 -0.227463 0.707627 0.029694
FixedParameters: 0 0 0

#Transform 85
Transform: AffineTransform_float_3_3
Parameters: 0.999979 -0.00485936 0.00426585 0.00492965 0.999848 -0.0167093 -0.00418417 0.0167297 0.999852 -0.204684 0.740451 0.0452578
FixedParameters: 0 0 0

#Transform 86
Transform: AffineTransform_float_3_3
Parameters: 0.999976 -0.00485037 0.00492275 0.00492964 0.999855 -0.0162951 -0.00484326 0.0163189 0.999855 -0.254243 0.718858 0.0384587
FixedParameters: 0 0 0

#Transform 87
Transform: AffineTransform_float_3_3
Parameters: 0.999979 -0.00486077 0.00428484 0.00492922 0.999855 -0.0162982 -0.00420417 0.0163188 0.999858 -0.20684 0.714091 0.0651388
FixedParameters: 0 0 0

#Transform 88
Transform: AffineTransform_float_3_3
Parameters: 0.999978 -0.00485513 0.0046308 0.00492988 0.999855 -0.0162965 -0.00455122 0.0163185 0.999857 -0.235633 0.723181 0.061671
FixedParameters: 0 0 0

#Transform 89
Transform: AffineTransform_float_3_3
Parameters: 0.999977 -0.00500854 0.00455943 0.00508447 0.999844 -0.0169152 -0.00447457 0.0169388 0.999846 -0.219827 0.737468 0.0816391
FixedParameters: 0 0 0

#Transform 90
Transform: AffineTransform_float_3_3
Parameters: 0.999979 -0.00486059 0.00429584 0.00492942 0.999855 -0.0162982 -0.00421617 0.0163188 0.999858 -0.207444 0.722645 0.0584396
FixedParameters: 0 0 0

#Transform 91
Transform: AffineTransform_float_3_3
Parameters: 0.999979 -0.00485984 0.00431533 0.00492916 0.999854 -0.0164001 -0.00423468 0.0164209 0.999856 -0.192159 0.716019 0.083352
FixedParameters: 0 0 0

#Transform 92
Transform: AffineTransform_float_3_3
Parameters: 0.999976 -0.00536968 0.00441715 0.00544132 0.999853 -0.0162954 -0.00432884 0.0163186 0.999857 -0.240682 0.72513 0.0654195
FixedParameters: 0 0 0

#Transform 93
Transform: AffineTransform_float_3_3
Parameters: 0.999974 -0.00533223 0.00473031 0.00541076 0.999844 -0.0167988 -0.00463969 0.0168242 0.999847 -0.23902 0.749213 0.0651605
FixedParameters: 0 0 0

#Transform 94
Transform: AffineTransform_float_3_3
Parameters: 0.999975 -0.00533721 0.00460395 0.00541078 0.999854 -0.0161655 -0.00451705 0.0161905 0.999858 -0.249701 0.716784 0.0599043
FixedParameters: 0 0 0

#Transform 95
Transform: AffineTransform_float_3_3
Parameters: 0.999976 -0.00533784 0.00446592 0.00541015 0.999848 -0.0165312 -0.00437709 0.0165558 0.999854 -0.228531 0.723676 0.0760874
FixedParameters: 0 0 0

#Transform 96
Transform: AffineTransform_float_3_3
Parameters: 0.999973 -0.00533093 0.00500862 0.00541009 0.999856 -0.0161123 -0.0049224 0.0161387 0.999857 -0.252472 0.704786 0.0714639
FixedParameters: 0 0 0

#Transform 97
Transform: AffineTransform_float_3_3
Parameters: 0.999972 -0.00532933 0.00511251 0.00541065 0.999856 -0.0160948 -0.00502549 0.0161222 0.999858 -0.257131 0.720218 0.0829654
FixedParameters: 0 0 0

#Transform 98
Transform: AffineTransform_float_3_3
Parameters: 0.999974 -0.00533517 0.0048134 0.00541084 0.99986 -0.0158804 -0.0047286 0.0159066 0.999863 -0.244007 0.705397 0.0511265
FixedParameters: 0 0 0

#Transform 99
Transform: AffineTransform_float_3_3
Parameters: 0.999976 -0.00517796 0.00463929 0.00525403 0.999849 -0.016531 -0.0045527 0.016555 0.999852 -0.229894 0.736185 0.081518
FixedParameters: 0 0 0

#Transform 100
Transform: AffineTransform_float_3_3
Parameters: 0.999973 -0.00532624 0.00516781 0.00541076 0.999849 -0.0165275 -0.00507919 0.0165555 0.99985 -0.259508 0.72715 0.0879025
FixedParameters: 0 0 0

#Transform 101
Transform: AffineTransform_float_3_3
Parameters: 0.999968 -0.00603186 0.0052226 0.00611514 0.999853 -0.0160536 -0.0051244 0.0160844 0.999857 -0.245918 0.691863 0.114918
FixedParameters: 0 0 0

#Transform 102
Transform: AffineTransform_float_3_3
Parameters: 0.999973 -0.00561008 0.00473249 0.00568592 0.999853 -0.0161835 -0.00464151 0.0162105 0.999858 -0.222356 0.722773 0.0631541
FixedParameters: 0 0 0

#Transform 103
Transform: AffineTransform_float_3_3
Parameters: 0.999973 -0.0056662 0.00473081 0.00574079 0.999859 -0.0157333 -0.00464117 0.0157607 0.999865 -0.230728 0.692533 0.0974858
FixedParameters: 0 0 0

#Transform 104
Transform: AffineTransform_float_3_3
Parameters: 0.99997 -0.00564503 0.005181 0.00572897 0.99985 -0.0163378 -0.00508799 0.0163672 0.999853 -0.242086 0.71596 0.102065
FixedParameters: 0 0 0

#Transform 105
Transform: AffineTransform_float_3_3
Parameters: 0.999972 -0.00559278 0.00493933 0.00566721 0.99987 -0.0151414 -0.00485367 0.0151696 0.999873 -0.24782 0.66081 0.103275
FixedParameters: 0 0 0

#Transform 106
Transform: AffineTransform_float_3_3
Parameters: 0.999973 -0.00551064 0.00486194 0.00558636 0.999859 -0.0158343 -0.00477407 0.0158607 0.999863 -0.230221 0.695708 0.0812169
FixedParameters: 0 0 0

#Transform 107
Transform: AffineTransform_float_3_3
Parameters: 0.999973 -0.00559105 0.00488728 0.00566695 0.999861 -0.0156667 -0.00479873 0.0156943 0.999866 -0.250378 0.694139 0.0944221
FixedParameters: 0 0 0

#Transform 108
Transform: AffineTransform_float_3_3
Parameters: 0.999974 -0.00514694 0.00503423 0.00522806 0.999854 -0.0162241 -0.00494976 0.0162499 0.999855 -0.234836 0.713019 0.0969808
FixedParameters: 0 0 0

#Transform 109
Transform: AffineTransform_float_3_3
Parameters: 0.999974 -0.00515532 0.00489766 0.00522769 0.999874 -0.0149458 -0.00482034 0.0149702 0.999877 -0.253501 0.661185 0.0726695
FixedParameters: 0 0 0

#Transform 110
Transform: AffineTransform_float_3_3
Parameters: 0.999976 -0.00506829 0.00471735 0.00514072 0.999866 -0.0155311 -0.00463866 0.0155549 0.999869 -0.23734 0.681527 0.08874
FixedParameters: 0 0 0

#Transform 111
Transform: AffineTransform_float_3_3
Parameters: 0.999973 -0.00522889 0.00504923 0.00530811 0.999862 -0.0157836 -0.00496576 0.0158104 0.999862 -0.255144 0.69307 0.0944988
FixedParameters: 0 0 0

#Transform 112
Transform: AffineTransform_float_3_3
Parameters: 0.999974 -0.00506779 0.00502602 0.00514321 0.99987 -0.0152675 -0.00494799 0.0152925 0.999871 -0.267886 0.669674 0.105454
FixedParameters: 0 0 0

#Transform 113
Transform: AffineTransform_float_3_3
Parameters: 0.999974 -0.00506678 0.00502114 0.00514321 0.999867 -0.0154866 -0.00494187 0.0155124 0.999868 -0.250903 0.68074 0.0667235
FixedParameters: 0 0 0

#Transform 114
Transform: AffineTransform_float_3_3
Parameters: 0.999975 -0.00478486 0.00508375 0.00486112 0.999874 -0.0150717 -0.00501024 0.0150963 0.999874 -0.267979 0.654911 0.116494
FixedParameters: 0 0 0

#Transform 115
Transform: AffineTransform_float_3_3
Parameters: 0.999977 -0.00480263 0.00489905 0.00487937 0.999865 -0.0156975 -0.00482294 0.0157215 0.999865 -0.24399 0.691128 0.0824097
FixedParameters: 0 0 0

#Transform 116
Transform: AffineTransform_float_3_3
Parameters: 0.999975 -0.00514686 0.00472247 0.00522412 0.99985 -0.0164687 -0.00463653 0.0164933 0.999853 -0.268102 0.695016 0.082274
FixedParameters: 0 0 0

#Transform 117
Transform: AffineTransform_float_3_3
Parameters: 0.999978 -0.00475264 0.00478406 0.00482736 0.999863 -0.0158663 -0.00470795 0.0158887 0.999862 -0.237043 0.685727 0.0717704
FixedParameters: 0 0 0

#Transform 118
Transform: AffineTransform_float_3_3
Parameters: 0.999971 -0.00547832 0.00515426 0.00554967 0.999886 -0.0139958 -0.00507674 0.0140242 0.999889 -0.24825 0.646209 0.0837993
FixedParameters: 0 0 0

#Transform 119
Transform: AffineTransform_float_3_3
Parameters: 0.999974 -0.0052738 0.00489998 0.0053472 0.999872 -0.0150472 -0.00482002 0.0150728 0.999875 -0.232684 0.663916 0.103619
FixedParameters: 0 0 0

#Transform 120
Transform: AffineTransform_float_3_3
Parameters: 0.999971 -0.00526161 0.00552362 0.00534738 0.999864 -0.0155599 -0.00544037 0.0155891 0.999863 -0.270374 0.681187 0.0862693
FixedParameters: 0 0 0

#Transform 121
Transform: AffineTransform_float_3_3
Parameters: 0.999978 -0.00478691 0.00472914 0.00486009 0.999867 -0.0155664 -0.00465386 0.0155886 0.999867 -0.203798 0.659876 0.139993
FixedParameters: 0 0 0

#Transform 122
Transform: AffineTransform_float_3_3
Parameters: 0.999972 -0.00523309 0.0053326 0.00531192 0.999875 -0.0148931 -0.0052544 0.0149209 0.999875 -0.269704 0.651853 0.102812
FixedParameters: 0 0 0

#Transform 123
Transform: AffineTransform_float_3_3
Parameters: 0.99998 -0.00438068 0.00461079 0.00445432 0.999862 -0.0160138 -0.00454021 0.0160342 0.999861 -0.242822 0.664252 0.141666
FixedParameters: 0 0 0

#Transform 124
Transform: AffineTransform_float_3_3
Parameters: 0.999981 -0.00463123 0.00411221 0.00468376 0.999905 -0.012917 -0.00405179 0.012936 0.999908 -0.230983 0.528106 0.181765
FixedParameters: 0 0 0

#Transform 125
Transform: AffineTransform_float_3_3
Parameters: 0.999977 -0.00493164 0.00470085 0.00500135 0.999877 -0.0148588 -0.00462613 0.0148822 0.999878 -0.24391 0.624222 0.119263
FixedParameters: 0 0 0

#Transform 126
Transform: AffineTransform_float_3_3
Parameters: 0.999973 -0.00478813 0.00547577 0.00486886 0.999878 -0.0148507 -0.00540422 0.0148773 0.999874 -0.306078 0.650552 0.137932
FixedParameters: 0 0 0

#Transform 127
Transform: AffineTransform_float_3_3
Parameters: 0.999974 -0.00425885 0.00569551 0.00433614 0.999898 -0.0136017 -0.00563649 0.0136264 0.999892 -0.298843 0.577855 0.188887
FixedParameters: 0 0 0

#Transform 128
Transform: AffineTransform_float_3_3
Parameters: 0.999982 -0.00404847 0.00453181 0.00410953 0.999902 -0.0134286 -0.00447618 0.0134464 0.999899 -0.236545 0.54822 0.238586
FixedParameters: 0 0 0

#Transform 129
Transform: AffineTransform_float_3_3
Parameters: 0.999974 -0.00490123 0.00538403 0.00497578 0.99989 -0.0139636 -0.00531498 0.0139894 0.999888 -0.316335 0.580039 0.194834
FixedParameters: 0 0 0

#Transform 130
Transform: AffineTransform_float_3_3
Parameters: 0.999978 -0.00466286 0.00483759 0.00473515 0.999876 -0.0150104 -0.0047674 0.0150336 0.999875 -0.226375 0.607002 0.176976
FixedParameters: 0 0 0

#Transform 131
Transform: AffineTransform_float_3_3
Parameters: 0.999976 -0.00521586 0.00471281 0.00528513 0.999873 -0.0149955 -0.00463321 0.0150195 0.999877 -0.266794 0.615519 0.177621
FixedParameters: 0 0 0

#Transform 132
Transform: AffineTransform_float_3_3
Parameters: 0.999973 -0.00530596 0.00519903 0.00538705 0.999862 -0.0157004 -0.00511498 0.0157286 0.999863 -0.275764 0.640342 0.173928
FixedParameters: 0 0 0

#Transform 133
Transform: AffineTransform_float_3_3
Parameters: 0.999971 -0.00525268 0.00551261 0.00533531 0.99987 -0.01521 -0.0054314 0.015239 0.999869 -0.301267 0.613958 0.198029
FixedParameters: 0 0 0

#Transform 134
Transform: AffineTransform_float_3_3
Parameters: 0.999971 -0.00500338 0.0056384 0.0050856 0.999878 -0.0147337 -0.0055636 0.0147622 0.999875 -0.324827 0.593875 0.196616
FixedParameters: 0 0 0

#Transform 135
Transform: AffineTransform_float_3_3
Parameters: 0.99997 -0.00576327 0.00515194 0.00583173 0.999893 -0.0134273 -0.00507407 0.0134566 0.999896 -0.263491 0.515738 0.247344
FixedParameters: 0 0 0

#Transform 136
Transform: AffineTransform_float_3_3
Parameters: 0.999969 -0.00525722 0.00589727 0.00533578 0.999898 -0.0132519 -0.00582672 0.013283 0.999895 -0.264314 0.493387 0.327518
FixedParameters: 0 0 0

#Transform 137
Transform: AffineTransform_float_3_3
Parameters: 0.999958 -0.00525548 0.0075192 0.00533552 0.999929 -0.0105943 -0.00746379 0.0106337 0.999915 -0.360844 0.357558 0.371696
FixedParameters: 0 0 0

#Transform 138
Transform: AffineTransform_float_3_3
Parameters: 0.999957 -0.00527189 0.00771452 0.00533513 0.999953 -0.0081842 -0.00767149 0.0082248 0.999936 -0.395109 0.296 0.34857
FixedParameters: 0 0 0

#Transform 139
Transform: AffineTransform_float_3_3
Parameters: 0.999962 -0.00512966 0.00706516 0.00519433 0.999945 -0.00911765 -0.00701784 0.00915435 0.999934 -0.328922 0.338049 0.352633
FixedParameters: 0 0 0

#Transform 140
Transform: AffineTransform_float_3_3
Parameters: 0.999961 -0.00509072 0.00730507 0.00515828 0.999943 -0.00935869 -0.00725695 0.00939632 0.99993 -0.376544 0.36841 0.324547
FixedParameters: 0 0 0

#Transform 141
Transform: AffineTransform_float_3_3
Parameters: 0.999962 -0.00507481 0.00717345 0.00514319 0.99994 -0.00966048 -0.00712355 0.00969752 0.999927 -0.361237 0.362036 0.353779
FixedParameters: 0 0 0

#Transform 142
Transform: AffineTransform_float_3_3
Parameters: 0.999961 -0.0051562 0.00726317 0.0052228 0.999945 -0.00906943 -0.00721583 0.00910757 0.999933 -0.37843 0.35555 0.299482
FixedParameters: 0 0 0

#Transform 143
Transform: AffineTransform_float_3_3
Parameters: 0.999969 -0.00473756 0.00625126 0.00479843 0.999941 -0.00968829 -0.00620473 0.00971869 0.999933 -0.254078 0.334047 0.372175
FixedParameters: 0 0 0

#Transform 144
Transform: AffineTransform_float_3_3
Parameters: 0.999968 -0.0046714 0.00651237 0.0047346 0.999943 -0.00963148 -0.00646663 0.00966153 0.999933 -0.34047 0.36039 0.306625
FixedParameters: 0 0 0

#Transform 145
Transform: AffineTransform_float_3_3
Parameters: 0.999967 -0.00509023 0.00644767 0.00515578 0.999936 -0.0100691 -0.00639632 0.0101019 0.999928 -0.309684 0.396546 0.31745
FixedParameters: 0 0 0

#Transform 146
Transform: AffineTransform_float_3_3
Parameters: 0.999967 -0.00514133 0.00637389 0.00520468 0.999937 -0.0100142 -0.00632211 0.0100468 0.999929 -0.332144 0.389524 0.325157
FixedParameters: 0 0 0

#Transform 147
Transform: AffineTransform_float_3_3
Parameters: 0.999964 -0.00507541 0.00679926 0.00514658 0.999932 -0.0104044 -0.00674572 0.0104396 0.999923 -0.325147 0.376883 0.352464
FixedParameters: 0 0 0

#Transform 148
Transform: AffineTransform_float_3_3
Parameters: 0.999968 -0.00436513 0.00678248 0.00443487 0.999937 -0.0103203 -0.00673752 0.0103507 0.999923 -0.350977 0.344838 0.400456
FixedParameters: 0 0 0

#Transform 149
Transform: AffineTransform_float_3_3
Parameters: 0.999966 -0.00458792 0.0068849 0.00465908 0.999935 -0.0103443 -0.0068371 0.0103757 0.999923 -0.329202 0.374131 0.344978
FixedParameters: 0 0 0

#Transform 150
Transform: AffineTransform_float_3_3
Parameters: 0.999969 -0.00467022 0.00625862 0.00473678 0.999934 -0.0105367 -0.00620936 0.0105663 0.999925 -0.336489 0.371742 0.367361
FixedParameters: 0 0 0

#Transform 151
Transform: AffineTransform_float_3_3
Parameters: 0.999974 -0.00476621 0.00541522 0.00482579 0.999927 -0.0110822 -0.00536179 0.0111078 0.999924 -0.288115 0.41895 0.329532
FixedParameters: 0 0 0

#Transform 152
Transform: AffineTransform_float_3_3
Parameters: 0.999965 -0.00424244 0.00719586 0.00431156 0.999945 -0.00953831 -0.00715513 0.00956969 0.999928 -0.38686 0.356235 0.370066
FixedParameters: 0 0 0

#Transform 153
Transform: AffineTransform_float_3_3
Parameters: 0.999965 -0.00468441 0.00700595 0.0047476 0.999948 -0.00908807 -0.00696307 0.00912095 0.999934 -0.331336 0.328159 0.386473
FixedParameters: 0 0 0

#Transform 154
Transform: AffineTransform_float_3_3
Parameters: 0.999966 -0.00468353 0.00686841 0.00474847 0.999944 -0.00940071 -0.00682359 0.00943328 0.999932 -0.356381 0.334008 0.390838
FixedParameters: 0 0 0

#Transform 155
Transform: AffineTransform_float_3_3
Parameters: 0.999956 -0.0049104 0.00791848 0.0049836 0.999946 -0.00917494 -0.0078725 0.00921406 0.999926 -0.425955 0.323525 0.391401
FixedParameters: 0 0 0

#Transform 156
Transform: AffineTransform_float_3_3
Parameters: 0.99996 -0.00523039 0.0073551 0.00529561 0.999946 -0.00892942 -0.00730791 0.00896759 0.999933 -0.334601 0.321972 0.358474
FixedParameters: 0 0 0

#Transform 157
Transform: AffineTransform_float_3_3
Parameters: 0.999961 -0.00548343 0.00694682 0.00552157 0.99997 -0.00539986 -0.00691718 0.00543815 0.999962 -0.232502 0.315613 0.105587
FixedParameters: 0 0 0

#Transform 158
Transform: AffineTransform_float_3_3
Parameters: 0.999967 -0.00541792 0.00616026 0.00545108 0.99997 -0.0053666 -0.00613075 0.00539939 0.999966 -0.316874 0.291841 0.141522
FixedParameters: 0 0 0

#Transform 159
Transform: AffineTransform_float_3_3
Parameters: 0.999959 -0.00546554 0.00725207 0.00551746 0.999959 -0.00709527 -0.00721292 0.00713471 0.999948 -0.359453 0.265538 0.347713
FixedParameters: 0 0 0

#Transform 160
Transform: AffineTransform_float_3_3
Parameters: 0.99996 -0.00513114 0.00723211 0.00518985 0.999954 -0.00814279 -0.00718988 0.00818021 0.99994 -0.353445 0.28735 0.37461
FixedParameters: 0 0 0

#Transform 161
Transform: AffineTransform_float_3_3
Parameters: 0.999953 -0.00543316 0.008021 0.00549885 0.999951 -0.00821028 -0.00797601 0.00825372 0.999934 -0.430976 0.316401 0.343373
FixedParameters: 0 0 0

#Transform 162
Transform: AffineTransform_float_3_3
Parameters: 0.999956 -0.00490717 0.00800737 0.00495882 0.999967 -0.00633957 -0.00797562 0.00637942 0.999948 -0.397106 0.23906 0.318923
FixedParameters: 0 0 0

#Transform 163
Transform: AffineTransform_float_3_3
Parameters: 0.999942 -0.00541975 0.00925078 0.00547625 0.999966 -0.0061747 -0.00921722 0.00622431 0.999938 -0.503772 0.251827 0.347149
FixedParameters: 0 0 0

#Transform 164
Transform: AffineTransform_float_3_3
Parameters: 0.999943 -0.00530622 0.00925444 0.00537077 0.999961 -0.00698869 -0.00921656 0.0070383 0.999933 -0.502504 0.288157 0.301601
FixedParameters: 0 0 0

#Transform 165
Transform: AffineTransform_float_3_3
Parameters: 0.999944 -0.0057852 0.00883842 0.0058508 0.999955 -0.00743671 -0.00879559 0.00748831 0.999934 -0.447932 0.321525 0.297403
FixedParameters: 0 0 0

#Transform 166
Transform: AffineTransform_float_3_3
Parameters: 0.999936 -0.00648487 0.00920778 0.00655512 0.999949 -0.00760612 -0.0091582 0.00766587 0.999928 -0.480201 0.344558 0.335311
FixedParameters: 0 0 0

#Transform 167
Transform: AffineTransform_float_3_3
Parameters: 0.999938 -0.00573357 0.00954964 0.00580443 0.999956 -0.00736403 -0.00950736 0.00741897 0.999928 -0.460133 0.33474 0.322916
FixedParameters: 0 0 0

#Transform 168
Transform: AffineTransform_float_3_3
Parameters: 0.999933 -0.00592317 0.00993871 0.00598583 0.999962 -0.00630393 -0.00990028 0.00636307 0.99993 -0.316599 0.440215 -0.11857
FixedParameters: 0 0 0

#Transform 169
Transform: AffineTransform_float_3_3
Parameters: 0.999948 -0.0062062 0.00799961 0.0062478 0.999967 -0.00521129 -0.0079674 0.00526072 0.999955 -0.338529 0.406674 -0.105349
FixedParameters: 0 0 0

#Transform 170
Transform: AffineTransform_float_3_3
Parameters: 0.999941 -0.00676806 0.00842803 0.00680893 0.999965 -0.0048379 -0.00839496 0.0048951 0.999953 -0.368566 0.404761 -0.0925733
FixedParameters: 0 0 0

#Transform 171
Transform: AffineTransform_float_3_3
Parameters: 0.999933 -0.00714019 0.00909911 0.00719081 0.999958 -0.00556394 -0.0090589 0.00562906 0.999943 -0.408433 0.427142 -0.108257
FixedParameters: 0 0 0

#Transform 172
Transform: AffineTransform_float_3_3
Parameters: 0.999931 -0.00752302 0.00902542 0.00760198 0.999933 -0.00874799 -0.00895958 0.00881601 0.999921 -0.389392 0.383426 0.259192
FixedParameters: 0 0 0

#Transform 173
Transform: AffineTransform_float_3_3
Parameters: 0.999928 -0.00735374 0.00948248 0.00742627 0.999944 -0.00760813 -0.00942652 0.00767788 0.999926 -0.369249 0.369826 0.229184
FixedParameters: 0 0 0

#Transform 174
Transform: AffineTransform_float_3_3
Parameters: 0.999932 -0.00740849 0.00901623 0.00747351 0.999946 -0.00725411 -0.00896177 0.00732089 0.999933 -0.40564 0.373131 0.196207
FixedParameters: 0 0 0

#Transform 175
Transform: AffineTransform_float_3_3
Parameters: 0.999932 -0.0073719 0.00904103 0.0074281 0.999954 -0.00618726 -0.00899497 0.00625374 0.99994 -0.423961 0.312048 0.164918
FixedParameters: 0 0 0

#Transform 176
Transform: AffineTransform_float_3_3
Parameters: 0.999938 -0.007196 0.008482 0.007258 0.999947 -0.00730189 -0.00842901 0.00736311 0.999938 -0.397979 0.375548 0.175085
FixedParameters: 0 0 0

#Transform 177
Transform: AffineTransform_float_3_3
Parameters: 0.999933 -0.00740758 0.00897491 0.00747642 0.999943 -0.00761341 -0.00891808 0.00768058 0.99993 -0.425429 0.377641 0.179071
FixedParameters: 0 0 0

#Transform 178
Transform: AffineTransform_float_3_3
Parameters: 0.99993 -0.00753466 0.00906103 0.00759833 0.999947 -0.00697563 -0.00900795 0.00704436 0.999934 -0.425346 0.341397 0.184786
FixedParameters: 0 0 0

#Transform 179
Transform: AffineTransform_float_3_3
Parameters: 0.999936 -0.0071723 0.0087294 0.0072377 0.999945 -0.00751829 -0.0086746 0.00758069 0.999933 -0.403011 0.384428 0.153907
FixedParameters: 0 0 0
