#Insight Transform File V1.0
#Transform 0
Transform: AffineTransform_float_3_3
Parameters: 1 -0.000212362 0.000388802 0.000211638 0.999999 0.000931081 -0.000389197 -0.000930917 0.999999 0.0754201 -0.129499 -0.596286
FixedParameters: 0 0 0

#Transform 1
Transform: AffineTransform_float_3_3
Parameters: 1 0.000461968 0.000158093 -0.000462032 1 0.000200927 -0.000157908 -0.000200073 1 0.0149851 0.0412999 0.131436
FixedParameters: 0 0 0

#Transform 2
Transform: AffineTransform_float_3_3
Parameters: 1 0.000630017 0.00027096 -0.000629982 1 -6.41707e-05 -0.00027104 6.38292e-05 1 0.00495758 0.102748 0.0637959
FixedParameters: 0 0 0

#Transform 3
Transform: AffineTransform_float_3_3
Parameters: 0.999999 0.000756941 -0.000177252 -0.000757059 0.999999 -0.000332866 0.000177749 0.000332135 1 0.045048 0.156182 0.0385663
FixedParameters: 0 0 0

#Transform 4
Transform: AffineTransform_float_3_3
Parameters: 0.999999 0.000826151 6.20075e-05 -0.000825848 0.999996 -0.00241205 -6.39921e-05 0.00241195 0.999997 0.0229549 0.31706 0.0197966
FixedParameters: 0 0 0

#Transform 5
Transform: AffineTransform_float_3_3
Parameters: 0.999999 0.000702925 0.000621955 -0.000702074 0.999998 -0.00148744 -0.000623044 0.00148656 0.999998 -0.0169018 0.228307 0.0426295
FixedParameters: 0 0 0

#Transform 6
Transform: AffineTransform_float_3_3
Parameters: 0.999999 0.000702481 0.000556393 -0.000702519 1 -0.000864392 -0.000556607 0.00086361 1 -0.00348458 0.184834 0.0356841
FixedParameters: 0 0 0

#Transform 7
Transform: AffineTransform_float_3_3
Parameters: 1 0.000819569 0.000724357 -0.000819433 1 -0.000784594 -0.000724642 0.000783406 0.999999 -0.0347978 0.191067 0.0503775
FixedParameters: 0 0 0

#Transform 8
Transform: AffineTransform_float_3_3
Parameters: 0.999999 0.000702477 0.000534374 -0.000702522 1 -0.000892376 -0.000535627 0.000891625 1 -0.0229201 0.19934 0.0498499
FixedParameters: 0 0 0

#Transform 9
Transform: AffineTransform_float_3_3
Parameters: 0.999999 0.000702375 0.000534507 -0.000701624 0.999999 -0.000701375 -0.000535492 0.000701624 0.999999 -0.015917 0.184765 0.0504687
FixedParameters: 0 0 0

#Transform 10
Transform: AffineTransform_float_3_3
Parameters: 0.999999 0.000702144 0.000643842 -0.000701855 0.999999 -0.000224452 -0.000644157 0.000224548 1 -0.0240683 0.147845 0.0522718
FixedParameters: 0 0 0

#Transform 11
Transform: AffineTransform_float_3_3
Parameters: 0.999999 0.000702024 0.00111399 -0.000701976 1 -2.1782e-05 -0.00111402 2.1218e-05 1 -0.0569603 0.132174 0.034733
FixedParameters: 0 0 0

#Transform 12
Transform: AffineTransform_float_3_3
Parameters: 1 0.000652406 0.00085269 -0.000651594 0.999999 -0.000476556 -0.000853311 0.000475444 1 -0.0304871 0.167297 0.0347456
FixedParameters: 0 0 0

#Transform 13
Transform: AffineTransform_float_3_3
Parameters: 1 0.000634617 0.000924577 -0.000634382 0.999999 -0.000668587 -0.000925424 0.000667413 1 -0.0343754 0.182096 0.0507637
FixedParameters: 0 0 0

#Transform 14
Transform: AffineTransform_float_3_3
Parameters: 1 0.000247327 0.000601865 -0.000246672 1 -0.000544148 -0.000602134 0.000543851 0.999999 -0.00744497 0.165012 0.0414662
FixedParameters: 0 0 0

#Transform 15
Transform: AffineTransform_float_3_3
Parameters: 0.999999 0.000627176 0.000727848 -0.000626823 1 -0.000242456 -0.000728152 0.000242543 0.999999 -0.015123 0.135533 0.0698124
FixedParameters: 0 0 0

#Transform 16
Transform: AffineTransform_float_3_3
Parameters: 0.999999 0.00034051 0.000622721 -0.000339489 0.999999 -0.000819212 -0.000623278 0.000818788 1 -0.00871193 0.178136 0.050072
FixedParameters: 0 0 0

#Transform 17
Transform: AffineTransform_float_3_3
Parameters: 0.999999 0.000295701 0.00120183 -0.000295299 1 -0.000583355 -0.00120217 0.000582645 0.999999 -0.0533138 0.163811 0.0411865
FixedParameters: 0 0 0

#Transform 18
Transform: AffineTransform_float_3_3
Parameters: 0.999999 0.000702741 0.00114054 -0.000702259 0.999999 -0.000649801 -0.00114046 0.000649199 0.999999 -0.0473078 0.176127 0.0287313
FixedParameters: 0 0 0

#Transform 19
Transform: AffineTransform_float_3_3
Parameters: 0.999999 0.000702598 0.000701402 -0.000702402 1 -0.000851494 -0.000702598 0.000851507 1 -0.00203404 0.194102 0.0551895
FixedParameters: 0 0 0

#Transform 20
Transform: AffineTransform_float_3_3
Parameters: 0.999999 0.000530183 0.00081488 -0.000530817 1 -0.000224433 -0.000815119 0.000224568 0.999999 -0.0263716 0.142787 0.05233
FixedParameters: 0 0 0

#Transform 21
Transform: AffineTransform_float_3_3
Parameters: 0.999999 0.000542636 0.00139975 -0.000542364 0.999999 -0.00045476 -0.00140025 0.000454241 0.999999 -0.0704689 0.157769 0.0517006
FixedParameters: 0 0 0

#Transform 22
Transform: AffineTransform_float_3_3
Parameters: 1 0.000268857 0.000910455 -0.000267144 0.999998 -0.00203924 -0.000910548 0.00203876 0.999998 -0.0295318 0.23579 0.0761657
FixedParameters: 0 0 0

#Transform 23
Transform: AffineTransform_float_3_3
Parameters: 0.999999 0.000704693 0.00122646 -0.000702306 0.999998 -0.00219486 -0.00122854 0.00219414 0.999997 -0.032589 0.273831 0.0777044
FixedParameters: 0 0 0

#Transform 24
Transform: AffineTransform_float_3_3
Parameters: 1 0.000183636 0.000371686 -0.000183364 0.999998 -0.00171207 -0.000371315 0.00171193 0.999999 0.0213188 0.228682 0.0871329
FixedParameters: 0 0 0

#Transform 25
Transform: AffineTransform_float_3_3
Parameters: 1 0.000183224 0.000128682 -0.000182777 0.999998 -0.00173602 -0.000128317 0.00173597 0.999998 0.0401206 0.230596 0.0874763
FixedParameters: 0 0 0

#Transform 26
Transform: AffineTransform_float_3_3
Parameters: 1 0.000183709 0.000538759 -0.000183291 0.999999 -0.0013151 -0.000539241 0.0013149 0.999999 -0.00749326 0.197935 0.0747275
FixedParameters: 0 0 0

#Transform 27
Transform: AffineTransform_float_3_3
Parameters: 0.999999 0.000534635 0.00053837 -0.000534365 0.999999 -0.00117929 -0.00053863 0.00117871 0.999999 -0.0112704 0.187509 0.0752355
FixedParameters: 0 0 0

#Transform 28
Transform: AffineTransform_float_3_3
Parameters: 1 0.000183477 0.000372765 -0.000182522 0.999999 -0.00128007 -0.000373234 0.00127993 0.999999 0.00921279 0.195309 0.0747691
FixedParameters: 0 0 0

#Transform 29
Transform: AffineTransform_float_3_3
Parameters: 1 0.000248508 0.000296575 -0.000247491 0.999999 -0.00171307 -0.000297424 0.00171293 0.999998 0.0219548 0.226917 0.0761145
FixedParameters: 0 0 0

#Transform 30
Transform: AffineTransform_float_3_3
Parameters: 1 0.000183379 0.000423836 -0.00018262 0.999999 -0.000895078 -0.000424164 0.000894922 1 0.0219464 0.183019 0.0598811
FixedParameters: 0 0 0

#Transform 31
Transform: AffineTransform_float_3_3
Parameters: 1 0.00018337 0.000244724 -0.00018263 0.999999 -0.00150904 -0.000245276 0.00150995 0.999999 0.0281878 0.22132 0.0768881
FixedParameters: 0 0 0

#Transform 32
Transform: AffineTransform_float_3_3
Parameters: 1 4.63977e-05 0.000293937 -4.66022e-05 0.999999 -0.00135301 -0.000294063 0.00135299 0.999999 0.022931 0.205363 0.0877104
FixedParameters: 0 0 0

#Transform 33
Transform: AffineTransform_float_3_3
Parameters: 1 0.000183552 0.000334697 -0.000182447 0.999998 -0.00165006 -0.000335301 0.00164994 0.999998 0.0233149 0.238348 0.0701469
FixedParameters: 0 0 0

#Transform 34
Transform: AffineTransform_float_3_3
Parameters: 1 0.000183522 0.000305687 -0.000182479 0.999998 -0.00170605 -0.000305312 0.00170594 0.999998 0.0285158 0.242657 0.0734102
FixedParameters: 0 0 0

#Transform 35
Transform: AffineTransform_float_3_3
Parameters: 1 0.000183632 0.000359678 -0.000183368 0.999999 -0.00175607 -0.000360323 0.00175594 0.999999 0.0150606 0.246324 0.0732335
FixedParameters: 0 0 0

#Transform 36
Transform: AffineTransform_float_3_3
Parameters: 1 0.000183573 0.000345696 -0.000182427 0.999998 -0.00165606 -0.000346302 0.00165594 0.999998 0.0198577 0.238771 0.0736374
FixedParameters: 0 0 0

#Transform 37
Transform: AffineTransform_float_3_3
Parameters: 1 0.000183522 0.000292674 -0.00018248 0.999999 -0.00178105 -0.000292326 0.00178095 0.999999 0.0299189 0.24836 0.0732181
FixedParameters: 0 0 0

#Transform 38
Transform: AffineTransform_float_3_3
Parameters: 1 0.000183666 0.000464737 -0.000183333 0.999999 -0.00143309 -0.000465263 0.00143291 0.999999 0.0136991 0.22136 0.0835909
FixedParameters: 0 0 0

#Transform 39
Transform: AffineTransform_float_3_3
Parameters: 1 0.000183792 0.000462687 -0.00018321 0.999999 -0.00171009 -0.000462314 0.00170992 0.999999 0.0140597 0.229025 0.0956337
FixedParameters: 0 0 0

#Transform 40
Transform: AffineTransform_float_3_3
Parameters: 1 0.000183632 0.000392705 -0.000183369 0.999998 -0.00160807 -0.000392295 0.00160793 0.999998 0.0141885 0.22607 0.0753763
FixedParameters: 0 0 0

#Transform 41
Transform: AffineTransform_float_3_3
Parameters: 1 0.000183486 0.000294698 -0.000182514 0.999998 -0.00164705 -0.000295301 0.00164694 0.999998 0.0240363 0.228969 0.0819746
FixedParameters: 0 0 0

#Transform 42
Transform: AffineTransform_float_3_3
Parameters: 1 0.000183658 0.00041671 -0.000183341 0.999998 -0.00157908 -0.00041729 0.00157892 0.999998 0.0274626 0.221421 0.0931823
FixedParameters: 0 0 0

#Transform 43
Transform: AffineTransform_float_3_3
Parameters: 1 0.000183524 0.000289669 -0.000182477 0.999999 -0.00180805 -0.00028933 0.00180795 0.999999 0.0240264 0.238106 0.0886484
FixedParameters: 0 0 0

#Transform 44
Transform: AffineTransform_float_3_3
Parameters: 1 -0.00017827 0.000518252 0.00017973 0.999999 -0.00140891 -0.000517747 0.00140909 0.999999 0.0209973 0.204852 0.0786489
FixedParameters: 0 0 0

#Transform 45
Transform: AffineTransform_float_3_3
Parameters: 1 4.6758e-06 0.000397992 -4.32419e-06 0.999998 -0.001698 -0.000398008 0.001698 0.999998 0.0373569 0.229994 0.0720341
FixedParameters: 0 0 0

#Transform 46
Transform: AffineTransform_float_3_3
Parameters: 1 -0.000127993 0.000666194 0.000129006 0.999999 -0.00151091 -0.000665805 0.00151108 0.999998 0.00721825 0.219533 0.0897892
FixedParameters: 0 0 0

#Transform 47
Transform: AffineTransform_float_3_3
Parameters: 1 -0.000101331 0.00048414 0.000101669 0.999999 -0.00138195 -0.00048386 0.00138205 0.999999 0.00695625 0.200861 0.0958048
FixedParameters: 0 0 0

#Transform 48
Transform: AffineTransform_float_3_3
Parameters: 1 0.000202821 0.000523683 -0.000201179 0.999999 -0.0015671 -0.000524316 0.00156689 0.999998 0.0201951 0.220933 0.0820026
FixedParameters: 0 0 0

#Transform 49
Transform: AffineTransform_float_3_3
Parameters: 1 5.60244e-05 0.000511889 -5.49754e-05 0.999998 -0.00200103 -0.000512111 0.00200097 0.999998 0.0131822 0.258214 0.0840214
FixedParameters: 0 0 0

#Transform 50
Transform: AffineTransform_float_3_3
Parameters: 0.999999 0.000546797 0.000534167 -0.000545204 0.999994 -0.00335829 -0.000535834 0.00335771 0.999994 0.01155 0.376103 0.0662947
FixedParameters: 0 0 0

#Transform 51
Transform: AffineTransform_float_3_3
Parameters: 1 0.000248818 0.000909234 -0.000246183 0.999995 -0.00309823 -0.000909767 0.00309777 0.999995 -0.0327232 0.345837 0.0838292
FixedParameters: 0 0 0

#Transform 52
Transform: AffineTransform_float_3_3
Parameters: 1 5.4041e-05 0.000391858 -5.29587e-05 0.999997 -0.00265602 -0.000392142 0.00265598 0.999997 0.0145725 0.313595 0.091689
FixedParameters: 0 0 0

#Transform 53
Transform: AffineTransform_float_3_3
Parameters: 1 0.000296179 0.000609428 -0.000294822 0.999998 -0.00193418 -0.000609571 0.00193382 0.999998 -0.000971587 0.266128 0.0843268
FixedParameters: 0 0 0

#Transform 54
Transform: AffineTransform_float_3_3
Parameters: 1 0.000281407 0.000201432 -0.000280594 0.999998 -0.00201906 -0.000201567 0.00201894 0.999998 0.036015 0.268645 0.0631931
FixedParameters: 0 0 0

#Transform 55
Transform: AffineTransform_float_3_3
Parameters: 0.999999 0.000154683 0.000734647 -0.000152316 0.999998 -0.00229111 -0.000735351 0.00229089 0.999997 -0.0112795 0.27896 0.0692846
FixedParameters: 0 0 0

#Transform 56
Transform: AffineTransform_float_3_3
Parameters: 1 -5.66271e-05 0.000543145 5.73725e-05 0.999997 -0.00252797 -0.000542856 0.00252803 0.999996 0.00577036 0.304959 0.0988614
FixedParameters: 0 0 0

#Transform 57
Transform: AffineTransform_float_3_3
Parameters: 1 -8.50308e-05 0.000516161 8.59689e-05 0.999998 -0.00187796 -0.000515839 0.00187804 0.999998 0.000942314 0.25095 0.0964545
FixedParameters: 0 0 0

#Transform 58
Transform: AffineTransform_float_3_3
Parameters: 0.999999 -7.53764e-05 0.000924133 7.66233e-05 0.999999 -0.00175693 -0.000923866 0.00175707 0.999998 -0.0172886 0.238517 0.105652
FixedParameters: 0 0 0

#Transform 59
Transform: AffineTransform_float_3_3
Parameters: 1 -0.000135114 0.000435276 0.000136886 0.999998 -0.00203694 -0.000434722 0.00203706 0.999998 0.0280295 0.265646 0.10292
FixedParameters: 0 0 0

#Transform 60
Transform: AffineTransform_float_3_3
Parameters: 1 0.000196903 0.000423581 -0.000196095 0.999997 -0.00213208 -0.000424419 0.00213192 0.999997 0.0181961 0.273413 0.102075
FixedParameters: 0 0 0

#Transform 61
Transform: AffineTransform_float_3_3
Parameters: 1 -0.0001573 0.000285387 0.000157702 0.999997 -0.00245595 -0.000285614 0.00245604 0.999997 0.0312436 0.297125 0.0942735
FixedParameters: 0 0 0

#Transform 62
Transform: AffineTransform_float_3_3
Parameters: 1 -0.000323701 0.000590714 0.000325297 0.999997 -0.00219981 -0.000589286 0.00220019 0.999998 0.00857646 0.278524 0.0888574
FixedParameters: 0 0 0

#Transform 63
Transform: AffineTransform_float_3_3
Parameters: 1 -0.000302785 0.000492749 0.000304216 0.999997 -0.00246785 -0.000492251 0.00246815 0.999997 0.00927719 0.282587 0.109917
FixedParameters: 0 0 0

#Transform 64
Transform: AffineTransform_float_3_3
Parameters: 1 -4.52822e-05 0.000584136 4.67173e-05 0.999995 -0.00294097 -0.000583865 0.00294103 0.999996 0.00878792 0.337947 0.107518
FixedParameters: 0 0 0

#Transform 65
Transform: AffineTransform_float_3_3
Parameters: 0.999999 -0.000301377 0.000959827 0.000303621 0.999996 -0.00273371 -0.000958173 0.00273429 0.999996 -0.0249124 0.309738 0.0923718
FixedParameters: 0 0 0

#Transform 66
Transform: AffineTransform_float_3_3
Parameters: 1 -0.000163474 0.000473529 0.000165524 0.999995 -0.00322492 -0.000472468 0.00322508 0.999994 0.00826899 0.347727 0.124649
FixedParameters: 0 0 0

#Transform 67
Transform: AffineTransform_float_3_3
Parameters: 0.999999 -3.46898e-05 0.000796104 3.73127e-05 0.999996 -0.00290197 -0.000796895 0.00290203 0.999996 -0.0279306 0.317997 0.119921
FixedParameters: 0 0 0

#Transform 68
Transform: AffineTransform_float_3_3
Parameters: 1 -0.000213667 0.00118361 0.000216336 0.999996 -0.00281775 -0.0011834 0.00281726 0.999996 -0.0449488 0.321507 0.102986
FixedParameters: 0 0 0

#Transform 69
Transform: AffineTransform_float_3_3
Parameters: 0.999999 -0.000187589 0.000992458 0.00019041 0.999997 -0.00242981 -0.000991539 0.00243019 0.999996 -0.0284505 0.293466 0.0866762
FixedParameters: 0 0 0

#Transform 70
Transform: AffineTransform_float_3_3
Parameters: 1 -0.000301159 0.000893962 0.000303841 0.999995 -0.00317973 -0.000893038 0.00318027 0.999994 -0.0177307 0.345061 0.108235
FixedParameters: 0 0 0

#Transform 71
Transform: AffineTransform_float_3_3
Parameters: 0.999999 -0.000301342 0.000901892 0.000303657 0.999995 -0.00294773 -0.000901109 0.00294827 0.999995 -0.0152812 0.306159 0.142454
FixedParameters: 0 0 0

#Transform 72
Transform: AffineTransform_float_3_3
Parameters: 0.999999 -0.00030132 0.000840964 0.00030368 0.999995 -0.00318874 -0.000840035 0.00318825 0.999994 -0.0187681 0.346298 0.152532
FixedParameters: 0 0 0

#Transform 73
Transform: AffineTransform_float_3_3
Parameters: 1 -0.000300474 0.00105501 0.000303526 0.999995 -0.00334368 -0.00105399 0.00334432 0.999994 -0.0461903 0.358379 0.118767
FixedParameters: 0 0 0

#Transform 74
Transform: AffineTransform_float_3_3
Parameters: 1 -0.000477724 0.000426434 0.000478275 0.999996 -0.0029978 -0.000424569 0.00299721 0.999996 0.00929571 0.338021 0.128374
FixedParameters: 0 0 0

#Transform 75
Transform: AffineTransform_float_3_3
Parameters: 0.999999 -0.000376835 0.000696176 0.000379164 0.999995 -0.00311174 -0.000694823 0.00311226 0.999995 -0.0224421 0.353305 0.129015
FixedParameters: 0 0 0

#Transform 76
Transform: AffineTransform_float_3_3
Parameters: 0.999999 -0.000301207 0.000896942 0.000303792 0.999995 -0.00311473 -0.000896057 0.00311527 0.999994 -0.0332851 0.364293 0.123001
FixedParameters: 0 0 0

#Transform 77
Transform: AffineTransform_float_3_3
Parameters: 0.999999 -0.000301668 0.000844836 0.000304332 0.999996 -0.00276074 -0.000844162 0.00276126 0.999996 -0.0279357 0.33682 0.128165
FixedParameters: 0 0 0

#Transform 78
Transform: AffineTransform_float_3_3
Parameters: 0.999999 -0.000301314 0.000896906 0.000303686 0.999996 -0.00299573 -0.000896094 0.00299627 0.999995 -0.0259683 0.354914 0.12632
FixedParameters: 0 0 0

#Transform 79
Transform: AffineTransform_float_3_3
Parameters: 0.999999 -0.00030166 0.000696019 0.00030434 0.999995 -0.00336479 -0.00069498 0.00336421 0.999994 -0.00658211 0.383475 0.137571
FixedParameters: 0 0 0

#Transform 80
Transform: AffineTransform_float_3_3
Parameters: 0.999999 -0.000482411 0.000716749 0.00048559 0.999994 -0.00361666 -0.000715248 0.00361735 0.999993 -0.015386 0.399875 0.130572
FixedParameters: 0 0 0

#Transform 81
Transform: AffineTransform_float_3_3
Parameters: 1 -0.000300717 0.000985009 0.000304284 0.999995 -0.0033357 -0.000983991 0.0033353 0.999994 -0.0481671 0.357973 0.134374
FixedParameters: 0 0 0

#Transform 82
Transform: AffineTransform_float_3_3
Parameters: 0.999999 -0.000301963 0.000666926 0.000304038 0.999996 -0.0030578 -0.000666074 0.0030572 0.999995 -0.0146528 0.345524 0.139967
FixedParameters: 0 0 0

#Transform 83
Transform: AffineTransform_float_3_3
Parameters: 0.999999 -0.000302022 0.000666899 0.000303978 0.999995 -0.0029678 -0.000666101 0.0029682 0.999996 -0.0192049 0.338691 0.126222
FixedParameters: 0 0 0

#Transform 84
Transform: AffineTransform_float_3_3
Parameters: 1 -0.000526055 0.00100455 0.000528943 0.999995 -0.00293347 -0.00100245 0.00293453 0.999995 -0.0532515 0.327523 0.148407
FixedParameters: 0 0 0

#Transform 85
Transform: AffineTransform_float_3_3
Parameters: 1 -0.000718275 0.000747628 0.000720723 0.999993 -0.00365046 -0.000744374 0.00365154 0.999993 -0.0335237 0.3732 0.171913
FixedParameters: 0 0 0

#Transform 86
Transform: AffineTransform_float_3_3
Parameters: 1 -0.000666904 0.000896312 0.000670095 0.999994 -0.0034584 -0.000893688 0.0034586 0.999993 -0.0403766 0.351599 0.158203
FixedParameters: 0 0 0

#Transform 87
Transform: AffineTransform_float_3_3
Parameters: 0.999999 -0.000367405 0.0013073 0.000371594 0.999993 -0.00351652 -0.0013057 0.00351648 0.999993 -0.0626651 0.365043 0.166997
FixedParameters: 0 0 0

#Transform 88
Transform: AffineTransform_float_3_3
Parameters: 0.999999 -0.000717274 0.00100666 0.000720727 0.999993 -0.00370528 -0.00100434 0.00370672 0.999992 -0.0525354 0.37162 0.1584
FixedParameters: 0 0 0

#Transform 89
Transform: AffineTransform_float_3_3
Parameters: 1 -0.000784143 0.000842669 0.000786859 0.999994 -0.00339634 -0.000840333 0.00339666 0.999994 -0.0416452 0.361921 0.154206
FixedParameters: 0 0 0

#Transform 90
Transform: AffineTransform_float_3_3
Parameters: 0.999999 -0.000716629 0.00123455 0.000720373 0.999994 -0.00354412 -0.00123245 0.00354489 0.999993 -0.0732333 0.373358 0.13406
FixedParameters: 0 0 0

#Transform 91
Transform: AffineTransform_float_3_3
Parameters: 0.999999 -0.000336129 0.00140218 0.000340871 0.999994 -0.00347553 -0.00140082 0.00347547 0.999993 -0.0874186 0.368184 0.151239
FixedParameters: 0 0 0

#Transform 92
Transform: AffineTransform_float_3_3
Parameters: 0.999999 -0.000424362 0.00139642 0.000429638 0.999995 -0.0033234 -0.00139458 0.00332359 0.999993 -0.0672203 0.353951 0.138062
FixedParameters: 0 0 0

#Transform 93
Transform: AffineTransform_float_3_3
Parameters: 0.999999 -0.00071642 0.00134445 0.000720578 0.999994 -0.00340904 -0.00134155 0.00340997 0.999994 -0.067379 0.372812 0.13818
FixedParameters: 0 0 0

#Transform 94
Transform: AffineTransform_float_3_3
Parameters: 1 -0.000345253 0.00111217 0.000348747 0.999995 -0.00337061 -0.00111083 0.00337139 0.999993 -0.0548249 0.361611 0.14998
FixedParameters: 0 0 0

#Transform 95
Transform: AffineTransform_float_3_3
Parameters: 0.999999 -0.000308328 0.0012132 0.000313672 0.999992 -0.00385362 -0.0012118 0.00385337 0.999992 -0.0580715 0.399075 0.15832
FixedParameters: 0 0 0

#Transform 96
Transform: AffineTransform_float_3_3
Parameters: 1 -0.00043156 0.00109776 0.000435442 0.999991 -0.00404852 -0.00109625 0.00404848 0.999991 -0.0392444 0.412335 0.131597
FixedParameters: 0 0 0

#Transform 97
Transform: AffineTransform_float_3_3
Parameters: 1 -0.000717747 0.000818862 0.000720249 0.999992 -0.00397841 -0.00081514 0.00397959 0.999992 -0.0344666 0.412918 0.148458
FixedParameters: 0 0 0

#Transform 98
Transform: AffineTransform_float_3_3
Parameters: 0.999999 -0.000564825 0.000825182 0.000568174 0.999993 -0.00385254 -0.000822817 0.00385347 0.999992 -0.0356998 0.395782 0.132184
FixedParameters: 0 0 0

#Transform 99
Transform: AffineTransform_float_3_3
Parameters: 0.999999 -0.000413401 0.000657641 0.000416596 0.999992 -0.00395673 -0.000655356 0.00395727 0.999992 -0.0521117 0.414621 0.136325
FixedParameters: 0 0 0

#Transform 100
Transform: AffineTransform_float_3_3
Parameters: 0.999999 -0.000718601 0.000643688 0.0007204 0.999993 -0.00373454 -0.000641314 0.00373446 0.999993 -0.0223394 0.415824 0.13264
FixedParameters: 0 0 0

#Transform 101
Transform: AffineTransform_float_3_3
Parameters: 0.999999 -0.000718275 0.000695823 0.000720725 0.999992 -0.0039235 -0.000693177 0.0039235 0.999992 -0.024782 0.406769 0.129732
FixedParameters: 0 0 0

#Transform 102
Transform: AffineTransform_float_3_3
Parameters: 0.999999 -0.000716956 0.00108668 0.000721045 0.999993 -0.00372522 -0.00108432 0.00372678 0.999993 -0.0355093 0.384183 0.133699
FixedParameters: 0 0 0

#Transform 103
Transform: AffineTransform_float_3_3
Parameters: 0.999999 -0.000716074 0.00124584 0.000720927 0.999992 -0.00395811 -0.00124316 0.0039589 0.999992 -0.0545987 0.397021 0.140015
FixedParameters: 0 0 0

#Transform 104
Transform: AffineTransform_float_3_3
Parameters: 0.999999 -0.000609416 0.0011215 0.000614586 0.999991 -0.00409131 -0.0011195 0.00409168 0.999991 -0.0441962 0.40998 0.144205
FixedParameters: 0 0 0

#Transform 105
Transform: AffineTransform_float_3_3
Parameters: 0.999999 -0.00061247 0.00114045 0.000616533 0.999992 -0.0039763 -0.00113856 0.0039767 0.999992 -0.0392061 0.399933 0.137263
FixedParameters: 0 0 0

#Transform 106
Transform: AffineTransform_float_3_3
Parameters: 0.999999 -0.000716437 0.00129553 0.000720561 0.999993 -0.00352507 -0.00129247 0.00352593 0.999993 -0.0518287 0.374894 0.150268
FixedParameters: 0 0 0

#Transform 107
Transform: AffineTransform_float_3_3
Parameters: 0.999999 -0.000716996 0.00102481 0.000721005 0.999992 -0.00391226 -0.00102219 0.00391274 0.999992 -0.0456771 0.403711 0.146194
FixedParameters: 0 0 0

#Transform 108
Transform: AffineTransform_float_3_3
Parameters: 1 -0.000724767 0.000841795 0.000728234 0.999993 -0.00384639 -0.000839205 0.00384761 0.999992 -0.0282463 0.407182 0.129866
FixedParameters: 0 0 0

#Transform 109
Transform: AffineTransform_float_3_3
Parameters: 0.999999 -0.00080333 0.000982014 0.00080767 0.999992 -0.00374221 -0.000978985 0.00374279 0.999993 -0.0441929 0.393658 0.159092
FixedParameters: 0 0 0

#Transform 110
Transform: AffineTransform_float_3_3
Parameters: 0.999999 -0.000650056 0.00105744 0.000653943 0.999993 -0.00373431 -0.00105457 0.00373469 0.999993 -0.0414733 0.388794 0.154842
FixedParameters: 0 0 0

#Transform 111
Transform: AffineTransform_float_3_3
Parameters: 0.999999 -0.000639948 0.0012401 0.000644051 0.999995 -0.00326921 -0.0012379 0.0032708 0.999994 -0.0567289 0.349484 0.166192
FixedParameters: 0 0 0

#Transform 112
Transform: AffineTransform_float_3_3
Parameters: 0.999999 -0.00078662 0.000981718 0.000789381 0.999993 -0.00344723 -0.000979284 0.00344777 0.999993 -0.0502442 0.388579 0.131364
FixedParameters: 0 0 0

#Transform 113
Transform: AffineTransform_float_3_3
Parameters: 1 -0.000655682 0.000923366 0.000659318 0.999994 -0.00359839 -0.000920634 0.00359861 0.999993 -0.049391 0.39507 0.125734
FixedParameters: 0 0 0

#Transform 114
Transform: AffineTransform_float_3_3
Parameters: 0.999999 -0.00077316 0.00100696 0.000776836 0.999992 -0.00381822 -0.00100304 0.00381878 0.999992 -0.0480685 0.405884 0.130054
FixedParameters: 0 0 0

#Transform 115
Transform: AffineTransform_float_3_3
Parameters: 0.999999 -0.000750553 0.00102553 0.000754449 0.999994 -0.00336523 -0.00102347 0.00336577 0.999994 -0.0425864 0.376719 0.131655
FixedParameters: 0 0 0

#Transform 116
Transform: AffineTransform_float_3_3
Parameters: 1 -0.000731567 0.000917747 0.000735434 0.999992 -0.00374632 -0.000915251 0.00374667 0.999992 -0.0465716 0.3984 0.140191
FixedParameters: 0 0 0

#Transform 117
Transform: AffineTransform_float_3_3
Parameters: 0.999999 -0.000737221 0.000494661 0.000738779 0.999993 -0.00360464 -0.00049234 0.00360537 0.999994 -0.0110618 0.400734 0.150109
FixedParameters: 0 0 0

#Transform 118
Transform: AffineTransform_float_3_3
Parameters: 0.999999 -0.000914516 0.000863706 0.000918487 0.999992 -0.00404321 -0.000860294 0.00404379 0.999992 -0.048041 0.408871 0.170929
FixedParameters: 0 0 0

#Transform 119
Transform: AffineTransform_float_3_3
Parameters: 1 -0.000626259 0.0010213 0.00063074 0.999993 -0.00366636 -0.00101869 0.00366764 0.999993 -0.0532175 0.382428 0.176485
FixedParameters: 0 0 0

#Transform 120
Transform: AffineTransform_float_3_3
Parameters: 0.999999 -0.000787339 0.000952041 0.000790662 0.999993 -0.00385225 -0.000948961 0.00385275 0.999992 -0.0410471 0.405584 0.166581
FixedParameters: 0 0 0

#Transform 121
Transform: AffineTransform_float_3_3
Parameters: 0.999999 -0.000281757 0.000850082 0.000285242 0.999992 -0.00381676 -0.000848917 0.00381724 0.999993 -0.0351203 0.385414 0.145486
FixedParameters: 0 0 0

#Transform 122
Transform: AffineTransform_float_3_3
Parameters: 1 -0.000520522 0.000889046 0.000524478 0.999992 -0.00391654 -0.000886953 0.00391746 0.999992 -0.0392384 0.398591 0.14576
FixedParameters: 0 0 0

#Transform 123
Transform: AffineTransform_float_3_3
Parameters: 1 -0.000422514 0.000942571 0.000426488 0.999993 -0.0037016 -0.000941428 0.0037024 0.999992 -0.0439952 0.387159 0.169534
FixedParameters: 0 0 0

#Transform 124
Transform: AffineTransform_float_3_3
Parameters: 1 -0.000415733 0.000543741 0.000418268 0.999991 -0.00417577 -0.000542258 0.00417623 0.999991 -0.0189283 0.425179 0.181734
FixedParameters: 0 0 0

#Transform 125
Transform: AffineTransform_float_3_3
Parameters: 1 -0.000516529 0.00094291 0.000520471 0.999993 -0.00368451 -0.000941089 0.00368549 0.999993 -0.0390012 0.381485 0.161767
FixedParameters: 0 0 0

#Transform 126
Transform: AffineTransform_float_3_3
Parameters: 0.999999 -0.000478132 0.000754823 0.000480867 0.999992 -0.00380264 -0.000753176 0.00380336 0.999992 -0.0306208 0.396536 0.183856
FixedParameters: 0 0 0

#Transform 127
Transform: AffineTransform_float_3_3
Parameters: 1 -0.000628796 0.000875311 0.000632204 0.999993 -0.00366545 -0.000872689 0.00366555 0.999993 -0.0390601 0.387673 0.159652
FixedParameters: 0 0 0

#Transform 128
Transform: AffineTransform_float_3_3
Parameters: 0.999999 -0.000631424 0.00120142 0.000636573 0.999992 -0.00381124 -0.00119858 0.00381276 0.999992 -0.0654531 0.393064 0.180506
FixedParameters: 0 0 0

#Transform 129
Transform: AffineTransform_float_3_3
Parameters: 0.999999 -0.000600747 0.000881226 0.000604251 0.999993 -0.00369547 -0.000878772 0.00369553 0.999993 -0.0471573 0.385505 0.154218
FixedParameters: 0 0 0

#Transform 130
Transform: AffineTransform_float_3_3
Parameters: 1 -0.000337128 0.000512237 0.000339871 0.999994 -0.00365783 -0.00051076 0.00365817 0.999993 -0.0162627 0.387786 0.167543
FixedParameters: 0 0 0

#Transform 131
Transform: AffineTransform_float_3_3
Parameters: 0.999999 -0.000392229 0.000745465 0.00039477 0.999993 -0.00372171 -0.000743536 0.00372129 0.999993 -0.0359818 0.394626 0.170585
FixedParameters: 0 0 0

#Transform 132
Transform: AffineTransform_float_3_3
Parameters: 0.999999 -0.000840938 0.00104528 0.000845065 0.999992 -0.00389212 -0.00104272 0.00389288 0.999992 -0.0441773 0.390618 0.169854
FixedParameters: 0 0 0

#Transform 133
Transform: AffineTransform_float_3_3
Parameters: 1 -0.000580636 0.00104444 0.000585367 0.999991 -0.00418339 -0.00104256 0.00418361 0.99999 -0.0502275 0.415774 0.147896
FixedParameters: 0 0 0

#Transform 134
Transform: AffineTransform_float_3_3
Parameters: 1 -0.000679855 0.000979889 0.000684146 0.999991 -0.00423633 -0.00097711 0.00423666 0.99999 -0.0418793 0.421665 0.167233
FixedParameters: 0 0 0

#Transform 135
Transform: AffineTransform_float_3_3
Parameters: 0.999999 -0.000580842 0.00108224 0.000585157 0.999993 -0.00384537 -0.00107976 0.00384663 0.999992 -0.0519948 0.392274 0.180325
FixedParameters: 0 0 0

#Transform 136
Transform: AffineTransform_float_3_3
Parameters: 1 -0.000633497 0.000997874 0.000637504 0.999989 -0.00451937 -0.00099513 0.00451963 0.99999 -0.0457337 0.440606 0.154336
FixedParameters: 0 0 0

#Transform 137
Transform: AffineTransform_float_3_3
Parameters: 0.999999 -0.000526057 0.00127547 0.00053194 0.999989 -0.00466333 -0.00127253 0.00466468 0.999989 -0.0750526 0.45038 0.158296
FixedParameters: 0 0 0

#Transform 138
Transform: AffineTransform_float_3_3
Parameters: 1 -0.000689202 0.000996337 0.000693802 0.999988 -0.00482431 -0.000993665 0.00482469 0.999988 -0.0424447 0.467348 0.175561
FixedParameters: 0 0 0

#Transform 139
Transform: AffineTransform_float_3_3
Parameters: 1 -0.000712974 0.000987919 0.000717027 0.999992 -0.0040813 -0.000985082 0.00408171 0.999991 -0.0428304 0.40725 0.191042
FixedParameters: 0 0 0

#Transform 140
Transform: AffineTransform_float_3_3
Parameters: 0.999999 -0.000531598 0.00113754 0.000537405 0.999988 -0.00475439 -0.00113546 0.00475461 0.999988 -0.0484885 0.461343 0.180842
FixedParameters: 0 0 0

#Transform 141
Transform: AffineTransform_float_3_3
Parameters: 0.999999 -0.000536084 0.00144758 0.000542917 0.999988 -0.00478121 -0.00144542 0.00478178 0.999987 -0.0753176 0.452526 0.157319
FixedParameters: 0 0 0

#Transform 142
Transform: AffineTransform_float_3_3
Parameters: 0.999999 -0.000689431 0.00115335 0.000694571 0.999988 -0.0048342 -0.00115065 0.0048358 0.999987 -0.0436285 0.463082 0.189228
FixedParameters: 0 0 0

#Transform 143
Transform: AffineTransform_float_3_3
Parameters: 0.999999 -0.000809227 0.00161891 0.000816774 0.999988 -0.00480669 -0.00161509 0.00480832 0.999987 -0.0768646 0.474057 0.157358
FixedParameters: 0 0 0

#Transform 144
Transform: AffineTransform_float_3_3
Parameters: 0.999999 -0.000777265 0.00116385 0.000782737 0.999988 -0.0049361 -0.00116015 0.00493691 0.999987 -0.0342649 0.471829 0.181138
FixedParameters: 0 0 0

#Transform 145
Transform: AffineTransform_float_3_3
Parameters: 1 -0.000867362 0.000752216 0.000870638 0.999988 -0.00485035 -0.000747786 0.00485065 0.999988 -0.00385582 0.457847 0.156824
FixedParameters: 0 0 0

#Transform 146
Transform: AffineTransform_float_3_3
Parameters: 0.999999 -0.000685006 0.00103133 0.000689993 0.999988 -0.00485029 -0.00102767 0.00485071 0.999987 -0.0239906 0.468277 0.173315
FixedParameters: 0 0 0

#Transform 147
Transform: AffineTransform_float_3_3
Parameters: 0.999999 -0.000511396 0.00113953 0.000516606 0.999987 -0.00492242 -0.00113747 0.00492359 0.999987 -0.03756 0.476109 0.166489
FixedParameters: 0 0 0

#Transform 148
Transform: AffineTransform_float_3_3
Parameters: 0.999998 -0.000768209 0.00144716 0.00077679 0.999985 -0.00539089 -0.00144283 0.00539212 0.999985 -0.0525994 0.501748 0.182685
FixedParameters: 0 0 0

#Transform 149
Transform: AffineTransform_float_3_3
Parameters: 1 -0.000782014 0.000752166 0.000785985 0.999985 -0.00531341 -0.000747834 0.00531458 0.999985 -0.000136686 0.480993 0.185374
FixedParameters: 0 0 0

#Transform 150
Transform: AffineTransform_float_3_3
Parameters: 0.999999 -0.000633658 0.00138492 0.000640343 0.99999 -0.00458412 -0.00138208 0.00458488 0.999988 -0.0533687 0.410277 0.236179
FixedParameters: 0 0 0

#Transform 151
Transform: AffineTransform_float_3_3
Parameters: 1 -0.000530959 0.000902983 0.000535041 0.999984 -0.00559152 -0.000900022 0.00559248 0.999984 -0.0225095 0.501106 0.218276
FixedParameters: 0 0 0

#Transform 152
Transform: AffineTransform_float_3_3
Parameters: 0.999999 -0.000329273 0.000856831 0.000333721 0.999984 -0.00552172 -0.00085417 0.00552228 0.999985 -0.0228269 0.482547 0.201139
FixedParameters: 0 0 0

#Transform 153
Transform: AffineTransform_float_3_3
Parameters: 0.999999 -0.000380138 0.00123944 0.000387858 0.99998 -0.00634852 -0.00123656 0.00634947 0.999979 -0.0524068 0.553162 0.195413
FixedParameters: 0 0 0

#Transform 154
Transform: AffineTransform_float_3_3
Parameters: 1 -0.00037086 0.000570055 0.000374139 0.999984 -0.00551778 -0.000567944 0.00551821 0.999984 0.00881197 0.465816 0.231573
FixedParameters: 0 0 0

#Transform 155
Transform: AffineTransform_float_3_3
Parameters: 1 -0.000730479 0.000977153 0.000736521 0.999983 -0.00566229 -0.000972846 0.00566272 0.999984 -0.0295827 0.503555 0.200813
FixedParameters: 0 0 0

#Transform 156
Transform: AffineTransform_float_3_3
Parameters: 0.999999 -0.000681177 0.00104283 0.000686824 0.999984 -0.00559329 -0.00103917 0.00559471 0.999984 -0.045561 0.472818 0.248674
FixedParameters: 0 0 0

#Transform 157
Transform: AffineTransform_float_3_3
Parameters: 1 -0.000900247 0.000605618 0.00090375 0.99998 -0.00622646 -0.000599385 0.00622655 0.999981 0.00369055 0.516635 0.230369
FixedParameters: 0 0 0

#Transform 158
Transform: AffineTransform_float_3_3
Parameters: 1 -0.00071771 0.000808726 0.000723292 0.999978 -0.00655942 -0.000804273 0.00656058 0.999978 -0.0144769 0.54817 0.211575
FixedParameters: 0 0 0

#Transform 159
Transform: AffineTransform_float_3_3
Parameters: 1 -0.000690696 0.000974499 0.000696301 0.999978 -0.00648333 -0.000969506 0.00648468 0.999979 -0.026788 0.539117 0.234005
FixedParameters: 0 0 0

#Transform 160
Transform: AffineTransform_float_3_3
Parameters: 1 -0.000493233 0.00102329 0.000499764 0.999978 -0.0066225 -0.00101971 0.00662351 0.999978 -0.0399138 0.532026 0.244205
FixedParameters: 0 0 0

#Transform 161
Transform: AffineTransform_float_3_3
Parameters: 0.999999 -0.000615753 0.00108415 0.000623247 0.999978 -0.00669733 -0.00107985 0.00669767 0.999977 -0.0339967 0.559216 0.22935
FixedParameters: 0 0 0

#Transform 162
Transform: AffineTransform_float_3_3
Parameters: 0.999999 -0.00104266 0.0011207 0.00105334 0.999956 -0.00926182 -0.00111129 0.00926316 0.999956 -0.0268192 0.863539 0.0134
FixedParameters: 0 0 0

#Transform 163
Transform: AffineTransform_float_3_3
Parameters: 0.999998 -0.000500684 0.00157432 0.000511321 0.999979 -0.00655921 -0.00157168 0.0065598 0.999977 -0.102936 0.491184 0.336795
FixedParameters: 0 0 0

#Transform 164
Transform: AffineTransform_float_3_3
Parameters: 0.999999 -0.000763506 0.00126976 0.000773487 0.999971 -0.00749302 -0.00126324 0.00749397 0.999971 -0.0696508 0.59978 0.258824
FixedParameters: 0 0 0

#Transform 165
Transform: AffineTransform_float_3_3
Parameters: 0.999999 -0.000828098 0.000910327 0.0008349 0.99997 -0.00760824 -0.000903674 0.00760875 0.99997 -0.025613 0.604759 0.239781
FixedParameters: 0 0 0

#Transform 166
Transform: AffineTransform_float_3_3
Parameters: 1 -0.000853968 0.000858057 0.000861032 0.999966 -0.00822926 -0.000850943 0.00822973 0.999966 -0.0175546 0.662841 0.213649
FixedParameters: 0 0 0

#Transform 167
Transform: AffineTransform_float_3_3
Parameters: 1 -0.000677785 0.000909423 0.000685212 0.999968 -0.00795738 -0.000903576 0.00795762 0.999968 -0.0108887 0.62722 0.215904
FixedParameters: 0 0 0

#Transform 168
Transform: AffineTransform_float_3_3
Parameters: 0.999999 -0.000854825 0.000302223 0.000857173 0.999973 -0.00727075 -0.000295775 0.00727126 0.999974 0.0201077 0.55935 0.258373
FixedParameters: 0 0 0

#Transform 169
Transform: AffineTransform_float_3_3
Parameters: 0.999999 -0.000800947 0.00113246 0.000810049 0.999967 -0.00801609 -0.00112554 0.00801691 0.999967 -0.0402201 0.626362 0.223989
FixedParameters: 0 0 0

#Transform 170
Transform: AffineTransform_float_3_3
Parameters: 1 -0.000698765 0.000984178 0.000706234 0.999972 -0.00737031 -0.000978822 0.00737069 0.999973 -0.0259898 0.563376 0.259247
FixedParameters: 0 0 0

#Transform 171
Transform: AffineTransform_float_3_3
Parameters: 1 -0.000843697 0.000567451 0.0008483 0.99997 -0.00762652 -0.000560547 0.00762647 0.999971 0.0167881 0.597594 0.235663
FixedParameters: 0 0 0

#Transform 172
Transform: AffineTransform_float_3_3
Parameters: 1 -0.000867912 0.000541608 0.000872092 0.999971 -0.00759553 -0.000535392 0.00759547 0.999971 0.018186 0.588991 0.252314
FixedParameters: 0 0 0

#Transform 173
Transform: AffineTransform_float_3_3
Parameters: 1 -0.000944632 0.000691396 0.000950374 0.999969 -0.00780635 -0.000684602 0.00780665 0.99997 0.00948342 0.609448 0.222737
FixedParameters: 0 0 0

#Transform 174
Transform: AffineTransform_float_3_3
Parameters: 0.999999 -0.000633849 0.000813827 0.000640151 0.999971 -0.00757948 -0.00080917 0.00758052 0.999971 -0.0124655 0.59352 0.249818
FixedParameters: 0 0 0

#Transform 175
Transform: AffineTransform_float_3_3
Parameters: 0.999999 -0.000941347 0.000833575 0.000947658 0.999968 -0.00801822 -0.000826428 0.00801878 0.999967 -0.0139237 0.629015 0.239698
FixedParameters: 0 0 0

#Transform 176
Transform: AffineTransform_float_3_3
Parameters: 0.999999 -0.000532659 0.0011285 0.000539338 0.999978 -0.00651539 -0.00112451 0.0065156 0.999978 -0.065836 0.430963 0.408242
FixedParameters: 0 0 0

#Transform 177
Transform: AffineTransform_float_3_3
Parameters: 0.999999 -0.00122171 0.000611688 0.0012263 0.999961 -0.00872926 -0.000601318 0.00872974 0.999961 0.0160778 0.702226 0.190379
FixedParameters: 0 0 0

#Transform 178
Transform: AffineTransform_float_3_3
Parameters: 0.999998 -0.00125204 0.00101021 0.00126096 0.999959 -0.00891873 -0.000998793 0.00891925 0.999959 0.0146973 0.749949 0.135822
FixedParameters: 0 0 0

#Transform 179
Transform: AffineTransform_float_3_3
Parameters: 0.999999 -0.000949052 0.00101445 0.000957945 0.999961 -0.00885704 -0.00100555 0.00885797 0.999961 0.000725267 0.72498 0.138958
FixedParameters: 0 0 0
