#Insight Transform File V1.0
#Transform 0
Transform: AffineTransform_float_3_3
Parameters: 1 -0.00113301 8.78391e-05 0.00113299 1 0.0001421 -8.81609e-05 -0.0001419 1 0.0895716 -0.0923669 -0.361363
FixedParameters: 0 0 0

#Transform 1
Transform: AffineTransform_float_3_3
Parameters: 0.999999 0.000841982 -9.41599e-05 -0.000842017 0.999999 -0.000189921 9.38399e-05 0.000190079 1 0.052043 0.148475 0.00342544
FixedParameters: 0 0 0

#Transform 2
Transform: AffineTransform_float_3_3
Parameters: 0.999999 0.00151386 -0.000139538 -0.00151314 0.999999 -0.00101579 0.000137463 0.00101621 1 0.059537 0.273705 -0.0174379
FixedParameters: 0 0 0

#Transform 3
Transform: AffineTransform_float_3_3
Parameters: 0.999999 0.0012592 0.00011283 -0.0012588 0.999997 -0.00172314 -0.000115169 0.00172286 0.999998 0.0571771 0.332076 -0.0324496
FixedParameters: 0 0 0

#Transform 4
Transform: AffineTransform_float_3_3
Parameters: 0.999999 0.00136273 -0.000176093 -0.00136327 0.999998 -0.00153576 0.000174906 0.00153624 0.999999 0.0722051 0.329078 -0.0395425
FixedParameters: 0 0 0

#Transform 5
Transform: AffineTransform_float_3_3
Parameters: 0.999999 0.00129641 -0.000253038 -0.00129659 0.999997 -0.00234268 0.000249963 0.00234333 0.999997 0.0649582 0.361465 -0.064071
FixedParameters: 0 0 0

#Transform 6
Transform: AffineTransform_float_3_3
Parameters: 1 0.00108018 -0.000293026 -0.00108082 0.999996 -0.00279969 0.000289975 0.00280032 0.999996 0.0639232 0.368449 -0.0669178
FixedParameters: 0 0 0

#Transform 7
Transform: AffineTransform_float_3_3
Parameters: 1 0.00108347 -0.000338928 -0.00108453 0.999989 -0.00454463 0.000334074 0.00454536 0.999989 0.0667143 0.461275 -0.0974907
FixedParameters: 0 0 0

#Transform 8
Transform: AffineTransform_float_3_3
Parameters: 0.999999 0.00149585 -0.000332215 -0.00149715 0.999993 -0.00348451 0.000327785 0.00348449 0.999994 0.0775843 0.441994 -0.0812601
FixedParameters: 0 0 0

#Transform 9
Transform: AffineTransform_float_3_3
Parameters: 0.999999 0.00149531 -0.000502049 -0.00149669 0.999993 -0.00337425 0.000496952 0.00337475 0.999994 0.0865141 0.436065 -0.0629604
FixedParameters: 0 0 0

#Transform 10
Transform: AffineTransform_float_3_3
Parameters: 0.999999 0.00149638 -0.000206533 -0.00149662 0.999995 -0.0030287 0.000202467 0.00302931 0.999996 0.0770115 0.42458 -0.0585413
FixedParameters: 0 0 0

#Transform 11
Transform: AffineTransform_float_3_3
Parameters: 0.999998 0.00161932 6.43299e-05 -0.00161867 0.999988 -0.00473711 -7.26684e-05 0.00473689 0.999989 0.0469506 0.508689 -0.112172
FixedParameters: 0 0 0

#Transform 12
Transform: AffineTransform_float_3_3
Parameters: 0.999998 0.0010359 -0.00126766 -0.00104411 0.999979 -0.00640868 0.00126133 0.00641031 0.999978 0.137409 0.597523 -0.138616
FixedParameters: 0 0 0

#Transform 13
Transform: AffineTransform_float_3_3
Parameters: 0.999998 0.00115175 -0.00112245 -0.00115725 0.999983 -0.00558571 0.00111655 0.00558729 0.999984 0.12129 0.553859 -0.135102
FixedParameters: 0 0 0

#Transform 14
Transform: AffineTransform_float_3_3
Parameters: 0.999999 0.00149648 -0.000113091 -0.00149652 0.999987 -0.00473783 0.000105911 0.00473816 0.999989 0.0978947 0.508733 -0.115703
FixedParameters: 0 0 0

#Transform 15
Transform: AffineTransform_float_3_3
Parameters: 0.999999 0.00128804 -0.000236315 -0.00128897 0.99999 -0.0041247 0.000231685 0.0041253 0.999992 0.0787578 0.476021 -0.0898516
FixedParameters: 0 0 0

#Transform 16
Transform: AffineTransform_float_3_3
Parameters: 1 0.00116248 -0.000377725 -0.00116353 0.999991 -0.00406156 0.000373277 0.00406244 0.999991 0.0821904 0.488332 -0.0848586
FixedParameters: 0 0 0

#Transform 17
Transform: AffineTransform_float_3_3
Parameters: 0.999998 0.000951812 -0.00141156 -0.000959184 0.999982 -0.00581165 0.00140545 0.00581234 0.999982 0.151495 0.575629 -0.132473
FixedParameters: 0 0 0

#Transform 18
Transform: AffineTransform_float_3_3
Parameters: 0.999999 0.00102136 -0.00103261 -0.00102665 0.999985 -0.00547895 0.00102739 0.00548006 0.999985 0.130944 0.547782 -0.102216
FixedParameters: 0 0 0

#Transform 19
Transform: AffineTransform_float_3_3
Parameters: 0.999998 0.00128945 -0.00147452 -0.00129856 0.999983 -0.0058141 0.00146747 0.0058159 0.999982 0.129412 0.565751 -0.104838
FixedParameters: 0 0 0

#Transform 20
Transform: AffineTransform_float_3_3
Parameters: 1 0.000806239 -0.000678296 -0.000808765 0.999992 -0.00408046 0.000675705 0.00408155 0.999992 0.0745374 0.461533 -0.0466361
FixedParameters: 0 0 0

#Transform 21
Transform: AffineTransform_float_3_3
Parameters: 0.999999 0.00113674 -0.000719177 -0.00113926 0.999989 -0.00454719 0.000713826 0.00454882 0.99999 0.0649352 0.489609 -0.067438
FixedParameters: 0 0 0

#Transform 22
Transform: AffineTransform_float_3_3
Parameters: 0.999998 0.00142823 -0.000869878 -0.00143277 0.999984 -0.00550676 0.000862123 0.00550724 0.999984 0.089453 0.556815 -0.0710198
FixedParameters: 0 0 0

#Transform 23
Transform: AffineTransform_float_3_3
Parameters: 0.999999 0.00101428 -0.00103166 -0.00101872 0.999989 -0.00458395 0.00102734 0.00458505 0.999989 0.0922645 0.504931 -0.0481856
FixedParameters: 0 0 0

#Transform 24
Transform: AffineTransform_float_3_3
Parameters: 0.999999 0.000923222 -0.000858083 -0.000927778 0.99999 -0.00441321 0.000853914 0.00441379 0.99999 0.0866708 0.492229 -0.0597264
FixedParameters: 0 0 0

#Transform 25
Transform: AffineTransform_float_3_3
Parameters: 0.999998 0.00142731 -0.00148549 -0.00143269 0.999991 -0.00383788 0.00147951 0.00384012 0.999991 0.117986 0.472168 -0.0458205
FixedParameters: 0 0 0

#Transform 26
Transform: AffineTransform_float_3_3
Parameters: 0.999999 0.00142865 -0.00120218 -0.00143235 0.999993 -0.00362228 0.00119682 0.00362372 0.999992 0.0554758 0.441339 -0.0029721
FixedParameters: 0 0 0

#Transform 27
Transform: AffineTransform_float_3_3
Parameters: 0.999998 0.00142184 -0.00182774 -0.00143316 0.999981 -0.0061184 0.00181926 0.0061206 0.999979 0.0803231 0.580737 -0.0348644
FixedParameters: 0 0 0

#Transform 28
Transform: AffineTransform_float_3_3
Parameters: 0.999996 0.000919562 -0.00245332 -0.000930439 0.999988 -0.00466473 0.00244968 0.00466727 0.999986 0.116793 0.490324 0.00474881
FixedParameters: 0 0 0

#Transform 29
Transform: AffineTransform_float_3_3
Parameters: 0.999996 0.000521676 -0.00270301 -0.000532322 0.999992 -0.00381957 0.00270099 0.00382142 0.999989 0.145967 0.434485 -0.00717514
FixedParameters: 0 0 0

#Transform 30
Transform: AffineTransform_float_3_3
Parameters: 0.999998 0.00101512 -0.00176372 -0.00102488 0.999983 -0.0056102 0.00175828 0.00561279 0.999982 0.094525 0.530017 -0.0522007
FixedParameters: 0 0 0

#Transform 31
Transform: AffineTransform_float_3_3
Parameters: 0.999998 0.00101488 -0.00168713 -0.00102512 0.999982 -0.00600928 0.00168087 0.00601072 0.99998 0.0904682 0.565283 -0.0587152
FixedParameters: 0 0 0

#Transform 32
Transform: AffineTransform_float_3_3
Parameters: 0.999997 0.00107737 -0.00187756 -0.00108762 0.999986 -0.00513397 0.00187144 0.00513603 0.999985 0.0816232 0.521927 -0.0202341
FixedParameters: 0 0 0

#Transform 33
Transform: AffineTransform_float_3_3
Parameters: 0.999998 0.00101616 -0.00180601 -0.00102484 0.999988 -0.00490316 0.001801 0.00490484 0.999987 0.0797608 0.500114 -0.0156944
FixedParameters: 0 0 0

#Transform 34
Transform: AffineTransform_float_3_3
Parameters: 0.999997 0.00101593 -0.00186896 -0.00102507 0.999987 -0.0048581 0.00186404 0.00485991 0.999987 0.0973944 0.521481 -0.032958
FixedParameters: 0 0 0

#Transform 35
Transform: AffineTransform_float_3_3
Parameters: 0.999999 0.00101828 -0.00148762 -0.00102573 0.999989 -0.00452548 0.00148337 0.00452652 0.999988 0.0824441 0.497537 -0.030171
FixedParameters: 0 0 0

#Transform 36
Transform: AffineTransform_float_3_3
Parameters: 0.999997 0.000917348 -0.00203783 -0.000927647 0.999986 -0.00523212 0.00203217 0.00523388 0.999984 0.0915506 0.532158 -0.0092016
FixedParameters: 0 0 0

#Transform 37
Transform: AffineTransform_float_3_3
Parameters: 0.999997 0.000515694 -0.00231832 -0.000526304 0.99999 -0.00444679 0.00231568 0.00444821 0.999988 0.105134 0.490454 0.0169278
FixedParameters: 0 0 0

#Transform 38
Transform: AffineTransform_float_3_3
Parameters: 0.999996 0.000879894 -0.00266769 -0.000894106 0.999985 -0.00529063 0.0026633 0.00529336 0.999982 0.135622 0.536481 -0.0103007
FixedParameters: 0 0 0

#Transform 39
Transform: AffineTransform_float_3_3
Parameters: 0.999998 0.00101321 -0.00200799 -0.00102579 0.999982 -0.00587795 0.002002 0.00588004 0.99998 0.0844741 0.564039 -0.03059
FixedParameters: 0 0 0

#Transform 40
Transform: AffineTransform_float_3_3
Parameters: 0.999998 0.000583977 -0.00200994 -0.000594024 0.999988 -0.00498982 0.00200706 0.00499118 0.999985 0.0812644 0.514015 -0.0339683
FixedParameters: 0 0 0

#Transform 41
Transform: AffineTransform_float_3_3
Parameters: 0.999996 0.00100935 -0.00242358 -0.00102565 0.999978 -0.00646453 0.00241742 0.00646746 0.999976 0.125003 0.614551 -0.0987583
FixedParameters: 0 0 0

#Transform 42
Transform: AffineTransform_float_3_3
Parameters: 0.999996 0.00101012 -0.00234547 -0.00102488 0.99998 -0.00635262 0.00233853 0.00635539 0.999977 0.107592 0.602688 -0.0408676
FixedParameters: 0 0 0

#Transform 43
Transform: AffineTransform_float_3_3
Parameters: 0.999998 0.00101535 -0.00201589 -0.00102565 0.999988 -0.00478995 0.00201111 0.00479206 0.999987 0.0937387 0.509835 -0.00505629
FixedParameters: 0 0 0

#Transform 44
Transform: AffineTransform_float_3_3
Parameters: 0.999996 0.00101396 -0.00242165 -0.00102504 0.999989 -0.00456053 0.00241735 0.00456247 0.999986 0.115522 0.500197 -0.0379509
FixedParameters: 0 0 0

#Transform 45
Transform: AffineTransform_float_3_3
Parameters: 0.999997 0.000613659 -0.00242889 -0.000624342 0.999989 -0.0046715 0.00242611 0.0046725 0.999986 0.0883183 0.500532 0.0261963
FixedParameters: 0 0 0

#Transform 46
Transform: AffineTransform_float_3_3
Parameters: 0.999995 -6.45195e-05 -0.00314674 4.94788e-05 0.99999 -0.00461418 0.00314726 0.00461382 0.999985 0.161543 0.497727 0.0153962
FixedParameters: 0 0 0

#Transform 47
Transform: AffineTransform_float_3_3
Parameters: 0.999993 1.27247e-05 -0.0037851 -3.02745e-05 0.999989 -0.00456392 0.0037849 0.00456408 0.999983 0.220697 0.494028 -0.0107397
FixedParameters: 0 0 0

#Transform 48
Transform: AffineTransform_float_3_3
Parameters: 0.999998 0.00084811 -0.00177634 -0.000852888 0.999996 -0.00275349 0.00177366 0.00275551 0.999994 0.0660454 0.418426 -0.00500312
FixedParameters: 0 0 0

#Transform 49
Transform: AffineTransform_float_3_3
Parameters: 0.999998 0.00100362 -0.00125391 -0.00100538 0.999997 -0.00190074 0.00125209 0.00190126 0.999998 0.0571117 0.355131 -0.00201722
FixedParameters: 0 0 0

#Transform 50
Transform: AffineTransform_float_3_3
Parameters: 0.999997 0.000653947 -0.00243717 -0.000662054 0.999995 -0.0033054 0.00243482 0.0033066 0.999991 0.0937821 0.438962 0.0131538
FixedParameters: 0 0 0

#Transform 51
Transform: AffineTransform_float_3_3
Parameters: 0.999997 0.000651994 -0.00230385 -0.000662006 0.999991 -0.00434449 0.00230114 0.00434651 0.999988 0.0922888 0.490321 0.00442903
FixedParameters: 0 0 0

#Transform 52
Transform: AffineTransform_float_3_3
Parameters: 0.999997 0.000284701 -0.00234327 -0.000295299 0.999991 -0.00439632 0.00234172 0.00439668 0.999987 0.123338 0.485256 0.0190438
FixedParameters: 0 0 0

#Transform 53
Transform: AffineTransform_float_3_3
Parameters: 0.999991 -0.000717726 -0.00417216 0.000700275 0.999991 -0.00400896 0.00417484 0.00400604 0.999984 0.234997 0.46882 0.0236456
FixedParameters: 0 0 0

#Transform 54
Transform: AffineTransform_float_3_3
Parameters: 0.999994 -0.000270059 -0.00339168 0.000252942 0.999988 -0.00502989 0.00339231 0.00502811 0.999981 0.174838 0.518729 0.0153411
FixedParameters: 0 0 0

#Transform 55
Transform: AffineTransform_float_3_3
Parameters: 0.999998 0.000592994 -0.00196712 -0.000600006 0.999994 -0.00356283 0.00196487 0.00356417 0.999991 0.11272 0.440996 0.00215424
FixedParameters: 0 0 0

#Transform 56
Transform: AffineTransform_float_3_3
Parameters: 0.999999 0.000690087 -0.00028621 -0.000690911 0.999994 -0.0031998 0.00028379 0.0032002 0.999995 0.00223717 0.439452 0.0035511
FixedParameters: 0 0 0

#Transform 57
Transform: AffineTransform_float_3_3
Parameters: 0.999998 0.00114472 -0.00175975 -0.00115227 0.999991 -0.00413898 0.00175424 0.00414102 0.99999 0.0626881 0.471828 0.0308693
FixedParameters: 0 0 0

#Transform 58
Transform: AffineTransform_float_3_3
Parameters: 0.999999 0.00103553 -0.00151843 -0.00104247 0.999991 -0.00426542 0.00151357 0.00426758 0.999989 0.0518332 0.478355 0.042918
FixedParameters: 0 0 0

#Transform 59
Transform: AffineTransform_float_3_3
Parameters: 0.999998 1.02351e-05 -0.00192405 -1.67647e-05 0.999994 -0.00351597 0.00192395 0.00351603 0.999992 0.0788307 0.438254 0.0503676
FixedParameters: 0 0 0

#Transform 60
Transform: AffineTransform_float_3_3
Parameters: 0.999998 0.000766604 -0.00141539 -0.000771394 0.999995 -0.00310791 0.00141261 0.00310909 0.999994 0.0156097 0.426373 0.0622468
FixedParameters: 0 0 0

#Transform 61
Transform: AffineTransform_float_3_3
Parameters: 0.999998 0.000689529 -0.00148256 -0.000695472 0.999993 -0.00369297 0.00148044 0.00369403 0.999992 0.0319474 0.447785 0.0596209
FixedParameters: 0 0 0

#Transform 62
Transform: AffineTransform_float_3_3
Parameters: 0.999998 0.000742741 -0.0015081 -0.000749258 0.999991 -0.00415388 0.0015049 0.00415512 0.99999 0.0232112 0.481194 0.0546006
FixedParameters: 0 0 0

#Transform 63
Transform: AffineTransform_float_3_3
Parameters: 0.999997 0.00114157 -0.00192841 -0.00114942 0.999992 -0.00385479 0.00192358 0.0038572 0.99999 0.0443104 0.456492 0.05131
FixedParameters: 0 0 0

#Transform 64
Transform: AffineTransform_float_3_3
Parameters: 0.999998 0.00113971 -0.00192951 -0.00114928 0.999987 -0.00481779 0.00192348 0.0048202 0.999986 0.0356285 0.51822 0.0563694
FixedParameters: 0 0 0

#Transform 65
Transform: AffineTransform_float_3_3
Parameters: 0.999997 0.000930852 -0.00216526 -0.000943146 0.999984 -0.00561597 0.00215974 0.00561802 0.999982 0.0548094 0.550138 0.0354877
FixedParameters: 0 0 0

#Transform 66
Transform: AffineTransform_float_3_3
Parameters: 0.999999 0.000615444 -0.00126572 -0.000620552 0.99999 -0.00439322 0.00126228 0.00439478 0.999989 0.04898 0.485179 0.0245632
FixedParameters: 0 0 0

#Transform 67
Transform: AffineTransform_float_3_3
Parameters: 0.999999 0.00061488 -0.00166402 -0.000623121 0.999988 -0.00488397 0.00166098 0.00488503 0.999986 0.0458884 0.524717 0.0409138
FixedParameters: 0 0 0

#Transform 68
Transform: AffineTransform_float_3_3
Parameters: 0.999998 0.00114323 -0.00162108 -0.00114877 0.999993 -0.00356015 0.00161792 0.00356286 0.999993 0.0570491 0.455379 0.0442491
FixedParameters: 0 0 0

#Transform 69
Transform: AffineTransform_float_3_3
Parameters: 0.999997 0.00130565 -0.00202506 -0.00131435 0.999989 -0.00462336 0.00201894 0.00462565 0.999988 0.00799972 0.497267 0.0913742
FixedParameters: 0 0 0

#Transform 70
Transform: AffineTransform_float_3_3
Parameters: 0.999998 0.00114142 -0.00168317 -0.00114958 0.999989 -0.00451108 0.00167783 0.00451293 0.999989 0.00898525 0.513836 0.0261403
FixedParameters: 0 0 0

#Transform 71
Transform: AffineTransform_float_3_3
Parameters: 0.999997 0.00151991 -0.00216413 -0.0015301 0.999988 -0.0046717 0.00215687 0.00467429 0.999986 0.0880727 0.537926 -0.0898356
FixedParameters: 0 0 0

#Transform 72
Transform: AffineTransform_float_3_3
Parameters: 0.999987 0.00262812 -0.00436287 -0.00265088 0.999982 -0.0052475 0.00434813 0.00525849 0.999976 0.158231 0.563262 0.0429655
FixedParameters: 0 0 0

#Transform 73
Transform: AffineTransform_float_3_3
Parameters: 0.999997 0.00240753 -0.000810398 -0.00241247 0.999981 -0.00555906 0.000797599 0.00556094 0.999984 -0.110237 0.567641 0.0830659
FixedParameters: 0 0 0

#Transform 74
Transform: AffineTransform_float_3_3
Parameters: 0.999998 0.00106175 -0.00172834 -0.00107226 0.999982 -0.00594316 0.00172266 0.00594484 0.999981 -0.0134001 0.56763 0.0625212
FixedParameters: 0 0 0

#Transform 75
Transform: AffineTransform_float_3_3
Parameters: 0.999997 0.00174438 -0.00207069 -0.00175762 0.99998 -0.00610638 0.0020603 0.00611062 0.999979 0.0171242 0.592276 0.0515099
FixedParameters: 0 0 0

#Transform 76
Transform: AffineTransform_float_3_3
Parameters: 0.999997 0.00147476 -0.0020695 -0.00148825 0.999979 -0.00641194 0.0020605 0.00641506 0.999978 -0.00435369 0.624391 0.0312564
FixedParameters: 0 0 0

#Transform 77
Transform: AffineTransform_float_3_3
Parameters: 0.999995 0.00171366 -0.00274218 -0.00173334 0.999974 -0.00706529 0.00272982 0.00706972 0.999972 0.0444816 0.651327 0.0243075
FixedParameters: 0 0 0

#Transform 78
Transform: AffineTransform_float_3_3
Parameters: 0.999996 0.00156354 -0.00206602 -0.00157746 0.999974 -0.00701377 0.00205498 0.00701724 0.999974 0.031627 0.658542 -0.00371263
FixedParameters: 0 0 0

#Transform 79
Transform: AffineTransform_float_3_3
Parameters: 0.999996 0.00189084 -0.00215363 -0.00190416 0.999979 -0.00612592 0.00214137 0.00613007 0.999979 0.032885 0.612861 0.0728991
FixedParameters: 0 0 0

#Transform 80
Transform: AffineTransform_float_3_3
Parameters: 0.999991 0.00237028 -0.00370945 -0.00238472 0.99999 -0.00396919 0.00369956 0.00397781 0.999985 0.151775 0.454627 0.252827
FixedParameters: 0 0 0

#Transform 81
Transform: AffineTransform_float_3_3
Parameters: 0.999996 0.00147931 -0.00211294 -0.00149169 0.999981 -0.00601786 0.00210406 0.00602113 0.999979 -0.034642 0.558628 0.185257
FixedParameters: 0 0 0

#Transform 82
Transform: AffineTransform_float_3_3
Parameters: 0.999997 0.0013044 -0.00206502 -0.00131661 0.999981 -0.0061143 0.00205699 0.00611671 0.999979 -0.03301 0.575845 0.227446
FixedParameters: 0 0 0

#Transform 83
Transform: AffineTransform_float_3_3
Parameters: 0.999998 0.00128054 -0.00184829 -0.00129046 0.999983 -0.00566763 0.00184072 0.00566937 0.999982 -0.038185 0.535788 0.203279
FixedParameters: 0 0 0

#Transform 84
Transform: AffineTransform_float_3_3
Parameters: 0.999996 0.000287252 -0.00279577 -0.000303747 0.999982 -0.00599118 0.00279423 0.00599283 0.999978 0.032922 0.559483 0.168916
FixedParameters: 0 0 0

#Transform 85
Transform: AffineTransform_float_3_3
Parameters: 0.999997 0.000538617 -0.00265658 -0.000555388 0.999979 -0.00654755 0.00265342 0.00654846 0.999975 0.0033385 0.605329 0.167332
FixedParameters: 0 0 0

#Transform 86
Transform: AffineTransform_float_3_3
Parameters: 0.999996 0.00018681 -0.00279128 -0.000205196 0.999978 -0.00651845 0.00279072 0.00651854 0.999975 0.0453604 0.615056 0.150472
FixedParameters: 0 0 0

#Transform 87
Transform: AffineTransform_float_3_3
Parameters: 0.999996 0.000603837 -0.00279466 -0.000625164 0.999971 -0.00757729 0.00279034 0.00757972 0.999968 0.0390232 0.67155 0.135472
FixedParameters: 0 0 0

#Transform 88
Transform: AffineTransform_float_3_3
Parameters: 0.999996 -6.58195e-06 -0.00257401 -9.58187e-06 0.99998 -0.006442 0.00257399 0.00644201 0.999976 0.0538338 0.603872 0.161562
FixedParameters: 0 0 0

#Transform 89
Transform: AffineTransform_float_3_3
Parameters: 0.999998 -0.00161016 -0.000961759 0.00160384 0.999979 -0.00637356 0.00097224 0.00637145 0.999979 0.0616866 0.58626 0.113669
FixedParameters: 0 0 0

#Transform 90
Transform: AffineTransform_float_3_3
Parameters: 0.999998 -0.000774811 -0.00151502 0.000763189 0.99997 -0.00778117 0.00152098 0.00777983 0.999968 0.0118533 0.661219 0.109122
FixedParameters: 0 0 0

#Transform 91
Transform: AffineTransform_float_3_3
Parameters: 1 6.98937e-05 -0.00116865 -7.91017e-05 0.999962 -0.00865091 0.00116736 0.00865008 0.999962 -0.0286123 0.707241 0.163662
FixedParameters: 0 0 0

#Transform 92
Transform: AffineTransform_float_3_3
Parameters: 0.999999 0.000194668 -0.000841251 -0.000200337 0.99998 -0.00634283 0.000840745 0.00634316 0.999979 -0.0519945 0.584608 0.142974
FixedParameters: 0 0 0

#Transform 93
Transform: AffineTransform_float_3_3
Parameters: 0.999999 0.000402811 -0.00120577 -0.000410184 0.999977 -0.00679951 0.00120224 0.00679949 0.999976 -0.0216342 0.629185 0.113303
FixedParameters: 0 0 0

#Transform 94
Transform: AffineTransform_float_3_3
Parameters: 0.999998 -0.00204467 -0.00089895 0.00204233 0.999993 -0.00296184 0.000905052 0.00296016 0.999995 0.0843257 0.414587 0.0972027
FixedParameters: 0 0 0

#Transform 95
Transform: AffineTransform_float_3_3
Parameters: 0.999999 -0.000543617 -0.00114529 0.000539381 0.999995 -0.00315562 0.00114771 0.00315538 0.999995 0.0057237 0.43473 0.142194
FixedParameters: 0 0 0

#Transform 96
Transform: AffineTransform_float_3_3
Parameters: 0.999999 -0.000859484 -0.000424003 0.000858515 0.999993 -0.00348936 0.000426998 0.00348963 0.999994 -0.0367749 0.450899 0.112531
FixedParameters: 0 0 0

#Transform 97
Transform: AffineTransform_float_3_3
Parameters: 1 -0.000291408 0.000395437 0.000291593 0.999999 -0.00149788 -0.000395563 0.00149811 0.999999 -0.102078 0.336083 0.271038
FixedParameters: 0 0 0

#Transform 98
Transform: AffineTransform_float_3_3
Parameters: 1 -4.37747e-05 -0.000548861 4.22281e-05 0.999995 -0.00323302 0.000548139 0.00323297 0.999994 -0.0717533 0.392366 0.347908
FixedParameters: 0 0 0

#Transform 99
Transform: AffineTransform_float_3_3
Parameters: 0.999999 -0.000212268 -0.000745798 0.000207731 0.999983 -0.00571816 0.0007472 0.00571884 0.999984 -0.064077 0.610579 0.0620549
FixedParameters: 0 0 0

#Transform 100
Transform: AffineTransform_float_3_3
Parameters: 0.999999 -4.66312e-06 -0.001299 -3.66315e-06 0.999978 -0.006669 0.001299 0.006669 0.999977 -0.022321 0.677274 -0.0261635
FixedParameters: 0 0 0

#Transform 101
Transform: AffineTransform_float_3_3
Parameters: 0.999999 0.000667494 -0.00165868 -0.000679508 0.999975 -0.00694589 0.00165432 0.00694712 0.999975 -0.0270687 0.623982 0.191569
FixedParameters: 0 0 0

#Transform 102
Transform: AffineTransform_float_3_3
Parameters: 1 0.00054153 -0.00106133 -0.000547476 0.999981 -0.00610642 0.00105868 0.00610658 0.999981 -0.0938563 0.594288 0.198244
FixedParameters: 0 0 0

#Transform 103
Transform: AffineTransform_float_3_3
Parameters: 0.999998 0.00056188 -0.00188066 -0.000574122 0.999979 -0.00644994 0.00187734 0.00645107 0.999978 -0.0446699 0.617526 0.160476
FixedParameters: 0 0 0

#Transform 104
Transform: AffineTransform_float_3_3
Parameters: 0.999999 0.000122284 -0.00182375 -0.000132717 0.999982 -0.00587677 0.00182325 0.00587723 0.999981 -0.0363499 0.587491 0.204538
FixedParameters: 0 0 0

#Transform 105
Transform: AffineTransform_float_3_3
Parameters: 0.999998 0.000282177 -0.00192408 -0.000295824 0.999974 -0.00718845 0.00192192 0.00718856 0.999973 -0.0396043 0.66678 0.200525
FixedParameters: 0 0 0

#Transform 106
Transform: AffineTransform_float_3_3
Parameters: 0.999998 0.000413276 -0.00206121 -0.000428723 0.999971 -0.00763413 0.00205779 0.00763486 0.999968 -0.0301694 0.679911 0.154566
FixedParameters: 0 0 0

#Transform 107
Transform: AffineTransform_float_3_3
Parameters: 0.999997 0.000885589 -0.00201285 -0.000900412 0.99997 -0.0076682 0.00200615 0.00766979 0.999968 0.0410128 0.699926 0.101533
FixedParameters: 0 0 0

#Transform 108
Transform: AffineTransform_float_3_3
Parameters: 0.999998 0.00033254 -0.00189704 -0.000343461 0.999981 -0.00604436 0.00189496 0.00604464 0.99998 -0.0362412 0.597943 0.187762
FixedParameters: 0 0 0

#Transform 109
Transform: AffineTransform_float_3_3
Parameters: 0.999999 0.000425579 -0.00136933 -0.000433419 0.999985 -0.00542342 0.00136667 0.00542459 0.999985 0.0666617 0.708482 -0.678416
FixedParameters: 0 0 0

#Transform 110
Transform: AffineTransform_float_3_3
Parameters: 0.999997 0.000323204 -0.00248707 -0.000345796 0.999958 -0.00917117 0.00248393 0.00917183 0.999955 0.267255 0.949112 -1.31765
FixedParameters: 0 0 0

#Transform 111
Transform: AffineTransform_float_3_3
Parameters: 0.999995 0.0008873 -0.00305719 -0.000905705 0.999983 -0.00579326 0.0030528 0.00579573 0.999978 0.26194 0.736533 -0.59176
FixedParameters: 0 0 0

#Transform 112
Transform: AffineTransform_float_3_3
Parameters: 0.999998 -0.00105902 -0.00193478 0.00104198 0.999961 -0.00877403 0.00194422 0.00877196 0.999959 0.068648 0.731102 0.0103469
FixedParameters: 0 0 0

#Transform 113
Transform: AffineTransform_float_3_3
Parameters: 0.999998 -0.000782927 -0.00208755 0.000760069 0.999939 -0.0109606 0.00209646 0.0109594 0.999937 0.062026 0.899892 -0.102773
FixedParameters: 0 0 0

#Transform 114
Transform: AffineTransform_float_3_3
Parameters: 0.999997 -0.00185133 0.00146939 0.00186467 0.999955 -0.00935929 -0.00145161 0.00936272 0.999955 -0.0938633 0.833438 -0.151554
FixedParameters: 0 0 0

#Transform 115
Transform: AffineTransform_float_3_3
Parameters: 1 -0.000998956 -0.000696124 0.000992037 0.999951 -0.0099207 0.000706876 0.0099203 0.99995 0.00253146 0.86282 -0.153715
FixedParameters: 0 0 0

#Transform 116
Transform: AffineTransform_float_3_3
Parameters: 1 -0.00059902 -0.00105527 0.000586973 0.999936 -0.0113536 0.00106273 0.0113534 0.999935 0.0256844 0.953492 -0.29254
FixedParameters: 0 0 0

#Transform 117
Transform: AffineTransform_float_3_3
Parameters: 0.999996 0.000922407 -0.00259796 -0.000950595 0.999943 -0.0106406 0.00258803 0.0106424 0.99994 0.131437 0.937325 -0.279474
FixedParameters: 0 0 0

#Transform 118
Transform: AffineTransform_float_3_3
Parameters: 0.999997 0.000340132 -0.00218768 -0.000362869 0.999945 -0.0104602 0.00218432 0.0104618 0.999943 0.0591542 0.942878 -0.182688
FixedParameters: 0 0 0

#Transform 119
Transform: AffineTransform_float_3_3
Parameters: 1 0.000127417 0.000643141 -0.000123577 0.999977 -0.00686309 -0.000644863 0.00686292 0.999976 -0.0444515 0.631404 0.0479312
FixedParameters: 0 0 0

#Transform 120
Transform: AffineTransform_float_3_3
Parameters: 0.999996 0.00126493 -0.00227315 -0.00126707 0.999999 -0.000910123 0.00227185 0.000912877 0.999997 0.117169 0.469556 -0.100067
FixedParameters: 0 0 0

#Transform 121
Transform: AffineTransform_float_3_3
Parameters: 0.999998 0.000390104 -0.00159871 -0.00040489 0.999957 -0.00932837 0.00159429 0.00932864 0.999955 0.00451553 0.805469 0.0886668
FixedParameters: 0 0 0

#Transform 122
Transform: AffineTransform_float_3_3
Parameters: 0.999998 -0.000871788 -0.00146346 0.000859206 0.999961 -0.00871627 0.00147154 0.00871573 0.999961 -0.016454 0.753805 0.115146
FixedParameters: 0 0 0

#Transform 123
Transform: AffineTransform_float_3_3
Parameters: 0.999999 0.00014196 -0.00181733 -0.000158047 0.999961 -0.00882973 0.00181668 0.00882928 0.99996 0.00939604 0.80107 0.0707222
FixedParameters: 0 0 0

#Transform 124
Transform: AffineTransform_float_3_3
Parameters: 0.999996 0.000954503 -0.00272861 -0.000976491 0.999969 -0.00788737 0.00272038 0.00789063 0.999965 0.0731757 0.775231 0.0220605
FixedParameters: 0 0 0

#Transform 125
Transform: AffineTransform_float_3_3
Parameters: 0.999985 0.000275199 -0.00547909 -0.000313797 0.999975 -0.00708139 0.00547691 0.00708361 0.99996 0.346999 0.698699 -0.251032
FixedParameters: 0 0 0

#Transform 126
Transform: AffineTransform_float_3_3
Parameters: 0.999992 0.000268862 -0.00400207 -0.000298137 0.999973 -0.00728186 0.00399994 0.00728313 0.999966 0.0730182 0.741034 0.156036
FixedParameters: 0 0 0

#Transform 127
Transform: AffineTransform_float_3_3
Parameters: 0.999992 0.000689314 -0.00396492 -0.000727688 0.999952 -0.00976419 0.00395808 0.0097668 0.999944 0.0324846 0.84119 0.268122
FixedParameters: 0 0 0

#Transform 128
Transform: AffineTransform_float_3_3
Parameters: 0.999996 0.000701555 -0.00299931 -0.000727442 0.999961 -0.00882485 0.0029927 0.00882714 0.999956 -0.0769368 0.71821 0.44631
FixedParameters: 0 0 0

#Transform 129
Transform: AffineTransform_float_3_3
Parameters: 0.999977 0.000671404 -0.0067169 -0.000727591 0.999964 -0.00842731 0.00671011 0.0084317 0.999942 0.166793 0.773498 0.24868
FixedParameters: 0 0 0

#Transform 130
Transform: AffineTransform_float_3_3
Parameters: 0.99998 0.000871405 -0.00623777 -0.000931591 0.999953 -0.00971839 0.00622824 0.00972363 0.999934 0.110588 0.842349 0.228282
FixedParameters: 0 0 0

#Transform 131
Transform: AffineTransform_float_3_3
Parameters: 0.999974 0.000714557 -0.00725516 -0.000793439 0.999941 -0.0108145 0.00724685 0.0108205 0.999915 0.216039 0.920157 0.209937
FixedParameters: 0 0 0

#Transform 132
Transform: AffineTransform_float_3_3
Parameters: 0.999983 0.00169643 -0.00568726 -0.00174957 0.999954 -0.00942622 0.00567175 0.00943679 0.99994 0.165551 0.803798 -0.00453208
FixedParameters: 0 0 0

#Transform 133
Transform: AffineTransform_float_3_3
Parameters: 0.999982 0.000785892 -0.00582304 -0.000857108 0.999925 -0.0122192 0.00581296 0.0122238 0.999909 0.0652902 0.900596 0.454745
FixedParameters: 0 0 0

#Transform 134
Transform: AffineTransform_float_3_3
Parameters: 0.999989 0.000645202 -0.00477059 -0.000698802 0.999936 -0.0112838 0.00476342 0.0112872 0.999925 -0.0199012 0.809452 0.56117
FixedParameters: 0 0 0

#Transform 135
Transform: AffineTransform_float_3_3
Parameters: 0.999989 0.000612801 -0.00479807 -0.000673198 0.999921 -0.0125549 0.00478992 0.0125581 0.999909 -0.0179042 0.915633 0.468914
FixedParameters: 0 0 0

#Transform 136
Transform: AffineTransform_float_3_3
Parameters: 0.999984 0.00106209 -0.00563184 -0.00113292 0.99992 -0.0126038 0.00561817 0.0126092 0.999904 0.0559076 0.939683 0.404766
FixedParameters: 0 0 0

#Transform 137
Transform: AffineTransform_float_3_3
Parameters: 0.999985 0.000982946 -0.00540898 -0.00105706 0.999905 -0.0137055 0.00539502 0.0137105 0.999892 0.0320386 0.986757 0.411982
FixedParameters: 0 0 0

#Transform 138
Transform: AffineTransform_float_3_3
Parameters: 0.999985 0.000994518 -0.00541859 -0.00107149 0.999899 -0.0141304 0.00540439 0.0141356 0.999885 0.0563319 1.03426 0.362175
FixedParameters: 0 0 0

#Transform 139
Transform: AffineTransform_float_3_3
Parameters: 0.999985 0.0013 -0.00544321 -0.00137399 0.999907 -0.0136127 0.00542479 0.0136203 0.999892 0.0311151 1.01338 0.399463
FixedParameters: 0 0 0

#Transform 140
Transform: AffineTransform_float_3_3
Parameters: 0.999984 0.00180495 -0.00537607 -0.00185505 0.999955 -0.00932018 0.00535893 0.00932982 0.999942 0.167611 0.894626 0.0299375
FixedParameters: 0 0 0

#Transform 141
Transform: AffineTransform_float_3_3
Parameters: 0.999985 0.00118288 -0.00538582 -0.00127412 0.999855 -0.0169464 0.00536517 0.0169536 0.999842 0.140673 1.34265 -0.366307
FixedParameters: 0 0 0

#Transform 142
Transform: AffineTransform_float_3_3
Parameters: 0.999983 0.00026434 -0.00593762 -0.000336654 0.999927 -0.0120712 0.00593337 0.0120728 0.999909 0.059579 0.811389 0.611509
FixedParameters: 0 0 0

#Transform 143
Transform: AffineTransform_float_3_3
Parameters: 0.999977 0.000746083 -0.00663947 -0.000825916 0.999927 -0.0120428 0.00662953 0.0120472 0.999906 0.0498201 0.808367 0.741501
FixedParameters: 0 0 0

#Transform 144
Transform: AffineTransform_float_3_3
Parameters: 0.999979 0.0011773 -0.00628326 -0.00126071 0.999911 -0.0133344 0.00626774 0.0133417 0.999892 0.142137 1.04371 0.432678
FixedParameters: 0 0 0

#Transform 145
Transform: AffineTransform_float_3_3
Parameters: 0.999992 0.00113343 -0.00401796 -0.00117457 0.999945 -0.0103584 0.00400605 0.0103636 0.999939 -0.0321977 0.821336 0.693086
FixedParameters: 0 0 0

#Transform 146
Transform: AffineTransform_float_3_3
Parameters: 0.999987 -0.000323777 -0.00496837 0.000221208 0.999787 -0.0206734 0.00497463 0.0206716 0.999774 0.227174 1.66726 -0.841409
FixedParameters: 0 0 0

#Transform 147
Transform: AffineTransform_float_3_3
Parameters: 0.999984 0.00233848 -0.00524686 -0.00240052 0.999928 -0.0117496 0.00521915 0.0117614 0.999917 0.140701 1.07093 -0.296785
FixedParameters: 0 0 0

#Transform 148
Transform: AffineTransform_float_3_3
Parameters: 0.999989 0.000419354 -0.00472178 -0.000479648 0.999918 -0.0128499 0.00471623 0.0128521 0.999907 0.144898 1.07367 -0.0526624
FixedParameters: 0 0 0

#Transform 149
Transform: AffineTransform_float_3_3
Parameters: 0.999985 0.000997315 -0.00542286 -0.00107969 0.999883 -0.0152664 0.00540714 0.0152716 0.999869 0.162428 1.22973 -0.101884
FixedParameters: 0 0 0

#Transform 150
Transform: AffineTransform_float_3_3
Parameters: 0.999991 -0.00129473 -0.00399692 0.00124327 0.999919 -0.0126691 0.00401307 0.0126639 0.999912 0.474552 1.20319 -1.23515
FixedParameters: 0 0 0

#Transform 151
Transform: AffineTransform_float_3_3
Parameters: 0.99999 -0.00109259 -0.00420019 0.00103441 0.999903 -0.0139265 0.00421481 0.0139215 0.999894 0.167061 0.984379 0.167627
FixedParameters: 0 0 0

#Transform 152
Transform: AffineTransform_float_3_3
Parameters: 0.999991 -0.00137514 -0.00414215 0.00131686 0.999901 -0.0140066 0.00416085 0.0140004 0.999894 0.0423378 0.986188 0.657618
FixedParameters: 0 0 0

#Transform 153
Transform: AffineTransform_float_3_3
Parameters: 0.999987 -0.00102002 -0.0050335 0.000950989 0.999906 -0.013695 0.00504649 0.01369 0.999893 0.0661012 0.950361 0.658724
FixedParameters: 0 0 0

#Transform 154
Transform: AffineTransform_float_3_3
Parameters: 0.999985 -0.000765499 -0.00546335 0.000700493 0.99993 -0.011798 0.00547265 0.011794 0.999916 0.121516 0.924909 0.52904
FixedParameters: 0 0 0

#Transform 155
Transform: AffineTransform_float_3_3
Parameters: 0.999972 -0.00215519 -0.00707062 0.0020248 0.999829 -0.0183688 0.00710938 0.0183542 0.999807 0.345636 1.41802 -0.422292
FixedParameters: 0 0 0

#Transform 156
Transform: AffineTransform_float_3_3
Parameters: 0.999988 -0.000657139 -0.00498777 0.000607859 0.999952 -0.00984716 0.00499423 0.00984385 0.999939 0.24727 0.918293 -0.0850567
FixedParameters: 0 0 0

#Transform 157
Transform: AffineTransform_float_3_3
Parameters: 0.999983 0.000335985 -0.00573135 -0.000374019 0.999978 -0.00663296 0.00572964 0.00663503 0.999961 0.198871 0.668057 0.386853
FixedParameters: 0 0 0

#Transform 158
Transform: AffineTransform_float_3_3
Parameters: 0.999981 -0.000273058 -0.00608114 0.000227939 0.999972 -0.00740952 0.00608285 0.00740747 0.999954 0.161777 0.667958 0.483862
FixedParameters: 0 0 0

#Transform 159
Transform: AffineTransform_float_3_3
Parameters: 0.999978 0.000124291 -0.00666263 -0.000193713 0.999947 -0.0103129 0.00666135 0.0103141 0.999924 0.119462 0.818109 0.589208
FixedParameters: 0 0 0

#Transform 160
Transform: AffineTransform_float_3_3
Parameters: 0.999977 0.00023868 -0.00668792 -0.000309322 0.999943 -0.0106652 0.00668508 0.0106668 0.999921 0.128031 0.829998 0.598017
FixedParameters: 0 0 0

#Transform 161
Transform: AffineTransform_float_3_3
Parameters: 0.999976 0.000523141 -0.00692041 -0.000602855 0.999935 -0.0113981 0.00691358 0.0114019 0.999911 0.14576 0.892836 0.586197
FixedParameters: 0 0 0

#Transform 162
Transform: AffineTransform_float_3_3
Parameters: 0.999971 0.000649855 -0.00761597 -0.000727151 0.999949 -0.0101318 0.00760902 0.0101362 0.999919 0.234874 0.825467 0.590493
FixedParameters: 0 0 0

#Transform 163
Transform: AffineTransform_float_3_3
Parameters: 0.999952 0.000837732 -0.00969489 -0.000848266 0.999999 -0.00105483 0.00969411 0.00106317 0.999953 0.298995 0.285736 1.16442
FixedParameters: 0 0 0

#Transform 164
Transform: AffineTransform_float_3_3
Parameters: 0.999916 0.00154036 -0.0128125 -0.00157663 0.999994 -0.00284904 0.0128085 0.00286997 0.999914 0.327337 0.331123 1.72405
FixedParameters: 0 0 0

#Transform 165
Transform: AffineTransform_float_3_3
Parameters: 0.999927 0.00117009 -0.012073 -0.0012209 0.999991 -0.00420957 0.012068 0.00422443 0.999919 0.307779 0.418079 1.4634
FixedParameters: 0 0 0

#Transform 166
Transform: AffineTransform_float_3_3
Parameters: 0.999953 7.85618e-05 -0.00970539 -0.000117441 0.999992 -0.00396005 0.00970561 0.00396095 0.999945 0.159525 0.405044 1.30038
FixedParameters: 0 0 0

#Transform 167
Transform: AffineTransform_float_3_3
Parameters: 0.999955 5.45692e-05 -0.00950756 -0.000117435 0.999979 -0.00656618 0.00950743 0.00656682 0.999933 0.15015 0.519821 1.26888
FixedParameters: 0 0 0

#Transform 168
Transform: AffineTransform_float_3_3
Parameters: 0.999955 0.000580127 -0.0095336 -0.000679867 0.999945 -0.010476 0.0095264 0.010482 0.999899 0.162908 0.729637 1.1657
FixedParameters: 0 0 0

#Transform 169
Transform: AffineTransform_float_3_3
Parameters: 0.999966 0.00193488 -0.00809816 -0.00198112 0.999982 -0.00569115 0.00808684 0.00570684 0.999951 0.287773 0.570983 0.529072
FixedParameters: 0 0 0

#Transform 170
Transform: AffineTransform_float_3_3
Parameters: 0.999943 -0.00103332 -0.0105685 0.000681664 0.999445 -0.0332861 0.0105976 0.0332769 0.99939 0.35737 1.99926 -0.161206
FixedParameters: 0 0 0

#Transform 171
Transform: AffineTransform_float_3_3
Parameters: 0.999958 -0.000979028 -0.00908587 0.000858966 0.999912 -0.0132053 0.00909813 0.0131966 0.999871 0.216726 0.914216 1.27691
FixedParameters: 0 0 0
