#Insight Transform File V1.0
#Transform 0
Transform: AffineTransform_float_3_3
Parameters: 1 0.000169982 -9.60316e-05 -0.000170018 1 -0.000185984 9.59684e-05 0.000186016 1 -0.0342272 -0.0754721 -0.331813
FixedParameters: 0 0 0

#Transform 1
Transform: AffineTransform_float_3_3
Parameters: 1 0.000414035 -2.33868e-05 -0.000413965 0.999999 0.00148101 2.36131e-05 -0.00148099 0.999999 0.0275674 0.126845 -0.124464
FixedParameters: 0 0 0

#Transform 2
Transform: AffineTransform_float_3_3
Parameters: 0.999999 0.000482508 0.000819879 -0.000484491 0.999998 0.0018196 -0.000819119 -0.0018204 0.999998 -0.0414046 0.174592 -0.164392
FixedParameters: 0 0 0

#Transform 3
Transform: AffineTransform_float_3_3
Parameters: 1 0.000520433 0.000977837 -0.000522568 0.999998 0.00160349 -0.000977164 -0.00160351 0.999998 -0.0594893 0.194698 -0.13852
FixedParameters: 0 0 0

#Transform 4
Transform: AffineTransform_float_3_3
Parameters: 1 0.000217781 0.000157304 -0.000218218 0.999999 0.00139297 -0.000156696 -0.00139303 0.999999 0.00334658 0.222689 -0.20257
FixedParameters: 0 0 0

#Transform 5
Transform: AffineTransform_float_3_3
Parameters: 1 0.00019836 0.000513248 -0.00019864 0.999999 0.0012479 -0.000512752 -0.0012481 0.999999 -0.0355382 0.194111 -0.118879
FixedParameters: 0 0 0

#Transform 6
Transform: AffineTransform_float_3_3
Parameters: 1 0.000413174 0.000513665 -0.000413824 0.999998 0.00160779 -0.000512335 -0.00160821 0.999998 -0.0230586 0.191404 -0.149609
FixedParameters: 0 0 0

#Transform 7
Transform: AffineTransform_float_3_3
Parameters: 1 7.4843e-05 0.000647135 -7.61567e-05 0.999999 0.00178795 -0.000646865 -0.00178805 0.999998 -0.00758773 0.206116 -0.180001
FixedParameters: 0 0 0

#Transform 8
Transform: AffineTransform_float_3_3
Parameters: 1 0.000195698 0.00107024 -0.000197302 0.999999 0.00121679 -0.00106976 -0.00121721 0.999998 -0.0425163 0.202607 -0.136666
FixedParameters: 0 0 0

#Transform 9
Transform: AffineTransform_float_3_3
Parameters: 0.999998 0.000547066 0.00157902 -0.000549934 0.999998 0.00185813 -0.00157798 -0.00185887 0.999997 -0.0586999 0.206189 -0.183941
FixedParameters: 0 0 0

#Transform 10
Transform: AffineTransform_float_3_3
Parameters: 0.999998 0.000539378 0.00152193 -0.000541623 0.999999 0.00172318 -0.00152107 -0.00172382 0.999998 -0.0379085 0.240182 -0.195442
FixedParameters: 0 0 0

#Transform 11
Transform: AffineTransform_float_3_3
Parameters: 0.999998 0.000454845 0.00190528 -0.000456155 0.999999 0.000606132 -0.00190472 -0.000606867 0.999998 -0.0815421 0.241843 -0.107588
FixedParameters: 0 0 0

#Transform 12
Transform: AffineTransform_float_3_3
Parameters: 1 0.000547375 0.000823416 -0.000547624 0.999999 0.000758549 -0.000822585 -0.000759451 1 -0.0181555 0.238685 -0.106189
FixedParameters: 0 0 0

#Transform 13
Transform: AffineTransform_float_3_3
Parameters: 0.999999 0.000757563 0.000997333 -0.000758437 0.999999 0.000438244 -0.000996668 -0.000438755 1 -0.0157711 0.265903 -0.169763
FixedParameters: 0 0 0

#Transform 14
Transform: AffineTransform_float_3_3
Parameters: 0.999998 0.000483359 0.0015925 -0.00048464 1 0.00103023 -0.0015915 -0.00103077 0.999998 -0.0844615 0.214635 -0.111044
FixedParameters: 0 0 0

#Transform 15
Transform: AffineTransform_float_3_3
Parameters: 0.999999 0.000797535 0.00113403 -0.000799465 0.999999 0.00129209 -0.00113297 -0.0012929 0.999998 -0.0275577 0.221202 -0.138437
FixedParameters: 0 0 0

#Transform 16
Transform: AffineTransform_float_3_3
Parameters: 0.999997 0.00242299 0.000283086 -0.00242601 0.999934 0.0111713 -0.000255914 -0.0111716 0.999937 0.040798 -0.0772873 -0.240304
FixedParameters: 0 0 0

#Transform 17
Transform: AffineTransform_float_3_3
Parameters: 0.999999 0.00168101 0.000293624 -0.00168299 0.999974 0.00691051 -0.000281377 -0.00691048 0.999976 -0.024817 0.012476 -0.146326
FixedParameters: 0 0 0

#Transform 18
Transform: AffineTransform_float_3_3
Parameters: 0.999998 0.00159723 -4.21165e-05 -0.00159677 0.999986 0.00493607 4.98822e-05 -0.00493592 0.999988 0.0189118 0.0718061 -0.166564
FixedParameters: 0 0 0

#Transform 19
Transform: AffineTransform_float_3_3
Parameters: 0.999999 0.00155292 2.55534e-05 -0.00155308 0.999993 0.00357596 -1.94463e-05 -0.00357603 0.999993 -0.00360925 0.107402 -0.132797
FixedParameters: 0 0 0

#Transform 20
Transform: AffineTransform_float_3_3
Parameters: 0.999999 0.00140453 0.00014265 -0.00140546 0.999993 0.0033098 -0.000138348 -0.00331019 0.999994 -0.0207991 0.109898 -0.132538
FixedParameters: 0 0 0

#Transform 21
Transform: AffineTransform_float_3_3
Parameters: 0.999998 0.00159541 -0.000108157 -0.00159459 0.999992 0.00366318 0.000113842 -0.00366282 0.999994 0.0259666 0.11799 -0.193714
FixedParameters: 0 0 0

#Transform 22
Transform: AffineTransform_float_3_3
Parameters: 1 0.00118338 0.000202648 -0.00118362 0.999994 0.00308176 -0.000199353 -0.00308224 0.999995 -0.0465129 0.103487 -0.11904
FixedParameters: 0 0 0

#Transform 23
Transform: AffineTransform_float_3_3
Parameters: 0.999999 0.00123692 3.77497e-05 -0.00123708 0.999997 0.00222295 -3.525e-05 -0.00222304 0.999997 0.00235217 0.185302 -0.143335
FixedParameters: 0 0 0

#Transform 24
Transform: AffineTransform_float_3_3
Parameters: 0.999999 0.00116819 0.000638331 -0.00116981 0.999996 0.00284926 -0.000634669 -0.00284974 0.999995 -0.0628963 0.153425 -0.154716
FixedParameters: 0 0 0

#Transform 25
Transform: AffineTransform_float_3_3
Parameters: 0.999999 0.000232479 -0.000919376 -0.000229521 0.999997 0.00269621 0.000919622 -0.00269579 0.999996 0.0572357 0.163098 -0.103004
FixedParameters: 0 0 0

#Transform 26
Transform: AffineTransform_float_3_3
Parameters: 0.999999 0.000981296 -0.000113464 -0.000980702 0.999996 0.00258511 0.000116535 -0.00258489 0.999996 -0.00205418 0.113695 -0.0664001
FixedParameters: 0 0 0

#Transform 27
Transform: AffineTransform_float_3_3
Parameters: 1 0.00120378 0.000120174 -0.00120421 0.999997 0.00180586 -0.000117825 -0.00180614 0.999999 -0.0150727 0.193472 -0.106846
FixedParameters: 0 0 0

#Transform 28
Transform: AffineTransform_float_3_3
Parameters: 1 0.00118897 1.44113e-05 -0.00118903 0.999997 0.00202798 -1.15899e-05 -0.00202702 0.999998 -0.00854511 0.21317 -0.13191
FixedParameters: 0 0 0

#Transform 29
Transform: AffineTransform_float_3_3
Parameters: 1 0.000947 0.000604569 -0.000947999 0.999998 0.00165543 -0.000602431 -0.00165657 0.999999 -0.0595073 0.199176 -0.0969223
FixedParameters: 0 0 0

#Transform 30
Transform: AffineTransform_float_3_3
Parameters: 0.999999 0.00100235 -0.0002898 -0.00100265 0.999999 0.00119729 0.000291201 -0.00119771 0.999999 0.00940088 0.215688 -0.0744552
FixedParameters: 0 0 0

#Transform 31
Transform: AffineTransform_float_3_3
Parameters: 1 0.00119177 0.000149859 -0.00119123 0.999998 0.00155982 -0.000148142 -0.00156018 0.999999 -0.0146693 0.211661 -0.101212
FixedParameters: 0 0 0

#Transform 32
Transform: AffineTransform_float_3_3
Parameters: 1 0.0011194 0.00049436 -0.0011206 0.999998 0.00121445 -0.000493639 -0.00121555 0.999999 -0.0458557 0.181204 -0.0663373
FixedParameters: 0 0 0

#Transform 33
Transform: AffineTransform_float_3_3
Parameters: 0.999999 0.00104708 -0.000131358 -0.00104692 1 0.000613138 0.000132642 -0.000612861 1 0.00790929 0.21414 -0.0441148
FixedParameters: 0 0 0

#Transform 34
Transform: AffineTransform_float_3_3
Parameters: 0.999999 0.000724305 0.000693726 -0.000724695 0.999999 0.0010025 -0.000693274 -0.0010025 1 -0.00992052 0.18801 -0.0863244
FixedParameters: 0 0 0

#Transform 35
Transform: AffineTransform_float_3_3
Parameters: 0.999998 0.000397921 0.00153054 -0.00040008 0.999999 0.00135839 -0.00153046 -0.00135861 0.999998 -0.0877474 0.169971 -0.100077
FixedParameters: 0 0 0

#Transform 36
Transform: AffineTransform_float_3_3
Parameters: 0.999999 0.000656627 0.00051048 -0.000656372 0.999999 0.000730665 -0.00050952 -0.000730334 0.999999 -0.00678608 0.237422 -0.118562
FixedParameters: 0 0 0

#Transform 37
Transform: AffineTransform_float_3_3
Parameters: 0.999999 0.000453345 0.00130558 -0.000455655 0.999999 0.00126741 -0.00130542 -0.00126859 0.999999 -0.0741484 0.201053 -0.118118
FixedParameters: 0 0 0

#Transform 38
Transform: AffineTransform_float_3_3
Parameters: 0.999999 0.000511754 0.00142945 -0.000512246 0.999999 0.000871268 -0.00142955 -0.000871732 0.999998 -0.0741067 0.211749 -0.155104
FixedParameters: 0 0 0

#Transform 39
Transform: AffineTransform_float_3_3
Parameters: 1 0.000459036 0.000980453 -0.000459966 1 0.00098455 -0.000980548 -0.000984451 0.999999 -0.0487643 0.273717 -0.182695
FixedParameters: 0 0 0

#Transform 40
Transform: AffineTransform_float_3_3
Parameters: 0.999999 0.000121971 0.000880143 -0.000123029 1 0.00116889 -0.000879856 -0.00116911 0.999999 -0.0654019 0.230466 -0.114645
FixedParameters: 0 0 0

#Transform 41
Transform: AffineTransform_float_3_3
Parameters: 1 -0.000152222 0.000284882 0.000152778 0.999999 0.000778043 -0.000285119 -0.000777956 0.999999 -0.0239443 0.232051 -0.082275
FixedParameters: 0 0 0

#Transform 42
Transform: AffineTransform_float_3_3
Parameters: 1 -0.000152327 0.000460892 0.000152673 0.999999 0.00070907 -0.000461108 -0.000708929 0.999999 -0.0244464 0.263099 -0.142737
FixedParameters: 0 0 0

#Transform 43
Transform: AffineTransform_float_3_3
Parameters: 0.999999 -0.000485945 0.000794423 0.000485056 0.999999 0.00118839 -0.000794577 -0.00118861 0.999999 -0.0779496 0.217608 -0.0950633
FixedParameters: 0 0 0

#Transform 44
Transform: AffineTransform_float_3_3
Parameters: 1 -0.000152197 0.000380921 0.000152803 1 0.000518058 -0.000381079 -0.000517942 1 -0.0199565 0.262958 -0.119529
FixedParameters: 0 0 0

#Transform 45
Transform: AffineTransform_float_3_3
Parameters: 0.999999 -0.000151908 0.00133701 0.000152092 1 -6.87967e-05 -0.00133699 6.92032e-05 0.999999 -0.0489715 0.247356 -0.0897985
FixedParameters: 0 0 0

#Transform 46
Transform: AffineTransform_float_3_3
Parameters: 0.999999 -0.000329048 0.00126273 0.000327952 0.999999 0.000830414 -0.00126227 -0.000829585 0.999999 -0.066728 0.221183 -0.0855779
FixedParameters: 0 0 0

#Transform 47
Transform: AffineTransform_float_3_3
Parameters: 1 -0.000153384 0.00111681 0.000152616 0.999999 0.00123917 -0.00111719 -0.00123883 0.999998 -0.0401741 0.252843 -0.14202
FixedParameters: 0 0 0

#Transform 48
Transform: AffineTransform_float_3_3
Parameters: 0.999999 -0.00015325 0.00133086 0.00015275 0.999999 0.000939203 -0.00133114 -0.000938796 0.999998 -0.0433191 0.258505 -0.117685
FixedParameters: 0 0 0

#Transform 49
Transform: AffineTransform_float_3_3
Parameters: 1 -0.000153133 0.00115485 0.000152867 0.999999 0.000981177 -0.00115515 -0.000980823 0.999999 -0.0476216 0.235428 -0.0880252
FixedParameters: 0 0 0

#Transform 50
Transform: AffineTransform_float_3_3
Parameters: 0.999999 2.30109e-05 0.001362 -2.29891e-05 1 -8.03132e-06 -0.001362 7.96867e-06 0.999999 -0.0230712 0.298409 -0.135397
FixedParameters: 0 0 0

#Transform 51
Transform: AffineTransform_float_3_3
Parameters: 1 -0.000152065 0.00116499 0.000151935 1 5.61771e-05 -0.00116501 -5.58229e-05 1 -0.0496183 0.262947 -0.0481544
FixedParameters: 0 0 0

#Transform 52
Transform: AffineTransform_float_3_3
Parameters: 0.999998 -0.000153163 0.00168289 0.000152837 0.999999 0.000691258 -0.00168311 -0.000690743 0.999999 -0.0411274 0.266279 -0.127006
FixedParameters: 0 0 0

#Transform 53
Transform: AffineTransform_float_3_3
Parameters: 0.999999 -0.000388912 0.00147676 0.000388087 0.999999 0.000618573 -0.00147724 -0.000617426 0.999998 -0.0925694 0.235344 -0.0777238
FixedParameters: 0 0 0

#Transform 54
Transform: AffineTransform_float_3_3
Parameters: 0.999999 -0.000150485 0.00124818 0.000152515 1 -0.00121381 -0.00124782 0.00121419 0.999998 -0.0365109 0.285164 -0.0451594
FixedParameters: 0 0 0

#Transform 55
Transform: AffineTransform_float_3_3
Parameters: 1 -0.000152243 0.00109997 0.000152757 1 0.000221168 -0.00110003 -0.000220833 1 -0.0401978 0.263616 -0.0522912
FixedParameters: 0 0 0

#Transform 56
Transform: AffineTransform_float_3_3
Parameters: 1 -0.00029289 0.00118378 0.000292109 0.999999 0.000752346 -0.00118422 -0.000751653 0.999999 -0.0766702 0.216843 -0.0583786
FixedParameters: 0 0 0

#Transform 57
Transform: AffineTransform_float_3_3
Parameters: 0.999999 -0.000323274 0.000670867 0.000322725 1 0.000409216 -0.000671132 -0.000408783 0.999999 -0.0468582 0.262221 -0.0434336
FixedParameters: 0 0 0

#Transform 58
Transform: AffineTransform_float_3_3
Parameters: 0.999999 -0.000554292 0.000551704 0.000552707 0.999997 0.00234031 -0.000553295 -0.00233969 0.999997 -0.0601969 0.183815 -0.111194
FixedParameters: 0 0 0

#Transform 59
Transform: AffineTransform_float_3_3
Parameters: 1 -0.000152494 0.000165546 0.000152508 0.999995 0.00298002 -0.000165455 -0.00297997 0.999995 -0.0654257 0.0887773 -0.0572059
FixedParameters: 0 0 0

#Transform 60
Transform: AffineTransform_float_3_3
Parameters: 1 -0.000152226 0.000165793 0.000152775 0.999999 0.00136403 -0.000165209 -0.00136398 0.999999 -0.00866173 0.200485 -0.0692415
FixedParameters: 0 0 0

#Transform 61
Transform: AffineTransform_float_3_3
Parameters: 1 -0.000205844 0.000556689 0.000205156 0.999999 0.00151511 -0.000557311 -0.00151488 0.999998 -0.0385438 0.184916 -0.0789613
FixedParameters: 0 0 0

#Transform 62
Transform: AffineTransform_float_3_3
Parameters: 1 -0.000288757 0.000568616 0.000288243 0.999999 0.00133016 -0.000569384 -0.00133084 0.999999 -0.0561192 0.169234 -0.044828
FixedParameters: 0 0 0

#Transform 63
Transform: AffineTransform_float_3_3
Parameters: 1 -0.000151855 -0.000106208 0.000152145 0.999999 0.00136798 0.000105792 -0.00136802 0.999999 -0.00356445 0.233236 -0.0980562
FixedParameters: 0 0 0

#Transform 64
Transform: AffineTransform_float_3_3
Parameters: 0.999999 -0.000337527 0.00072429 0.000335473 0.999997 0.00210824 -0.000724709 -0.00210776 0.999998 -0.0741445 0.165442 -0.0850904
FixedParameters: 0 0 0

#Transform 65
Transform: AffineTransform_float_3_3
Parameters: 0.999999 -0.000326524 0.000839408 0.000325475 0.999999 0.00181527 -0.000840592 -0.00181473 0.999998 -0.0475428 0.209806 -0.0911704
FixedParameters: 0 0 0

#Transform 66
Transform: AffineTransform_float_3_3
Parameters: 1 -0.00015258 0.000584849 0.000152421 0.999999 0.000991089 -0.000584151 -0.000990911 1 -0.0456712 0.233848 -0.0729136
FixedParameters: 0 0 0

#Transform 67
Transform: AffineTransform_float_3_3
Parameters: 0.999999 -0.000469638 0.00119736 0.000468363 0.999999 0.00136756 -0.00119764 -0.00136744 0.999999 -0.0930521 0.210971 -0.0771923
FixedParameters: 0 0 0

#Transform 68
Transform: AffineTransform_float_3_3
Parameters: 0.999999 -0.00036937 0.000627782 0.00036963 1 0.000589232 -0.000628218 -0.000589768 0.999999 -0.0422944 0.244918 -0.0514621
FixedParameters: 0 0 0

#Transform 69
Transform: AffineTransform_float_3_3
Parameters: 1 -0.000564744 0.000770456 0.000564257 1 0.000964436 -0.000771545 -0.000964565 0.999999 -0.0444661 0.232484 -0.0731326
FixedParameters: 0 0 0

#Transform 70
Transform: AffineTransform_float_3_3
Parameters: 0.999999 -0.000851283 0.00125113 0.000849717 0.999999 0.00102606 -0.00125187 -0.00102494 0.999998 -0.0750273 0.186451 -0.0440926
FixedParameters: 0 0 0

#Transform 71
Transform: AffineTransform_float_3_3
Parameters: 0.999999 -0.000678203 0.000582763 0.000677796 0.999999 0.000349395 -0.000583237 -0.000349604 1 -0.00720759 0.253551 -0.0405751
FixedParameters: 0 0 0

#Transform 72
Transform: AffineTransform_float_3_3
Parameters: 0.999999 -0.000996419 0.000867519 0.000995582 1 0.000482864 -0.00086848 -0.000482135 0.999999 -0.0332827 0.198036 -0.0295785
FixedParameters: 0 0 0

#Transform 73
Transform: AffineTransform_float_3_3
Parameters: 1 -0.000995801 0.000586338 0.000996199 0.999999 -0.000339416 -0.000585662 0.000339583 1 -0.0195821 0.206571 0.0119954
FixedParameters: 0 0 0

#Transform 74
Transform: AffineTransform_float_3_3
Parameters: 1 -0.000772208 0.000807801 0.000771792 0.999999 0.000258623 -0.000807199 -0.000257377 0.999999 -0.0196736 0.235538 -0.0376456
FixedParameters: 0 0 0

#Transform 75
Transform: AffineTransform_float_3_3
Parameters: 1 -0.000788706 0.000846344 0.000787294 1 0.000833667 -0.000847657 -0.000833333 1 -0.0476282 0.214618 -0.0369809
FixedParameters: 0 0 0

#Transform 76
Transform: AffineTransform_float_3_3
Parameters: 0.999999 -0.000640209 0.000421682 0.00064079 0.999999 0.00049627 -0.000422318 -0.00049573 1 0.0778117 0.290922 -0.0850345
FixedParameters: 0 0 0

#Transform 77
Transform: AffineTransform_float_3_3
Parameters: 0.999999 -0.00126596 0.000344145 0.00126504 0.999999 -0.000114565 -0.000343854 0.000115435 1 0.0875272 0.183581 0.0893719
FixedParameters: 0 0 0

#Transform 78
Transform: AffineTransform_float_3_3
Parameters: 0.999999 -0.00135219 -0.000109703 0.00135281 0.999997 -0.00169915 0.0001123 0.00169985 0.999999 0.0776212 0.255751 0.126953
FixedParameters: 0 0 0

#Transform 79
Transform: AffineTransform_float_3_3
Parameters: 0.999999 -0.00132548 0.000346 0.00132652 0.999998 -0.00150854 -0.000344 0.00150846 0.999999 0.0169634 0.24177 0.0840806
FixedParameters: 0 0 0

#Transform 80
Transform: AffineTransform_float_3_3
Parameters: 0.999998 -0.000913942 -0.00142326 0.000919058 0.999994 0.0035577 0.00141974 -0.0035583 0.999992 0.0645366 0.138427 -0.101373
FixedParameters: 0 0 0

#Transform 81
Transform: AffineTransform_float_3_3
Parameters: 0.999996 -0.000439103 0.00277955 0.000460891 0.999969 -0.00788175 -0.00277545 0.00788325 0.999965 -0.146772 0.515798 -0.0319767
FixedParameters: 0 0 0

#Transform 82
Transform: AffineTransform_float_3_3
Parameters: 0.999999 -0.000421108 0.00174317 0.000433889 0.999972 -0.00740125 -0.00173984 0.00740274 0.999971 -0.0779063 0.533217 -0.0451228
FixedParameters: 0 0 0

#Transform 83
Transform: AffineTransform_float_3_3
Parameters: 1 -0.000133096 0.00106237 0.000135903 0.999997 -0.00273386 -0.00106163 0.00273414 0.999995 -0.0466626 0.376748 0.0109632
FixedParameters: 0 0 0

#Transform 84
Transform: AffineTransform_float_3_3
Parameters: 0.999999 -0.000918964 3.29952e-05 0.000919035 0.999999 -0.00108297 -3.20047e-05 0.00108303 1 0.0136367 0.316097 0.0171686
FixedParameters: 0 0 0

#Transform 85
Transform: AffineTransform_float_3_3
Parameters: 1 -0.000928626 0.00069484 0.000929374 0.999997 -0.00197935 -0.000693162 0.00197964 0.999998 -0.0255376 0.335366 0.0234118
FixedParameters: 0 0 0

#Transform 86
Transform: AffineTransform_float_3_3
Parameters: 1 -0.000792158 0.000721925 0.000792842 0.999999 -0.00116643 -0.000721075 0.00116757 0.999999 -0.045518 0.305448 0.00532663
FixedParameters: 0 0 0

#Transform 87
Transform: AffineTransform_float_3_3
Parameters: 1 -0.000638516 0.000910747 0.000641483 0.999996 -0.00273042 -0.000908252 0.00273058 0.999996 -0.0166367 0.388607 -0.00829425
FixedParameters: 0 0 0

#Transform 88
Transform: AffineTransform_float_3_3
Parameters: 0.999999 -0.000636608 0.00129217 0.000641391 0.999994 -0.00340118 -0.00128983 0.00340183 0.999994 -0.0456346 0.387041 0.000546233
FixedParameters: 0 0 0

#Transform 89
Transform: AffineTransform_float_3_3
Parameters: 0.999999 -0.00108862 0.000719613 0.00109138 0.999994 -0.00331422 -0.000715387 0.00331478 0.999994 -0.0446306 0.362172 0.00991239
FixedParameters: 0 0 0

#Transform 90
Transform: AffineTransform_float_3_3
Parameters: 1 -0.000638886 0.000737836 0.000641115 0.999995 -0.00286853 -0.000736164 0.00286947 0.999995 -0.0242364 0.375737 -0.00161
FixedParameters: 0 0 0

#Transform 91
Transform: AffineTransform_float_3_3
Parameters: 0.999999 -0.00107429 0.00103681 0.00107671 0.999996 -0.00261489 -0.00103419 0.00261611 0.999996 -0.0598624 0.361473 0.021306
FixedParameters: 0 0 0

#Transform 92
Transform: AffineTransform_float_3_3
Parameters: 1 -0.00107566 0.000547631 0.00107634 0.999997 -0.00244441 -0.00054537 0.00244559 0.999997 -0.0501874 0.320497 0.0479347
FixedParameters: 0 0 0

#Transform 93
Transform: AffineTransform_float_3_3
Parameters: 0.999999 -0.00100358 0.000800046 0.00100542 0.999995 -0.0030312 -0.000796956 0.0030318 0.999995 -0.0408799 0.382238 0.00474222
FixedParameters: 0 0 0

#Transform 94
Transform: AffineTransform_float_3_3
Parameters: 1 -0.00107582 0.000547322 0.00107618 0.999997 -0.00215741 -0.00054568 0.00215759 0.999997 -0.0517097 0.328397 0.0078997
FixedParameters: 0 0 0

#Transform 95
Transform: AffineTransform_float_3_3
Parameters: 1 -0.000838458 0.000669935 0.000840542 0.999997 -0.00230444 -0.000668064 0.00230556 0.999997 -0.0599535 0.305788 0.0209251
FixedParameters: 0 0 0

#Transform 96
Transform: AffineTransform_float_3_3
Parameters: 0.999999 -0.00058559 0.00120615 0.00059041 0.999993 -0.00365929 -0.00120385 0.00365971 0.999992 -0.0381324 0.359011 -0.0117986
FixedParameters: 0 0 0

#Transform 97
Transform: AffineTransform_float_3_3
Parameters: 1 -0.000839351 0.000743866 0.000840651 0.999997 -0.00222038 -0.000742136 0.00222063 0.999998 -0.0512437 0.321211 0.014446
FixedParameters: 0 0 0

#Transform 98
Transform: AffineTransform_float_3_3
Parameters: 0.999999 -0.000854296 0.00120734 0.000858703 0.999992 -0.00390097 -0.00120366 0.00390203 0.999991 -0.0674478 0.372442 0.0165323
FixedParameters: 0 0 0

#Transform 99
Transform: AffineTransform_float_3_3
Parameters: 0.999998 -0.00137291 0.000788655 0.00137509 0.999995 -0.00265992 -0.000785344 0.00266108 0.999996 -0.046145 0.397179 -0.0396238
FixedParameters: 0 0 0

#Transform 100
Transform: AffineTransform_float_3_3
Parameters: 0.999999 -0.00110233 0.000714579 0.00110367 0.999996 -0.00233721 -0.000712422 0.00233779 0.999997 -0.0590157 0.390299 -0.023336
FixedParameters: 0 0 0

#Transform 101
Transform: AffineTransform_float_3_3
Parameters: 1 -0.000990666 0.000506655 0.000991335 1 -0.000660498 -0.000505345 0.000661501 0.999999 -0.0845216 0.31111 0.00200019
FixedParameters: 0 0 0

#Transform 102
Transform: AffineTransform_float_3_3
Parameters: 1 -0.00086835 0.000799795 0.000869651 0.999998 -0.00206531 -0.000798205 0.00206669 0.999997 -0.0663789 0.366573 0.0095528
FixedParameters: 0 0 0

#Transform 103
Transform: AffineTransform_float_3_3
Parameters: 1 -0.000785351 0.00089545 0.000786649 0.999998 -0.0018433 -0.000893552 0.0018437 0.999998 -0.0758742 0.361834 -0.000300378
FixedParameters: 0 0 0

#Transform 104
Transform: AffineTransform_float_3_3
Parameters: 0.999999 -0.00108184 0.00112508 0.00108416 0.999997 -0.00192378 -0.00112292 0.00192522 0.999998 -0.104374 0.336743 0.00961573
FixedParameters: 0 0 0

#Transform 105
Transform: AffineTransform_float_3_3
Parameters: 0.999999 -0.0009248 0.000818493 0.000927199 0.999996 -0.00269224 -0.000815507 0.00269276 0.999996 -0.0505668 0.375397 -0.00938892
FixedParameters: 0 0 0

#Transform 106
Transform: AffineTransform_float_3_3
Parameters: 0.999998 -0.00106315 0.00172238 0.00106785 0.999997 -0.00223417 -0.00172062 0.00223583 0.999996 -0.104019 0.337041 -0.0354702
FixedParameters: 0 0 0

#Transform 107
Transform: AffineTransform_float_3_3
Parameters: 0.999999 -0.00105604 0.000675505 0.00105696 0.999999 -0.00142429 -0.000674495 0.00142471 0.999999 -0.0499344 0.328177 0.00269729
FixedParameters: 0 0 0

#Transform 108
Transform: AffineTransform_float_3_3
Parameters: 0.999999 -0.000922964 0.000909072 0.000925036 0.999997 -0.00224216 -0.000906928 0.00224284 0.999997 -0.0533359 0.37444 0.00670649
FixedParameters: 0 0 0

#Transform 109
Transform: AffineTransform_float_3_3
Parameters: 0.999999 -0.000859129 0.00115215 0.000861869 0.999996 -0.00249301 -0.00114985 0.00249399 0.999996 -0.0721739 0.338004 0.00475157
FixedParameters: 0 0 0

#Transform 110
Transform: AffineTransform_float_3_3
Parameters: 1 -0.000897678 0.000783518 0.000898324 0.999998 -0.0016893 -0.000782484 0.0016897 0.999999 -0.0645012 0.296385 0.025869
FixedParameters: 0 0 0

#Transform 111
Transform: AffineTransform_float_3_3
Parameters: 1 -0.000720187 0.000841556 0.000721814 0.999998 -0.0021574 -0.000839445 0.00215761 0.999998 -0.0508591 0.34752 0.0105752
FixedParameters: 0 0 0

#Transform 112
Transform: AffineTransform_float_3_3
Parameters: 0.999998 -0.000952584 0.0013033 0.000952416 1 -0.000318759 -0.0013027 0.000320242 0.999999 -0.0836479 0.294888 -0.0314761
FixedParameters: 0 0 0

#Transform 113
Transform: AffineTransform_float_3_3
Parameters: 1 0.00104954 -0.000531005 -0.00104746 0.999988 0.00476556 0.000535998 -0.00476544 0.999988 0.0155085 0.208947 -0.0642547
FixedParameters: 0 0 0

#Transform 114
Transform: AffineTransform_float_3_3
Parameters: 0.999999 -0.000119537 -0.000998543 0.000124461 0.99999 0.00447088 0.000997453 -0.00447112 0.999989 0.0352016 0.166444 -0.0970223
FixedParameters: 0 0 0

#Transform 115
Transform: AffineTransform_float_3_3
Parameters: 1 -0.0010148 0.000569573 0.0010142 0.999999 0.00140758 -0.000571428 -0.00140742 0.999999 -0.0565456 0.254662 -0.0421821
FixedParameters: 0 0 0

#Transform 116
Transform: AffineTransform_float_3_3
Parameters: 1 -0.000952028 0.000703317 0.000952971 0.999998 -0.00138233 -0.000701682 0.00138367 0.999999 -0.000533162 0.391045 -0.00794587
FixedParameters: 0 0 0

#Transform 117
Transform: AffineTransform_float_3_3
Parameters: 0.999999 -0.00100742 0.00115551 0.00100858 1 -0.000504835 -0.00115549 0.000506165 0.999999 -0.0946828 0.34964 -0.0183289
FixedParameters: 0 0 0

#Transform 118
Transform: AffineTransform_float_3_3
Parameters: 0.999999 -0.000951592 0.000889509 0.00095241 0.999999 -0.00158416 -0.000888493 0.00158485 0.999999 -0.0328219 0.381778 -0.00121837
FixedParameters: 0 0 0

#Transform 119
Transform: AffineTransform_float_3_3
Parameters: 0.999999 -0.000951825 0.00112999 0.000952175 0.999999 -0.00103993 -0.00112901 0.00104108 0.999999 -0.0588206 0.288318 0.0152462
FixedParameters: 0 0 0

#Transform 120
Transform: AffineTransform_float_3_3
Parameters: 0.999999 -0.000951512 0.000841684 0.000952486 0.999998 -0.0017682 -0.000839316 0.0017698 0.999998 -0.0128131 0.341129 0.0331361
FixedParameters: 0 0 0

#Transform 121
Transform: AffineTransform_float_3_3
Parameters: 0.999998 -0.00138862 0.00096299 0.00138938 0.999998 -0.00143266 -0.00096101 0.00143334 0.999998 -0.0524862 0.31201 0.0215947
FixedParameters: 0 0 0

#Transform 122
Transform: AffineTransform_float_3_3
Parameters: 0.999998 -0.0011993 0.00105892 0.0012007 0.999998 -0.00160273 -0.00105708 0.00160327 0.999998 -0.0479993 0.317444 0.0500614
FixedParameters: 0 0 0

#Transform 123
Transform: AffineTransform_float_3_3
Parameters: 0.999999 -0.00123455 0.000846117 0.00123645 0.999998 -0.00171296 -0.000843883 0.00171404 0.999998 -0.0295514 0.316439 0.0332787
FixedParameters: 0 0 0

#Transform 124
Transform: AffineTransform_float_3_3
Parameters: 0.999999 -0.00118988 0.000988556 0.00119212 0.999997 -0.00214582 -0.000985443 0.00214718 0.999997 -0.0430175 0.31533 0.0643448
FixedParameters: 0 0 0

#Transform 125
Transform: AffineTransform_float_3_3
Parameters: 1 -0.00112912 0.000466137 0.00112988 0.999997 -0.00189147 -0.000463863 0.00189252 0.999998 -0.00238049 0.309786 0.0625734
FixedParameters: 0 0 0

#Transform 126
Transform: AffineTransform_float_3_3
Parameters: 0.999999 -0.0013435 0.000501338 0.0013435 0.999998 -0.000995327 -0.000499663 0.000995672 1 -0.0103411 0.292154 0.0239263
FixedParameters: 0 0 0

#Transform 127
Transform: AffineTransform_float_3_3
Parameters: 0.999998 -0.0014791 0.000696913 0.0014799 0.999998 -0.00129297 -0.000695086 0.00129403 0.999999 -0.0435744 0.311035 0.0346425
FixedParameters: 0 0 0

#Transform 128
Transform: AffineTransform_float_3_3
Parameters: 0.999999 -0.00115568 0.000639383 0.00115731 0.999997 -0.00206026 -0.000636616 0.00206174 0.999997 -0.0190679 0.360496 0.0254079
FixedParameters: 0 0 0

#Transform 129
Transform: AffineTransform_float_3_3
Parameters: 0.999998 -0.0013631 0.00100658 0.0013649 0.999998 -0.00189063 -0.00100442 0.00189237 0.999997 -0.049642 0.332017 0.0334986
FixedParameters: 0 0 0

#Transform 130
Transform: AffineTransform_float_3_3
Parameters: 0.999998 -0.00141596 0.00078588 0.00141704 0.999998 -0.00132689 -0.000784119 0.00132811 0.999999 -0.0502961 0.32851 0.0436875
FixedParameters: 0 0 0

#Transform 131
Transform: AffineTransform_float_3_3
Parameters: 0.999999 -0.00123428 0.000369405 0.00123472 0.999998 -0.00194755 -0.000367595 0.00194846 0.999998 -0.00907617 0.355821 0.0201042
FixedParameters: 0 0 0

#Transform 132
Transform: AffineTransform_float_3_3
Parameters: 0.999999 -0.00142207 0.00103428 0.00142393 0.999998 -0.000900528 -0.00103272 0.00090147 0.999999 -0.0566357 0.314138 0.0134584
FixedParameters: 0 0 0

#Transform 133
Transform: AffineTransform_float_3_3
Parameters: 1 -0.00102402 0.00060366 0.00102498 0.999998 -0.00161938 -0.000602342 0.00161962 0.999999 -0.0291404 0.334206 0.0422809
FixedParameters: 0 0 0

#Transform 134
Transform: AffineTransform_float_3_3
Parameters: 0.999999 -0.0014229 0.00051307 0.0014231 0.999996 -0.00215627 -0.000509931 0.00215773 0.999997 -0.0100115 0.352047 0.0155497
FixedParameters: 0 0 0

#Transform 135
Transform: AffineTransform_float_3_3
Parameters: 0.999999 -0.00142077 0.00103607 0.00142323 0.999996 -0.00215553 -0.00103293 0.00215747 0.999997 -0.061654 0.312793 0.0132748
FixedParameters: 0 0 0

#Transform 136
Transform: AffineTransform_float_3_3
Parameters: 0.999999 -0.00116581 0.00080618 0.00116819 0.999995 -0.00272506 -0.000803819 0.00272594 0.999996 -0.0217142 0.386592 0.013548
FixedParameters: 0 0 0

#Transform 137
Transform: AffineTransform_float_3_3
Parameters: 0.999999 -0.00149634 0.0010374 0.00149766 0.999997 -0.00159945 -0.0010346 0.00160155 0.999998 -0.0498196 0.334623 0.0334682
FixedParameters: 0 0 0

#Transform 138
Transform: AffineTransform_float_3_3
Parameters: 0.999998 -0.00194254 0.00114519 0.00194446 0.999996 -0.00215278 -0.00114081 0.00215522 0.999997 -0.0375483 0.326901 0.0848642
FixedParameters: 0 0 0

#Transform 139
Transform: AffineTransform_float_3_3
Parameters: 0.999997 -0.00212289 0.00165884 0.00212911 0.999991 -0.00368748 -0.00165116 0.00369152 0.999992 -0.0215321 0.374246 0.0809601
FixedParameters: 0 0 0

#Transform 140
Transform: AffineTransform_float_3_3
Parameters: 0.999998 -0.00157711 0.00126462 0.00157989 0.999996 -0.00229001 -0.00126138 0.00229199 0.999996 -0.0642225 0.317596 0.0815403
FixedParameters: 0 0 0

#Transform 141
Transform: AffineTransform_float_3_3
Parameters: 0.999999 -0.00151575 0.000908769 0.00151825 0.999996 -0.00248362 -0.000904233 0.00248438 0.999997 -0.0225976 0.340767 0.0901186
FixedParameters: 0 0 0

#Transform 142
Transform: AffineTransform_float_3_3
Parameters: 0.999998 -0.00149853 0.00134787 0.00150147 0.999996 -0.00257798 -0.00134413 0.00258002 0.999996 -0.0537651 0.335316 0.112878
FixedParameters: 0 0 0

#Transform 143
Transform: AffineTransform_float_3_3
Parameters: 0.999999 -0.00164751 0.000746289 0.00164849 0.999996 -0.00199477 -0.000742713 0.00199523 0.999997 -0.028178 0.319913 0.0876247
FixedParameters: 0 0 0

#Transform 144
Transform: AffineTransform_float_3_3
Parameters: 0.999999 -0.00166416 0.000754073 0.00166584 0.999995 -0.00244575 -0.000749927 0.00244725 0.999996 0.0007096 0.359293 0.0684013
FixedParameters: 0 0 0

#Transform 145
Transform: AffineTransform_float_3_3
Parameters: 0.999997 -0.00181007 0.0011566 0.00181293 0.999995 -0.00253891 -0.0011514 0.00254109 0.999996 -0.055658 0.342591 0.10427
FixedParameters: 0 0 0

#Transform 146
Transform: AffineTransform_float_3_3
Parameters: 0.999998 -0.0018171 0.000803316 0.0018189 0.999995 -0.00237354 -0.000798683 0.00237545 0.999997 -0.0010252 0.385423 0.0573534
FixedParameters: 0 0 0

#Transform 147
Transform: AffineTransform_float_3_3
Parameters: 0.999997 -0.00226243 0.00115704 0.00226457 0.999995 -0.00222439 -0.00115196 0.00222661 0.999997 -0.0440052 0.344433 0.0644005
FixedParameters: 0 0 0

#Transform 148
Transform: AffineTransform_float_3_3
Parameters: 0.999997 -0.00202442 0.000709527 0.00202658 0.999996 -0.00223457 -0.000705473 0.00223543 0.999998 -0.00505552 0.356433 0.0745343
FixedParameters: 0 0 0

#Transform 149
Transform: AffineTransform_float_3_3
Parameters: 0.999995 -0.00272598 0.00114759 0.00273002 0.99999 -0.00351388 -0.00113841 0.00351712 0.999993 0.00559368 0.368207 0.0815921
FixedParameters: 0 0 0

#Transform 150
Transform: AffineTransform_float_3_3
Parameters: 0.999993 -0.00294809 0.00201462 0.0029559 0.999988 -0.00393307 -0.00200238 0.00393893 0.99999 -0.0661847 0.37203 0.0999964
FixedParameters: 0 0 0

#Transform 151
Transform: AffineTransform_float_3_3
Parameters: 0.999997 -0.0020853 0.00113384 0.00208871 0.999993 -0.00327664 -0.00112716 0.00327836 0.999994 0.00709698 0.413797 0.10142
FixedParameters: 0 0 0

#Transform 152
Transform: AffineTransform_float_3_3
Parameters: 0.999996 -0.00208397 0.0016175 0.00208903 0.999993 -0.00311363 -0.0016105 0.00311637 0.999994 -0.0300765 0.397874 0.124118
FixedParameters: 0 0 0

#Transform 153
Transform: AffineTransform_float_3_3
Parameters: 0.999996 -0.00253527 0.00161843 0.00253972 0.999992 -0.0029249 -0.00161057 0.0029291 0.999995 -0.0441718 0.380733 0.125875
FixedParameters: 0 0 0

#Transform 154
Transform: AffineTransform_float_3_3
Parameters: 0.999996 -0.00222929 0.0014816 0.00223271 0.999995 -0.0025077 -0.0014754 0.0025103 0.999996 -0.0181902 0.424416 0.0788741
FixedParameters: 0 0 0

#Transform 155
Transform: AffineTransform_float_3_3
Parameters: 0.999995 -0.00253532 0.00184046 0.00253967 0.999993 -0.00254134 -0.00183454 0.00254666 0.999995 -0.0561545 0.395181 0.0910233
FixedParameters: 0 0 0

#Transform 156
Transform: AffineTransform_float_3_3
Parameters: 0.999998 -0.00210607 0.000977331 0.00210893 0.999994 -0.00300295 -0.000970669 0.00300505 0.999995 -0.0116696 0.426445 0.0821601
FixedParameters: 0 0 0

#Transform 157
Transform: AffineTransform_float_3_3
Parameters: 0.999994 -0.00236578 0.0023055 0.00237522 0.999989 -0.00400555 -0.0022965 0.00401046 0.99999 -0.0646896 0.401452 0.0834372
FixedParameters: 0 0 0

#Transform 158
Transform: AffineTransform_float_3_3
Parameters: 0.999995 -0.00242847 0.001684 0.00243352 0.999991 -0.00328692 -0.001676 0.00329108 0.999993 -0.0402314 0.396806 0.0951753
FixedParameters: 0 0 0

#Transform 159
Transform: AffineTransform_float_3_3
Parameters: 0.999996 -0.00240633 0.00138987 0.00241167 0.999988 -0.00409466 -0.00138013 0.00409733 0.99999 -0.0173648 0.427901 0.10659
FixedParameters: 0 0 0

#Transform 160
Transform: AffineTransform_float_3_3
Parameters: 0.999996 -0.00240852 0.00160225 0.00241248 0.999994 -0.00217414 -0.00159675 0.00217786 0.999997 -0.0707173 0.348788 0.100426
FixedParameters: 0 0 0

#Transform 161
Transform: AffineTransform_float_3_3
Parameters: 0.999996 -0.00240773 0.00106769 0.00241227 0.999989 -0.00401944 -0.00105831 0.00402156 0.999992 -0.00300278 0.419831 0.122145
FixedParameters: 0 0 0

#Transform 162
Transform: AffineTransform_float_3_3
Parameters: 0.999996 -0.00240419 0.00183827 0.00241182 0.999988 -0.00426059 -0.00182874 0.00426442 0.999989 -0.0468563 0.392085 0.127593
FixedParameters: 0 0 0

#Transform 163
Transform: AffineTransform_float_3_3
Parameters: 0.999997 -0.00250466 0.00102422 0.00250835 0.999992 -0.00327744 -0.00101578 0.00328056 0.999994 -0.0185713 0.358816 0.140686
FixedParameters: 0 0 0

#Transform 164
Transform: AffineTransform_float_3_3
Parameters: 0.999996 -0.0024086 0.00106174 0.0024124 0.999992 -0.00321145 -0.00105426 0.00321355 0.999995 -0.0139772 0.379928 0.120643
FixedParameters: 0 0 0

#Transform 165
Transform: AffineTransform_float_3_3
Parameters: 0.999995 -0.00240658 0.00171662 0.00241241 0.999992 -0.00316087 -0.00170838 0.00316412 0.999993 -0.0680931 0.323839 0.160607
FixedParameters: 0 0 0

#Transform 166
Transform: AffineTransform_float_3_3
Parameters: 0.999996 -0.00240901 0.000956575 0.002412 0.999992 -0.0031417 -0.000949425 0.0031433 0.999994 -0.0143384 0.361326 0.10727
FixedParameters: 0 0 0

#Transform 167
Transform: AffineTransform_float_3_3
Parameters: 0.999996 -0.00240724 0.00131673 0.00241176 0.99999 -0.00362283 -0.00130827 0.00362616 0.999992 -0.0259057 0.353624 0.141621
FixedParameters: 0 0 0

#Transform 168
Transform: AffineTransform_float_3_3
Parameters: 0.999997 -0.0024075 0.00125367 0.00241249 0.99999 -0.00359699 -0.00124433 0.00360001 0.999992 -0.027713 0.346286 0.142582
FixedParameters: 0 0 0

#Transform 169
Transform: AffineTransform_float_3_3
Parameters: 0.999997 -0.00240757 0.00129329 0.00241244 0.999991 -0.00343889 -0.00128571 0.00344211 0.999994 -0.0112154 0.367239 0.0963637
FixedParameters: 0 0 0

#Transform 170
Transform: AffineTransform_float_3_3
Parameters: 0.999995 -0.00246974 0.00160611 0.00247525 0.999991 -0.00327704 -0.00159789 0.00328096 0.999994 -0.0649541 0.329379 0.140441
FixedParameters: 0 0 0

#Transform 171
Transform: AffineTransform_float_3_3
Parameters: 0.999996 -0.00240667 0.00160602 0.00241233 0.999991 -0.00332614 -0.00159798 0.00332986 0.999993 -0.0341116 0.36569 0.130022
FixedParameters: 0 0 0

#Transform 172
Transform: AffineTransform_float_3_3
Parameters: 0.999997 -0.00240777 0.00115784 0.00241223 0.999991 -0.00366722 -0.00114916 0.00366978 0.999992 -0.0184738 0.386788 0.128817
FixedParameters: 0 0 0

#Transform 173
Transform: AffineTransform_float_3_3
Parameters: 0.999995 -0.00233413 0.00175085 0.00233987 0.999991 -0.00335792 -0.00174315 0.00336208 0.999993 -0.0783268 0.356316 0.171563
FixedParameters: 0 0 0

#Transform 174
Transform: AffineTransform_float_3_3
Parameters: 0.999996 -0.00240667 0.00142306 0.00241233 0.99999 -0.00375858 -0.00141394 0.00376242 0.999992 -0.029417 0.416787 0.117205
FixedParameters: 0 0 0

#Transform 175
Transform: AffineTransform_float_3_3
Parameters: 0.999996 -0.0024075 0.00144752 0.0024125 0.999992 -0.00311852 -0.00143948 0.00312148 0.999994 -0.0639455 0.360068 0.125982
FixedParameters: 0 0 0

#Transform 176
Transform: AffineTransform_float_3_3
Parameters: 0.999997 -0.00240844 0.00119719 0.00241256 0.999992 -0.00298312 -0.0011898 0.00298687 0.999995 -0.0407731 0.365648 0.116933
FixedParameters: 0 0 0

#Transform 177
Transform: AffineTransform_float_3_3
Parameters: 0.999996 -0.00240652 0.00140444 0.00241248 0.99999 -0.00391663 -0.00139456 0.00391937 0.999992 -0.02826 0.402823 0.115473
FixedParameters: 0 0 0

#Transform 178
Transform: AffineTransform_float_3_3
Parameters: 0.999995 -0.00269522 0.00175346 0.00270177 0.999989 -0.00387328 -0.00174254 0.00387872 0.999991 -0.0701064 0.342081 0.140351
FixedParameters: 0 0 0

#Transform 179
Transform: AffineTransform_float_3_3
Parameters: 0.999996 -0.00248855 0.00125685 0.00249245 0.99999 -0.00354988 -0.00124816 0.00355312 0.999993 -0.0447515 0.378926 0.155599
FixedParameters: 0 0 0
