#Insight Transform File V1.0
#Transform 0
Transform: AffineTransform_float_3_3
Parameters: 1 0.000291075 -0.000141847 -0.000290925 1 0.000526041 0.000142153 -0.000525958 1 -0.0716052 -0.114024 -0.329779
FixedParameters: 0 0 0

#Transform 1
Transform: AffineTransform_float_3_3
Parameters: 1 0.000599015 4.07724e-05 -0.000598984 0.999999 -0.000380024 -4.12276e-05 0.000379975 1 0.0818488 0.11114 -0.0136401
FixedParameters: 0 0 0

#Transform 2
Transform: AffineTransform_float_3_3
Parameters: 1 0.00100852 0.000607143 -0.00100748 0.999999 -0.000850613 -0.000607858 0.000850388 1 0.075731 0.203442 -0.0477779
FixedParameters: 0 0 0

#Transform 3
Transform: AffineTransform_float_3_3
Parameters: 0.999998 0.00173068 0.000813687 -0.00173132 0.999999 0.000396592 -0.000813311 -0.000398408 0.999999 0.0339894 0.131331 -0.0286326
FixedParameters: 0 0 0

#Transform 4
Transform: AffineTransform_float_3_3
Parameters: 1 0.00103691 0.000237413 -0.0010371 1 0.000397754 -0.000237587 -0.000398247 1 0.0813095 0.149661 -0.0150252
FixedParameters: 0 0 0

#Transform 5
Transform: AffineTransform_float_3_3
Parameters: 0.999999 0.00122005 0.000759926 -0.00121995 1 -6.09271e-05 -0.000760074 6.00727e-05 0.999999 0.0408205 0.167166 -0.0220897
FixedParameters: 0 0 0

#Transform 6
Transform: AffineTransform_float_3_3
Parameters: 1 0.00104316 0.000306465 -0.00104284 1 -0.00051332 -0.000307535 0.00051268 1 0.0985737 0.207579 -0.0248449
FixedParameters: 0 0 0

#Transform 7
Transform: AffineTransform_float_3_3
Parameters: 0.999999 0.000749179 0.00051974 -0.000748819 0.999999 -0.000346389 -0.000520259 0.00034561 1 0.0899498 0.209004 -0.0222742
FixedParameters: 0 0 0

#Transform 8
Transform: AffineTransform_float_3_3
Parameters: 0.999999 0.00109745 0.000610992 -0.00109755 0.999999 0.00090333 -0.000610009 -0.000903671 1 0.0364303 0.109047 -0.0110514
FixedParameters: 0 0 0

#Transform 9
Transform: AffineTransform_float_3_3
Parameters: 0.999999 0.00116988 0.000761722 -0.00117112 0.999998 0.00147111 -0.000759277 -0.00147189 0.999998 0.0150249 0.0885005 0.00806318
FixedParameters: 0 0 0

#Transform 10
Transform: AffineTransform_float_3_3
Parameters: 0.999998 0.00145037 0.000761196 -0.00145163 0.999998 0.000823896 -0.000759803 -0.000825103 1 0.0432698 0.148309 -0.0170563
FixedParameters: 0 0 0

#Transform 11
Transform: AffineTransform_float_3_3
Parameters: 0.999999 0.00136997 0.000160249 -0.00137003 0.999999 0.000181781 -0.000159751 -0.000182219 1 0.0922582 0.195292 -0.0457677
FixedParameters: 0 0 0

#Transform 12
Transform: AffineTransform_float_3_3
Parameters: 0.999999 0.000986014 0.000109868 -0.000985984 0.999999 -0.000134108 -0.000110132 0.000133891 1 0.109049 0.205008 -0.0424302
FixedParameters: 0 0 0

#Transform 13
Transform: AffineTransform_float_3_3
Parameters: 1 0.00102524 0.000253043 -0.00102476 0.999999 -0.00093426 -0.000253957 0.000933741 1 0.0997926 0.245261 -0.0436837
FixedParameters: 0 0 0

#Transform 14
Transform: AffineTransform_float_3_3
Parameters: 0.999999 0.00103682 0.000165152 -0.00103718 0.999999 0.00111083 -0.000163848 -0.00111117 1 0.0863489 0.120669 0.00260729
FixedParameters: 0 0 0

#Transform 15
Transform: AffineTransform_float_3_3
Parameters: 0.999998 0.00155932 0.000758472 -0.00156168 0.999997 0.00222482 -0.000755526 -0.00222618 0.999997 0.027397 0.0459815 0.0244763
FixedParameters: 0 0 0

#Transform 16
Transform: AffineTransform_float_3_3
Parameters: 0.999998 0.00221865 0.000418254 -0.00222036 0.999992 0.00326808 -0.000410745 -0.00326892 0.999994 0.0244366 -0.026138 0.054157
FixedParameters: 0 0 0

#Transform 17
Transform: AffineTransform_float_3_3
Parameters: 0.999997 0.00222077 0.000288767 -0.00222123 0.999997 0.00079536 -0.000287231 -0.00079664 0.999999 0.0489194 0.123767 -0.00926257
FixedParameters: 0 0 0

#Transform 18
Transform: AffineTransform_float_3_3
Parameters: 0.999998 0.00187811 -0.000259201 -0.00187789 0.999998 0.000425488 0.000259798 -0.000424513 1 0.111911 0.158063 -0.00726716
FixedParameters: 0 0 0

#Transform 19
Transform: AffineTransform_float_3_3
Parameters: 0.999998 0.00184511 -0.000629676 -0.00184489 0.999999 0.000176162 0.000630324 -0.000174837 1 0.12826 0.166411 -0.00199143
FixedParameters: 0 0 0

#Transform 20
Transform: AffineTransform_float_3_3
Parameters: 0.999998 0.00200773 -0.000365455 -0.00200826 0.999997 -0.000724267 0.000363543 0.000725731 0.999999 0.10435 0.225306 -0.0311249
FixedParameters: 0 0 0

#Transform 21
Transform: AffineTransform_float_3_3
Parameters: 0.999998 0.00205161 -0.000466724 -0.00205139 0.999997 -0.000840044 0.000465276 0.000840956 0.999999 0.116101 0.242975 -0.0500775
FixedParameters: 0 0 0

#Transform 22
Transform: AffineTransform_float_3_3
Parameters: 0.999997 0.00228826 -0.000519861 -0.00228874 0.999998 0.000498191 0.000521138 -0.000496809 0.999999 0.0983226 0.166906 -0.00303807
FixedParameters: 0 0 0

#Transform 23
Transform: AffineTransform_float_3_3
Parameters: 0.999999 0.00154921 -0.000177138 -0.00154878 0.999998 0.00120228 0.000179862 -0.00120172 1 0.0811544 0.108343 0.00400963
FixedParameters: 0 0 0

#Transform 24
Transform: AffineTransform_float_3_3
Parameters: 0.999999 0.00175717 -0.000253801 -0.00175683 0.999998 0.000682447 0.0002552 -0.000682553 0.999999 0.0856542 0.147952 -0.00010791
FixedParameters: 0 0 0

#Transform 25
Transform: AffineTransform_float_3_3
Parameters: 0.999998 0.00200735 -0.000538686 -0.00200665 0.999998 0.000655082 0.000539313 -0.000653918 0.999999 0.122496 0.138671 0.00885789
FixedParameters: 0 0 0

#Transform 26
Transform: AffineTransform_float_3_3
Parameters: 0.999998 0.00159868 -0.000682737 -0.00159831 0.999998 -0.000460909 0.000682262 0.000462091 0.999999 0.135409 0.209022 -0.0226647
FixedParameters: 0 0 0

#Transform 27
Transform: AffineTransform_float_3_3
Parameters: 0.999999 0.00137209 -0.00036768 -0.00137191 0.999999 0.000233505 0.000367321 -0.000233496 1 0.100553 0.182065 0.00508343
FixedParameters: 0 0 0

#Transform 28
Transform: AffineTransform_float_3_3
Parameters: 0.999998 0.00153848 -0.000365972 -0.00153852 0.999998 0.00131856 0.000368028 -0.00131744 0.999999 0.0918009 0.0962963 0.0204052
FixedParameters: 0 0 0

#Transform 29
Transform: AffineTransform_float_3_3
Parameters: 0.999999 0.00115051 0.00044129 -0.00115149 0.999998 0.00112049 -0.000439711 -0.00112051 1 0.0198804 0.114843 -0.000402736
FixedParameters: 0 0 0

#Transform 30
Transform: AffineTransform_float_3_3
Parameters: 0.999999 0.00143127 -0.000116804 -0.00143174 0.999997 0.00223317 0.000120199 -0.00223383 0.999997 0.0409351 0.0276071 0.0411024
FixedParameters: 0 0 0

#Transform 31
Transform: AffineTransform_float_3_3
Parameters: 0.999998 0.00230107 -3.01677e-05 -0.00230093 0.999995 0.00210007 3.4832e-05 -0.00209993 0.999998 0.0335697 0.0305498 0.039346
FixedParameters: 0 0 0

#Transform 32
Transform: AffineTransform_float_3_3
Parameters: 0.999998 0.00204129 -0.000101417 -0.00204072 0.999994 0.00273521 0.000106582 -0.00273479 0.999997 0.0671276 0.00441205 0.0373414
FixedParameters: 0 0 0

#Transform 33
Transform: AffineTransform_float_3_3
Parameters: 0.999996 0.00229006 0.00116966 -0.00230093 0.999953 0.00943434 -0.00114734 -0.00943666 0.999955 0.224543 -0.369439 -0.135124
FixedParameters: 0 0 0

#Transform 34
Transform: AffineTransform_float_3_3
Parameters: 0.999999 0.00130583 -0.000324684 -0.00130517 0.999996 0.00254043 0.000328317 -0.00254057 0.999996 0.141739 -0.0711074 0.139344
FixedParameters: 0 0 0

#Transform 35
Transform: AffineTransform_float_3_3
Parameters: 1 0.00027559 -0.000589133 -0.000278409 0.999991 -0.00409384 0.000587865 0.00409416 0.999992 0.136706 0.392386 -0.0132494
FixedParameters: 0 0 0

#Transform 36
Transform: AffineTransform_float_3_3
Parameters: 0.999999 0.000879044 -0.00161725 -0.000884956 0.999993 -0.00368657 0.00161375 0.00368742 0.999992 0.191761 0.433085 -0.132966
FixedParameters: 0 0 0

#Transform 37
Transform: AffineTransform_float_3_3
Parameters: 0.999999 0.000534096 -0.000779689 -0.000537901 0.999988 -0.00501658 0.000776311 0.00501642 0.999987 0.136209 0.551895 -0.195522
FixedParameters: 0 0 0

#Transform 38
Transform: AffineTransform_float_3_3
Parameters: 0.999998 0.00116556 -0.00172206 -0.00117244 0.99999 -0.00432599 0.00171694 0.00432801 0.999989 0.207663 0.501611 -0.198067
FixedParameters: 0 0 0

#Transform 39
Transform: AffineTransform_float_3_3
Parameters: 0.999998 0.00141589 -0.00177589 -0.00142212 0.999993 -0.00344649 0.00177111 0.00344852 0.999993 0.20994 0.444731 -0.176891
FixedParameters: 0 0 0

#Transform 40
Transform: AffineTransform_float_3_3
Parameters: 0.999997 0.000982845 -0.00229052 -0.000991159 0.999993 -0.00356274 0.00228748 0.00356426 0.999991 0.238406 0.436869 -0.110035
FixedParameters: 0 0 0

#Transform 41
Transform: AffineTransform_float_3_3
Parameters: 0.999997 0.000596602 -0.00228941 -0.000602399 0.999997 -0.00235763 0.00228859 0.00235937 0.999994 0.232676 0.373255 -0.0716683
FixedParameters: 0 0 0

#Transform 42
Transform: AffineTransform_float_3_3
Parameters: 0.999998 0.000722508 -0.00193093 -0.000724493 0.999999 -0.0012906 0.00193007 0.0012914 0.999998 0.230534 0.331581 -0.0488153
FixedParameters: 0 0 0

#Transform 43
Transform: AffineTransform_float_3_3
Parameters: 0.999998 0.00115511 -0.00168729 -0.00115689 0.999998 -0.00111905 0.00168571 0.00112095 0.999998 0.181563 0.325092 -0.041267
FixedParameters: 0 0 0

#Transform 44
Transform: AffineTransform_float_3_3
Parameters: 0.999998 0.00157815 -0.00127681 -0.00157785 0.999998 0.000119015 0.00127619 -0.000116986 0.999999 0.147384 0.228113 -0.000904169
FixedParameters: 0 0 0

#Transform 45
Transform: AffineTransform_float_3_3
Parameters: 0.999999 0.00135676 -0.00127826 -0.00135725 0.999999 -0.000191265 0.00127774 0.000192734 0.999999 0.140173 0.244733 -0.0175467
FixedParameters: 0 0 0

#Transform 46
Transform: AffineTransform_float_3_3
Parameters: 0.999997 0.00181572 -0.00122641 -0.00181628 0.999999 -0.000226773 0.00122559 0.000229226 0.999999 0.137216 0.2304 -0.0100986
FixedParameters: 0 0 0

#Transform 47
Transform: AffineTransform_float_3_3
Parameters: 0.999997 0.00185823 -0.00156972 -0.00185777 0.999999 0.000149917 0.00157028 -0.000147082 0.999999 0.150967 0.211039 -0.00459151
FixedParameters: 0 0 0

#Transform 48
Transform: AffineTransform_float_3_3
Parameters: 0.999997 0.00156057 -0.002233 -0.00156143 0.999998 -0.000639516 0.002232 0.000642485 0.999998 0.207157 0.260103 -0.032379
FixedParameters: 0 0 0

#Transform 49
Transform: AffineTransform_float_3_3
Parameters: 0.999996 0.00230614 -0.00122074 -0.00230586 0.999998 0.000112815 0.00122126 -0.000110184 0.999999 0.107655 0.200046 -0.00325589
FixedParameters: 0 0 0

#Transform 50
Transform: AffineTransform_float_3_3
Parameters: 0.999997 0.00227409 -0.000979788 -0.00227391 0.999998 9.42282e-05 0.000980213 -9.27712e-05 0.999999 0.110959 0.22028 -0.00402011
FixedParameters: 0 0 0

#Transform 51
Transform: AffineTransform_float_3_3
Parameters: 0.999998 0.00202064 -0.00118191 -0.00201936 0.999998 0.000543388 0.0011831 -0.000541611 0.999999 0.129984 0.196447 0.020918
FixedParameters: 0 0 0

#Transform 52
Transform: AffineTransform_float_3_3
Parameters: 0.999997 0.0017617 -0.00119897 -0.0017603 0.999999 0.000587112 0.00120003 -0.000584887 0.999999 0.127381 0.197215 0.022085
FixedParameters: 0 0 0

#Transform 53
Transform: AffineTransform_float_3_3
Parameters: 0.999997 0.00172886 -0.00132819 -0.00172914 0.999998 -0.000106704 0.00132781 0.000108296 0.999999 0.154703 0.236628 -0.0055965
FixedParameters: 0 0 0

#Transform 54
Transform: AffineTransform_float_3_3
Parameters: 0.999997 0.00178373 -0.00124382 -0.00178526 0.999998 -0.00101678 0.00124218 0.00101922 0.999998 0.153725 0.29424 -0.0295085
FixedParameters: 0 0 0

#Transform 55
Transform: AffineTransform_float_3_3
Parameters: 0.999998 0.00162326 -0.00122866 -0.00162274 0.999998 0.000210994 0.00122934 -0.000209005 0.999999 0.152863 0.221069 0.00595662
FixedParameters: 0 0 0

#Transform 56
Transform: AffineTransform_float_3_3
Parameters: 0.999999 0.00145043 -0.000508781 -0.00145057 0.999998 0.000840738 0.000510219 -0.00084026 0.999999 0.0898521 0.164572 0.0163785
FixedParameters: 0 0 0

#Transform 57
Transform: AffineTransform_float_3_3
Parameters: 1 0.00104947 -0.000402766 -0.00104853 0.999999 0.00117642 0.000404233 -0.00117558 0.999999 0.081224 0.144038 0.0208911
FixedParameters: 0 0 0

#Transform 58
Transform: AffineTransform_float_3_3
Parameters: 0.999998 0.00128833 -0.00115641 -0.00128567 0.999997 0.00201349 0.00115859 -0.00201251 0.999998 0.138845 0.0898354 0.0540552
FixedParameters: 0 0 0

#Transform 59
Transform: AffineTransform_float_3_3
Parameters: 0.999999 0.000849242 -0.000938976 -0.000846757 0.999997 0.0023868 0.000941023 -0.0023852 0.999996 0.117715 0.0731482 0.0620629
FixedParameters: 0 0 0

#Transform 60
Transform: AffineTransform_float_3_3
Parameters: 0.999999 0.000757802 9.45991e-05 -0.000758197 0.999998 0.00210993 -9.24003e-05 -0.00211007 0.999998 0.0608041 0.0723193 0.06732
FixedParameters: 0 0 0

#Transform 61
Transform: AffineTransform_float_3_3
Parameters: 1 0.000481055 -2.59908e-05 -0.000480944 0.999997 0.00209801 2.70091e-05 -0.00209799 0.999998 0.0772145 0.0985053 0.0457194
FixedParameters: 0 0 0

#Transform 62
Transform: AffineTransform_float_3_3
Parameters: 0.999998 0.00109759 0.00153333 -0.00110541 0.999987 0.00483831 -0.00152767 -0.00484068 0.999987 -0.0484489 -0.0868859 0.129161
FixedParameters: 0 0 0

#Transform 63
Transform: AffineTransform_float_3_3
Parameters: 0.999999 0.000718591 0.00102909 -0.000723408 0.99999 0.00429026 -0.00102591 -0.00429074 0.999991 -0.0141037 -0.0330484 0.0995635
FixedParameters: 0 0 0

#Transform 64
Transform: AffineTransform_float_3_3
Parameters: 0.999999 0.000884639 0.00104172 -0.000889358 0.999991 0.00419308 -0.00103728 -0.00419392 0.99999 -0.00247678 -0.0339504 0.0977975
FixedParameters: 0 0 0

#Transform 65
Transform: AffineTransform_float_3_3
Parameters: 0.999999 0.000477099 0.00144197 -0.000482902 0.999992 0.00409531 -0.00144003 -0.00409569 0.99999 -0.00959165 -0.0175889 0.0904739
FixedParameters: 0 0 0

#Transform 66
Transform: AffineTransform_float_3_3
Parameters: 0.999999 0.000578663 0.00144256 -0.000585333 0.99999 0.00439516 -0.00143944 -0.00439684 0.99999 -0.0159625 -0.0350477 0.101134
FixedParameters: 0 0 0

#Transform 67
Transform: AffineTransform_float_3_3
Parameters: 0.999999 0.000660294 0.00170301 -0.000667705 0.999989 0.00452787 -0.00169999 -0.00452913 0.999989 -0.0462897 -0.0525258 0.0911002
FixedParameters: 0 0 0

#Transform 68
Transform: AffineTransform_float_3_3
Parameters: 0.999998 0.000625942 0.00178585 -0.000634058 0.999989 0.00451487 -0.00178316 -0.00451612 0.999988 -0.0386644 -0.0528802 0.102698
FixedParameters: 0 0 0

#Transform 69
Transform: AffineTransform_float_3_3
Parameters: 0.999999 0.000280285 0.000867209 -0.000283713 0.999991 0.00428576 -0.000865792 -0.00428625 0.999991 0.0231666 -0.0424741 0.0989048
FixedParameters: 0 0 0

#Transform 70
Transform: AffineTransform_float_3_3
Parameters: 1 -0.000175792 0.00104621 0.000171209 0.999989 0.00457818 -0.0010468 -0.00457882 0.999989 0.0334379 -0.0414063 0.116019
FixedParameters: 0 0 0

#Transform 71
Transform: AffineTransform_float_3_3
Parameters: 0.999999 0.000252639 0.00168528 -0.000261366 0.999987 0.00496357 -0.00168472 -0.00496343 0.999987 -0.034402 -0.0713774 0.116998
FixedParameters: 0 0 0

#Transform 72
Transform: AffineTransform_float_3_3
Parameters: 0.999999 -0.000114311 0.00135948 0.000107687 0.999989 0.00464115 -0.00136051 -0.00464085 0.999989 0.0194433 -0.0423327 0.105574
FixedParameters: 0 0 0

#Transform 73
Transform: AffineTransform_float_3_3
Parameters: 0.999997 -0.00109566 0.00227653 0.00107934 0.999976 0.00686848 -0.00228446 -0.00686552 0.999974 -0.007299 -0.166506 0.167529
FixedParameters: 0 0 0

#Transform 74
Transform: AffineTransform_float_3_3
Parameters: 0.999999 1.01744e-05 0.00142505 -1.58253e-05 0.999991 0.00408798 -0.00142495 -0.00408802 0.99999 0.0177803 -0.0198549 0.0824787
FixedParameters: 0 0 0

#Transform 75
Transform: AffineTransform_float_3_3
Parameters: 0.999999 0.000735807 0.00123351 -0.000740191 0.999994 0.00340209 -0.00123049 -0.00340291 0.999994 0.0180642 0.0147379 0.0914069
FixedParameters: 0 0 0

#Transform 76
Transform: AffineTransform_float_3_3
Parameters: 1 0.000478265 0.000289218 -0.000478734 0.999996 0.00254486 -0.000287782 -0.00254514 0.999996 0.0784381 0.0672233 0.0648334
FixedParameters: 0 0 0

#Transform 77
Transform: AffineTransform_float_3_3
Parameters: 1 0.000511032 0.000377313 -0.000511966 0.999996 0.00256781 -0.000375686 -0.00256819 0.999996 0.0898123 0.063576 0.057041
FixedParameters: 0 0 0

#Transform 78
Transform: AffineTransform_float_3_3
Parameters: 1 0.000518283 0.000471893 -0.000519718 0.999993 0.00364676 -0.000470108 -0.00364625 0.999993 0.0868042 0.000168702 0.0820136
FixedParameters: 0 0 0

#Transform 79
Transform: AffineTransform_float_3_3
Parameters: 0.999999 0.000789801 0.000261645 -0.000790195 0.999989 0.0046118 -0.000257358 -0.00461221 0.99999 0.0961969 -0.0529901 0.127311
FixedParameters: 0 0 0

#Transform 80
Transform: AffineTransform_float_3_3
Parameters: 0.999999 0.000987344 -9.65398e-05 -0.000986657 0.999994 0.0035051 9.94587e-05 -0.0035049 0.999994 0.110029 -0.00495854 0.0692745
FixedParameters: 0 0 0

#Transform 81
Transform: AffineTransform_float_3_3
Parameters: 0.999999 0.000812449 0.000225989 -0.00081255 0.999996 0.00244682 -0.000224012 -0.00244718 0.999997 0.098332 0.0710061 0.0310317
FixedParameters: 0 0 0

#Transform 82
Transform: AffineTransform_float_3_3
Parameters: 0.999999 0.000811979 0.00036031 -0.000813022 0.999995 0.00284271 -0.000358691 -0.00284229 0.999996 0.101079 0.0551684 0.0452583
FixedParameters: 0 0 0

#Transform 83
Transform: AffineTransform_float_3_3
Parameters: 0.999999 0.000678171 0.000267113 -0.000678828 0.999995 0.00311382 -0.000264887 -0.00311418 0.999995 0.107429 0.0403585 0.0468218
FixedParameters: 0 0 0

#Transform 84
Transform: AffineTransform_float_3_3
Parameters: 1 0.00041287 0.000391196 -0.000414129 0.999995 0.00289284 -0.000389803 -0.00289316 0.999995 0.0978474 0.0516299 0.059349
FixedParameters: 0 0 0

#Transform 85
Transform: AffineTransform_float_3_3
Parameters: 0.999999 0.000490183 0.000701975 -0.000492816 0.999992 0.00401765 -0.000700025 -0.00401834 0.999991 0.0559846 -0.0188848 0.0932069
FixedParameters: 0 0 0

#Transform 86
Transform: AffineTransform_float_3_3
Parameters: 1 -0.00020916 0.000357746 0.000206844 0.999982 0.00602807 -0.000358253 -0.00602792 0.999982 0.0893746 -0.124313 0.166189
FixedParameters: 0 0 0

#Transform 87
Transform: AffineTransform_float_3_3
Parameters: 1 0.000608683 0.000353279 -0.000609316 0.999993 0.00373978 -0.000350723 -0.00374021 0.999993 0.0695078 0.00320928 0.0753834
FixedParameters: 0 0 0

#Transform 88
Transform: AffineTransform_float_3_3
Parameters: 0.999999 0.000563655 0.000761487 -0.000567343 0.99999 0.00439957 -0.000758511 -0.00440043 0.99999 0.0296021 -0.0220795 0.0925061
FixedParameters: 0 0 0

#Transform 89
Transform: AffineTransform_float_3_3
Parameters: 1 -0.000116281 -0.000250335 0.000116717 0.999996 0.00287197 0.000249666 -0.00287203 0.999996 0.140914 0.0654853 0.0536768
FixedParameters: 0 0 0

#Transform 90
Transform: AffineTransform_float_3_3
Parameters: 1 9.61797e-05 -0.000100829 -9.58201e-05 0.999999 0.00178001 0.000101171 -0.00177999 0.999999 0.114407 0.151778 0.0291003
FixedParameters: 0 0 0

#Transform 91
Transform: AffineTransform_float_3_3
Parameters: 1 -0.00016471 -0.000462461 0.000165289 0.999996 0.00279092 0.00046154 -0.00279108 0.999996 0.15704 0.0771458 0.0668082
FixedParameters: 0 0 0

#Transform 92
Transform: AffineTransform_float_3_3
Parameters: 1 0.00012107 -0.00100764 -0.000117929 0.999996 0.00304612 0.00100836 -0.00304588 0.999995 0.195435 0.0578278 0.0734005
FixedParameters: 0 0 0

#Transform 93
Transform: AffineTransform_float_3_3
Parameters: 1 0.000174121 -0.000537638 -0.000172878 0.999998 0.00208409 0.000538361 -0.00208391 0.999997 0.150656 0.115604 0.0450572
FixedParameters: 0 0 0

#Transform 94
Transform: AffineTransform_float_3_3
Parameters: 1 0.000634899 4.9315e-05 -0.0006351 0.999997 0.00207097 -4.76848e-05 -0.00207103 0.999998 0.0978829 0.110341 0.038414
FixedParameters: 0 0 0

#Transform 95
Transform: AffineTransform_float_3_3
Parameters: 1 0.000266284 -0.000313759 -0.000265716 1 0.000906084 0.000314241 -0.000905916 0.999999 0.138613 0.201006 0.0174167
FixedParameters: 0 0 0

#Transform 96
Transform: AffineTransform_float_3_3
Parameters: 1 5.73994e-05 -0.000424946 -5.76004e-05 0.999999 0.000940025 0.000425054 -0.000939976 1 0.161025 0.206356 0.0037433
FixedParameters: 0 0 0

#Transform 97
Transform: AffineTransform_float_3_3
Parameters: 1 7.05803e-05 -0.000545798 -6.8419e-05 0.999996 0.00289504 0.0005462 -0.00289496 0.999995 0.146379 0.0622066 0.0629393
FixedParameters: 0 0 0

#Transform 98
Transform: AffineTransform_float_3_3
Parameters: 0.999999 0.000169232 -0.000867568 -0.000166769 0.999996 0.00257215 0.000867432 -0.00257185 0.999997 0.192837 0.0861408 0.0614554
FixedParameters: 0 0 0

#Transform 99
Transform: AffineTransform_float_3_3
Parameters: 1 -2.0665e-05 -0.000519055 2.23348e-05 0.999996 0.00257199 0.000518944 -0.00257201 0.999996 0.159683 0.0886997 0.0600455
FixedParameters: 0 0 0

#Transform 100
Transform: AffineTransform_float_3_3
Parameters: 1 -9.77848e-05 -0.000600199 9.92148e-05 0.999998 0.00202494 0.0005998 -0.00202506 0.999998 0.173304 0.115472 0.0571841
FixedParameters: 0 0 0

#Transform 101
Transform: AffineTransform_float_3_3
Parameters: 0.999999 -0.000347557 -0.000891563 0.000349441 0.999998 0.00161769 0.000890436 -0.00161831 0.999999 0.203395 0.143284 0.04065
FixedParameters: 0 0 0

#Transform 102
Transform: AffineTransform_float_3_3
Parameters: 1 0.000320555 0.000135062 -0.000321445 0.999995 0.00330996 -0.000133937 -0.00331004 0.999994 0.0748987 0.0415302 0.079934
FixedParameters: 0 0 0

#Transform 103
Transform: AffineTransform_float_3_3
Parameters: 1 0.000280347 -0.000330863 -0.000278656 0.999991 0.00406509 0.000331135 -0.00406491 0.999991 0.111827 0.00198404 0.102214
FixedParameters: 0 0 0

#Transform 104
Transform: AffineTransform_float_3_3
Parameters: 1 0.000410001 6.37548e-07 -0.000410001 0.999992 0.003994 6.37548e-07 -0.003994 0.999992 0.0893111 0.0129664 0.102404
FixedParameters: 0 0 0

#Transform 105
Transform: AffineTransform_float_3_3
Parameters: 0.999999 0.000396269 -0.000787867 -0.00039173 0.999986 0.00541131 0.000790131 -0.00541069 0.999985 0.187527 -0.0770518 0.17683
FixedParameters: 0 0 0

#Transform 106
Transform: AffineTransform_float_3_3
Parameters: 0.999995 -0.000146037 0.00315961 0.000111972 0.999942 0.0107694 -0.00316039 -0.0107696 0.999937 0.027325 -0.51604 0.399576
FixedParameters: 0 0 0

#Transform 107
Transform: AffineTransform_float_3_3
Parameters: 1 0.000723937 -0.000966582 -0.000718061 0.999981 0.0061277 0.000971418 -0.0061273 0.999981 0.117993 -0.184364 0.218885
FixedParameters: 0 0 0

#Transform 108
Transform: AffineTransform_float_3_3
Parameters: 0.999999 0.000772367 -0.000528109 -0.000768634 0.99998 0.00634641 0.000532888 -0.00634559 0.999979 0.083006 -0.170778 0.212256
FixedParameters: 0 0 0

#Transform 109
Transform: AffineTransform_float_3_3
Parameters: 0.999999 0.000836876 -0.000124232 -0.000835125 0.999976 0.00689611 0.000129762 -0.00689589 0.999976 0.0788914 -0.161173 0.211753
FixedParameters: 0 0 0

#Transform 110
Transform: AffineTransform_float_3_3
Parameters: 0.999999 0.000859175 -2.19897e-05 -0.000858825 0.999975 0.00699602 2.8009e-05 -0.00699598 0.999975 0.102149 -0.140132 0.191668
FixedParameters: 0 0 0

#Transform 111
Transform: AffineTransform_float_3_3
Parameters: 0.999999 0.000791989 -0.000603095 -0.000789007 0.999988 0.00493948 0.000607904 -0.00493952 0.999987 0.129954 -0.0386371 0.121161
FixedParameters: 0 0 0

#Transform 112
Transform: AffineTransform_float_3_3
Parameters: 0.999999 0.0009706 -0.000847171 -0.0009694 0.999998 0.00188682 0.00084883 -0.00188618 0.999998 0.144672 0.122884 0.0392687
FixedParameters: 0 0 0

#Transform 113
Transform: AffineTransform_float_3_3
Parameters: 0.999999 0.000573054 -0.0014548 -0.000569944 0.999997 0.00209983 0.0014562 -0.00209817 0.999996 0.213296 0.10872 0.0672563
FixedParameters: 0 0 0

#Transform 114
Transform: AffineTransform_float_3_3
Parameters: 1 0.000855338 -0.00079256 -0.000853664 0.999998 0.00168568 0.000793441 -0.00168532 0.999999 0.154814 0.139482 0.0499858
FixedParameters: 0 0 0

#Transform 115
Transform: AffineTransform_float_3_3
Parameters: 0.999999 0.000680773 -0.000390655 -0.000680226 0.999998 0.00197627 0.000392345 -0.00197573 0.999998 0.118365 0.122867 0.0564942
FixedParameters: 0 0 0

#Transform 116
Transform: AffineTransform_float_3_3
Parameters: 0.999998 -0.000170838 -0.00199871 0.000179158 0.999991 0.00408365 0.00199728 -0.00408435 0.999989 0.257846 -0.00177408 0.134897
FixedParameters: 0 0 0

#Transform 117
Transform: AffineTransform_float_3_3
Parameters: 0.999999 5.56311e-05 -0.000976799 -5.23718e-05 0.999993 0.00371705 0.000976201 -0.00371695 0.999992 0.162079 0.0262366 0.111348
FixedParameters: 0 0 0

#Transform 118
Transform: AffineTransform_float_3_3
Parameters: 1 0.000188669 -0.000637216 -0.000185332 0.999991 0.00418612 0.000637781 -0.00418588 0.999991 0.122 0.0027686 0.124898
FixedParameters: 0 0 0

#Transform 119
Transform: AffineTransform_float_3_3
Parameters: 1 -0.000146322 -0.000391631 0.00014868 0.999991 0.00428894 0.000391366 -0.00428906 0.99999 0.125638 -0.0143883 0.138186
FixedParameters: 0 0 0

#Transform 120
Transform: AffineTransform_float_3_3
Parameters: 1 -0.00015633 -0.00045258 0.000157672 0.999993 0.00369293 0.000452421 -0.00369307 0.999993 0.129597 0.0217665 0.106374
FixedParameters: 0 0 0

#Transform 121
Transform: AffineTransform_float_3_3
Parameters: 1 -0.00011219 -0.000460445 0.000113808 0.999993 0.00393295 0.000459556 -0.00393305 0.999992 0.129184 0.00498343 0.127559
FixedParameters: 0 0 0

#Transform 122
Transform: AffineTransform_float_3_3
Parameters: 1 -0.000106047 -0.000208487 0.00010695 0.999989 0.00457397 0.000207513 -0.00457402 0.999989 0.113809 -0.0251778 0.148773
FixedParameters: 0 0 0

#Transform 123
Transform: AffineTransform_float_3_3
Parameters: 0.999999 -0.00039567 0.000688336 0.000391332 0.999977 0.00677127 -0.000690666 -0.00677173 0.999977 0.0643337 -0.162224 0.225278
FixedParameters: 0 0 0

#Transform 124
Transform: AffineTransform_float_3_3
Parameters: 1 7.26567e-06 0.000691066 -1.17339e-05 0.999976 0.00685099 -0.000690936 -0.00685101 0.999977 0.0433508 -0.170149 0.218933
FixedParameters: 0 0 0

#Transform 125
Transform: AffineTransform_float_3_3
Parameters: 1 0.000132757 0.00116709 -0.000142242 0.999968 0.00792284 -0.00116591 -0.00792316 0.999968 0.0187769 -0.246584 0.265534
FixedParameters: 0 0 0

#Transform 126
Transform: AffineTransform_float_3_3
Parameters: 0.999999 -0.000272324 0.00131591 0.000261675 0.999969 0.00783936 -0.00131809 -0.00783865 0.999969 0.0163789 -0.230649 0.245653
FixedParameters: 0 0 0

#Transform 127
Transform: AffineTransform_float_3_3
Parameters: 0.999999 0.000150096 0.00135525 -0.000160909 0.999967 0.00804878 -0.00135475 -0.00804921 0.999966 0.00725472 -0.254196 0.277278
FixedParameters: 0 0 0

#Transform 128
Transform: AffineTransform_float_3_3
Parameters: 0.999999 -0.00024655 0.000985901 0.000238449 0.999963 0.00866324 -0.000988102 -0.00866276 0.999962 0.0545972 -0.283221 0.295879
FixedParameters: 0 0 0

#Transform 129
Transform: AffineTransform_float_3_3
Parameters: 1 -0.000334083 0.000424592 0.000330921 0.999973 0.00724114 -0.000426407 -0.00724085 0.999973 0.0820294 -0.185239 0.234041
FixedParameters: 0 0 0

#Transform 130
Transform: AffineTransform_float_3_3
Parameters: 1 5.65166e-05 -0.000638782 -5.44865e-05 0.999992 0.00393904 0.000638219 -0.00393897 0.999992 0.150743 -0.000826279 0.12967
FixedParameters: 0 0 0

#Transform 131
Transform: AffineTransform_float_3_3
Parameters: 0.999999 0.000519464 -0.000572774 -0.000516534 0.99999 0.00429529 0.000575223 -0.0042947 0.99999 0.140869 -0.00170726 0.133629
FixedParameters: 0 0 0

#Transform 132
Transform: AffineTransform_float_3_3
Parameters: 1 0.000170124 -0.000251242 -0.000168877 0.99999 0.00446904 0.000251757 -0.00446896 0.99999 0.125532 -0.0256417 0.1379
FixedParameters: 0 0 0

#Transform 133
Transform: AffineTransform_float_3_3
Parameters: 1 -0.000173727 -0.000321691 0.000174275 0.999992 0.00396295 0.000321312 -0.00396306 0.999992 0.125938 0.00961363 0.118982
FixedParameters: 0 0 0

#Transform 134
Transform: AffineTransform_float_3_3
Parameters: 1 -0.000363848 0.000281628 0.000362149 0.999978 0.0065361 -0.000284373 -0.00653589 0.999978 0.101337 -0.128643 0.200302
FixedParameters: 0 0 0

#Transform 135
Transform: AffineTransform_float_3_3
Parameters: 0.999999 0.000508365 0.00118773 -0.000516637 0.999974 0.00728139 -0.00118427 -0.00728161 0.999973 -0.00261568 -0.173652 0.223015
FixedParameters: 0 0 0

#Transform 136
Transform: AffineTransform_float_3_3
Parameters: 0.999999 0.000588071 0.00076979 -0.000592929 0.999979 0.00641755 -0.00076621 -0.00641846 0.999979 0.038343 -0.119667 0.194149
FixedParameters: 0 0 0

#Transform 137
Transform: AffineTransform_float_3_3
Parameters: 0.999999 0.000581413 0.00110004 -0.000588587 0.999976 0.00690935 -0.00109596 -0.00690964 0.999975 -0.00848132 -0.154285 0.21833
FixedParameters: 0 0 0

#Transform 138
Transform: AffineTransform_float_3_3
Parameters: 0.999999 0.00112911 0.000893212 -0.00113389 0.999985 0.00548999 -0.000886787 -0.00549101 0.999984 0.00411386 -0.0798816 0.180126
FixedParameters: 0 0 0

#Transform 139
Transform: AffineTransform_float_3_3
Parameters: 1 0.000469068 0.000233879 -0.000469932 0.999992 0.00400089 -0.000232122 -0.00400111 0.999992 0.0920764 0.0114052 0.121924
FixedParameters: 0 0 0

#Transform 140
Transform: AffineTransform_float_3_3
Parameters: 1 0.000738417 -0.000573629 -0.000734587 0.999982 0.00593443 0.00057737 -0.00593358 0.999982 0.12753 -0.127307 0.202365
FixedParameters: 0 0 0

#Transform 141
Transform: AffineTransform_float_3_3
Parameters: 0.999999 0.00147818 0.000555569 -0.00148182 0.999986 0.00511518 -0.000547427 -0.00511581 0.999987 0.0225091 -0.081582 0.172556
FixedParameters: 0 0 0

#Transform 142
Transform: AffineTransform_float_3_3
Parameters: 0.999999 0.00153073 0.00034717 -0.00153327 0.999977 0.00663847 -0.000336828 -0.00663952 0.999978 0.0277115 -0.171669 0.214246
FixedParameters: 0 0 0

#Transform 143
Transform: AffineTransform_float_3_3
Parameters: 0.999999 0.00153331 -7.38581e-05 -0.00153369 0.999991 0.00400612 8.01445e-05 -0.00400588 0.999992 0.0657148 -0.0195318 0.122428
FixedParameters: 0 0 0

#Transform 144
Transform: AffineTransform_float_3_3
Parameters: 0.999999 0.000559785 -0.000642449 -0.000558216 0.999996 0.00277536 0.000643551 -0.00277464 0.999996 0.138263 0.0653265 0.0819562
FixedParameters: 0 0 0

#Transform 145
Transform: AffineTransform_float_3_3
Parameters: 1 0.00105346 0.00053603 -0.00105554 0.999996 0.00287344 -0.000532968 -0.00287456 0.999995 0.0518087 0.050632 0.0674291
FixedParameters: 0 0 0

#Transform 146
Transform: AffineTransform_float_3_3
Parameters: 0.999999 0.000969791 8.6383e-05 -0.000969208 0.999997 0.00245692 -8.36188e-05 -0.00245708 0.999997 0.0805177 0.0882245 0.0543092
FixedParameters: 0 0 0

#Transform 147
Transform: AffineTransform_float_3_3
Parameters: 1 0.000410164 -0.00105478 -0.000406835 0.999996 0.00299843 0.00105622 -0.00299757 0.999995 0.18047 0.065299 0.0893309
FixedParameters: 0 0 0

#Transform 148
Transform: AffineTransform_float_3_3
Parameters: 0.999999 0.000833352 -0.00128583 -0.000829648 0.999997 0.00260507 0.00128816 -0.00260393 0.999996 0.182409 0.0700044 0.0955131
FixedParameters: 0 0 0

#Transform 149
Transform: AffineTransform_float_3_3
Parameters: 0.999999 0.000836141 -0.00125692 -0.000832857 0.999996 0.00249805 0.00125908 -0.00249695 0.999996 0.164712 0.090159 0.0858654
FixedParameters: 0 0 0

#Transform 150
Transform: AffineTransform_float_3_3
Parameters: 0.999999 0.00126441 -0.000733578 -0.00126259 0.999998 0.00191693 0.000736421 -0.00191607 0.999998 0.125268 0.106062 0.0757523
FixedParameters: 0 0 0

#Transform 151
Transform: AffineTransform_float_3_3
Parameters: 0.999999 0.00083059 -0.00103473 -0.00082841 0.999999 0.00153586 0.00103627 -0.00153514 0.999999 0.17276 0.13497 0.0501974
FixedParameters: 0 0 0

#Transform 152
Transform: AffineTransform_float_3_3
Parameters: 0.999999 0.000477698 -0.000735547 -0.000477302 1 0.000948352 0.000736453 -0.000948649 1 0.171505 0.199925 0.0297151
FixedParameters: 0 0 0

#Transform 153
Transform: AffineTransform_float_3_3
Parameters: 0.999999 0.000606994 -0.00073518 -0.000606005 0.999999 0.00135145 0.000736819 -0.00135155 0.999999 0.15961 0.16811 0.0424749
FixedParameters: 0 0 0

#Transform 154
Transform: AffineTransform_float_3_3
Parameters: 0.999999 0.000663869 -0.000735216 -0.00066313 0.999999 0.00118149 0.000736784 -0.00118151 0.999999 0.161007 0.175446 0.0441778
FixedParameters: 0 0 0

#Transform 155
Transform: AffineTransform_float_3_3
Parameters: 0.999999 0.000698025 -0.00116439 -0.000696976 1 0.000879813 0.00116561 -0.000879187 0.999999 0.199992 0.201443 0.0268065
FixedParameters: 0 0 0

#Transform 156
Transform: AffineTransform_float_3_3
Parameters: 0.999999 0.00123936 -0.000126512 -0.00123964 0.999996 0.00281516 0.00012949 -0.00281484 0.999996 0.0875025 0.0685081 0.0994464
FixedParameters: 0 0 0

#Transform 157
Transform: AffineTransform_float_3_3
Parameters: 0.999999 0.000822056 0.000225468 -0.000822941 0.999991 0.00421582 -0.000221533 -0.00421518 0.999991 0.0701757 -0.00799424 0.136137
FixedParameters: 0 0 0

#Transform 158
Transform: AffineTransform_float_3_3
Parameters: 0.999999 0.000771158 0.00017378 -0.000772838 0.999987 0.00489887 -0.000169217 -0.00489813 0.999988 0.0860668 -0.0542278 0.159152
FixedParameters: 0 0 0

#Transform 159
Transform: AffineTransform_float_3_3
Parameters: 0.999999 0.000756599 0.000371923 -0.0007584 0.999978 0.00649672 -0.000367081 -0.00649628 0.999979 0.0646425 -0.15159 0.213251
FixedParameters: 0 0 0

#Transform 160
Transform: AffineTransform_float_3_3
Parameters: 0.999999 0.00089821 -0.000413379 -0.00089779 0.999996 0.00291937 0.000415622 -0.00291863 0.999995 0.153574 0.0564419 0.0924931
FixedParameters: 0 0 0

#Transform 161
Transform: AffineTransform_float_3_3
Parameters: 0.999999 0.000555149 -0.000693081 -0.000553851 0.999999 0.00165739 0.000693919 -0.00165662 0.999999 0.172389 0.128173 0.0582138
FixedParameters: 0 0 0

#Transform 162
Transform: AffineTransform_float_3_3
Parameters: 1 0.000826228 -0.000670491 -0.000824772 0.999998 0.00182855 0.00067251 -0.00182845 0.999998 0.157035 0.123788 0.0643414
FixedParameters: 0 0 0

#Transform 163
Transform: AffineTransform_float_3_3
Parameters: 1 0.00102677 -0.000511453 -0.00102522 0.999993 0.00345752 0.000515547 -0.00345647 0.999994 0.134971 0.0126896 0.122761
FixedParameters: 0 0 0

#Transform 164
Transform: AffineTransform_float_3_3
Parameters: 1 0.000261564 0.000219721 -0.000262431 0.999979 0.00656094 -0.000217283 -0.00656106 0.999978 0.104004 -0.155614 0.240649
FixedParameters: 0 0 0

#Transform 165
Transform: AffineTransform_float_3_3
Parameters: 0.999999 6.1899e-05 0.000823565 -6.91046e-05 0.999963 0.00862495 -0.000823435 -0.00862506 0.999963 0.0438093 -0.283487 0.310349
FixedParameters: 0 0 0

#Transform 166
Transform: AffineTransform_float_3_3
Parameters: 0.999999 0.000157962 0.000906437 -0.000166042 0.99996 0.00887385 -0.000905562 -0.00887415 0.99996 0.0537394 -0.306535 0.334964
FixedParameters: 0 0 0

#Transform 167
Transform: AffineTransform_float_3_3
Parameters: 0.999998 0.00117165 0.00125788 -0.00117935 0.999982 0.00585653 -0.00125111 -0.00585748 0.999982 0.00381012 -0.122402 0.208138
FixedParameters: 0 0 0

#Transform 168
Transform: AffineTransform_float_3_3
Parameters: 0.999999 0.000816284 0.000397543 -0.000817714 0.999991 0.00433568 -0.000393458 -0.00433632 0.99999 0.0786644 -0.0241874 0.145124
FixedParameters: 0 0 0

#Transform 169
Transform: AffineTransform_float_3_3
Parameters: 0.999999 0.000610397 -0.000426005 -0.000609603 0.999995 0.00327126 0.000427996 -0.00327074 0.999994 0.171332 0.0429948 0.119134
FixedParameters: 0 0 0

#Transform 170
Transform: AffineTransform_float_3_3
Parameters: 0.999999 0.000488502 -0.000605792 -0.000487498 0.999997 0.00247629 0.000607209 -0.0024767 0.999996 0.186796 0.0766302 0.0929379
FixedParameters: 0 0 0

#Transform 171
Transform: AffineTransform_float_3_3
Parameters: 1 0.000397724 -0.000318097 -0.000396276 0.999998 0.00227313 0.000318902 -0.00227388 0.999998 0.172951 0.090155 0.0802785
FixedParameters: 0 0 0

#Transform 172
Transform: AffineTransform_float_3_3
Parameters: 1 0.000655414 -0.000157286 -0.000655587 0.999997 0.0026151 0.000158715 -0.0026149 0.999996 0.130427 0.0805395 0.0973884
FixedParameters: 0 0 0

#Transform 173
Transform: AffineTransform_float_3_3
Parameters: 1 0.000398966 7.94625e-06 -0.000399034 0.999988 0.004878 -6.05358e-06 -0.004878 0.999988 0.105961 -0.0444082 0.164912
FixedParameters: 0 0 0

#Transform 174
Transform: AffineTransform_float_3_3
Parameters: 1 0.000356205 0.000386662 -0.000357797 0.999989 0.00465286 -0.000385339 -0.00465314 0.999989 0.0863494 -0.0257656 0.145757
FixedParameters: 0 0 0

#Transform 175
Transform: AffineTransform_float_3_3
Parameters: 0.999999 0.000751173 -4.51992e-05 -0.000750827 0.999993 0.00372903 4.78001e-05 -0.00372896 0.999993 0.129551 0.021848 0.126404
FixedParameters: 0 0 0

#Transform 176
Transform: AffineTransform_float_3_3
Parameters: 0.999999 0.000779382 -0.000133793 -0.000778617 0.999995 0.0028321 0.000136206 -0.00283189 0.999996 0.155615 0.0705007 0.0979526
FixedParameters: 0 0 0

#Transform 177
Transform: AffineTransform_float_3_3
Parameters: 1 0.000668274 -0.00012656 -0.000667727 0.999998 0.00215509 0.000127439 -0.00215492 0.999997 0.148124 0.118418 0.0703637
FixedParameters: 0 0 0

#Transform 178
Transform: AffineTransform_float_3_3
Parameters: 0.999999 0.000740764 -0.000371478 -0.000740235 0.999997 0.00205527 0.000372522 -0.00205472 0.999998 0.154071 0.122259 0.0697894
FixedParameters: 0 0 0

#Transform 179
Transform: AffineTransform_float_3_3
Parameters: 0.999999 0.000711794 -0.000457768 -0.000710206 0.999998 0.00173233 0.000459231 -0.00173167 0.999999 0.160186 0.131949 0.0568807
FixedParameters: 0 0 0
