# transform file /out/sourcedata/freesurfer/sub-v2s8x29183_ses-1/mri/transforms/cc_up.lta
# created by oesteban on Sat Mar 14 02:09:23 2026

type      = 0 # LINEAR_VOX_TO_VOX
nxforms   = 1
mean      = 117.0000 161.0000 115.0000
sigma     = 10000.0000
1 4 4
9.793188571929932e-01 -2.022651880979538e-01 -4.849193617701530e-03 4.470711135864258e+01 
2.022627145051956e-01 9.793308377265930e-01 -1.001523691229522e-03 -4.441084671020508e+01 
4.951538052409887e-03 0.000000000000000e+00 9.999878406524658e-01 1.542203903198242e+01 
0.000000000000000e+00 0.000000000000000e+00 0.000000000000000e+00 1.000000000000000e+00 
src volume info
valid = 1  # volume info valid
filename = /out/sourcedata/freesurfer/sub-v2s8x29183_ses-1/mri/norm.mgz
volume = 256 256 256
voxelsize = 1.000000000000000e+00 1.000000000000000e+00 1.000000000000000e+00
xras   = -1.000000000000000e+00 0.000000000000000e+00 0.000000000000000e+00
yras   = 0.000000000000000e+00 0.000000000000000e+00 -1.000000000000000e+00
zras   = 0.000000000000000e+00 1.000000000000000e+00 0.000000000000000e+00
cras   = 6.651229858398438e-01 1.000000000000000e+00 1.000000000000000e+00
dst volume info
valid = 1  # volume info valid
filename = /out/sourcedata/freesurfer/sub-v2s8x29183_ses-1/mri/norm.mgz
volume = 256 256 256
voxelsize = 1.000000000000000e+00 1.000000000000000e+00 1.000000000000000e+00
xras   = -1.000000000000000e+00 0.000000000000000e+00 0.000000000000000e+00
yras   = 0.000000000000000e+00 0.000000000000000e+00 -1.000000000000000e+00
zras   = 0.000000000000000e+00 1.000000000000000e+00 0.000000000000000e+00
cras   = 6.651229858398438e-01 1.000000000000000e+00 1.000000000000000e+00
