# transform file transforms/talairach.lta
# created by oesteban on Sat Mar 14 00:20:19 2026

type      = 0 # LINEAR_VOX_TO_VOX
nxforms   = 1
mean      = 117.0000 161.0000 114.0000
sigma     = 10000.0000
1 4 4
1.118806838989258e+00 -2.431812286376953e-01 -3.358366899192333e-03 3.170990943908691e+01 
2.437556087970734e-01 1.282631516456604e+00 1.385328769683838e-01 -1.394355621337891e+02 
-4.609402269124985e-02 -2.938640117645264e-01 1.097588062286377e+00 3.592725372314453e+01 
0.000000000000000e+00 0.000000000000000e+00 0.000000000000000e+00 1.000000000000000e+00 
src volume info
valid = 1  # volume info valid
filename = nu.mgz
volume = 256 256 256
voxelsize = 1.000000000000000e+00 1.000000000000000e+00 1.000000000000000e+00
xras   = -1.000000000000000e+00 0.000000000000000e+00 0.000000000000000e+00
yras   = 0.000000000000000e+00 0.000000000000000e+00 -1.000000000000000e+00
zras   = 0.000000000000000e+00 1.000000000000000e+00 0.000000000000000e+00
cras   = 6.651229858398438e-01 1.000000000000000e+00 1.000000000000000e+00
dst volume info
valid = 1  # volume info valid
filename = /opt/freesurfer/average/RB_all_2020-01-02.gca
volume = 256 256 256
voxelsize = 1.000000000000000e+00 1.000000000000000e+00 1.000000000000000e+00
xras   = -1.000000000000000e+00 0.000000000000000e+00 0.000000000000000e+00
yras   = 0.000000000000000e+00 0.000000000000000e+00 -1.000000000000000e+00
zras   = 0.000000000000000e+00 1.000000000000000e+00 0.000000000000000e+00
cras   = 0.000000000000000e+00 0.000000000000000e+00 0.000000000000000e+00
