#Insight Transform File V1.0
#Transform 0
Transform: AffineTransform_float_3_3
Parameters: 1 -0.000119992 -0.000114009 0.000120008 1 7.19863e-05 0.000113991 -7.20137e-05 1 -0.0886622 -0.143398 -0.644867
FixedParameters: 0 0 0

#Transform 1
Transform: AffineTransform_float_3_3
Parameters: 0.999999 0.00110289 0.000606386 -0.00110211 0.999999 -0.00146467 -0.000607614 0.00146333 0.999998 0.00925578 0.184363 -0.0268897
FixedParameters: 0 0 0

#Transform 2
Transform: AffineTransform_float_3_3
Parameters: 0.999999 0.000566763 0.000761691 -0.000565238 0.999997 -0.00231343 -0.000762309 0.00231257 0.999997 -0.00424705 0.280925 -0.0203448
FixedParameters: 0 0 0

#Transform 3
Transform: AffineTransform_float_3_3
Parameters: 1 -0.000183888 2.97043e-05 0.000184113 0.999992 -0.00382899 -2.92952e-05 0.003829 0.999992 0.0288984 0.428195 -0.101798
FixedParameters: 0 0 0

#Transform 4
Transform: AffineTransform_float_3_3
Parameters: 0.999999 0.000568194 0.000776673 -0.000564805 0.999992 -0.00410644 -0.000779326 0.00410656 0.999992 0.00184126 0.448699 -0.110862
FixedParameters: 0 0 0

#Transform 5
Transform: AffineTransform_float_3_3
Parameters: 0.999999 9.21077e-05 0.000817656 -8.88909e-05 0.999993 -0.00380007 -0.000818344 0.00379993 0.999993 -0.0137659 0.455943 -0.129833
FixedParameters: 0 0 0

#Transform 6
Transform: AffineTransform_float_3_3
Parameters: 0.999999 9.36176e-05 0.00128467 -8.83846e-05 0.999993 -0.00359411 -0.00128433 0.00359388 0.999992 -0.0312536 0.444615 -0.117845
FixedParameters: 0 0 0

#Transform 7
Transform: AffineTransform_float_3_3
Parameters: 0.999999 -0.000294888 0.00126221 0.000300112 0.999991 -0.00405262 -0.00126079 0.00405237 0.999991 -0.0226541 0.498817 -0.179363
FixedParameters: 0 0 0

#Transform 8
Transform: AffineTransform_float_3_3
Parameters: 0.999999 9.41572e-05 0.00133765 -8.88451e-05 0.999992 -0.00385512 -0.00133735 0.00385487 0.999991 -0.0231048 0.462972 -0.111956
FixedParameters: 0 0 0

#Transform 9
Transform: AffineTransform_float_3_3
Parameters: 0.999999 9.36768e-05 0.00131468 -8.83254e-05 0.999993 -0.00355712 -0.00131432 0.00355688 0.999993 -0.0219245 0.446757 -0.141511
FixedParameters: 0 0 0

#Transform 10
Transform: AffineTransform_float_3_3
Parameters: 0.999999 -0.000224852 0.000864824 0.000228145 0.999994 -0.00364181 -0.000863174 0.0036422 0.999993 0.0149735 0.473231 -0.12677
FixedParameters: 0 0 0

#Transform 11
Transform: AffineTransform_float_3_3
Parameters: 1 -0.000392831 0.000564515 0.00039517 0.999992 -0.00384578 -0.000563484 0.00384622 0.999993 0.0328645 0.487284 -0.122051
FixedParameters: 0 0 0

#Transform 12
Transform: AffineTransform_float_3_3
Parameters: 0.999999 -0.000256236 0.000944029 0.000259763 0.999992 -0.00398876 -0.00094297 0.00398924 0.999991 0.0132324 0.500052 -0.12422
FixedParameters: 0 0 0

#Transform 13
Transform: AffineTransform_float_3_3
Parameters: 1 -0.000391197 0.00105941 0.000394802 0.999994 -0.00359159 -0.00105759 0.00359242 0.999993 -0.0105549 0.474578 -0.146509
FixedParameters: 0 0 0

#Transform 14
Transform: AffineTransform_float_3_3
Parameters: 0.999999 0.000287676 0.000666852 -0.000284324 0.999992 -0.00400919 -0.000668145 0.00400981 0.999991 0.0154597 0.502161 -0.125425
FixedParameters: 0 0 0

#Transform 15
Transform: AffineTransform_float_3_3
Parameters: 1 0.000251088 0.000544041 -0.000248913 0.999992 -0.00383313 -0.000544958 0.00383386 0.999992 0.0589641 0.484374 -0.125014
FixedParameters: 0 0 0

#Transform 16
Transform: AffineTransform_float_3_3
Parameters: 0.999999 0.000253211 0.00121113 -0.000248785 0.999994 -0.0034763 -0.00121287 0.0034757 0.999993 -0.0135752 0.444853 -0.100699
FixedParameters: 0 0 0

#Transform 17
Transform: AffineTransform_float_3_3
Parameters: 1 0.000251207 0.000522945 -0.000248792 0.999991 -0.00421713 -0.000524054 0.00421687 0.999991 0.0511126 0.48856 -0.11811
FixedParameters: 0 0 0

#Transform 18
Transform: AffineTransform_float_3_3
Parameters: 1 -5.10011e-05 0.0010412 5.5003e-05 0.999993 -0.00384195 -0.0010418 0.00384106 0.999992 -0.00425789 0.48284 -0.144475
FixedParameters: 0 0 0

#Transform 19
Transform: AffineTransform_float_3_3
Parameters: 1 0.000115854 0.000523593 -0.000114144 0.999993 -0.00354006 -0.000524407 0.00353994 0.999993 0.033004 0.472437 -0.139239
FixedParameters: 0 0 0

#Transform 20
Transform: AffineTransform_float_3_3
Parameters: 0.999999 8.69436e-05 0.000881714 -8.30554e-05 0.999995 -0.00333808 -0.000882282 0.00333793 0.999994 0.0108705 0.459824 -0.159626
FixedParameters: 0 0 0

#Transform 21
Transform: AffineTransform_float_3_3
Parameters: 0.999999 -4.9743e-05 0.000707162 5.22565e-05 0.999995 -0.00319196 -0.000706836 0.00319203 0.999994 0.00446192 0.465892 -0.178126
FixedParameters: 0 0 0

#Transform 22
Transform: AffineTransform_float_3_3
Parameters: 0.999999 -0.000178341 0.000739646 0.000181656 0.999993 -0.00359587 -0.000738352 0.00359613 0.999994 0.0141999 0.47856 -0.142318
FixedParameters: 0 0 0

#Transform 23
Transform: AffineTransform_float_3_3
Parameters: 1 0.000243214 0.000621137 -0.000240786 0.999993 -0.00356215 -0.000621861 0.00356185 0.999993 0.0288021 0.47204 -0.162416
FixedParameters: 0 0 0

#Transform 24
Transform: AffineTransform_float_3_3
Parameters: 1 0.000151379 0.00119258 -0.00014862 0.999996 -0.00283318 -0.00119343 0.00283282 0.999996 -0.0166686 0.439622 -0.183299
FixedParameters: 0 0 0

#Transform 25
Transform: AffineTransform_float_3_3
Parameters: 0.999999 1.53196e-05 0.000788958 -1.26803e-05 0.999995 -0.00294001 -0.000789041 0.00293999 0.999996 0.0173534 0.456026 -0.187182
FixedParameters: 0 0 0

#Transform 26
Transform: AffineTransform_float_3_3
Parameters: 1 0.000188797 -4.19265e-05 -0.000189199 0.999988 -0.00490499 4.00725e-05 0.00490501 0.999988 0.0647468 0.596606 -0.188704
FixedParameters: 0 0 0

#Transform 27
Transform: AffineTransform_float_3_3
Parameters: 1 0.000286343 0.000376983 -0.000285656 0.999993 -0.00355911 -0.000378019 0.00355889 0.999993 0.0426082 0.501952 -0.205419
FixedParameters: 0 0 0

#Transform 28
Transform: AffineTransform_float_3_3
Parameters: 1 0.000298716 0.000440842 -0.000297283 0.999993 -0.00388813 -0.000442159 0.00388787 0.999993 0.0452616 0.517545 -0.173012
FixedParameters: 0 0 0

#Transform 29
Transform: AffineTransform_float_3_3
Parameters: 0.999999 0.000164115 0.000788562 -0.000161883 0.999997 -0.00268213 -0.000789437 0.00268187 0.999996 -0.00216914 0.448157 -0.197553
FixedParameters: 0 0 0

#Transform 30
Transform: AffineTransform_float_3_3
Parameters: 0.999999 0.000335294 0.000634793 -0.000333705 0.999994 -0.00361122 -0.000636209 0.00361079 0.999994 0.0288805 0.502 -0.177475
FixedParameters: 0 0 0

#Transform 31
Transform: AffineTransform_float_3_3
Parameters: 0.999999 0.000388898 0.000940806 -0.000386104 0.999995 -0.00307936 -0.000941193 0.00307864 0.999995 -0.00742546 0.459318 -0.142134
FixedParameters: 0 0 0

#Transform 32
Transform: AffineTransform_float_3_3
Parameters: 1 0.000965427 0.00075089 -0.000963577 0.999995 -0.00322573 -0.000753111 0.00322427 0.999994 0.0284233 0.457643 -0.134942
FixedParameters: 0 0 0

#Transform 33
Transform: AffineTransform_float_3_3
Parameters: 1 0.000927059 0.00057771 -0.000924941 0.999994 -0.00355354 -0.000581291 0.00355346 0.999993 0.0375386 0.478139 -0.147565
FixedParameters: 0 0 0

#Transform 34
Transform: AffineTransform_float_3_3
Parameters: 1 0.000164344 0.000623387 -0.000161658 0.999993 -0.0037581 -0.000623612 0.0037579 0.999992 0.0450244 0.505299 -0.162882
FixedParameters: 0 0 0

#Transform 35
Transform: AffineTransform_float_3_3
Parameters: 1 0.000331469 0.000404801 -0.000330534 0.999994 -0.00362414 -0.000405201 0.00362387 0.999994 0.0586811 0.498023 -0.164284
FixedParameters: 0 0 0

#Transform 36
Transform: AffineTransform_float_3_3
Parameters: 0.999999 0.000330468 0.000779958 -0.000328532 0.999995 -0.00316226 -0.000781042 0.00316174 0.999994 0.0249111 0.468133 -0.153044
FixedParameters: 0 0 0

#Transform 37
Transform: AffineTransform_float_3_3
Parameters: 1 0.000481618 0.000156105 -0.000480382 0.999992 -0.00393708 -0.000157892 0.00393693 0.999992 0.073683 0.517734 -0.142704
FixedParameters: 0 0 0

#Transform 38
Transform: AffineTransform_float_3_3
Parameters: 1 0.000267078 0.000367218 -0.00026592 0.999995 -0.0029321 -0.000368781 0.0029319 0.999995 0.0355766 0.457211 -0.185331
FixedParameters: 0 0 0

#Transform 39
Transform: AffineTransform_float_3_3
Parameters: 1 0.000267317 0.000369049 -0.000265683 0.999993 -0.0035651 -0.000369949 0.0035649 0.999993 0.0599825 0.480911 -0.129087
FixedParameters: 0 0 0

#Transform 40
Transform: AffineTransform_float_3_3
Parameters: 1 0.000419988 0.000248336 -0.000419013 0.999992 -0.00396711 -0.000249664 0.0039669 0.999992 0.0681373 0.500449 -0.107541
FixedParameters: 0 0 0

#Transform 41
Transform: AffineTransform_float_3_3
Parameters: 0.999999 0.000782065 0.000314361 -0.000780935 0.999994 -0.00337625 -0.000316638 0.00337575 0.999995 0.0460776 0.448283 -0.0780552
FixedParameters: 0 0 0

#Transform 42
Transform: AffineTransform_float_3_3
Parameters: 1 0.000476815 0.000250453 -0.000476182 0.999994 -0.00324612 -0.000252547 0.00324588 0.999994 0.0641109 0.450309 -0.0773735
FixedParameters: 0 0 0

#Transform 43
Transform: AffineTransform_float_3_3
Parameters: 1 0.000607846 -5.57064e-05 -0.000607155 0.999996 -0.00280697 5.42959e-05 0.00280703 0.999996 0.111199 0.423076 -0.109846
FixedParameters: 0 0 0

#Transform 44
Transform: AffineTransform_float_3_3
Parameters: 1 0.000637531 0.000172045 -0.000637469 0.999995 -0.00306811 -0.000173957 0.00306789 0.999996 0.0837711 0.423439 -0.0698149
FixedParameters: 0 0 0

#Transform 45
Transform: AffineTransform_float_3_3
Parameters: 1 0.00115222 6.95264e-05 -0.00115179 0.999995 -0.00301508 -7.2473e-05 0.00301492 0.999996 0.0846894 0.436213 -0.0885105
FixedParameters: 0 0 0

#Transform 46
Transform: AffineTransform_float_3_3
Parameters: 1 0.000657101 3.40991e-05 -0.000656898 0.999995 -0.00289302 -3.59005e-05 0.00289298 0.999996 0.0821063 0.41215 -0.0894738
FixedParameters: 0 0 0

#Transform 47
Transform: AffineTransform_float_3_3
Parameters: 1 0.000690885 -3.43789e-05 -0.000691113 0.999994 -0.00344298 3.16207e-05 0.00344302 0.999994 0.094658 0.470803 -0.108651
FixedParameters: 0 0 0

#Transform 48
Transform: AffineTransform_float_3_3
Parameters: 1 0.000324794 -8.38031e-05 -0.000325204 0.999997 -0.00247197 8.21963e-05 0.00247203 0.999997 0.0647361 0.397636 -0.124946
FixedParameters: 0 0 0

#Transform 49
Transform: AffineTransform_float_3_3
Parameters: 1 0.00057797 -9.91544e-06 -0.00057803 0.999995 -0.00331399 8.08445e-06 0.003314 0.999994 0.0837861 0.439205 -0.0831251
FixedParameters: 0 0 0

#Transform 50
Transform: AffineTransform_float_3_3
Parameters: 0.999999 0.000701335 -0.00022211 -0.000701664 0.999995 -0.00300685 0.000219891 0.00300716 0.999996 0.0974997 0.424574 -0.0520736
FixedParameters: 0 0 0

#Transform 51
Transform: AffineTransform_float_3_3
Parameters: 0.999999 0.000884947 -1.69797e-05 -0.000885052 0.999994 -0.00336699 1.40201e-05 0.00336701 0.999995 0.0626721 0.437751 -0.0566728
FixedParameters: 0 0 0

#Transform 52
Transform: AffineTransform_float_3_3
Parameters: 1 0.00112003 7.02168e-06 -0.00111997 0.999993 -0.00355201 -1.09782e-05 0.00355199 0.999993 0.0926617 0.462923 -0.0812905
FixedParameters: 0 0 0

#Transform 53
Transform: AffineTransform_float_3_3
Parameters: 0.999999 0.000767945 -1.67033e-05 -0.000768054 0.999993 -0.00351999 1.42965e-05 0.00352001 0.999994 0.0675172 0.462009 -0.103901
FixedParameters: 0 0 0

#Transform 54
Transform: AffineTransform_float_3_3
Parameters: 1 0.000701978 -7.42257e-06 -0.00070202 0.999994 -0.003451 4.57735e-06 0.003451 0.999994 0.0601557 0.471084 -0.0955114
FixedParameters: 0 0 0

#Transform 55
Transform: AffineTransform_float_3_3
Parameters: 1 0.000702024 5.50363e-06 -0.000701974 0.999994 -0.00355601 -8.49627e-06 0.003556 0.999993 0.0887013 0.476856 -0.124175
FixedParameters: 0 0 0

#Transform 56
Transform: AffineTransform_float_3_3
Parameters: 0.999999 0.000702758 0.000218577 -0.000702243 0.999994 -0.00345015 -0.000220424 0.00344985 0.999994 0.0425783 0.444039 -0.0953044
FixedParameters: 0 0 0

#Transform 57
Transform: AffineTransform_float_3_3
Parameters: 1 0.000702175 7.53824e-05 -0.000701823 0.999997 -0.00230405 -7.76172e-05 0.00230395 0.999998 0.0642745 0.349063 -0.0254186
FixedParameters: 0 0 0

#Transform 58
Transform: AffineTransform_float_3_3
Parameters: 0.999999 0.000702687 0.000293359 -0.000701313 0.999997 -0.00233621 -0.00029464 0.00233679 0.999997 0.054134 0.374594 -0.0200992
FixedParameters: 0 0 0

#Transform 59
Transform: AffineTransform_float_3_3
Parameters: 0.999999 0.00175239 0.000202627 -0.00175161 0.999996 -0.00192536 -0.000206374 0.00192564 0.999998 0.0409254 0.373694 -0.0881876
FixedParameters: 0 0 0

#Transform 60
Transform: AffineTransform_float_3_3
Parameters: 0.999998 0.00168647 0.000202104 -0.00168653 0.999996 -0.00231034 -0.000205898 0.00231066 0.999998 -0.0269374 0.475875 -0.273658
FixedParameters: 0 0 0

#Transform 61
Transform: AffineTransform_float_3_3
Parameters: 0.999998 0.00204062 0.000555087 -0.00203938 0.999993 -0.00289914 -0.000560913 0.00289786 0.999995 -0.0573739 0.510915 -0.280635
FixedParameters: 0 0 0

#Transform 62
Transform: AffineTransform_float_3_3
Parameters: 0.999999 0.000849638 0.000203351 -0.000849359 0.999995 -0.00311917 -0.00020665 0.00311883 0.999995 0.0206497 0.497538 -0.154753
FixedParameters: 0 0 0

#Transform 63
Transform: AffineTransform_float_3_3
Parameters: 1 0.000220816 0.000205125 -0.000220184 0.999992 -0.00397005 -0.000205876 0.00396996 0.999992 0.0492765 0.515114 -0.0822531
FixedParameters: 0 0 0

#Transform 64
Transform: AffineTransform_float_3_3
Parameters: 1 0.000222079 0.000496074 -0.000219921 0.999991 -0.00418811 -0.000496925 0.00418789 0.999991 0.0268438 0.530081 -0.0736462
FixedParameters: 0 0 0

#Transform 65
Transform: AffineTransform_float_3_3
Parameters: 1 0.000392711 0.00016229 -0.000391291 0.999991 -0.00435706 -0.000163706 0.00435694 0.99999 0.0657681 0.530999 -0.0656552
FixedParameters: 0 0 0

#Transform 66
Transform: AffineTransform_float_3_3
Parameters: 1 0.000221594 0.00038208 -0.000220406 0.999992 -0.00416809 -0.000382922 0.00416792 0.999991 0.0288355 0.512612 -0.0742951
FixedParameters: 0 0 0

#Transform 67
Transform: AffineTransform_float_3_3
Parameters: 1 0.000220469 0.000104012 -0.000220531 0.99999 -0.00448802 -0.000104991 0.00448798 0.99999 0.0440919 0.528234 -0.0848333
FixedParameters: 0 0 0

#Transform 68
Transform: AffineTransform_float_3_3
Parameters: 1 0.00022144 0.000315996 -0.00022056 0.999989 -0.00455007 -0.000317007 0.00454993 0.999989 0.0402191 0.540509 -0.0861933
FixedParameters: 0 0 0

#Transform 69
Transform: AffineTransform_float_3_3
Parameters: 1 0.00022044 0.000109116 -0.000220561 0.999992 -0.00401302 -0.000109886 0.00401298 0.999992 0.0438429 0.515637 -0.0865703
FixedParameters: 0 0 0

#Transform 70
Transform: AffineTransform_float_3_3
Parameters: 1 0.000221698 0.000378009 -0.000220302 0.99999 -0.00448608 -0.000378992 0.00448592 0.99999 0.0526361 0.538256 -0.0715233
FixedParameters: 0 0 0

#Transform 71
Transform: AffineTransform_float_3_3
Parameters: 1 4.64517e-06 -8.10212e-05 -4.35474e-06 0.999991 -0.00438 8.09817e-05 0.00438 0.999991 0.0777586 0.527425 -0.0666941
FixedParameters: 0 0 0

#Transform 72
Transform: AffineTransform_float_3_3
Parameters: 1 2.54144e-05 0.000331895 -2.45851e-05 0.999991 -0.00426101 -0.000332108 0.00426099 0.999991 0.0469132 0.517486 -0.0529883
FixedParameters: 0 0 0

#Transform 73
Transform: AffineTransform_float_3_3
Parameters: 1 0.00022132 0.000298024 -0.00021968 0.99999 -0.00442107 -0.000298974 0.00442194 0.99999 0.0614033 0.540286 -0.078736
FixedParameters: 0 0 0

#Transform 74
Transform: AffineTransform_float_3_3
Parameters: 1 -8.55216e-05 0.000110372 8.64767e-05 0.99999 -0.00434099 -0.000109626 0.00434101 0.99999 0.0706114 0.5455 -0.0810056
FixedParameters: 0 0 0

#Transform 75
Transform: AffineTransform_float_3_3
Parameters: 1 -0.00021453 0.000354893 0.000215471 0.999992 -0.00414793 -0.000354109 0.00414808 0.999992 0.043375 0.514742 -0.0693343
FixedParameters: 0 0 0

#Transform 76
Transform: AffineTransform_float_3_3
Parameters: 1 0.000220459 0.000107059 -0.000220541 0.999991 -0.00427102 -0.000107943 0.00427098 0.999991 0.0610793 0.51882 -0.052295
FixedParameters: 0 0 0

#Transform 77
Transform: AffineTransform_float_3_3
Parameters: 1 -0.000135948 0.000255563 0.000137054 0.999991 -0.00412097 -0.000255437 0.00412103 0.999992 0.0534399 0.516419 -0.0711781
FixedParameters: 0 0 0

#Transform 78
Transform: AffineTransform_float_3_3
Parameters: 1 -0.000196621 0.000328829 0.00019838 0.999991 -0.00419994 -0.00032817 0.00420007 0.999991 0.0458144 0.514615 -0.0637864
FixedParameters: 0 0 0

#Transform 79
Transform: AffineTransform_float_3_3
Parameters: 1 -0.000196007 0.000504779 0.000197991 0.999992 -0.0039529 -0.000503221 0.0039521 0.999992 0.0456279 0.509972 -0.101839
FixedParameters: 0 0 0

#Transform 80
Transform: AffineTransform_float_3_3
Parameters: 1 -0.000198464 -0.000100085 0.000197536 0.99999 -0.00461802 0.000100913 0.00461798 0.99999 0.0924851 0.546099 -0.0630062
FixedParameters: 0 0 0

#Transform 81
Transform: AffineTransform_float_3_3
Parameters: 1 -0.000196501 0.000366807 0.0001985 0.999991 -0.00409192 -0.000366191 0.00409207 0.999991 0.0333479 0.503744 -0.0513814
FixedParameters: 0 0 0

#Transform 82
Transform: AffineTransform_float_3_3
Parameters: 1 -0.000197546 0.000114786 0.000198455 0.999992 -0.00397198 -0.000114213 0.00397202 0.999992 0.0713456 0.504841 -0.0394248
FixedParameters: 0 0 0

#Transform 83
Transform: AffineTransform_float_3_3
Parameters: 1 -0.000139003 -3.98955e-07 0.000138999 0.99999 -0.004324 6.01036e-07 0.004324 0.99999 0.0847345 0.520888 -0.0562385
FixedParameters: 0 0 0

#Transform 84
Transform: AffineTransform_float_3_3
Parameters: 1 -0.000197819 4.28451e-05 0.000198178 0.999991 -0.00426999 -4.11542e-05 0.00427001 0.999991 0.0602085 0.50997 -0.0605804
FixedParameters: 0 0 0

#Transform 85
Transform: AffineTransform_float_3_3
Parameters: 1 -0.00019727 0.000159904 0.00019773 0.999989 -0.00457496 -0.000159097 0.00457503 0.999989 0.0610794 0.526163 -0.0586852
FixedParameters: 0 0 0

#Transform 86
Transform: AffineTransform_float_3_3
Parameters: 1 -3.51724e-05 0.000206143 3.5827e-05 0.999992 -0.00401599 -0.000205858 0.00401601 0.999992 0.0601037 0.508478 -0.0636208
FixedParameters: 0 0 0

#Transform 87
Transform: AffineTransform_float_3_3
Parameters: 1 5.26602e-05 0.000439804 -5.1339e-05 0.999993 -0.00377402 -0.000440197 0.00377398 0.999993 0.026223 0.497804 -0.076039
FixedParameters: 0 0 0

#Transform 88
Transform: AffineTransform_float_3_3
Parameters: 1 0.00028624 0.000317888 -0.000284764 0.999993 -0.00389309 -0.000318111 0.00389291 0.999993 0.056896 0.500569 -0.0737137
FixedParameters: 0 0 0

#Transform 89
Transform: AffineTransform_float_3_3
Parameters: 1 -6.52777e-05 -6.87373e-05 6.57212e-05 0.999992 -0.004032 6.92655e-05 0.00403199 0.999992 0.0748512 0.51726 -0.0687748
FixedParameters: 0 0 0

#Transform 90
Transform: AffineTransform_float_3_3
Parameters: 1 -1.13787e-05 -8.39495e-05 1.1621e-05 0.99999 -0.00451 8.40533e-05 0.00451 0.99999 0.0584735 0.520968 -0.064152
FixedParameters: 0 0 0

#Transform 91
Transform: AffineTransform_float_3_3
Parameters: 1 -1.10686e-05 -1.49495e-05 1.19312e-05 0.999989 -0.004579 1.50548e-05 0.004579 0.999989 0.0648869 0.526129 -0.0642687
FixedParameters: 0 0 0

#Transform 92
Transform: AffineTransform_float_3_3
Parameters: 1 -1.02027e-05 0.00016905 1.1797e-05 0.999989 -0.004717 -0.000168946 0.004717 0.999989 0.0484536 0.522094 -0.0529901
FixedParameters: 0 0 0

#Transform 93
Transform: AffineTransform_float_3_3
Parameters: 0.999999 -0.00015156 -0.000754293 0.000147441 0.999989 -0.00471811 0.000754703 0.00471788 0.999988 0.117172 0.512424 -0.0250719
FixedParameters: 0 0 0

#Transform 94
Transform: AffineTransform_float_3_3
Parameters: 1 -1.28335e-05 -0.000399946 1.11663e-05 0.999989 -0.004584 0.000400056 0.00458399 0.99999 0.0691887 0.478797 -0.0298557
FixedParameters: 0 0 0

#Transform 95
Transform: AffineTransform_float_3_3
Parameters: 1 -1.08302e-05 4.30431e-05 1.11697e-05 0.999992 -0.003948 -4.29562e-05 0.003948 0.999992 0.0759862 0.487533 -0.00146462
FixedParameters: 0 0 0

#Transform 96
Transform: AffineTransform_float_3_3
Parameters: 1 -1.13439e-05 -8.89568e-05 1.16559e-05 0.999992 -0.003865 8.90457e-05 0.003865 0.999992 0.0688447 0.473493 -0.0167939
FixedParameters: 0 0 0

#Transform 97
Transform: AffineTransform_float_3_3
Parameters: 1 -7.81321e-05 0.00025227 7.88704e-05 0.999994 -0.00344198 -0.00025273 0.00344202 0.999994 0.049445 0.441412 -0.0240155
FixedParameters: 0 0 0

#Transform 98
Transform: AffineTransform_float_3_3
Parameters: 1 -1.1097e-05 -2.49571e-05 1.19028e-05 0.999993 -0.003885 2.50464e-05 0.003885 0.999993 0.0842669 0.465106 -0.00789215
FixedParameters: 0 0 0

#Transform 99
Transform: AffineTransform_float_3_3
Parameters: 1 6.08148e-05 0.000197751 -6.01841e-05 0.999991 -0.00411801 -0.000198249 0.00411798 0.999991 0.0727746 0.480791 -0.0236915
FixedParameters: 0 0 0

#Transform 100
Transform: AffineTransform_float_3_3
Parameters: 1 -1.08764e-05 3.0045e-05 1.11234e-05 0.999991 -0.004118 -2.99544e-05 0.004118 0.999991 0.0761245 0.47331 0.00644091
FixedParameters: 0 0 0

#Transform 101
Transform: AffineTransform_float_3_3
Parameters: 1 -1.24694e-05 -0.000352951 1.15304e-05 0.999992 -0.00416301 0.000353051 0.004163 0.999992 0.0841117 0.463891 0.00904923
FixedParameters: 0 0 0

#Transform 102
Transform: AffineTransform_float_3_3
Parameters: 1 -0.000122708 -0.000177513 0.000122294 0.999992 -0.00398202 0.000177488 0.00398198 0.999992 0.0939005 0.466816 -0.0111818
FixedParameters: 0 0 0

#Transform 103
Transform: AffineTransform_float_3_3
Parameters: 1 -0.000259614 -0.000165038 0.000258386 0.999993 -0.00371104 0.00016596 0.00371096 0.999993 0.0915003 0.450951 0.00299561
FixedParameters: 0 0 0

#Transform 104
Transform: AffineTransform_float_3_3
Parameters: 1 -1.10568e-05 -1.49582e-05 1.1943e-05 0.999993 -0.003794 1.50454e-05 0.003794 0.999993 0.0815869 0.462805 -0.0224772
FixedParameters: 0 0 0

#Transform 105
Transform: AffineTransform_float_3_3
Parameters: 1 -0.000419912 2.17684e-05 0.000419089 0.999991 -0.00421099 -2.02354e-05 0.00421101 0.999991 0.0788364 0.495905 -0.0303504
FixedParameters: 0 0 0

#Transform 106
Transform: AffineTransform_float_3_3
Parameters: 1 -0.000420783 -0.000183213 0.000419218 0.999991 -0.00425108 0.000184784 0.00425092 0.999991 0.0765031 0.49003 -0.0218123
FixedParameters: 0 0 0

#Transform 107
Transform: AffineTransform_float_3_3
Parameters: 1 -0.000308001 3.54902e-07 0.000308001 0.999991 -0.004399 3.54902e-07 0.004399 0.999991 0.0787838 0.503868 -0.0221139
FixedParameters: 0 0 0

#Transform 108
Transform: AffineTransform_float_3_3
Parameters: 1 -0.000420125 -2.60664e-05 0.000419876 0.99999 -0.00460301 2.7933e-05 0.00460299 0.99999 0.0624628 0.522519 -0.0031768
FixedParameters: 0 0 0

#Transform 109
Transform: AffineTransform_float_3_3
Parameters: 1 -0.000419729 6.67285e-05 0.000419272 0.999992 -0.00411697 -6.52744e-05 0.00411703 0.999991 0.0572978 0.496772 -0.0253636
FixedParameters: 0 0 0

#Transform 110
Transform: AffineTransform_float_3_3
Parameters: 1 -0.000420026 -5.18175e-06 0.000419974 0.99999 -0.004329 6.81813e-06 0.00432899 0.99999 0.0730253 0.516245 -0.0226152
FixedParameters: 0 0 0

#Transform 111
Transform: AffineTransform_float_3_3
Parameters: 1 -0.000240204 -5.00302e-05 0.000239796 0.999992 -0.00403901 5.09689e-05 0.00403899 0.999992 0.0739962 0.491661 -0.039505
FixedParameters: 0 0 0

#Transform 112
Transform: AffineTransform_float_3_3
Parameters: 1 -0.000536267 -0.000272522 0.000534736 0.999989 -0.00462715 0.000274477 0.00462686 0.99999 0.0748358 0.527414 -0.0347098
FixedParameters: 0 0 0

#Transform 113
Transform: AffineTransform_float_3_3
Parameters: 1 -0.000419914 1.98978e-05 0.000419086 0.999989 -0.00451899 -1.81063e-05 0.00451901 0.99999 0.0798869 0.532655 -0.0261105
FixedParameters: 0 0 0

#Transform 114
Transform: AffineTransform_float_3_3
Parameters: 1 -0.000418998 0.000256644 0.000420004 0.999992 -0.00391889 -0.000255356 0.00391811 0.999993 0.0424368 0.481092 -0.0289803
FixedParameters: 0 0 0

#Transform 115
Transform: AffineTransform_float_3_3
Parameters: 1 -0.000321104 -0.000456527 0.000318898 0.99999 -0.00460215 0.000457472 0.00460186 0.99999 0.104152 0.52895 -0.01571
FixedParameters: 0 0 0

#Transform 116
Transform: AffineTransform_float_3_3
Parameters: 0.999999 -0.000422934 -0.000615996 0.000420065 0.999988 -0.00475626 0.000618005 0.00475574 0.999989 0.101874 0.522501 -0.0494175
FixedParameters: 0 0 0

#Transform 117
Transform: AffineTransform_float_3_3
Parameters: 0.999999 -0.000423113 -0.00058476 0.000419886 0.999986 -0.00531324 0.000587239 0.00531375 0.999985 0.0930441 0.556276 -0.015262
FixedParameters: 0 0 0

#Transform 118
Transform: AffineTransform_float_3_3
Parameters: 1 -6.51664e-05 -3.87214e-05 6.48324e-05 0.999991 -0.004281 3.92779e-05 0.004281 0.999991 0.0764653 0.505982 -0.0164948
FixedParameters: 0 0 0

#Transform 119
Transform: AffineTransform_float_3_3
Parameters: 1 -0.000420208 -4.61486e-05 0.000419793 0.99999 -0.00440702 4.78505e-05 0.00440698 0.999991 0.0635354 0.534518 -0.00909478
FixedParameters: 0 0 0

#Transform 120
Transform: AffineTransform_float_3_3
Parameters: 1 -0.000193331 0.000166779 0.00019367 0.999992 -0.00401997 -0.000166223 0.00402003 0.999992 0.0538698 0.482977 -0.0201145
FixedParameters: 0 0 0

#Transform 121
Transform: AffineTransform_float_3_3
Parameters: 1 -0.000422543 -0.000528978 0.000419456 0.999989 -0.00479923 0.000531019 0.00479878 0.999989 0.103884 0.5353 -0.000796513
FixedParameters: 0 0 0

#Transform 122
Transform: AffineTransform_float_3_3
Parameters: 1 -0.000421863 -0.00045528 0.000419138 0.999991 -0.00408519 0.000456716 0.0040848 0.999991 0.0859245 0.490105 -0.0362234
FixedParameters: 0 0 0

#Transform 123
Transform: AffineTransform_float_3_3
Parameters: 1 -0.000421994 -0.00042101 0.000420005 0.999988 -0.00472618 0.000422989 0.00472582 0.999988 0.0953971 0.521065 -0.0217563
FixedParameters: 0 0 0

#Transform 124
Transform: AffineTransform_float_3_3
Parameters: 1 -0.00042163 -0.000377185 0.00041937 0.99999 -0.00431316 0.000378812 0.00431284 0.99999 0.0816369 0.506344 -0.0294827
FixedParameters: 0 0 0

#Transform 125
Transform: AffineTransform_float_3_3
Parameters: 1 -0.000268114 -0.000250814 0.000266885 0.99999 -0.00443107 0.000252185 0.00443093 0.99999 0.0544736 0.513456 -0.00440757
FixedParameters: 0 0 0

#Transform 126
Transform: AffineTransform_float_3_3
Parameters: 1 -0.000420666 -0.000163293 0.00041933 0.999991 -0.00406107 0.000165704 0.00406093 0.999991 0.0679354 0.490057 -0.0099908
FixedParameters: 0 0 0

#Transform 127
Transform: AffineTransform_float_3_3
Parameters: 1 -0.000419619 9.37228e-05 0.000419382 0.999991 -0.00410396 -9.22796e-05 0.00410404 0.999991 0.0425666 0.484161 0.0388869
FixedParameters: 0 0 0

#Transform 128
Transform: AffineTransform_float_3_3
Parameters: 1 2.90541e-05 -0.00025311 -2.99455e-05 0.999993 -0.00373799 0.00025289 0.00373801 0.999993 0.0675978 0.463738 0.00561884
FixedParameters: 0 0 0

#Transform 129
Transform: AffineTransform_float_3_3
Parameters: 0.999999 -0.000473758 -0.000680086 0.000471241 0.999991 -0.00405132 0.000681914 0.00405068 0.999991 0.127801 0.493635 -0.0007884
FixedParameters: 0 0 0

#Transform 130
Transform: AffineTransform_float_3_3
Parameters: 1 -0.000369879 -0.000199378 0.000369123 0.999991 -0.00439108 0.000200623 0.00439193 0.999991 0.0611592 0.494929 0.0173552
FixedParameters: 0 0 0

#Transform 131
Transform: AffineTransform_float_3_3
Parameters: 1 -0.000131031 -0.000243448 0.000129971 0.999991 -0.00422903 0.000243552 0.00422897 0.999991 0.0630189 0.495724 0.015345
FixedParameters: 0 0 0

#Transform 132
Transform: AffineTransform_float_3_3
Parameters: 1 -0.000241354 -8.90474e-05 0.000241647 0.999992 -0.00395002 8.99552e-05 0.00394998 0.999992 0.0555475 0.482907 -0.00205248
FixedParameters: 0 0 0

#Transform 133
Transform: AffineTransform_float_3_3
Parameters: 1 -0.00041963 8.58313e-05 0.000419371 0.999991 -0.00436197 -8.41715e-05 0.00436204 0.999991 0.0392618 0.500388 0.0275441
FixedParameters: 0 0 0

#Transform 134
Transform: AffineTransform_float_3_3
Parameters: 1 4.80236e-05 5.80814e-06 -4.79756e-05 0.999992 -0.003996 -6.19176e-06 0.003996 0.999992 0.0648468 0.472902 0.0152596
FixedParameters: 0 0 0

#Transform 135
Transform: AffineTransform_float_3_3
Parameters: 1 -0.000421421 -0.000344268 0.000419576 0.999992 -0.00411715 0.00034673 0.00411686 0.999992 0.079848 0.489391 0.00787089
FixedParameters: 0 0 0

#Transform 136
Transform: AffineTransform_float_3_3
Parameters: 1 4.81949e-06 0.000207983 -4.18044e-06 0.999992 -0.00394 -0.000208018 0.00394 0.999992 0.0353612 0.480636 0.0109785
FixedParameters: 0 0 0

#Transform 137
Transform: AffineTransform_float_3_3
Parameters: 1 2.5549e-05 0.000117882 -2.44504e-05 0.999989 -0.004655 -0.000118115 0.004655 0.999989 0.0584155 0.52091 0.0351603
FixedParameters: 0 0 0

#Transform 138
Transform: AffineTransform_float_3_3
Parameters: 1 2.06623e-05 0.000169921 -2.03374e-05 0.999993 -0.00389701 -0.000170081 0.003897 0.999993 0.0412256 0.483362 0.0153105
FixedParameters: 0 0 0

#Transform 139
Transform: AffineTransform_float_3_3
Parameters: 1 -5.98343e-05 0.000304231 6.11648e-05 0.999992 -0.00383298 -0.000303768 0.00383302 0.999992 0.0222018 0.462776 0.029497
FixedParameters: 0 0 0

#Transform 140
Transform: AffineTransform_float_3_3
Parameters: 1 -5.79092e-05 2.42183e-05 5.709e-05 0.999993 -0.003767 -2.37851e-05 0.003767 0.999993 0.0503074 0.461726 0.0228779
FixedParameters: 0 0 0

#Transform 141
Transform: AffineTransform_float_3_3
Parameters: 1 -3.31784e-05 0.000217127 3.38211e-05 0.999993 -0.00378499 -0.000216873 0.00378501 0.999993 0.0347267 0.468012 0.015572
FixedParameters: 0 0 0

#Transform 142
Transform: AffineTransform_float_3_3
Parameters: 1 -0.000129316 0.000449488 0.000130686 0.999993 -0.00374894 -0.000449513 0.00374906 0.999993 0.00590543 0.456469 0.0343965
FixedParameters: 0 0 0

#Transform 143
Transform: AffineTransform_float_3_3
Parameters: 1 -0.000156999 5.92518e-07 0.000157003 0.999993 -0.003774 -4.07475e-07 0.003774 0.999993 0.0562695 0.463484 0.0300913
FixedParameters: 0 0 0

#Transform 144
Transform: AffineTransform_float_3_3
Parameters: 1 -0.00034849 -0.000110465 0.000348512 0.99999 -0.00440804 0.000111537 0.00440796 0.999991 0.0442895 0.491238 0.0483517
FixedParameters: 0 0 0

#Transform 145
Transform: AffineTransform_float_3_3
Parameters: 1 -0.000421668 -0.000348994 0.000419331 0.999988 -0.00476714 0.000351003 0.00476685 0.999988 0.0648404 0.502717 0.0604591
FixedParameters: 0 0 0

#Transform 146
Transform: AffineTransform_float_3_3
Parameters: 0.999999 -0.000360915 -0.000682466 0.000358086 0.999991 -0.00426724 0.000683534 0.00426675 0.99999 0.0721545 0.467393 0.027127
FixedParameters: 0 0 0

#Transform 147
Transform: AffineTransform_float_3_3
Parameters: 1 0.000334211 -0.000381574 -0.000336786 0.999989 -0.00469787 0.000379422 0.00469813 0.999989 0.0459749 0.49331 0.0529787
FixedParameters: 0 0 0

#Transform 148
Transform: AffineTransform_float_3_3
Parameters: 1 -3.2791e-05 4.91401e-05 3.32084e-05 0.999991 -0.00426 -4.8859e-05 0.00426 0.999991 0.038415 0.469769 0.0498154
FixedParameters: 0 0 0

#Transform 149
Transform: AffineTransform_float_3_3
Parameters: 1 -2.43772e-05 0.000166093 2.46225e-05 0.999993 -0.003751 -0.000165909 0.003751 0.999993 0.0280611 0.452093 0.0341341
FixedParameters: 0 0 0

#Transform 150
Transform: AffineTransform_float_3_3
Parameters: 1 0.00044858 0.000398228 -0.000447421 0.999992 -0.00395818 -0.000399774 0.00395782 0.999992 0.00406712 0.462028 0.0567737
FixedParameters: 0 0 0

#Transform 151
Transform: AffineTransform_float_3_3
Parameters: 1 0.000182406 0.000101272 -0.000181595 0.999992 -0.00399402 -0.000101726 0.00399398 0.999992 0.0367121 0.474291 0.0393386
FixedParameters: 0 0 0

#Transform 152
Transform: AffineTransform_float_3_3
Parameters: 1 1.29744e-05 0.000234948 -1.20256e-05 0.999992 -0.00414601 -0.000235052 0.004147 0.999992 0.0223002 0.473293 0.0745164
FixedParameters: 0 0 0

#Transform 153
Transform: AffineTransform_float_3_3
Parameters: 1 -0.000234521 0.000114982 0.000235479 0.999991 -0.00418198 -0.000114016 0.00418203 0.999991 0.013423 0.47173 0.0634321
FixedParameters: 0 0 0

#Transform 154
Transform: AffineTransform_float_3_3
Parameters: 0.999999 0.000640838 0.000544845 -0.000639161 0.999994 -0.00336735 -0.000547155 0.00336665 0.999994 -0.00224802 0.409111 0.0460304
FixedParameters: 0 0 0

#Transform 155
Transform: AffineTransform_float_3_3
Parameters: 1 0.000100243 7.06559e-05 -9.97554e-05 0.999994 -0.00343701 -7.13433e-05 0.00343699 0.999994 0.0398478 0.472754 -0.0260457
FixedParameters: 0 0 0

#Transform 156
Transform: AffineTransform_float_3_3
Parameters: 0.999999 -0.000778214 -4.54743e-05 0.000778784 0.99999 -0.00453104 4.95291e-05 0.00453096 0.999989 -0.0259068 0.605057 -0.226746
FixedParameters: 0 0 0

#Transform 157
Transform: AffineTransform_float_3_3
Parameters: 1 0.00019148 -0.000368793 -0.000193517 0.999992 -0.00412593 0.000367205 0.00412607 0.999992 0.0406344 0.522864 -0.0531653
FixedParameters: 0 0 0

#Transform 158
Transform: AffineTransform_float_3_3
Parameters: 0.999999 0.000597429 -0.000566723 -0.000599572 0.999989 -0.00454766 0.00056428 0.00454734 0.99999 0.074764 0.516075 0.00725467
FixedParameters: 0 0 0

#Transform 159
Transform: AffineTransform_float_3_3
Parameters: 1 -7.88348e-05 -0.00066467 7.61679e-05 0.999991 -0.00426405 0.00066433 0.00426395 0.99999 0.0790794 0.496542 0.0395261
FixedParameters: 0 0 0

#Transform 160
Transform: AffineTransform_float_3_3
Parameters: 1 -0.00042133 -0.000321264 0.000419671 0.999992 -0.00412814 0.000322735 0.00412787 0.999992 0.0799927 0.490735 0.0381927
FixedParameters: 0 0 0

#Transform 161
Transform: AffineTransform_float_3_3
Parameters: 0.999999 -0.000423922 -0.000930222 0.000419079 0.999991 -0.00421239 0.000931773 0.00421261 0.99999 0.120443 0.49796 0.0111352
FixedParameters: 0 0 0

#Transform 162
Transform: AffineTransform_float_3_3
Parameters: 0.999999 -0.000704772 -0.00159947 0.000698227 0.999994 -0.00360612 0.00160253 0.00360488 0.999992 0.138857 0.53892 -0.118177
FixedParameters: 0 0 0

#Transform 163
Transform: AffineTransform_float_3_3
Parameters: 0.999972 0.000376624 -0.00747108 -0.000358375 0.999997 0.00249375 0.00747292 -0.00249125 0.999969 0.793947 0.192771 -0.587626
FixedParameters: 0 0 0

#Transform 164
Transform: AffineTransform_float_3_3
Parameters: 0.999967 0.000730527 -0.00808768 -0.000726474 0.999999 0.00043889 0.00808832 -0.000433105 0.999967 0.805511 0.279862 -0.456848
FixedParameters: 0 0 0

#Transform 165
Transform: AffineTransform_float_3_3
Parameters: 0.999961 0.00182412 -0.00856206 -0.00181488 0.999998 0.00107258 0.00856393 -0.00105742 0.999963 0.824558 0.307323 -0.397336
FixedParameters: 0 0 0

#Transform 166
Transform: AffineTransform_float_3_3
Parameters: 0.999951 0.00181641 -0.00973973 -0.00181458 0.999999 0.000154681 0.00974026 -0.000136314 0.999952 0.90737 0.396905 -0.397309
FixedParameters: 0 0 0

#Transform 167
Transform: AffineTransform_float_3_3
Parameters: 0.999936 -0.000913943 -0.0112106 0.000957049 0.999992 0.00383551 0.0112064 -0.00384649 0.99993 0.911067 0.165092 -0.355266
FixedParameters: 0 0 0

#Transform 168
Transform: AffineTransform_float_3_3
Parameters: 0.999929 -0.00185666 -0.0117878 0.00200735 0.999916 0.0128403 0.0117632 -0.0128628 0.999848 0.851179 -0.475306 -0.165501
FixedParameters: 0 0 0

#Transform 169
Transform: AffineTransform_float_3_3
Parameters: 0.999943 -0.00145323 -0.0105932 0.00152577 0.999976 0.00686523 0.0105828 -0.00688078 0.999921 0.85328 -0.126311 -0.220899
FixedParameters: 0 0 0

#Transform 170
Transform: AffineTransform_float_3_3
Parameters: 0.999978 0.00172295 -0.00630139 -0.00170605 0.999995 0.00269381 0.0063056 -0.00268319 0.999976 0.602838 0.147929 -0.216731
FixedParameters: 0 0 0

#Transform 171
Transform: AffineTransform_float_3_3
Parameters: 0.999982 0.00201841 -0.00575632 -0.0020056 0.999996 0.00233359 0.00576069 -0.00232242 0.99998 0.554164 0.220707 -0.230025
FixedParameters: 0 0 0

#Transform 172
Transform: AffineTransform_float_3_3
Parameters: 0.99998 0.00231942 -0.00575601 -0.00230658 0.999995 0.00216332 0.00576099 -0.00214968 0.999981 0.562052 0.207403 -0.177695
FixedParameters: 0 0 0

#Transform 173
Transform: AffineTransform_float_3_3
Parameters: 0.999981 0.00201028 -0.00570033 -0.00199673 0.999996 0.00233343 0.00570466 -0.00232258 0.999981 0.579124 0.177732 -0.185919
FixedParameters: 0 0 0

#Transform 174
Transform: AffineTransform_float_3_3
Parameters: 0.999979 0.00117572 -0.00646406 -0.00116528 0.999998 0.00166157 0.00646594 -0.00165443 0.999977 0.607764 0.252583 -0.179955
FixedParameters: 0 0 0

#Transform 175
Transform: AffineTransform_float_3_3
Parameters: 0.999982 0.00146516 -0.00571566 -0.00145684 0.999997 0.00160635 0.00571834 -0.00159865 0.999983 0.557565 0.236022 -0.0953487
FixedParameters: 0 0 0

#Transform 176
Transform: AffineTransform_float_3_3
Parameters: 0.999981 0.00157253 -0.00606054 -0.00156247 0.999997 0.0015775 0.00606347 -0.0015675 0.999981 0.572075 0.216973 -0.108522
FixedParameters: 0 0 0

#Transform 177
Transform: AffineTransform_float_3_3
Parameters: 0.999982 0.00184571 -0.00567618 -0.0018373 0.999997 0.00153846 0.00567882 -0.00152855 0.999982 0.535018 0.222026 -0.0952646
FixedParameters: 0 0 0

#Transform 178
Transform: AffineTransform_float_3_3
Parameters: 0.999982 0.00202512 -0.00567611 -0.00201688 0.999997 0.00143547 0.00567889 -0.00142453 0.999983 0.530723 0.233649 -0.0943361
FixedParameters: 0 0 0

#Transform 179
Transform: AffineTransform_float_3_3
Parameters: 0.999982 0.00200671 -0.00568964 -0.0020003 0.999998 0.0011834 0.00569236 -0.0011726 0.999983 0.535238 0.251989 -0.106791
FixedParameters: 0 0 0
