#Insight Transform File V1.0
#Transform 0
Transform: AffineTransform_float_3_3
Parameters: 0.999998 -0.00157921 -0.00013154 0.00157879 0.999997 -0.00155821 0.00013446 0.00155779 0.999999 -0.0142981 0.119696 0.697955
FixedParameters: 0 0 0

#Transform 1
Transform: AffineTransform_float_3_3
Parameters: 0.999996 0.00074397 0.00268556 -0.000746031 1 0.000755 -0.00268544 -0.000757001 0.999996 -0.141048 0.0573438 -0.0750455
FixedParameters: 0 0 0

#Transform 2
Transform: AffineTransform_float_3_3
Parameters: 0.999997 0.000744077 0.00235461 -0.000745924 1 0.000816246 -0.00235439 -0.000817755 0.999997 -0.0872974 0.0839449 -0.0373854
FixedParameters: 0 0 0

#Transform 3
Transform: AffineTransform_float_3_3
Parameters: 0.999999 0.000328219 0.0017887 -0.000331781 0.999997 0.00211341 -0.0017883 -0.00211459 0.999996 -0.0734565 0.0608531 -0.0332185
FixedParameters: 0 0 0

#Transform 4
Transform: AffineTransform_float_3_3
Parameters: 0.999999 0.000331242 0.00131619 -0.00033176 1 0.000576564 -0.00131681 -0.000576437 0.999999 -0.0715083 0.17905 -0.0788079
FixedParameters: 0 0 0

#Transform 5
Transform: AffineTransform_float_3_3
Parameters: 0.999998 0.000224254 0.00156696 -0.000224746 1 -0.000162352 -0.00156704 0.000161649 0.999999 -0.0895387 0.21437 -0.0815177
FixedParameters: 0 0 0

#Transform 6
Transform: AffineTransform_float_3_3
Parameters: 0.999999 0.000772034 7.86579e-05 -0.000771964 0.999999 -0.000443061 -7.93427e-05 0.000443939 1 0.0972698 0.22802 -0.194482
FixedParameters: 0 0 0

#Transform 7
Transform: AffineTransform_float_3_3
Parameters: 1 -0.000544096 0.000967074 0.000545904 0.999998 -0.00196947 -0.000965926 0.00197053 0.999997 -0.0220386 0.302055 -0.104543
FixedParameters: 0 0 0

#Transform 8
Transform: AffineTransform_float_3_3
Parameters: 0.999999 -0.000338693 0.000781568 0.000340307 0.999998 -0.00167373 -0.000780432 0.00167326 0.999999 -0.0257787 0.279894 -0.141631
FixedParameters: 0 0 0

#Transform 9
Transform: AffineTransform_float_3_3
Parameters: 0.999999 -0.000287426 0.000920492 0.000289573 0.999999 -0.00170974 -0.000919506 0.00171027 0.999998 -0.0464248 0.318075 -0.155187
FixedParameters: 0 0 0

#Transform 10
Transform: AffineTransform_float_3_3
Parameters: 1 -0.000822615 0.000289099 0.000823385 0.999999 -0.00133476 -0.000287902 0.00133424 0.999999 -0.0180985 0.324028 -0.219703
FixedParameters: 0 0 0

#Transform 11
Transform: AffineTransform_float_3_3
Parameters: 1 -0.000741535 0.000656659 0.000743465 0.999997 -0.00223451 -0.00065434 0.00223549 0.999998 -0.04038 0.372285 -0.22856
FixedParameters: 0 0 0

#Transform 12
Transform: AffineTransform_float_3_3
Parameters: 0.999999 0.000198687 -0.00077034 -0.000199312 0.999998 -0.00170485 0.000769661 0.00170515 0.999999 -0.0032431 0.335931 -0.209023
FixedParameters: 0 0 0

#Transform 13
Transform: AffineTransform_float_3_3
Parameters: 1 -0.000594613 -0.000209265 0.000593384 0.999995 -0.00291912 0.000211733 0.00291887 0.999995 -0.00963887 0.384647 -0.163869
FixedParameters: 0 0 0

#Transform 14
Transform: AffineTransform_float_3_3
Parameters: 0.999999 -0.000604201 0.000575893 0.000605799 0.999995 -0.00312865 -0.000574107 0.00312935 0.999995 -0.0352121 0.413266 -0.18185
FixedParameters: 0 0 0

#Transform 15
Transform: AffineTransform_float_3_3
Parameters: 0.999998 -0.00133847 0.000845811 0.00134453 0.999977 -0.00656887 -0.000837185 0.00657013 0.999978 -0.0424426 0.573126 -0.159543
FixedParameters: 0 0 0

#Transform 16
Transform: AffineTransform_float_3_3
Parameters: 0.999997 -0.00212012 0.0013045 0.00213188 0.999955 -0.00916925 -0.0012855 0.00917275 0.999957 -0.0516456 0.706192 -0.16079
FixedParameters: 0 0 0

#Transform 17
Transform: AffineTransform_float_3_3
Parameters: 0.999996 -0.00210823 0.00175193 0.00212277 0.999962 -0.00847331 -0.00173407 0.00847668 0.999962 -0.075084 0.630802 -0.127399
FixedParameters: 0 0 0

#Transform 18
Transform: AffineTransform_float_3_3
Parameters: 0.999995 -0.002508 0.00185102 0.002527 0.999944 -0.0103334 -0.00182498 0.0103376 0.999945 -0.0797564 0.726783 -0.138932
FixedParameters: 0 0 0

#Transform 19
Transform: AffineTransform_float_3_3
Parameters: 0.999993 -0.00292098 0.00200053 0.00294302 0.999934 -0.0110922 -0.00196846 0.0110988 0.999936 -0.0585319 0.744436 -0.130294
FixedParameters: 0 0 0

#Transform 20
Transform: AffineTransform_float_3_3
Parameters: 0.999994 -0.00295029 0.00194262 0.0029757 0.999906 -0.0133683 -0.00190238 0.0133737 0.999909 -0.0553452 0.866566 -0.134405
FixedParameters: 0 0 0

#Transform 21
Transform: AffineTransform_float_3_3
Parameters: 0.99999 -0.00315178 0.00314698 0.00319822 0.999886 -0.0147911 -0.00310002 0.0148009 0.999885 -0.106699 0.89796 -0.0633175
FixedParameters: 0 0 0

#Transform 22
Transform: AffineTransform_float_3_3
Parameters: 0.99998 -0.00354275 0.00512968 0.00360725 0.999912 -0.0127667 -0.00508433 0.0127853 0.999906 -0.213608 0.771754 -0.0118513
FixedParameters: 0 0 0

#Transform 23
Transform: AffineTransform_float_3_3
Parameters: 0.999985 -0.0035557 0.00420677 0.00360731 0.999916 -0.012491 -0.00416224 0.012506 0.999913 -0.157951 0.778287 -0.0401393
FixedParameters: 0 0 0

#Transform 24
Transform: AffineTransform_float_3_3
Parameters: 0.999985 -0.003555 0.00418065 0.00360799 0.999913 -0.0127391 -0.00413435 0.0127539 0.99991 -0.16694 0.809616 -0.0916433
FixedParameters: 0 0 0

#Transform 25
Transform: AffineTransform_float_3_3
Parameters: 0.999974 -0.00412997 0.00587558 0.00420104 0.999917 -0.0121286 -0.00582543 0.0121534 0.999909 -0.267359 0.812577 -0.101142
FixedParameters: 0 0 0

#Transform 26
Transform: AffineTransform_float_3_3
Parameters: 0.999979 -0.00414219 0.00497753 0.00420081 0.999921 -0.0118623 -0.00492847 0.0118837 0.999917 -0.208484 0.820094 -0.130661
FixedParameters: 0 0 0

#Transform 27
Transform: AffineTransform_float_3_3
Parameters: 0.99998 -0.00414403 0.00477306 0.00420097 0.99992 -0.0119882 -0.00472294 0.0120078 0.999916 -0.216732 0.817066 -0.151223
FixedParameters: 0 0 0

#Transform 28
Transform: AffineTransform_float_3_3
Parameters: 0.99998 -0.00414067 0.0048007 0.00420134 0.999912 -0.0126261 -0.00474829 0.0126459 0.999909 -0.217156 0.859741 -0.205498
FixedParameters: 0 0 0

#Transform 29
Transform: AffineTransform_float_3_3
Parameters: 0.999977 -0.00434845 0.00507095 0.00441454 0.999906 -0.0129869 -0.00501404 0.0130091 0.999903 -0.213369 0.871925 -0.185327
FixedParameters: 0 0 0

#Transform 30
Transform: AffineTransform_float_3_3
Parameters: 0.999978 -0.00439393 0.00493218 0.00445308 0.999915 -0.0122363 -0.00487783 0.0122577 0.999913 -0.212488 0.8319 -0.176496
FixedParameters: 0 0 0

#Transform 31
Transform: AffineTransform_float_3_3
Parameters: 0.999976 -0.00454622 0.00520816 0.00461278 0.999909 -0.0126893 -0.00514983 0.0127127 0.999906 -0.227482 0.873098 -0.172179
FixedParameters: 0 0 0

#Transform 32
Transform: AffineTransform_float_3_3
Parameters: 0.999979 -0.00455432 0.00464625 0.00461269 0.999911 -0.0124798 -0.00458974 0.0125012 0.999912 -0.19049 0.843675 -0.139575
FixedParameters: 0 0 0

#Transform 33
Transform: AffineTransform_float_3_3
Parameters: 0.999971 -0.00474763 0.00605508 0.00482637 0.999901 -0.0131612 -0.00599193 0.0131898 0.999895 -0.264353 0.878953 -0.171244
FixedParameters: 0 0 0

#Transform 34
Transform: AffineTransform_float_3_3
Parameters: 0.999958 -0.00510326 0.00769293 0.00519174 0.999921 -0.0114286 -0.00763406 0.0114685 0.999905 -0.349999 0.785967 -0.160223
FixedParameters: 0 0 0

#Transform 35
Transform: AffineTransform_float_3_3
Parameters: 0.999961 -0.00550184 0.00699864 0.00559217 0.999899 -0.0130734 -0.00692638 0.0131116 0.99989 -0.310918 0.870876 -0.195382
FixedParameters: 0 0 0

#Transform 36
Transform: AffineTransform_float_3_3
Parameters: 0.999963 -0.00590783 0.00627017 0.00599916 0.999875 -0.0146219 -0.00618283 0.0146591 0.999874 -0.27454 0.976958 -0.226184
FixedParameters: 0 0 0

#Transform 37
Transform: AffineTransform_float_3_3
Parameters: 0.999963 -0.00608631 0.00606163 0.0061827 0.999855 -0.0158951 -0.00596437 0.0159319 0.999856 -0.263514 1.05395 -0.243727
FixedParameters: 0 0 0

#Transform 38
Transform: AffineTransform_float_3_3
Parameters: 0.999961 -0.00670853 0.00583412 0.00681648 0.999801 -0.018776 -0.00570689 0.018815 0.999806 -0.250828 1.23886 -0.266726
FixedParameters: 0 0 0

#Transform 39
Transform: AffineTransform_float_3_3
Parameters: 0.999961 -0.0064288 0.00596862 0.00655218 0.999758 -0.0210267 -0.00583139 0.0210653 0.999761 -0.244633 1.32695 -0.246609
FixedParameters: 0 0 0

#Transform 40
Transform: AffineTransform_float_3_3
Parameters: 0.99996 -0.00679924 0.00581415 0.00692376 0.99974 -0.0217146 -0.00566485 0.0217544 0.999748 -0.201625 1.31534 -0.19744
FixedParameters: 0 0 0

#Transform 41
Transform: AffineTransform_float_3_3
Parameters: 0.999947 -0.00606996 0.00838493 0.00621104 0.999838 -0.0168978 -0.00828107 0.0169492 0.999822 -0.384037 1.04684 -0.0942011
FixedParameters: 0 0 0

#Transform 42
Transform: AffineTransform_float_3_3
Parameters: 0.999951 -0.00662636 0.00737577 0.00673865 0.99986 -0.0153531 -0.00727323 0.015402 0.999855 -0.309715 0.957747 -0.0619652
FixedParameters: 0 0 0

#Transform 43
Transform: AffineTransform_float_3_3
Parameters: 0.99996 -0.00633069 0.00643131 0.00643031 0.999856 -0.0156983 -0.00633071 0.0157387 0.999856 -0.260343 0.980031 -0.0542705
FixedParameters: 0 0 0

#Transform 44
Transform: AffineTransform_float_3_3
Parameters: 0.999968 -0.00628763 0.00497076 0.00638236 0.999795 -0.0192029 -0.00484823 0.0192341 0.999804 -0.184089 1.16675 -0.119232
FixedParameters: 0 0 0

#Transform 45
Transform: AffineTransform_float_3_3
Parameters: 0.99997 -0.00642485 0.00420179 0.00651613 0.999735 -0.0220513 -0.00405821 0.0220777 0.999748 -0.144015 1.34609 -0.183118
FixedParameters: 0 0 0

#Transform 46
Transform: AffineTransform_float_3_3
Parameters: 0.999969 -0.00675487 0.00421526 0.00685615 0.999672 -0.0247039 -0.00404776 0.0247321 0.999686 -0.148068 1.47159 -0.156284
FixedParameters: 0 0 0

#Transform 47
Transform: AffineTransform_float_3_3
Parameters: 0.999974 -0.0063535 0.00323775 0.0064405 0.999593 -0.0277698 -0.00306026 0.0277901 0.999609 -0.115202 1.60881 -0.121556
FixedParameters: 0 0 0

#Transform 48
Transform: AffineTransform_float_3_3
Parameters: 0.999976 -0.00621333 0.00308325 0.00630566 0.999499 -0.0310153 -0.00288875 0.0310347 0.999514 -0.11416 1.74665 -0.0768374
FixedParameters: 0 0 0

#Transform 49
Transform: AffineTransform_float_3_3
Parameters: 0.999968 -0.0072239 0.00343828 0.00732512 0.999502 -0.0306718 -0.00321574 0.0306962 0.999523 -0.0916367 1.6791 0.0571663
FixedParameters: 0 0 0

#Transform 50
Transform: AffineTransform_float_3_3
Parameters: 0.999965 -0.00649589 0.0053777 0.0066281 0.999668 -0.0249252 -0.00521329 0.0249608 0.999675 -0.240851 1.4342 0.0349637
FixedParameters: 0 0 0

#Transform 51
Transform: AffineTransform_float_3_3
Parameters: 0.999971 -0.00660758 0.00381206 0.00669243 0.999717 -0.0228492 -0.00365995 0.0228739 0.999731 -0.125118 1.30761 0.0249926
FixedParameters: 0 0 0

#Transform 52
Transform: AffineTransform_float_3_3
Parameters: 0.999968 -0.00687047 0.00422558 0.00696153 0.999733 -0.0220433 -0.00407244 0.0220717 0.999748 -0.136927 1.25323 0.0572275
FixedParameters: 0 0 0

#Transform 53
Transform: AffineTransform_float_3_3
Parameters: 0.999975 -0.00647267 0.00305281 0.00654234 0.999699 -0.0236206 -0.00289921 0.0236404 0.999717 -0.0762972 1.35889 0.00545324
FixedParameters: 0 0 0

#Transform 54
Transform: AffineTransform_float_3_3
Parameters: 0.999971 -0.00704031 0.00266254 0.0071157 0.999549 -0.0291669 -0.00245643 0.0291851 0.999571 -0.0550181 1.64648 0.00513642
FixedParameters: 0 0 0

#Transform 55
Transform: AffineTransform_float_3_3
Parameters: 0.999972 -0.00706246 0.00252217 0.00713453 0.999524 -0.0300139 -0.00230884 0.0300312 0.999547 -0.0345147 1.67692 0.00942329
FixedParameters: 0 0 0

#Transform 56
Transform: AffineTransform_float_3_3
Parameters: 0.99997 -0.00731174 0.00230862 0.00738224 0.999459 -0.0320539 -0.00207237 0.0320701 0.999484 -0.0457421 1.77941 -0.016543
FixedParameters: 0 0 0

#Transform 57
Transform: AffineTransform_float_3_3
Parameters: 0.999972 -0.00728112 0.00178956 0.0073389 0.999367 -0.0348059 -0.00153545 0.0348172 0.999393 -0.0455226 1.91874 -0.089626
FixedParameters: 0 0 0

#Transform 58
Transform: AffineTransform_float_3_3
Parameters: 0.999973 -0.00707761 0.00161855 0.0071324 0.999307 -0.0365144 -0.00135943 0.0365246 0.999332 -0.0409517 2.0269 -0.0957822
FixedParameters: 0 0 0

#Transform 59
Transform: AffineTransform_float_3_3
Parameters: 0.999972 -0.00723351 0.00189619 0.00729947 0.999282 -0.0371642 -0.0016258 0.0371768 0.999308 -0.0524191 2.0353 -0.0688556
FixedParameters: 0 0 0

#Transform 60
Transform: AffineTransform_float_3_3
Parameters: 0.999976 -0.00668635 0.00152913 0.00673968 0.999244 -0.0382836 -0.00127288 0.0382934 0.999265 -0.0360587 2.1218 -0.0912896
FixedParameters: 0 0 0

#Transform 61
Transform: AffineTransform_float_3_3
Parameters: 0.999972 -0.00713778 0.00222067 0.00722119 0.999172 -0.0400441 -0.00193233 0.0400589 0.999196 -0.0669453 2.16031 -0.0739341
FixedParameters: 0 0 0

#Transform 62
Transform: AffineTransform_float_3_3
Parameters: 0.999965 -0.00691708 0.00457169 0.00704492 0.999566 -0.0285828 -0.00437231 0.0286142 0.999581 -0.163649 1.58147 0.0871765
FixedParameters: 0 0 0

#Transform 63
Transform: AffineTransform_float_3_3
Parameters: 0.999974 -0.00654504 0.00324113 0.00662096 0.99969 -0.0240072 -0.00308287 0.0240278 0.999706 -0.047522 1.32455 0.181192
FixedParameters: 0 0 0

#Transform 64
Transform: AffineTransform_float_3_3
Parameters: 0.99997 -0.00691276 0.0035227 0.00700025 0.999653 -0.0253851 -0.00334629 0.0254089 0.999672 -0.0512625 1.38028 0.229438
FixedParameters: 0 0 0

#Transform 65
Transform: AffineTransform_float_3_3
Parameters: 0.999971 -0.00715135 0.00286768 0.00722667 0.999612 -0.0269271 -0.0026743 0.0269469 0.999634 -0.0663024 1.46217 0.13824
FixedParameters: 0 0 0

#Transform 66
Transform: AffineTransform_float_3_3
Parameters: 0.999967 -0.00756644 0.00272561 0.00764057 0.999566 -0.0284711 -0.0025094 0.0284909 0.999591 -0.00779718 1.5229 0.193557
FixedParameters: 0 0 0

#Transform 67
Transform: AffineTransform_float_3_3
Parameters: 0.99997 -0.0073349 0.00242653 0.00740611 0.9995 -0.0307179 -0.00220047 0.0307351 0.999525 -0.0110593 1.6316 0.1434
FixedParameters: 0 0 0

#Transform 68
Transform: AffineTransform_float_3_3
Parameters: 0.999969 -0.00765787 0.0019148 0.00771314 0.9995 -0.0306672 -0.00167919 0.0306808 0.999528 0.0162188 1.64398 0.176723
FixedParameters: 0 0 0

#Transform 69
Transform: AffineTransform_float_3_3
Parameters: 0.999969 -0.00768762 0.00167578 0.00773638 0.999487 -0.031079 -0.0014362 0.031091 0.999515 0.0198254 1.67954 0.115308
FixedParameters: 0 0 0

#Transform 70
Transform: AffineTransform_float_3_3
Parameters: 0.999969 -0.00762299 0.00184681 0.00767902 0.999442 -0.0325048 -0.00159819 0.0325172 0.99947 0.00611672 1.78205 0.0926015
FixedParameters: 0 0 0

#Transform 71
Transform: AffineTransform_float_3_3
Parameters: 0.999969 -0.0076758 0.00184932 0.00773122 0.999459 -0.0319607 -0.00160367 0.0319743 0.999488 -0.00908125 1.72801 0.0704504
FixedParameters: 0 0 0

#Transform 72
Transform: AffineTransform_float_3_3
Parameters: 0.999968 -0.00770115 0.00226928 0.00776984 0.999455 -0.0320794 -0.00202071 0.0320966 0.999482 -0.0129787 1.75228 0.0797306
FixedParameters: 0 0 0

#Transform 73
Transform: AffineTransform_float_3_3
Parameters: 0.99997 -0.00730187 0.0023412 0.00737615 0.999415 -0.0333927 -0.0020968 0.0334083 0.999439 -0.038311 1.84168 0.0926765
FixedParameters: 0 0 0

#Transform 74
Transform: AffineTransform_float_3_3
Parameters: 0.999969 -0.00756049 0.00185067 0.00761947 0.999372 -0.0345889 -0.00158735 0.034602 0.9994 0.0190803 1.88692 0.110811
FixedParameters: 0 0 0

#Transform 75
Transform: AffineTransform_float_3_3
Parameters: 0.999971 -0.00734733 0.00167081 0.00740167 0.999343 -0.0354836 -0.0014092 0.0354954 0.999369 0.0143437 1.92085 0.0907777
FixedParameters: 0 0 0

#Transform 76
Transform: AffineTransform_float_3_3
Parameters: 0.999971 -0.00736535 0.00161896 0.00741864 0.999321 -0.036096 -0.00135205 0.036107 0.999347 -0.00177607 1.93408 0.100934
FixedParameters: 0 0 0

#Transform 77
Transform: AffineTransform_float_3_3
Parameters: 0.999974 -0.00715754 0.00141671 0.00720647 0.999259 -0.0378148 -0.00114527 0.0378242 0.999284 -0.00138046 2.00389 0.0912852
FixedParameters: 0 0 0

#Transform 78
Transform: AffineTransform_float_3_3
Parameters: 0.999977 -0.00687205 0.000211075 0.00687495 0.999181 -0.0398575 6.30699e-05 0.0398575 0.999206 0.0468675 2.12605 0.0721508
FixedParameters: 0 0 0

#Transform 79
Transform: AffineTransform_float_3_3
Parameters: 0.999975 -0.00715834 0.000408513 0.00716968 0.999158 -0.0403961 -0.000119461 0.0403979 0.999183 0.0303286 2.19594 -0.0206755
FixedParameters: 0 0 0

#Transform 80
Transform: AffineTransform_float_3_3
Parameters: 0.999973 -0.00733952 0.000356815 0.00734848 0.999117 -0.0413515 -5.31614e-05 0.0413535 0.999144 0.0397029 2.24594 -0.0307707
FixedParameters: 0 0 0

#Transform 81
Transform: AffineTransform_float_3_3
Parameters: 0.999975 -0.0071218 0.000806412 0.00714922 0.999123 -0.0412403 -0.000512582 0.0412447 0.999149 0.0116985 2.22689 -0.0632638
FixedParameters: 0 0 0

#Transform 82
Transform: AffineTransform_float_3_3
Parameters: 0.999972 -0.0074656 -0.000127207 0.00745441 0.999122 -0.0412431 0.000434816 0.0412419 0.999149 0.0420748 2.25745 -0.0553074
FixedParameters: 0 0 0

#Transform 83
Transform: AffineTransform_float_3_3
Parameters: 0.999971 -0.00759581 0.000549092 0.00761219 0.999119 -0.041287 -0.0002349 0.04129 0.999147 0.0276667 2.21949 -0.0559393
FixedParameters: 0 0 0

#Transform 84
Transform: AffineTransform_float_3_3
Parameters: 0.999971 -0.00761458 0.000526034 0.00762942 0.999079 -0.0422282 -0.000203991 0.0422308 0.999108 0.0392021 2.30008 -0.0566384
FixedParameters: 0 0 0

#Transform 85
Transform: AffineTransform_float_3_3
Parameters: 0.99997 -0.00762871 0.000710506 0.00765226 0.999069 -0.0424508 -0.00038548 0.0424552 0.999099 0.0295686 2.30434 -0.0747294
FixedParameters: 0 0 0

#Transform 86
Transform: AffineTransform_float_3_3
Parameters: 0.999973 -0.00742414 0.000319222 0.00743185 0.999037 -0.0432258 2.25993e-06 0.0432272 0.999066 0.0501616 2.32049 -0.0126782
FixedParameters: 0 0 0

#Transform 87
Transform: AffineTransform_float_3_3
Parameters: 0.999966 -0.00777084 0.0028385 0.00789018 0.998951 -0.0451072 -0.00248554 0.0451279 0.998978 -0.0906246 2.41826 -0.022345
FixedParameters: 0 0 0

#Transform 88
Transform: AffineTransform_float_3_3
Parameters: 0.999963 -0.0080981 0.00265393 0.0082099 0.99896 -0.0448459 -0.00228803 0.0448662 0.998991 -0.0485535 2.40458 -0.0525529
FixedParameters: 0 0 0

#Transform 89
Transform: AffineTransform_float_3_3
Parameters: 0.999969 -0.00754895 0.0022821 0.00764305 0.998981 -0.0444799 -0.00194389 0.044496 0.999007 -0.0447934 2.38862 -0.071356
FixedParameters: 0 0 0

#Transform 90
Transform: AffineTransform_float_3_3
Parameters: 0.999965 -0.00818951 0.00160968 0.00825147 0.999047 -0.0428772 -0.0012563 0.0428888 0.999079 0.00151464 2.33996 -0.149166
FixedParameters: 0 0 0

#Transform 91
Transform: AffineTransform_float_3_3
Parameters: 0.999969 -0.00766184 0.00187122 0.00773814 0.998966 -0.0448039 -0.00152578 0.0448171 0.998994 -0.0229069 2.41069 -0.0888726
FixedParameters: 0 0 0

#Transform 92
Transform: AffineTransform_float_3_3
Parameters: 0.999971 -0.00758422 0.000698053 0.00760778 0.998952 -0.045136 -0.000354957 0.04514 0.99898 0.0388294 2.42552 -0.021459
FixedParameters: 0 0 0

#Transform 93
Transform: AffineTransform_float_3_3
Parameters: 0.99997 -0.00760728 0.00154085 0.00766972 0.998916 -0.0459005 -0.00119017 0.0459104 0.998945 0.00235371 2.44614 -0.0741641
FixedParameters: 0 0 0

#Transform 94
Transform: AffineTransform_float_3_3
Parameters: 0.99997 -0.00751563 0.00154551 0.00757739 0.998942 -0.0453556 -0.00120352 0.0453654 0.998969 -0.0140279 2.40868 -0.0775226
FixedParameters: 0 0 0

#Transform 95
Transform: AffineTransform_float_3_3
Parameters: 0.999969 -0.00780508 0.00154178 0.00786694 0.998939 -0.0453733 -0.00118623 0.0453837 0.998969 -0.0236155 2.43245 -0.0835104
FixedParameters: 0 0 0

#Transform 96
Transform: AffineTransform_float_3_3
Parameters: 0.999967 -0.00788376 0.00182918 0.00795824 0.998958 -0.0449369 -0.00147281 0.0449501 0.998988 -0.0340857 2.42186 -0.131282
FixedParameters: 0 0 0

#Transform 97
Transform: AffineTransform_float_3_3
Parameters: 0.999971 -0.00747742 0.00154633 0.00753856 0.998975 -0.0446337 -0.00121069 0.0446444 0.999002 -0.0275865 2.4075 -0.124561
FixedParameters: 0 0 0

#Transform 98
Transform: AffineTransform_float_3_3
Parameters: 0.999969 -0.00781949 0.00151267 0.00788052 0.998902 -0.0461685 -0.00115034 0.0461794 0.998932 -0.0181819 2.48788 -0.150899
FixedParameters: 0 0 0

#Transform 99
Transform: AffineTransform_float_3_3
Parameters: 0.99997 -0.0076631 0.00117248 0.00770888 0.998908 -0.0460904 -0.000817525 0.0460987 0.998937 0.00206499 2.46438 -0.137134
FixedParameters: 0 0 0

#Transform 100
Transform: AffineTransform_float_3_3
Parameters: 0.999966 -0.00799636 0.00173214 0.00806767 0.998895 -0.0462996 -0.00136087 0.0463124 0.998926 -0.0379576 2.49338 -0.131744
FixedParameters: 0 0 0

#Transform 101
Transform: AffineTransform_float_3_3
Parameters: 0.999968 -0.00791609 0.00167297 0.00798492 0.998898 -0.0462512 -0.00130503 0.0462629 0.998929 -0.0272672 2.49022 -0.11763
FixedParameters: 0 0 0

#Transform 102
Transform: AffineTransform_float_3_3
Parameters: 0.999972 -0.00743048 0.00110805 0.00747352 0.998889 -0.046541 -0.000760968 0.046548 0.998916 0.0168076 2.50364 -0.091436
FixedParameters: 0 0 0

#Transform 103
Transform: AffineTransform_float_3_3
Parameters: 0.999968 -0.00794377 0.000977354 0.00798027 0.998933 -0.0454837 -0.000615639 0.0454893 0.998964 0.0144987 2.4518 -0.115436
FixedParameters: 0 0 0

#Transform 104
Transform: AffineTransform_float_3_3
Parameters: 0.999969 -0.00778287 0.00169829 0.00785213 0.998902 -0.0461811 -0.00133676 0.0461929 0.998931 -0.025744 2.49596 -0.128048
FixedParameters: 0 0 0

#Transform 105
Transform: AffineTransform_float_3_3
Parameters: 0.999964 -0.00827322 0.00174881 0.00834274 0.99897 -0.044603 -0.0013772 0.044616 0.999004 -0.015483 2.4003 -0.10216
FixedParameters: 0 0 0

#Transform 106
Transform: AffineTransform_float_3_3
Parameters: 0.999965 -0.00827099 0.00165951 0.008338 0.998928 -0.0455488 -0.00128048 0.0455612 0.99896 -0.0243763 2.43159 -0.108584
FixedParameters: 0 0 0

#Transform 107
Transform: AffineTransform_float_3_3
Parameters: 0.999967 -0.00801249 0.00169461 0.00808253 0.998907 -0.0460228 -0.00132437 0.0460351 0.998939 -0.0222527 2.49515 -0.114793
FixedParameters: 0 0 0

#Transform 108
Transform: AffineTransform_float_3_3
Parameters: 0.999965 -0.00828647 0.00154915 0.00834953 0.998905 -0.0460327 -0.00116584 0.0460433 0.998938 -0.00520376 2.49511 -0.130715
FixedParameters: 0 0 0

#Transform 109
Transform: AffineTransform_float_3_3
Parameters: 0.99997 -0.00778026 0.000954667 0.00781571 0.998906 -0.0460939 -0.000594346 0.0461 0.998936 0.00639022 2.51494 -0.0685975
FixedParameters: 0 0 0

#Transform 110
Transform: AffineTransform_float_3_3
Parameters: 0.999966 -0.00804852 0.00175022 0.00811947 0.998959 -0.0449023 -0.00138675 0.0449157 0.99899 -0.0162459 2.436 -0.117292
FixedParameters: 0 0 0

#Transform 111
Transform: AffineTransform_float_3_3
Parameters: 0.999968 -0.00768968 0.00183844 0.00776229 0.999005 -0.0439041 -0.00149859 0.0439169 0.999034 -0.000330915 2.37059 -0.0623332
FixedParameters: 0 0 0

#Transform 112
Transform: AffineTransform_float_3_3
Parameters: 0.999988 -0.00476489 -0.00124272 0.00470114 0.998876 -0.0471524 0.00146529 0.0471466 0.998887 0.220917 2.54453 0.0459532
FixedParameters: 0 0 0

#Transform 113
Transform: AffineTransform_float_3_3
Parameters: 0.999986 -0.00503055 -0.00172 0.00494045 0.99878 -0.0491182 0.00196502 0.0491098 0.998791 0.223365 2.71197 -0.191248
FixedParameters: 0 0 0

#Transform 114
Transform: AffineTransform_float_3_3
Parameters: 0.999987 -0.00487893 -0.00104709 0.00482207 0.998796 -0.0488167 0.00128392 0.0488114 0.998807 0.140316 2.87058 -0.836521
FixedParameters: 0 0 0

#Transform 115
Transform: AffineTransform_float_3_3
Parameters: 0.999976 -0.00683608 -0.000419603 0.00680289 0.998487 -0.0545681 0.000792391 0.0545639 0.99851 0.0769264 3.05527 -0.287035
FixedParameters: 0 0 0

#Transform 116
Transform: AffineTransform_float_3_3
Parameters: 0.99998 -0.00640726 -0.000268563 0.00638472 0.998572 -0.0530368 0.000608477 0.0530342 0.998592 0.192463 2.78815 -0.0301544
FixedParameters: 0 0 0

#Transform 117
Transform: AffineTransform_float_3_3
Parameters: 0.999977 -0.0067924 -0.0011617 0.00672364 0.998665 -0.051212 0.00150728 0.051203 0.998687 0.168812 2.74804 -0.11345
FixedParameters: 0 0 0

#Transform 118
Transform: AffineTransform_float_3_3
Parameters: 0.999984 -0.00506221 -0.00223577 0.00493177 0.998483 -0.0548408 0.00251021 0.0548281 0.998492 0.181231 2.93334 -0.0973434
FixedParameters: 0 0 0

#Transform 119
Transform: AffineTransform_float_3_3
Parameters: 0.999987 -0.00483582 -0.0014822 0.00474419 0.99838 -0.0567018 0.00175381 0.0566942 0.99839 0.120628 3.06488 -0.0966573
FixedParameters: 0 0 0

#Transform 120
Transform: AffineTransform_float_3_3
Parameters: 0.999984 -0.00533292 -0.0014519 0.00524107 0.998376 -0.0567145 0.00175205 0.0567065 0.99839 0.0885958 3.06005 -0.120726
FixedParameters: 0 0 0

#Transform 121
Transform: AffineTransform_float_3_3
Parameters: 0.999988 -0.00494622 4.54122e-05 0.00493976 0.99818 -0.0601125 0.000252396 0.0601115 0.998191 0.0188492 3.25552 -0.110781
FixedParameters: 0 0 0

#Transform 122
Transform: AffineTransform_float_3_3
Parameters: 0.99999 -0.00441086 -0.00131286 0.00432213 0.998106 -0.0613553 0.00158115 0.0613487 0.998115 0.114448 3.28675 -0.0691321
FixedParameters: 0 0 0

#Transform 123
Transform: AffineTransform_float_3_3
Parameters: 0.999988 -0.00495539 -0.000649014 0.00490562 0.998089 -0.061595 0.000952964 0.0615911 0.998101 0.07708 3.29833 -0.0956734
FixedParameters: 0 0 0

#Transform 124
Transform: AffineTransform_float_3_3
Parameters: 0.99999 -0.00433765 -0.000420797 0.00430434 0.998137 -0.0608594 0.000684222 0.0608566 0.998147 0.0639425 3.25285 -0.0953022
FixedParameters: 0 0 0

#Transform 125
Transform: AffineTransform_float_3_3
Parameters: 0.99999 -0.00447575 -0.00120804 0.00439526 0.998181 -0.060138 0.00147498 0.0601321 0.99819 0.122189 3.19611 -0.0406997
FixedParameters: 0 0 0

#Transform 126
Transform: AffineTransform_float_3_3
Parameters: 0.999991 -0.00404773 -0.000647722 0.00400025 0.998152 -0.0606451 0.000892232 0.0606419 0.998159 0.0913258 3.20967 0.0228717
FixedParameters: 0 0 0

#Transform 127
Transform: AffineTransform_float_3_3
Parameters: 0.999993 -0.00368272 -0.000177675 0.00366632 0.998277 -0.058552 0.000392342 0.058551 0.998285 0.0292741 3.12451 -0.0539848
FixedParameters: 0 0 0

#Transform 128
Transform: AffineTransform_float_3_3
Parameters: 0.999992 -0.00395668 6.03922e-05 0.0039533 0.998131 -0.0609802 0.00018141 0.0609798 0.998139 0.0169214 3.31511 -0.159925
FixedParameters: 0 0 0

#Transform 129
Transform: AffineTransform_float_3_3
Parameters: 0.999991 -0.00400508 -0.000904393 0.00394094 0.998052 -0.0622631 0.0011516 0.0622589 0.99806 0.103509 3.36049 -0.0701766
FixedParameters: 0 0 0

#Transform 130
Transform: AffineTransform_float_3_3
Parameters: 0.999991 -0.00421171 -0.000781823 0.00415428 0.998059 -0.0621348 0.00104213 0.0621312 0.998067 0.0808268 3.3568 -0.12688
FixedParameters: 0 0 0

#Transform 131
Transform: AffineTransform_float_3_3
Parameters: 0.999991 -0.0042746 -0.00101686 0.0042024 0.998052 -0.0622569 0.0012811 0.0622511 0.998059 0.104422 3.37107 -0.117799
FixedParameters: 0 0 0

#Transform 132
Transform: AffineTransform_float_3_3
Parameters: 0.99999 -0.00439633 -0.000687666 0.00434571 0.998051 -0.0622506 0.000959379 0.0622474 0.998061 0.0497295 3.36923 -0.124155
FixedParameters: 0 0 0

#Transform 133
Transform: AffineTransform_float_3_3
Parameters: 0.999991 -0.00413888 -0.000893909 0.00407612 0.998095 -0.0615612 0.0011471 0.0615568 0.998103 0.0730954 3.33774 -0.136682
FixedParameters: 0 0 0

#Transform 134
Transform: AffineTransform_float_3_3
Parameters: 0.999991 -0.00411412 -0.000762704 0.00405886 0.998072 -0.0619246 0.00101628 0.0619203 0.99808 0.0628687 3.36599 -0.136629
FixedParameters: 0 0 0

#Transform 135
Transform: AffineTransform_float_3_3
Parameters: 0.999991 -0.00432912 -0.000755175 0.00427389 0.998068 -0.0619718 0.00102182 0.0619681 0.998077 0.0661596 3.36389 -0.158844
FixedParameters: 0 0 0

#Transform 136
Transform: AffineTransform_float_3_3
Parameters: 0.999989 -0.00465041 -0.000677946 0.00459959 0.998038 -0.0624428 0.000967088 0.0624382 0.998049 0.0804844 3.40801 -0.197423
FixedParameters: 0 0 0

#Transform 137
Transform: AffineTransform_float_3_3
Parameters: 0.999988 -0.00481147 -0.000811371 0.00475155 0.998014 -0.0628166 0.00111166 0.0628124 0.998024 0.0917501 3.4231 -0.241789
FixedParameters: 0 0 0

#Transform 138
Transform: AffineTransform_float_3_3
Parameters: 0.999984 -0.00576922 0.000413469 0.00578483 0.997275 -0.0735529 1.15294e-05 0.0735542 0.997291 -0.0330171 4.00134 -0.639387
FixedParameters: 0 0 0

#Transform 139
Transform: AffineTransform_float_3_3
Parameters: 0.999969 -0.0078722 0.00115305 0.0079328 0.997696 -0.067376 -0.000619893 0.067383 0.997727 -0.0895182 3.82933 -0.70621
FixedParameters: 0 0 0

#Transform 140
Transform: AffineTransform_float_3_3
Parameters: 0.999976 -0.0069275 0.00065185 0.00695551 0.997579 -0.0691841 -0.000171184 0.0691868 0.997603 0.0377706 3.76644 -0.333776
FixedParameters: 0 0 0

#Transform 141
Transform: AffineTransform_float_3_3
Parameters: 0.999982 -0.00609507 0.000161525 0.00609197 0.997682 -0.0677843 0.000251525 0.0677847 0.9977 0.087251 3.71433 -0.19378
FixedParameters: 0 0 0

#Transform 142
Transform: AffineTransform_float_3_3
Parameters: 0.999981 -0.00628047 1.2378e-08 0.00626654 0.997677 -0.0678313 0.000426047 0.0678297 0.997697 0.10002 3.73403 -0.280513
FixedParameters: 0 0 0

#Transform 143
Transform: AffineTransform_float_3_3
Parameters: 0.999983 -0.00574897 0.00101059 0.00579905 0.998204 -0.0596242 -0.000666406 0.0596289 0.998221 -0.00456055 3.33757 -0.497977
FixedParameters: 0 0 0

#Transform 144
Transform: AffineTransform_float_3_3
Parameters: 0.999968 -0.00797014 0.000190915 0.00796681 0.998119 -0.0607964 0.000294902 0.0607956 0.99815 -0.00663584 3.59018 -0.992404
FixedParameters: 0 0 0

#Transform 145
Transform: AffineTransform_float_3_3
Parameters: 0.999975 -0.00710072 0.00090729 0.00714327 0.998092 -0.0613401 -0.000469693 0.0613449 0.998116 0.0320793 3.44691 -0.573072
FixedParameters: 0 0 0

#Transform 146
Transform: AffineTransform_float_3_3
Parameters: 0.999977 -0.00665656 0.0005345 0.0066764 0.998 -0.0628599 -0.000114542 0.0628612 0.998022 -0.0160601 3.53759 -0.611283
FixedParameters: 0 0 0

#Transform 147
Transform: AffineTransform_float_3_3
Parameters: 0.999979 -0.00649054 0.000967538 0.00653943 0.997946 -0.063716 -0.000551434 0.0637209 0.997967 -0.0443973 3.62962 -0.684608
FixedParameters: 0 0 0

#Transform 148
Transform: AffineTransform_float_3_3
Parameters: 0.99998 -0.00635168 0.00103787 0.00640534 0.997937 -0.0638767 -0.000630112 0.0638824 0.997957 -0.0292003 3.64304 -0.531627
FixedParameters: 0 0 0

#Transform 149
Transform: AffineTransform_float_3_3
Parameters: 0.999981 -0.00611254 0.000594872 0.00613846 0.997957 -0.0635835 -0.000205096 0.0635865 0.997977 -0.00653719 3.65706 -0.583217
FixedParameters: 0 0 0

#Transform 150
Transform: AffineTransform_float_3_3
Parameters: 0.999982 -0.00608058 0.00012832 0.0060764 0.998097 -0.0613553 0.000245282 0.0613546 0.998116 0.0179821 3.56419 -0.648356
FixedParameters: 0 0 0

#Transform 151
Transform: AffineTransform_float_3_3
Parameters: 0.999973 -0.00723206 0.000575062 0.00725492 0.99795 -0.0635895 -0.000113882 0.0635915 0.997976 -0.0033793 3.63009 -0.557441
FixedParameters: 0 0 0

#Transform 152
Transform: AffineTransform_float_3_3
Parameters: 0.999976 -0.00680019 0.00167864 0.00689578 0.997804 -0.0658741 -0.00122637 0.065884 0.997827 -0.0217814 3.64224 -0.416424
FixedParameters: 0 0 0

#Transform 153
Transform: AffineTransform_float_3_3
Parameters: 0.999976 -0.00646912 0.00220016 0.00659886 0.997844 -0.065298 -0.00177284 0.065311 0.997864 -0.0805645 3.66536 -0.458467
FixedParameters: 0 0 0

#Transform 154
Transform: AffineTransform_float_3_3
Parameters: 0.999921 -0.00824496 0.00953996 0.00901004 0.996496 -0.0831456 -0.00882104 0.0832253 0.996491 -0.183035 4.34014 -0.287257
FixedParameters: 0 0 0

#Transform 155
Transform: AffineTransform_float_3_3
Parameters: 0.999924 -0.00959076 0.00767617 0.0102142 0.996263 -0.0857581 -0.0068248 0.0858309 0.996287 -0.171521 4.55996 -0.455637
FixedParameters: 0 0 0

#Transform 156
Transform: AffineTransform_float_3_3
Parameters: 0.999939 -0.00841331 0.00719089 0.0090257 0.995908 -0.0899135 -0.00640514 0.0899723 0.995923 -0.153026 4.77786 -0.497766
FixedParameters: 0 0 0

#Transform 157
Transform: AffineTransform_float_3_3
Parameters: 0.999948 -0.00877828 0.00523773 0.00919274 0.996317 -0.0852603 -0.00447028 0.0853047 0.996345 -0.0614991 4.57953 -0.453828
FixedParameters: 0 0 0

#Transform 158
Transform: AffineTransform_float_3_3
Parameters: 0.999965 -0.0072151 0.00422109 0.00752498 0.99687 -0.078707 -0.00364091 0.078736 0.996889 -0.0301423 4.19264 -0.297552
FixedParameters: 0 0 0

#Transform 159
Transform: AffineTransform_float_3_3
Parameters: 0.999967 -0.00644951 0.00480067 0.00679744 0.997045 -0.0765158 -0.00429236 0.0765462 0.997057 -0.114693 4.0953 -0.253745
FixedParameters: 0 0 0

#Transform 160
Transform: AffineTransform_float_3_3
Parameters: 0.999966 -0.00683181 0.00447081 0.00715019 0.997118 -0.0755186 -0.00394217 0.0755485 0.997135 -0.0670563 4.04448 -0.210836
FixedParameters: 0 0 0

#Transform 161
Transform: AffineTransform_float_3_3
Parameters: 0.999963 -0.00731582 0.00436657 0.00762421 0.99713 -0.0753214 -0.00380341 0.0753525 0.997149 -0.0325919 4.01052 -0.172716
FixedParameters: 0 0 0

#Transform 162
Transform: AffineTransform_float_3_3
Parameters: 0.999965 -0.00742446 0.00391539 0.0076965 0.997159 -0.0749234 -0.00334765 0.0749504 0.997181 0.0361601 3.94553 -0.121376
FixedParameters: 0 0 0

#Transform 163
Transform: AffineTransform_float_3_3
Parameters: 0.999964 -0.00746165 0.0039944 0.00774033 0.99716 -0.0749228 -0.00342358 0.0749513 0.997182 -0.0432867 4.00438 -0.248001
FixedParameters: 0 0 0

#Transform 164
Transform: AffineTransform_float_3_3
Parameters: 0.999969 -0.00697059 0.00363929 0.00722139 0.997228 -0.074055 -0.00311267 0.074079 0.997247 -0.0109444 3.98292 -0.246497
FixedParameters: 0 0 0

#Transform 165
Transform: AffineTransform_float_3_3
Parameters: 0.999963 -0.00776929 0.00371436 0.00802168 0.99727 -0.0733949 -0.00313358 0.073422 0.997296 -0.023162 3.95897 -0.264685
FixedParameters: 0 0 0

#Transform 166
Transform: AffineTransform_float_3_3
Parameters: 0.999963 -0.00771332 0.0038375 0.00797472 0.997254 -0.0736342 -0.00325952 0.0736619 0.997278 -0.0324027 3.96779 -0.279778
FixedParameters: 0 0 0

#Transform 167
Transform: AffineTransform_float_3_3
Parameters: 0.999965 -0.00739295 0.00372387 0.00764606 0.997282 -0.073279 -0.00317212 0.0733049 0.997304 -0.0269701 3.94957 -0.286576
FixedParameters: 0 0 0

#Transform 168
Transform: AffineTransform_float_3_3
Parameters: 0.999964 -0.00754515 0.00390873 0.00781087 0.997289 -0.0731772 -0.00334628 0.0732049 0.997312 -0.036269 3.96756 -0.291765
FixedParameters: 0 0 0

#Transform 169
Transform: AffineTransform_float_3_3
Parameters: 0.999962 -0.00765692 0.00419618 0.00794113 0.997338 -0.0724844 -0.00363081 0.0725155 0.99736 -0.0585327 3.93482 -0.297467
FixedParameters: 0 0 0

#Transform 170
Transform: AffineTransform_float_3_3
Parameters: 0.999964 -0.00773604 0.0036315 0.00797892 0.997337 -0.0724957 -0.0030605 0.0725223 0.997362 -0.0315621 3.93312 -0.292514
FixedParameters: 0 0 0

#Transform 171
Transform: AffineTransform_float_3_3
Parameters: 0.999966 -0.00757119 0.00347516 0.0078048 0.99732 -0.0727554 -0.00291478 0.0727796 0.997344 -0.028004 3.96911 -0.300678
FixedParameters: 0 0 0

#Transform 172
Transform: AffineTransform_float_3_3
Parameters: 0.999969 -0.00739652 0.00278053 0.00757344 0.99752 -0.0699832 -0.00225544 0.0700019 0.997545 -0.00390158 3.84797 -0.463286
FixedParameters: 0 0 0

#Transform 173
Transform: AffineTransform_float_3_3
Parameters: 0.999973 -0.00693093 0.00239592 0.00708007 0.997582 -0.0691289 -0.00191107 0.0691441 0.997605 0.0256784 3.84725 -0.48925
FixedParameters: 0 0 0

#Transform 174
Transform: AffineTransform_float_3_3
Parameters: 0.999974 -0.00671479 0.00232666 0.00685916 0.997605 -0.0688167 -0.00185832 0.0688312 0.997626 -0.0255123 3.84076 -0.517912
FixedParameters: 0 0 0

#Transform 175
Transform: AffineTransform_float_3_3
Parameters: 0.999971 -0.00716169 0.00230891 0.00730431 0.997588 -0.0690261 -0.00180907 0.0690409 0.997612 -0.0184415 3.82803 -0.474009
FixedParameters: 0 0 0

#Transform 176
Transform: AffineTransform_float_3_3
Parameters: 0.999972 -0.00718269 0.00211719 0.00731129 0.997576 -0.0692015 -0.00161486 0.0692156 0.997601 -0.00740284 3.82708 -0.453408
FixedParameters: 0 0 0

#Transform 177
Transform: AffineTransform_float_3_3
Parameters: 0.999974 -0.00691215 0.00211395 0.00704185 0.997573 -0.0692729 -0.00163005 0.069286 0.997595 -0.00365652 3.86009 -0.499572
FixedParameters: 0 0 0

#Transform 178
Transform: AffineTransform_float_3_3
Parameters: 0.999974 -0.00701676 0.00200923 0.00714024 0.997531 -0.0698715 -0.00151375 0.0698835 0.997554 0.0107737 3.90347 -0.525761
FixedParameters: 0 0 0

#Transform 179
Transform: AffineTransform_float_3_3
Parameters: 0.999975 -0.00680627 0.00218635 0.00694271 0.997507 -0.0702146 -0.00170267 0.0702283 0.997529 0.0110779 3.88198 -0.556537
FixedParameters: 0 0 0
