# transform file /out/sourcedata/freesurfer/sub-v2s8x29195_ses-1/mri/transforms/cc_up.lta
# created by oesteban on Sat Mar 14 02:25:12 2026

type      = 0 # LINEAR_VOX_TO_VOX
nxforms   = 1
mean      = 127.0000 127.0000 119.0000
sigma     = 10000.0000
1 4 4
9.983267188072205e-01 3.982463851571083e-02 -4.192610457539558e-02 2.443667411804199e+00 
-3.978956490755081e-02 9.992067217826843e-01 1.671017729677260e-03 2.295672225952148e+01 
4.195939004421234e-02 -2.328306436538696e-10 9.991192817687988e-01 1.276803779602051e+01 
0.000000000000000e+00 0.000000000000000e+00 0.000000000000000e+00 1.000000000000000e+00 
src volume info
valid = 1  # volume info valid
filename = /out/sourcedata/freesurfer/sub-v2s8x29195_ses-1/mri/norm.mgz
volume = 256 256 256
voxelsize = 1.000000000000000e+00 1.000000000000000e+00 1.000000000000000e+00
xras   = -1.000000000000000e+00 0.000000000000000e+00 0.000000000000000e+00
yras   = 0.000000000000000e+00 0.000000000000000e+00 -1.000000000000000e+00
zras   = 0.000000000000000e+00 1.000000000000000e+00 0.000000000000000e+00
cras   = -5.118011474609375e+00 1.000000000000000e+00 2.771072387695312e-01
dst volume info
valid = 1  # volume info valid
filename = /out/sourcedata/freesurfer/sub-v2s8x29195_ses-1/mri/norm.mgz
volume = 256 256 256
voxelsize = 1.000000000000000e+00 1.000000000000000e+00 1.000000000000000e+00
xras   = -1.000000000000000e+00 0.000000000000000e+00 0.000000000000000e+00
yras   = 0.000000000000000e+00 0.000000000000000e+00 -1.000000000000000e+00
zras   = 0.000000000000000e+00 1.000000000000000e+00 0.000000000000000e+00
cras   = -5.118011474609375e+00 1.000000000000000e+00 2.771072387695312e-01
