#Insight Transform File V1.0
#Transform 0
Transform: AffineTransform_float_3_3
Parameters: 1 -5.10456e-05 -0.000102977 5.09544e-05 1 -0.000443005 0.000103023 0.000442995 1 -0.0424523 -0.0741636 -0.332223
FixedParameters: 0 0 0

#Transform 1
Transform: AffineTransform_float_3_3
Parameters: 1 0.000576 -4.01267e-06 -0.000576 1 -2.19977e-05 3.98733e-06 2.20023e-05 1 0.0621328 0.125195 -0.000851185
FixedParameters: 0 0 0

#Transform 2
Transform: AffineTransform_float_3_3
Parameters: 0.999999 0.000956998 3.40258e-05 -0.000957 0.999999 2.69674e-05 -3.39741e-05 -2.70325e-05 1 0.0614349 0.183773 -0.00750048
FixedParameters: 0 0 0

#Transform 3
Transform: AffineTransform_float_3_3
Parameters: 0.999999 0.00106797 0.000664053 -0.00106803 1 4.92908e-05 -0.000663946 -5.07091e-05 1 0.0331103 0.228224 -0.0459826
FixedParameters: 0 0 0

#Transform 4
Transform: AffineTransform_float_3_3
Parameters: 1 0.000989142 -0.000281506 -0.00098886 1 0.000499279 0.000282494 -0.000499721 1 0.0933454 0.202015 -0.0801928
FixedParameters: 0 0 0

#Transform 5
Transform: AffineTransform_float_3_3
Parameters: 1 0.00110994 -0.000499145 -0.00111007 1 -0.000130446 0.000498855 0.000130554 1 0.130396 0.236317 -0.0882533
FixedParameters: 0 0 0

#Transform 6
Transform: AffineTransform_float_3_3
Parameters: 0.999999 0.000981199 -0.000764745 -0.000981803 1 0.000259751 0.000764254 -0.00025825 0.999999 0.132284 0.218751 -0.0744118
FixedParameters: 0 0 0

#Transform 7
Transform: AffineTransform_float_3_3
Parameters: 0.999998 0.00150628 -0.000563238 -0.00150571 0.999998 0.000505848 0.000563761 -0.000505151 0.999999 0.12603 0.204866 -0.0912049
FixedParameters: 0 0 0

#Transform 8
Transform: AffineTransform_float_3_3
Parameters: 0.999999 0.000813046 -0.000482922 -0.000812953 0.999999 9.63926e-05 0.000483078 -9.66072e-05 1 0.134598 0.251289 -0.10514
FixedParameters: 0 0 0

#Transform 9
Transform: AffineTransform_float_3_3
Parameters: 0.999998 0.00106279 -0.00127234 -0.00106221 0.999999 0.000620352 0.00127266 -0.000618648 0.999999 0.148429 0.196262 -0.0582609
FixedParameters: 0 0 0

#Transform 10
Transform: AffineTransform_float_3_3
Parameters: 0.999999 0.00105823 -0.000921739 -0.00105877 1 0.000246976 0.000921261 -0.000246025 0.999999 0.129348 0.235223 -0.0485785
FixedParameters: 0 0 0

#Transform 11
Transform: AffineTransform_float_3_3
Parameters: 0.999999 0.000915132 -0.0012189 -0.000914867 0.999999 0.000109115 0.0012191 -0.000107884 1 0.128564 0.241231 -0.0271438
FixedParameters: 0 0 0

#Transform 12
Transform: AffineTransform_float_3_3
Parameters: 0.999999 0.000713934 -0.000649072 -0.000714066 0.999999 -0.000101537 0.000648927 0.000101463 1 0.110472 0.236028 -0.0133925
FixedParameters: 0 0 0

#Transform 13
Transform: AffineTransform_float_3_3
Parameters: 0.999999 0.000572936 -0.000488075 -0.000573064 1 -0.00013072 0.000487925 0.00013028 1 0.108655 0.252017 -0.00586967
FixedParameters: 0 0 0

#Transform 14
Transform: AffineTransform_float_3_3
Parameters: 1 0.00107702 -0.000328941 -0.00107698 1 5.53543e-05 0.000329059 -5.46457e-05 1 0.0846823 0.211284 -0.0192362
FixedParameters: 0 0 0

#Transform 15
Transform: AffineTransform_float_3_3
Parameters: 1 0.00111202 -0.000281929 -0.00111198 1 6.43136e-05 0.000282072 -6.46864e-05 1 0.0657092 0.211311 -0.0144447
FixedParameters: 0 0 0

#Transform 16
Transform: AffineTransform_float_3_3
Parameters: 1 0.000989878 -0.000349348 -0.000990124 1 -0.000351654 0.000349651 0.000352346 1 0.0798692 0.249987 -0.0265343
FixedParameters: 0 0 0

#Transform 17
Transform: AffineTransform_float_3_3
Parameters: 0.999999 0.000573403 -0.00074869 -0.000572596 0.999999 0.000539429 0.000749308 -0.00053857 0.999999 0.0984512 0.215175 -0.0640202
FixedParameters: 0 0 0

#Transform 18
Transform: AffineTransform_float_3_3
Parameters: 0.999999 0.000495422 -0.000825746 -0.000495577 0.999999 0.000511409 0.000826253 -0.000511591 0.999999 0.104521 0.217194 -0.037503
FixedParameters: 0 0 0

#Transform 19
Transform: AffineTransform_float_3_3
Parameters: 0.999999 0.000629175 -0.000677836 -0.000628824 1 0.000259426 0.000678162 -0.000258573 0.999999 0.0731091 0.227308 -0.0386284
FixedParameters: 0 0 0

#Transform 20
Transform: AffineTransform_float_3_3
Parameters: 0.999999 0.000743447 -0.00121273 -0.000743553 0.999999 0.000368902 0.00121327 -0.000368098 0.999999 0.130048 0.220981 -0.0328125
FixedParameters: 0 0 0

#Transform 21
Transform: AffineTransform_float_3_3
Parameters: 0.999999 0.000822313 -0.000907717 -0.000821687 0.999999 0.000344746 0.000908283 -0.000344253 0.999999 0.110403 0.221232 -0.0362418
FixedParameters: 0 0 0

#Transform 22
Transform: AffineTransform_float_3_3
Parameters: 1 0.000879296 -0.000595563 -0.000878703 0.999999 0.000497523 0.000596438 -0.000497475 0.999999 0.0578458 0.228515 -0.039952
FixedParameters: 0 0 0

#Transform 23
Transform: AffineTransform_float_3_3
Parameters: 1 0.000138097 -0.000290954 -0.000137903 1 0.00033304 0.000291046 -0.00033296 1 0.0563292 0.243223 -0.054077
FixedParameters: 0 0 0

#Transform 24
Transform: AffineTransform_float_3_3
Parameters: 0.999998 0.000768174 -0.0014159 -0.000767825 0.999999 0.000124087 0.00141509 -0.000122913 0.999999 0.176284 0.21621 0.000901403
FixedParameters: 0 0 0

#Transform 25
Transform: AffineTransform_float_3_3
Parameters: 0.999998 0.00119725 -0.00106072 -0.00119675 1 0.00023427 0.00106028 -0.000232731 1 0.156929 0.234534 -0.0239877
FixedParameters: 0 0 0

#Transform 26
Transform: AffineTransform_float_3_3
Parameters: 0.999998 0.00096232 -0.00187684 -0.000961681 1 0.000170805 0.00187716 -0.000169194 0.999998 0.182824 0.243676 -0.0145639
FixedParameters: 0 0 0

#Transform 27
Transform: AffineTransform_float_3_3
Parameters: 0.999998 0.00146412 -0.00118485 -0.00146388 0.999999 0.000101735 0.00118515 -0.000100265 1 0.175584 0.222941 -0.00135099
FixedParameters: 0 0 0

#Transform 28
Transform: AffineTransform_float_3_3
Parameters: 0.999999 0.00104672 -0.00147849 -0.00104628 1 0.000490548 0.00147951 -0.000488452 0.999999 0.135627 0.220439 -0.048463
FixedParameters: 0 0 0

#Transform 29
Transform: AffineTransform_float_3_3
Parameters: 1 0.001187 -9.47297e-06 -0.001187 0.999999 0.000444012 9.52702e-06 -0.000443989 1 0.0212114 0.24654 -0.132163
FixedParameters: 0 0 0

#Transform 30
Transform: AffineTransform_float_3_3
Parameters: 1 0.00043429 -0.000909862 -0.000433711 1 0.000318395 0.000910138 -0.000318605 0.999999 0.0867321 0.26731 -0.164714
FixedParameters: 0 0 0

#Transform 31
Transform: AffineTransform_float_3_3
Parameters: 0.999999 0.00107505 -0.00112896 -0.00107495 1 4.12137e-05 0.00112904 -4.07863e-05 1 0.156787 0.291495 -0.138685
FixedParameters: 0 0 0

#Transform 32
Transform: AffineTransform_float_3_3
Parameters: 0.999999 0.000812344 -0.000992719 -0.000811656 0.999999 0.000346806 0.000993282 -0.000346193 1 0.0957235 0.274157 -0.169313
FixedParameters: 0 0 0

#Transform 33
Transform: AffineTransform_float_3_3
Parameters: 0.999999 0.000822948 -0.000941045 -0.000823051 0.999999 -5.42255e-05 0.000940954 5.57744e-05 0.999999 0.0830649 0.280088 -0.178547
FixedParameters: 0 0 0

#Transform 34
Transform: AffineTransform_float_3_3
Parameters: 0.999998 0.000643167 -0.00151793 -0.000642832 1 0.000110976 0.00151807 -0.000110024 0.999999 0.140078 0.262129 -0.0675121
FixedParameters: 0 0 0

#Transform 35
Transform: AffineTransform_float_3_3
Parameters: 0.999998 0.000889443 -0.00133404 -0.000887556 0.999999 0.00108218 0.00133496 -0.00108081 0.999998 0.11852 0.200901 -0.0667972
FixedParameters: 0 0 0

#Transform 36
Transform: AffineTransform_float_3_3
Parameters: 0.999999 0.000642799 -0.00107812 -0.000643201 1 -0.000186307 0.00107788 0.000186693 1 0.0899521 0.291254 -0.0589017
FixedParameters: 0 0 0

#Transform 37
Transform: AffineTransform_float_3_3
Parameters: 0.999998 0.000950355 -0.00135375 -0.000949644 1 0.000263286 0.00135425 -0.000261713 0.999999 0.152755 0.232362 -0.015067
FixedParameters: 0 0 0

#Transform 38
Transform: AffineTransform_float_3_3
Parameters: 0.999994 0.000760768 -0.00332628 -0.000761233 0.999999 -0.00036947 0.00332572 0.000371532 0.999995 0.318983 0.192071 0.141133
FixedParameters: 0 0 0

#Transform 39
Transform: AffineTransform_float_3_3
Parameters: 0.999999 0.000635595 -0.00141173 -0.000635405 0.999999 0.000421897 0.00141127 -0.000421103 0.999999 0.1731 0.223852 -0.00821812
FixedParameters: 0 0 0

#Transform 40
Transform: AffineTransform_float_3_3
Parameters: 0.999998 0.000453384 -0.00155189 -0.000453616 1 0.000247704 0.00155211 -0.000247297 0.999999 0.159183 0.199325 0.0310093
FixedParameters: 0 0 0

#Transform 41
Transform: AffineTransform_float_3_3
Parameters: 0.999999 0.000573306 -0.000808074 -0.000571693 0.999998 0.00161646 0.000808925 -0.00161554 0.999999 0.0826653 0.142628 0.0191877
FixedParameters: 0 0 0

#Transform 42
Transform: AffineTransform_float_3_3
Parameters: 0.999999 0.000387687 -0.00119946 -0.000386314 0.999999 0.00140646 0.00119954 -0.00140554 0.999999 0.114589 0.15341 0.00789018
FixedParameters: 0 0 0

#Transform 43
Transform: AffineTransform_float_3_3
Parameters: 0.999997 0.000234842 -0.0022597 -0.000232156 0.999999 0.00125853 0.00226029 -0.00125747 0.999996 0.278643 0.204027 -0.0177833
FixedParameters: 0 0 0

#Transform 44
Transform: AffineTransform_float_3_3
Parameters: 0.999998 0.000708972 -0.0018715 -0.000705029 0.999998 0.00212132 0.0018735 -0.00212068 0.999996 0.143498 0.174979 -0.0816303
FixedParameters: 0 0 0

#Transform 45
Transform: AffineTransform_float_3_3
Parameters: 0.999998 0.000457902 -0.00182503 -0.000454098 0.999997 0.00213783 0.00182598 -0.00213717 0.999996 0.136922 0.213255 -0.12276
FixedParameters: 0 0 0

#Transform 46
Transform: AffineTransform_float_3_3
Parameters: 0.999998 0.000257597 -0.00196653 -0.000253403 0.999999 0.0018295 0.00196647 -0.0018285 0.999997 0.145934 0.225864 -0.131252
FixedParameters: 0 0 0

#Transform 47
Transform: AffineTransform_float_3_3
Parameters: 0.999999 0.000461677 -0.00171455 -0.000460325 1 0.000977791 0.00171445 -0.00097721 0.999998 0.12081 0.249641 -0.110791
FixedParameters: 0 0 0

#Transform 48
Transform: AffineTransform_float_3_3
Parameters: 0.999999 0.000353082 -0.00183479 -0.000351917 1 0.000590647 0.00183421 -0.000589353 0.999998 0.118629 0.264096 -0.0595528
FixedParameters: 0 0 0

#Transform 49
Transform: AffineTransform_float_3_3
Parameters: 0.999998 0.00031329 -0.00197148 -0.00031071 0.999998 0.00166861 0.00197252 -0.00166838 0.999996 0.105648 0.186277 -0.0509919
FixedParameters: 0 0 0

#Transform 50
Transform: AffineTransform_float_3_3
Parameters: 0.999997 0.00126548 -0.00181828 -0.00126252 0.999999 0.0013653 0.00182072 -0.0013627 0.999998 0.148323 0.227016 -0.0338271
FixedParameters: 0 0 0

#Transform 51
Transform: AffineTransform_float_3_3
Parameters: 0.999998 0.000534328 -0.00224869 -0.000533674 0.999999 0.000590202 0.00224832 -0.0005898 0.999998 0.210602 0.248745 -0.00860082
FixedParameters: 0 0 0

#Transform 52
Transform: AffineTransform_float_3_3
Parameters: 0.999998 0.000316778 -0.00199188 -0.000316222 1 0.000390631 0.00199212 -0.00039037 0.999998 0.214297 0.221833 0.0211914
FixedParameters: 0 0 0

#Transform 53
Transform: AffineTransform_float_3_3
Parameters: 0.999997 0.00016403 -0.00240693 -0.000162969 1 0.000428393 0.00240707 -0.000427606 0.999997 0.24734 0.22188 0.0312432
FixedParameters: 0 0 0

#Transform 54
Transform: AffineTransform_float_3_3
Parameters: 1 0.000111602 -0.00112394 -0.000111397 1 0.000536126 0.00112406 -0.000535875 0.999999 0.108804 0.217483 0.00950313
FixedParameters: 0 0 0

#Transform 55
Transform: AffineTransform_float_3_3
Parameters: 1 -0.000101065 -0.00117808 0.000101935 0.999999 0.00079388 0.00117792 -0.000794119 0.999999 0.101425 0.191121 0.0164384
FixedParameters: 0 0 0

#Transform 56
Transform: AffineTransform_float_3_3
Parameters: 0.999998 0.000424229 -0.00206054 -0.000421771 1 0.00108187 0.00206146 -0.00108113 0.999998 0.18634 0.169652 0.0410277
FixedParameters: 0 0 0

#Transform 57
Transform: AffineTransform_float_3_3
Parameters: 0.999999 0.000222482 -0.000980891 -0.000222517 1 0.000492219 0.000981109 -0.000491782 1 0.0918932 0.205602 -0.0245389
FixedParameters: 0 0 0

#Transform 58
Transform: AffineTransform_float_3_3
Parameters: 0.999999 0.000623162 -0.00123591 -0.000620837 0.999999 0.00174977 0.00123709 -0.00174823 0.999997 0.0864206 0.154539 0.0134921
FixedParameters: 0 0 0

#Transform 59
Transform: AffineTransform_float_3_3
Parameters: 0.999999 0.000105934 -0.00124592 -0.000105065 0.999999 0.000750131 0.00124608 -0.000749868 0.999999 0.0890017 0.185217 0.0162066
FixedParameters: 0 0 0

#Transform 60
Transform: AffineTransform_float_3_3
Parameters: 0.999999 -6.74229e-05 -0.000913043 6.75769e-05 1 0.000631939 0.000912957 -0.000632062 1 0.0582231 0.20965 0.0128071
FixedParameters: 0 0 0

#Transform 61
Transform: AffineTransform_float_3_3
Parameters: 0.999999 4.86952e-05 -0.00139898 -4.73046e-05 1 0.000497067 0.00139902 -0.000496932 0.999999 0.120125 0.210568 0.0314259
FixedParameters: 0 0 0

#Transform 62
Transform: AffineTransform_float_3_3
Parameters: 1 -5.29183e-05 -0.00108605 5.40816e-05 0.999999 0.000995941 0.00108595 -0.000996057 0.999999 0.105629 0.180405 0.013746
FixedParameters: 0 0 0

#Transform 63
Transform: AffineTransform_float_3_3
Parameters: 1 -0.000262098 -0.00102123 0.000263901 0.999999 0.000882731 0.00102077 -0.000883268 0.999999 0.0827003 0.205444 0.0132542
FixedParameters: 0 0 0

#Transform 64
Transform: AffineTransform_float_3_3
Parameters: 0.999998 -0.000286215 -0.00158214 0.000286786 1 0.000496547 0.00158186 -0.000496453 0.999998 0.158826 0.208186 0.0281362
FixedParameters: 0 0 0

#Transform 65
Transform: AffineTransform_float_3_3
Parameters: 1 -0.000526569 -0.00108121 0.00052743 1 0.00039743 0.00108079 -0.000398569 1 0.114494 0.231021 0.0152572
FixedParameters: 0 0 0

#Transform 66
Transform: AffineTransform_float_3_3
Parameters: 0.999999 -0.000602487 -0.00115627 0.000603513 0.999999 0.000443303 0.00115673 -0.000443697 0.999999 0.110978 0.212522 0.0384933
FixedParameters: 0 0 0

#Transform 67
Transform: AffineTransform_float_3_3
Parameters: 1 -0.000879896 -0.000804114 0.000880104 0.999999 0.000129292 0.000803886 -0.000129707 0.999999 0.0855341 0.224787 0.0225631
FixedParameters: 0 0 0

#Transform 68
Transform: AffineTransform_float_3_3
Parameters: 0.999999 -0.000879551 -0.00100739 0.000879448 0.999999 0.000445114 0.00100661 -0.000445886 1 0.0951065 0.2342 0.0142183
FixedParameters: 0 0 0

#Transform 69
Transform: AffineTransform_float_3_3
Parameters: 1 -0.000512192 -0.00110637 0.000512807 0.999999 0.000729433 0.00110563 -0.000730567 0.999999 0.104161 0.180049 0.0370235
FixedParameters: 0 0 0

#Transform 70
Transform: AffineTransform_float_3_3
Parameters: 0.999999 -0.000686311 -0.00128137 0.000687688 0.999999 0.000537119 0.00128063 -0.000537879 0.999999 0.0951689 0.19905 0.0393993
FixedParameters: 0 0 0

#Transform 71
Transform: AffineTransform_float_3_3
Parameters: 0.999999 -0.000879508 -0.00125235 0.000879491 0.999999 0.000391899 0.00125165 -0.000393101 0.999999 0.079389 0.212274 0.0322774
FixedParameters: 0 0 0

#Transform 72
Transform: AffineTransform_float_3_3
Parameters: 0.999999 -0.00087918 -0.00123758 0.00087982 1 0.000661912 0.00123742 -0.000663089 0.999999 0.0844427 0.199691 0.0386837
FixedParameters: 0 0 0

#Transform 73
Transform: AffineTransform_float_3_3
Parameters: 0.999998 -0.000879675 -0.0013882 0.000879323 0.999999 0.00023278 0.00138779 -0.000234221 0.999999 0.102055 0.228242 0.0557663
FixedParameters: 0 0 0

#Transform 74
Transform: AffineTransform_float_3_3
Parameters: 0.999999 -0.000965078 -0.0014936 0.000965923 1 0.000616558 0.0014934 -0.000618442 0.999998 0.129248 0.190179 0.0428985
FixedParameters: 0 0 0

#Transform 75
Transform: AffineTransform_float_3_3
Parameters: 0.999998 -0.000841516 -0.00140729 0.000842482 0.999999 0.000342815 0.00140671 -0.000344184 0.999999 0.117479 0.229425 0.0501441
FixedParameters: 0 0 0

#Transform 76
Transform: AffineTransform_float_3_3
Parameters: 0.999999 -0.0011403 -0.00108574 0.0011407 0.999999 0.000645763 0.00108526 -0.000647239 0.999999 0.0882912 0.218657 0.0312111
FixedParameters: 0 0 0

#Transform 77
Transform: AffineTransform_float_3_3
Parameters: 0.999999 -0.000883438 -0.00102934 0.000885562 0.999999 0.00151809 0.00102766 -0.00151891 0.999999 0.0817343 0.138215 0.0725995
FixedParameters: 0 0 0

#Transform 78
Transform: AffineTransform_float_3_3
Parameters: 0.999996 -0.00063109 -0.00281656 0.000637911 0.999997 0.00245321 0.00281544 -0.00245479 0.999993 0.266689 0.112561 0.109775
FixedParameters: 0 0 0

#Transform 79
Transform: AffineTransform_float_3_3
Parameters: 0.999999 -0.000403981 -0.00133201 0.000403018 1 1.34632e-05 0.00133199 -1.45381e-05 0.999999 0.0977198 0.228372 0.0678881
FixedParameters: 0 0 0

#Transform 80
Transform: AffineTransform_float_3_3
Parameters: 1 -0.000753786 -0.00063245 0.000755215 0.999998 0.00192152 0.00063155 -0.00192248 0.999998 0.027805 0.148715 0.0703594
FixedParameters: 0 0 0

#Transform 81
Transform: AffineTransform_float_3_3
Parameters: 0.999999 -0.000782883 -0.00161954 0.000784116 0.999999 0.000688731 0.00161946 -0.000690269 0.999999 0.132082 0.196306 0.0569685
FixedParameters: 0 0 0

#Transform 82
Transform: AffineTransform_float_3_3
Parameters: 0.999999 -0.00088862 -0.00113408 0.00089038 0.999999 0.00121699 0.00113292 -0.00121801 0.999998 0.0883814 0.202295 0.0319539
FixedParameters: 0 0 0

#Transform 83
Transform: AffineTransform_float_3_3
Parameters: 0.999999 -0.0012883 -0.000604371 0.0012887 0.999999 -0.000488779 0.00060563 0.00048822 0.999999 0.084248 0.276818 0.00998047
FixedParameters: 0 0 0

#Transform 84
Transform: AffineTransform_float_3_3
Parameters: 0.999999 -0.00102499 -0.0014907 0.00102602 0.999999 0.000680472 0.0014903 -0.000681529 0.999998 0.126699 0.208196 0.0337441
FixedParameters: 0 0 0

#Transform 85
Transform: AffineTransform_float_3_3
Parameters: 0.999999 -0.000703962 -0.00162845 0.00070504 0.999999 0.000637852 0.00162855 -0.000638147 0.999998 0.13789 0.206647 0.0559769
FixedParameters: 0 0 0

#Transform 86
Transform: AffineTransform_float_3_3
Parameters: 0.999994 -0.000360655 -0.00345546 0.000364344 0.999999 0.00125675 0.00345455 -0.00125825 0.999993 0.342584 0.168433 0.155138
FixedParameters: 0 0 0

#Transform 87
Transform: AffineTransform_float_3_3
Parameters: 0.999998 -0.00061569 -0.00194673 0.000618311 0.999999 0.0011868 0.00194627 -0.0011872 0.999998 0.174192 0.180877 0.0604756
FixedParameters: 0 0 0

#Transform 88
Transform: AffineTransform_float_3_3
Parameters: 0.999996 -0.000615174 -0.00254168 0.000618823 0.999999 0.00111043 0.00254031 -0.00111257 0.999996 0.229459 0.210616 0.0865996
FixedParameters: 0 0 0

#Transform 89
Transform: AffineTransform_float_3_3
Parameters: 0.999998 -0.000770314 -0.00190128 0.000770685 0.999999 0.000359535 0.00190172 -0.000361466 0.999998 0.187685 0.2224 0.115516
FixedParameters: 0 0 0

#Transform 90
Transform: AffineTransform_float_3_3
Parameters: 0.999998 -0.000521615 -0.00181311 0.000521385 1 0.000212055 0.00181289 -0.000212946 0.999999 0.150193 0.205804 0.0775973
FixedParameters: 0 0 0

#Transform 91
Transform: AffineTransform_float_3_3
Parameters: 0.999997 -0.000521039 -0.00239921 0.00052196 1 0.000399749 0.00239879 -0.000401251 0.999997 0.192214 0.224802 0.0535827
FixedParameters: 0 0 0

#Transform 92
Transform: AffineTransform_float_3_3
Parameters: 0.999999 -0.000255103 -0.00151398 0.000254897 1 -6.8386e-05 0.00151402 6.76138e-05 0.999999 0.123631 0.296958 0.0353626
FixedParameters: 0 0 0

#Transform 93
Transform: AffineTransform_float_3_3
Parameters: 0.999998 -0.00117082 -0.00125317 0.00117018 1 0.000143534 0.00125383 -0.000144468 0.999999 0.112141 0.306337 0.00567929
FixedParameters: 0 0 0

#Transform 94
Transform: AffineTransform_float_3_3
Parameters: 0.999998 -0.000136847 -0.00226407 0.000138152 1 0.000508689 0.00226393 -0.000509311 0.999998 0.20733 0.251235 0.00574946
FixedParameters: 0 0 0

#Transform 95
Transform: AffineTransform_float_3_3
Parameters: 0.999998 -0.000824284 -0.00209168 0.000825718 1 0.000820276 0.00209132 -0.000821727 0.999998 0.167036 0.244476 0.0327516
FixedParameters: 0 0 0

#Transform 96
Transform: AffineTransform_float_3_3
Parameters: 0.999998 -0.00106753 -0.00169056 0.00107047 0.999999 0.00145819 0.00168944 -0.00146081 0.999997 0.142063 0.177622 0.0367387
FixedParameters: 0 0 0

#Transform 97
Transform: AffineTransform_float_3_3
Parameters: 0.999999 -0.00161215 -0.000899736 0.00161185 0.999998 -0.00016445 0.000900263 0.000162549 0.999999 0.120962 0.266145 0.0197245
FixedParameters: 0 0 0

#Transform 98
Transform: AffineTransform_float_3_3
Parameters: 0.999997 -0.00131702 -0.00199931 0.00131898 0.999998 0.000991365 0.00199769 -0.000993633 0.999997 0.168165 0.219067 0.0532034
FixedParameters: 0 0 0

#Transform 99
Transform: AffineTransform_float_3_3
Parameters: 0.999999 -0.00098151 -0.00157331 0.000982491 1 0.000310455 0.00157369 -0.000312545 0.999998 0.0885871 0.246644 0.053102
FixedParameters: 0 0 0

#Transform 100
Transform: AffineTransform_float_3_3
Parameters: 0.999998 -0.000665243 -0.00188897 0.000667756 0.999998 0.00145874 0.00188803 -0.00146026 0.999997 0.131414 0.218659 0.095872
FixedParameters: 0 0 0

#Transform 101
Transform: AffineTransform_float_3_3
Parameters: 0.999997 -0.00110514 -0.00192706 0.00110685 0.999999 0.000961869 0.00192593 -0.00096413 0.999997 0.136764 0.22953 0.0811643
FixedParameters: 0 0 0

#Transform 102
Transform: AffineTransform_float_3_3
Parameters: 0.999997 -0.000696821 -0.00244034 0.000697176 0.999999 0.0004813 0.00244066 -0.000483702 0.999997 0.209498 0.234328 0.137284
FixedParameters: 0 0 0

#Transform 103
Transform: AffineTransform_float_3_3
Parameters: 0.999998 -0.00153932 -0.00113129 0.00154168 0.999997 0.00148526 0.00112871 -0.00148774 0.999999 0.0926902 0.201066 0.045768
FixedParameters: 0 0 0

#Transform 104
Transform: AffineTransform_float_3_3
Parameters: 0.999997 -0.00235558 0.000625064 0.00235442 0.999994 0.00252148 -0.000630936 -0.00251952 0.999996 0.0247384 0.205279 0.0312464
FixedParameters: 0 0 0

#Transform 105
Transform: AffineTransform_float_3_3
Parameters: 0.999996 -0.0027882 0.000707371 0.0027868 0.999992 0.00309698 -0.000716631 -0.00309502 0.999995 0.0344167 0.165475 0.0582004
FixedParameters: 0 0 0

#Transform 106
Transform: AffineTransform_float_3_3
Parameters: 0.999992 -0.00400975 0.00025992 0.00400925 0.999992 -0.000976967 -0.000256081 0.000978036 1 0.0679395 0.249722 0.0445924
FixedParameters: 0 0 0

#Transform 107
Transform: AffineTransform_float_3_3
Parameters: 0.999994 -0.00357646 0.000585139 0.00357454 0.99999 0.00247911 -0.000593859 -0.00247689 0.999997 0.0558187 0.132862 0.0762968
FixedParameters: 0 0 0

#Transform 108
Transform: AffineTransform_float_3_3
Parameters: 0.999995 -0.00288052 0.00126502 0.00287648 0.999992 0.00277365 -0.00127298 -0.00277035 0.999996 0.0133848 0.129634 0.0798084
FixedParameters: 0 0 0

#Transform 109
Transform: AffineTransform_float_3_3
Parameters: 0.999995 -0.00297295 0.000973019 0.00297005 0.999991 0.0030239 -0.000981982 -0.0030211 0.999995 0.044021 0.128078 0.070548
FixedParameters: 0 0 0

#Transform 110
Transform: AffineTransform_float_3_3
Parameters: 0.999995 -0.00323287 -0.000102134 0.00323313 0.999994 0.00127868 9.88644e-05 -0.00127933 0.999999 0.145385 0.18069 0.199451
FixedParameters: 0 0 0

#Transform 111
Transform: AffineTransform_float_3_3
Parameters: 0.999994 -0.00316826 -0.000734206 0.00316874 0.999995 0.00101068 0.000730793 -0.00101332 0.999999 0.163657 0.173427 0.187176
FixedParameters: 0 0 0

#Transform 112
Transform: AffineTransform_float_3_3
Parameters: 0.999998 -0.00187419 -0.000367152 0.00187481 0.999996 0.00221432 0.00036285 -0.00221468 0.999998 0.0498701 0.100071 0.154852
FixedParameters: 0 0 0

#Transform 113
Transform: AffineTransform_float_3_3
Parameters: 0.999996 -0.00286213 0.000240479 0.00286187 0.999996 0.00053169 -0.000242519 -0.000530308 1 0.0568238 0.217537 0.138854
FixedParameters: 0 0 0

#Transform 114
Transform: AffineTransform_float_3_3
Parameters: 0.999995 -0.00334733 0.000318095 0.00334867 0.999992 -0.00211895 -0.000310903 0.00212005 0.999997 0.0825193 0.339634 0.0936224
FixedParameters: 0 0 0

#Transform 115
Transform: AffineTransform_float_3_3
Parameters: 0.999996 -0.00303898 2.33762e-05 0.00303902 0.999995 -0.00111093 -1.96236e-05 0.00111106 1 0.0704849 0.304903 0.0721446
FixedParameters: 0 0 0

#Transform 116
Transform: AffineTransform_float_3_3
Parameters: 0.999994 -0.00334743 0.000545482 0.00334857 0.999994 -0.00103918 -0.000541518 0.00104082 1 0.0720151 0.322095 0.0660501
FixedParameters: 0 0 0

#Transform 117
Transform: AffineTransform_float_3_3
Parameters: 0.999996 -0.00307405 -0.000137945 0.00307395 0.999995 -0.000343426 0.000139054 0.000342574 1 0.120256 0.276023 0.0773796
FixedParameters: 0 0 0

#Transform 118
Transform: AffineTransform_float_3_3
Parameters: 0.999995 -0.0030976 0.00029819 0.0030984 0.999995 -0.00135208 -0.00029481 0.00135292 0.999999 0.0777759 0.305312 0.0824336
FixedParameters: 0 0 0

#Transform 119
Transform: AffineTransform_float_3_3
Parameters: 0.999996 -0.00284112 -0.000387143 0.00284088 0.999996 -0.000302101 0.000387856 0.000300899 1 0.105015 0.287509 0.0874398
FixedParameters: 0 0 0

#Transform 120
Transform: AffineTransform_float_3_3
Parameters: 0.999998 -0.00226424 -0.00058207 0.00226376 0.999998 -0.000411319 0.000582929 0.000409681 0.999999 0.104088 0.286694 0.0429476
FixedParameters: 0 0 0

#Transform 121
Transform: AffineTransform_float_3_3
Parameters: 0.999996 -0.00281347 -0.000305678 0.00281353 0.999995 -0.00153687 0.000310321 0.00153513 0.999999 0.066738 0.338371 0.104584
FixedParameters: 0 0 0

#Transform 122
Transform: AffineTransform_float_3_3
Parameters: 0.999996 -0.00260726 -0.00028059 0.00260674 0.999996 -0.000924735 0.00028341 0.000924265 1 0.0532365 0.296563 0.0598092
FixedParameters: 0 0 0

#Transform 123
Transform: AffineTransform_float_3_3
Parameters: 0.999997 -0.00271232 -0.000279883 0.00271268 0.999995 -0.00114976 0.000283119 0.00114924 1 0.0817875 0.334586 0.0772746
FixedParameters: 0 0 0

#Transform 124
Transform: AffineTransform_float_3_3
Parameters: 0.999997 -0.00237976 -0.000635164 0.00237924 0.999997 -0.00119252 0.000637837 0.00119149 0.999999 0.115298 0.319276 0.112201
FixedParameters: 0 0 0

#Transform 125
Transform: AffineTransform_float_3_3
Parameters: 0.999997 -0.00264829 -0.000457343 0.00264871 0.999997 -0.000626214 0.000459657 0.000624785 0.999999 0.0759754 0.296964 0.0917394
FixedParameters: 0 0 0

#Transform 126
Transform: AffineTransform_float_3_3
Parameters: 0.999996 -0.00255114 -0.000538345 0.00255086 0.999996 -0.000257374 0.000538654 0.000255627 1 0.092832 0.272332 0.100413
FixedParameters: 0 0 0

#Transform 127
Transform: AffineTransform_float_3_3
Parameters: 0.999997 -0.00235598 -0.000422143 0.00235603 0.999997 6.00056e-05 0.000421857 -6.09941e-05 1 0.0866231 0.266292 0.119126
FixedParameters: 0 0 0

#Transform 128
Transform: AffineTransform_float_3_3
Parameters: 0.999992 -0.00403867 0.000249329 0.00403832 0.999991 -0.001319 -0.000243672 0.00132 0.999999 0.326797 0.383299 0.0408536
FixedParameters: 0 0 0

#Transform 129
Transform: AffineTransform_float_3_3
Parameters: 0.999991 -0.00382878 -0.00168897 0.00382722 0.999992 -0.00105647 0.00169303 0.00104953 0.999998 0.315926 0.395741 0.0385791
FixedParameters: 0 0 0

#Transform 130
Transform: AffineTransform_float_3_3
Parameters: 0.999995 -0.00271006 -0.00175537 0.00270894 0.999996 -0.000603759 0.00175663 0.000599243 0.999999 0.245351 0.344204 0.0500649
FixedParameters: 0 0 0

#Transform 131
Transform: AffineTransform_float_3_3
Parameters: 0.999994 -0.00298829 -0.00142829 0.00298771 0.999995 -0.000907272 0.0014307 0.000902729 0.999998 0.187855 0.386339 0.0474131
FixedParameters: 0 0 0

#Transform 132
Transform: AffineTransform_float_3_3
Parameters: 0.999996 -0.00145954 -0.00237029 0.00146047 0.999999 0.000194539 0.00236971 -0.000197459 0.999997 0.244814 0.393048 -0.0741252
FixedParameters: 0 0 0

#Transform 133
Transform: AffineTransform_float_3_3
Parameters: 0.999996 -0.00116066 -0.0025487 0.00116034 1 -0.000261958 0.0025483 0.000259043 0.999996 0.337728 0.506892 -0.323075
FixedParameters: 0 0 0

#Transform 134
Transform: AffineTransform_float_3_3
Parameters: 0.999988 -0.00114633 -0.00464015 0.00115967 0.999995 0.00272965 0.00463685 -0.00273434 0.999985 0.429376 0.232865 -0.0202741
FixedParameters: 0 0 0

#Transform 135
Transform: AffineTransform_float_3_3
Parameters: 0.999997 -0.00107375 -0.00228547 0.00107925 0.999997 0.00229654 0.00228353 -0.00229846 0.999995 0.195005 0.240839 -0.0154437
FixedParameters: 0 0 0

#Transform 136
Transform: AffineTransform_float_3_3
Parameters: 0.999996 -0.0016692 -0.00233301 0.0016728 0.999998 0.0012001 0.00233099 -0.0012039 0.999996 0.202891 0.287197 0.0154187
FixedParameters: 0 0 0

#Transform 137
Transform: AffineTransform_float_3_3
Parameters: 0.999996 -0.00187945 -0.00243874 0.00188255 0.999997 0.00145242 0.00243526 -0.00145758 0.999996 0.216413 0.281654 0.0337889
FixedParameters: 0 0 0

#Transform 138
Transform: AffineTransform_float_3_3
Parameters: 0.999995 -0.00166347 -0.00274992 0.00166553 0.999998 0.000553423 0.00274907 -0.000558576 0.999996 0.306644 0.296554 0.0559079
FixedParameters: 0 0 0

#Transform 139
Transform: AffineTransform_float_3_3
Parameters: 0.999996 -0.0021969 -0.00141315 0.0021971 0.999997 6.78954e-05 0.00141285 -7.11041e-05 0.999999 0.196889 0.324615 0.0276944
FixedParameters: 0 0 0

#Transform 140
Transform: AffineTransform_float_3_3
Parameters: 0.999995 -0.0027336 -0.00167991 0.0027364 0.999995 0.00142641 0.00167509 -0.00143059 0.999997 0.171013 0.251222 0.0367078
FixedParameters: 0 0 0

#Transform 141
Transform: AffineTransform_float_3_3
Parameters: 0.999995 -0.00273558 -0.00188361 0.00273642 0.999996 0.000220847 0.00188239 -0.000226151 0.999998 0.243588 0.319927 0.0612492
FixedParameters: 0 0 0

#Transform 142
Transform: AffineTransform_float_3_3
Parameters: 0.999991 -0.00309015 -0.00297792 0.00309185 0.999995 0.000616799 0.00297608 -0.000626203 0.999996 0.32885 0.309901 0.0672352
FixedParameters: 0 0 0

#Transform 143
Transform: AffineTransform_float_3_3
Parameters: 0.999996 -0.00228938 -0.00160946 0.00229562 0.999989 0.00412432 0.00160054 -0.00412768 0.99999 0.194567 0.211677 -0.01668
FixedParameters: 0 0 0

#Transform 144
Transform: AffineTransform_float_3_3
Parameters: 0.999997 -0.00263846 6.69512e-05 0.00263755 0.999978 0.00608319 -8.30455e-05 -0.0060828 0.999981 0.113339 0.0689986 0.0291457
FixedParameters: 0 0 0

#Transform 145
Transform: AffineTransform_float_3_3
Parameters: 0.999997 -0.00190602 -0.00151879 0.00191297 0.999987 0.00460411 0.00151021 -0.00460689 0.999988 0.233737 0.122367 0.0642931
FixedParameters: 0 0 0

#Transform 146
Transform: AffineTransform_float_3_3
Parameters: 0.999996 -0.00207852 -0.00159983 0.00208347 0.999994 0.00279968 0.00159417 -0.00280332 0.999995 0.186992 0.20641 0.0346385
FixedParameters: 0 0 0

#Transform 147
Transform: AffineTransform_float_3_3
Parameters: 0.999999 -0.00103971 -0.00150367 0.00104529 0.999993 0.00352243 0.00149933 -0.00352456 0.999992 0.156322 0.183507 0.00578946
FixedParameters: 0 0 0

#Transform 148
Transform: AffineTransform_float_3_3
Parameters: 1 -0.000613021 -0.000806274 0.000615979 0.999993 0.0037005 0.000803726 -0.00370049 0.999993 0.112714 0.164889 0.0352899
FixedParameters: 0 0 0

#Transform 149
Transform: AffineTransform_float_3_3
Parameters: 0.999996 -0.00282911 -0.00030344 0.00282989 0.999991 0.00298215 0.000294559 -0.00298385 0.999996 0.125201 0.246163 0.0267798
FixedParameters: 0 0 0

#Transform 150
Transform: AffineTransform_float_3_3
Parameters: 0.999996 -0.00286109 -0.000298855 0.00286191 0.999991 0.00309416 0.000290143 -0.00309584 0.999995 0.10131 0.261321 0.0494834
FixedParameters: 0 0 0

#Transform 151
Transform: AffineTransform_float_3_3
Parameters: 0.999995 -0.00311026 -0.000582349 0.00311173 0.99999 0.0030042 0.000572652 -0.0030058 0.999996 0.125918 0.241459 0.0648621
FixedParameters: 0 0 0

#Transform 152
Transform: AffineTransform_float_3_3
Parameters: 0.999996 -0.00285916 -0.000999175 0.00286184 0.999992 0.00285615 0.000990827 -0.00285885 0.999996 0.209196 0.232818 0.0677474
FixedParameters: 0 0 0

#Transform 153
Transform: AffineTransform_float_3_3
Parameters: 0.999993 -0.00329 -0.00186761 0.003296 0.99999 0.00321987 0.00185739 -0.00322614 0.999993 0.217958 0.17906 0.0643163
FixedParameters: 0 0 0

#Transform 154
Transform: AffineTransform_float_3_3
Parameters: 0.999995 -0.00262153 -0.0013983 0.00262747 0.999989 0.00392334 0.0013877 -0.00392666 0.999992 0.173614 0.14292 0.107161
FixedParameters: 0 0 0

#Transform 155
Transform: AffineTransform_float_3_3
Parameters: 0.999996 -0.00231352 -0.00148898 0.00231748 0.999993 0.00301356 0.00148202 -0.00301644 0.999995 0.180752 0.167133 0.096462
FixedParameters: 0 0 0

#Transform 156
Transform: AffineTransform_float_3_3
Parameters: 0.999994 -0.00278239 -0.00178862 0.0027856 0.999994 0.00201703 0.00178238 -0.00202197 0.999997 0.20368 0.226591 0.0787661
FixedParameters: 0 0 0

#Transform 157
Transform: AffineTransform_float_3_3
Parameters: 0.999994 -0.00339424 -0.000359795 0.00339477 0.999994 -0.000650225 0.000362205 0.000648774 0.999999 0.141336 0.346734 0.0320873
FixedParameters: 0 0 0

#Transform 158
Transform: AffineTransform_float_3_3
Parameters: 0.999994 -0.00305061 -0.00110109 0.00305139 0.999996 0.000354642 0.00109991 -0.000357358 1 0.155878 0.304051 0.0575324
FixedParameters: 0 0 0

#Transform 159
Transform: AffineTransform_float_3_3
Parameters: 0.999995 -0.00307895 -0.00125112 0.00307905 0.999996 3.8148e-05 0.00125088 -4.18516e-05 0.999999 0.151539 0.311427 0.0640683
FixedParameters: 0 0 0

#Transform 160
Transform: AffineTransform_float_3_3
Parameters: 0.999996 -0.0026288 -0.00153735 0.0026292 0.999996 0.000130959 0.00153665 -0.00013504 0.999999 0.189054 0.302377 0.0903167
FixedParameters: 0 0 0

#Transform 161
Transform: AffineTransform_float_3_3
Parameters: 0.999995 -0.00278993 -0.00111866 0.00279106 0.999995 0.000952882 0.00111534 -0.000955116 0.999999 0.153787 0.266517 0.0535204
FixedParameters: 0 0 0

#Transform 162
Transform: AffineTransform_float_3_3
Parameters: 0.999994 -0.00274376 -0.00181039 0.00274623 0.999995 0.00123403 0.0018076 -0.00123897 0.999997 0.201923 0.253204 0.0695866
FixedParameters: 0 0 0

#Transform 163
Transform: AffineTransform_float_3_3
Parameters: 0.999996 -0.00227335 -0.00171418 0.00227464 0.999997 0.000958105 0.00171182 -0.000962895 0.999998 0.19996 0.260497 0.0578613
FixedParameters: 0 0 0

#Transform 164
Transform: AffineTransform_float_3_3
Parameters: 0.999994 -0.00334083 -0.00107763 0.00334117 0.999994 0.00108541 0.00107337 -0.00108859 0.999999 0.168026 0.294093 0.0385565
FixedParameters: 0 0 0

#Transform 165
Transform: AffineTransform_float_3_3
Parameters: 0.999994 -0.00360308 -0.000699603 0.00360292 0.999993 -0.000111521 0.000699395 0.000108481 0.999999 0.150054 0.356537 0.0761743
FixedParameters: 0 0 0

#Transform 166
Transform: AffineTransform_float_3_3
Parameters: 0.999994 -0.00293519 -0.00138472 0.00293581 0.999995 0.000584937 0.00138228 -0.00058906 0.999999 0.169278 0.303304 0.0572821
FixedParameters: 0 0 0

#Transform 167
Transform: AffineTransform_float_3_3
Parameters: 0.999995 -0.00258413 -0.00155345 0.00258487 0.999997 0.000558987 0.00155255 -0.000563015 0.999998 0.175881 0.314316 0.0568564
FixedParameters: 0 0 0

#Transform 168
Transform: AffineTransform_float_3_3
Parameters: 0.999994 -0.00304053 -0.00154597 0.00304048 0.999996 -0.000340702 0.00154703 0.000336298 0.999998 0.183709 0.352077 0.0716732
FixedParameters: 0 0 0

#Transform 169
Transform: AffineTransform_float_3_3
Parameters: 0.999994 -0.00300612 -0.00133673 0.00300588 0.999995 -9.30185e-05 0.00133627 8.89834e-05 0.999999 0.149444 0.348889 0.0595882
FixedParameters: 0 0 0

#Transform 170
Transform: AffineTransform_float_3_3
Parameters: 0.999994 -0.00309007 -0.00145497 0.00309093 0.999995 0.000636506 0.00145302 -0.000641494 0.999998 0.165007 0.302255 0.0461279
FixedParameters: 0 0 0

#Transform 171
Transform: AffineTransform_float_3_3
Parameters: 0.999994 -0.00214471 -0.00244137 0.00214329 0.999997 -0.000294234 0.00244263 0.000289763 0.999997 0.277718 0.331114 0.107842
FixedParameters: 0 0 0

#Transform 172
Transform: AffineTransform_float_3_3
Parameters: 0.999996 -0.00242615 -0.0018721 0.00242685 0.999997 0.000452459 0.0018709 -0.000456541 0.999998 0.184983 0.309189 0.0357363
FixedParameters: 0 0 0

#Transform 173
Transform: AffineTransform_float_3_3
Parameters: 0.999996 -0.00223968 -0.00168543 0.00224032 0.999997 0.000189225 0.00168557 -0.000192776 0.999998 0.180624 0.318562 0.0541783
FixedParameters: 0 0 0

#Transform 174
Transform: AffineTransform_float_3_3
Parameters: 0.999996 -0.00226714 -0.00162719 0.00226786 0.999998 0.000525312 0.0016268 -0.00052869 0.999998 0.165743 0.303346 0.0527022
FixedParameters: 0 0 0

#Transform 175
Transform: AffineTransform_float_3_3
Parameters: 0.999995 -0.00243726 -0.00164661 0.00243674 0.999997 -0.000160013 0.00164738 0.000155986 0.999998 0.171123 0.341756 0.0764597
FixedParameters: 0 0 0

#Transform 176
Transform: AffineTransform_float_3_3
Parameters: 0.999996 -0.00215859 -0.00195446 0.00215941 0.999997 0.00020978 0.00195354 -0.000213218 0.999998 0.194687 0.316726 0.0571013
FixedParameters: 0 0 0

#Transform 177
Transform: AffineTransform_float_3_3
Parameters: 0.999996 -0.00215187 -0.00181297 0.00215113 0.999997 -0.000482902 0.00181404 0.000479098 0.999998 0.194572 0.35994 0.0898108
FixedParameters: 0 0 0

#Transform 178
Transform: AffineTransform_float_3_3
Parameters: 0.999997 -0.00225024 -0.00146563 0.00225076 0.999997 -0.000168299 0.00146537 0.000164703 0.999999 0.156131 0.349019 0.066051
FixedParameters: 0 0 0

#Transform 179
Transform: AffineTransform_float_3_3
Parameters: 0.999996 -0.00244137 -0.001538 0.00244263 0.999997 0.000409245 0.001537 -0.000412754 0.999998 0.153215 0.317763 0.0524971
FixedParameters: 0 0 0
