#Insight Transform File V1.0
#Transform 0
Transform: AffineTransform_float_3_3
Parameters: 0.999999 0.00041352 -0.000878755 -0.000412479 0.999999 0.000592363 0.000879244 -0.000591637 1 -0.0405718 -0.103308 -0.360154
FixedParameters: 0 0 0

#Transform 1
Transform: AffineTransform_float_3_3
Parameters: 0.999997 0.00030961 0.00239073 -0.000330392 0.999963 0.00853323 -0.00238827 -0.00853376 0.99996 0.0977531 0.0566927 -0.483072
FixedParameters: 0 0 0

#Transform 2
Transform: AffineTransform_float_3_3
Parameters: 0.999989 0.000850997 0.00449162 -0.000920009 0.999882 0.015383 -0.00447837 -0.015387 0.999871 0.0613931 0.087671 -0.89764
FixedParameters: 0 0 0

#Transform 3
Transform: AffineTransform_float_3_3
Parameters: 1 0.00106817 0.000331975 -0.00107384 0.999888 0.0149207 -0.000316014 -0.0149204 0.999889 0.0755483 0.143202 -0.858984
FixedParameters: 0 0 0

#Transform 4
Transform: AffineTransform_float_3_3
Parameters: 1 -0.0003268 -0.000424483 0.000330204 0.999972 0.00755987 0.000422516 -0.00756014 0.999972 0.0565859 0.01002 -0.279729
FixedParameters: 0 0 0

#Transform 5
Transform: AffineTransform_float_3_3
Parameters: 0.999998 -0.00120457 0.00104174 0.00120043 0.999989 0.00437825 -0.00104726 -0.00437674 0.99999 -0.0355847 -0.0182964 -0.155941
FixedParameters: 0 0 0

#Transform 6
Transform: AffineTransform_float_3_3
Parameters: 1 -0.00112885 0.000344994 0.00112615 0.999985 0.00532539 -0.000351002 -0.00532461 0.999986 0.0400121 0.0270513 -0.23802
FixedParameters: 0 0 0

#Transform 7
Transform: AffineTransform_float_3_3
Parameters: 0.999998 -0.00120923 0.00113424 0.00119977 0.999966 0.00810336 -0.00114376 -0.00810162 0.999966 0.00221989 -0.00935869 -0.244682
FixedParameters: 0 0 0

#Transform 8
Transform: AffineTransform_float_3_3
Parameters: 0.999998 -0.00121051 0.0012741 0.00120049 0.999965 0.00821554 -0.00128391 -0.00821446 0.999966 -0.0213947 -0.0399917 -0.203662
FixedParameters: 0 0 0

#Transform 9
Transform: AffineTransform_float_3_3
Parameters: 0.999999 -0.00120634 0.00100041 0.00120066 0.99998 0.00631121 -0.0010086 -0.00630979 0.999979 0.00218051 0.00445213 -0.200871
FixedParameters: 0 0 0

#Transform 10
Transform: AffineTransform_float_3_3
Parameters: 0.999998 -0.00163125 0.0015302 0.00162175 0.99998 0.00602549 -0.0015398 -0.0060225 0.99998 -0.0644219 -0.0192528 -0.182427
FixedParameters: 0 0 0

#Transform 11
Transform: AffineTransform_float_3_3
Parameters: 0.999999 -0.00120562 0.000954949 0.00120038 0.999982 0.00586316 -0.000962054 -0.00586185 0.999983 -0.0134637 0.0128696 -0.184855
FixedParameters: 0 0 0

#Transform 12
Transform: AffineTransform_float_3_3
Parameters: 0.999998 -0.000870865 0.00141096 0.000861135 0.999976 0.00697722 -0.00141704 -0.00697578 0.999974 -0.057087 -0.0402413 -0.0754623
FixedParameters: 0 0 0

#Transform 13
Transform: AffineTransform_float_3_3
Parameters: 0.999998 -0.00164491 0.00131215 0.00163709 0.99998 0.00600616 -0.00132185 -0.00600384 0.999981 -0.0543258 -0.0417016 -0.0634379
FixedParameters: 0 0 0

#Transform 14
Transform: AffineTransform_float_3_3
Parameters: 0.999997 -0.00156889 0.00175308 0.00156011 0.999986 0.00506375 -0.00176092 -0.00506025 0.999985 -0.0474003 -0.0292623 -0.0488628
FixedParameters: 0 0 0

#Transform 15
Transform: AffineTransform_float_3_3
Parameters: 0.999995 -0.00226284 0.00249712 0.00225316 0.999989 0.00393765 -0.00250589 -0.00393235 0.999989 -0.104141 -0.0824471 -0.0158195
FixedParameters: 0 0 0

#Transform 16
Transform: AffineTransform_float_3_3
Parameters: 0.999994 -0.00196946 0.0027742 0.00195754 0.999988 0.00448646 -0.00278281 -0.00448155 0.999986 -0.0799373 -0.0980089 -0.00441403
FixedParameters: 0 0 0

#Transform 17
Transform: AffineTransform_float_3_3
Parameters: 0.999995 -0.0020744 0.00266439 0.0020616 0.999987 0.00464752 -0.0026736 -0.00464148 0.999985 -0.110432 -0.103973 0.00106967
FixedParameters: 0 0 0

#Transform 18
Transform: AffineTransform_float_3_3
Parameters: 0.999997 -0.00102186 0.00226213 0.00101115 0.999988 0.0047943 -0.00226687 -0.0047927 0.999986 -0.0383438 -0.0620363 -0.0767217
FixedParameters: 0 0 0

#Transform 19
Transform: AffineTransform_float_3_3
Parameters: 0.999994 -0.00211004 0.00281574 0.00210296 0.999994 0.00249994 -0.00282126 -0.00249406 0.999993 -0.101865 -0.061669 -0.0198659
FixedParameters: 0 0 0

#Transform 20
Transform: AffineTransform_float_3_3
Parameters: 0.999994 -0.00283899 0.00171571 0.00283701 0.999996 0.00115987 -0.00171928 -0.00115513 0.999998 0.00684809 -0.0123837 -0.0380382
FixedParameters: 0 0 0

#Transform 21
Transform: AffineTransform_float_3_3
Parameters: 0.999994 -0.00269146 0.00216871 0.00268754 0.999995 0.00159784 -0.00217229 -0.00159216 0.999997 -0.0705981 -0.034944 -0.0399732
FixedParameters: 0 0 0

#Transform 22
Transform: AffineTransform_float_3_3
Parameters: 0.999995 -0.00250094 0.001836 0.00249806 0.999995 0.00160359 -0.00184 -0.00159841 0.999997 -0.0494159 -0.0357335 -0.0488361
FixedParameters: 0 0 0

#Transform 23
Transform: AffineTransform_float_3_3
Parameters: 0.999995 -0.00242662 0.00232619 0.00242138 0.999995 0.00198564 -0.00233081 -0.00198036 0.999996 -0.0849423 -0.0491107 -0.0335347
FixedParameters: 0 0 0

#Transform 24
Transform: AffineTransform_float_3_3
Parameters: 0.999994 -0.00249443 0.00235432 0.00249057 0.999995 0.00188188 -0.00235969 -0.00187613 0.999996 -0.0517782 -0.0202935 -0.0833568
FixedParameters: 0 0 0

#Transform 25
Transform: AffineTransform_float_3_3
Parameters: 0.999994 -0.00258095 0.002552 0.00257605 0.999995 0.00194159 -0.002557 -0.00193441 0.999995 -0.0865377 -0.0158763 -0.0987114
FixedParameters: 0 0 0

#Transform 26
Transform: AffineTransform_float_3_3
Parameters: 0.999994 -0.00267164 0.0018582 0.00266836 0.999996 0.00142397 -0.00186179 -0.00141903 0.999998 -0.0367745 0.0194385 -0.100475
FixedParameters: 0 0 0

#Transform 27
Transform: AffineTransform_float_3_3
Parameters: 0.999994 -0.00287696 0.00224321 0.00287404 0.999995 0.00132246 -0.00224679 -0.00131554 0.999996 -0.0665245 0.0237457 -0.0740027
FixedParameters: 0 0 0

#Transform 28
Transform: AffineTransform_float_3_3
Parameters: 0.999993 -0.00287546 0.00206897 0.00287353 0.999995 0.000709949 -0.00207103 -0.000704049 0.999997 -0.0540495 0.0444578 -0.0952604
FixedParameters: 0 0 0

#Transform 29
Transform: AffineTransform_float_3_3
Parameters: 0.999994 -0.00289969 0.00188994 0.00289831 0.999995 0.00036948 -0.00189106 -0.000364519 0.999998 -0.0610471 0.0234722 -0.0696258
FixedParameters: 0 0 0

#Transform 30
Transform: AffineTransform_float_3_3
Parameters: 0.999994 -0.00321504 0.00132775 0.00321696 0.999993 -0.00147474 -0.00132325 0.00147926 0.999998 -0.060307 0.0608479 -0.0688888
FixedParameters: 0 0 0

#Transform 31
Transform: AffineTransform_float_3_3
Parameters: 0.999993 -0.00344943 0.00132969 0.00345157 0.999992 -0.00193642 -0.00132331 0.00194158 0.999997 -0.0791893 0.0430452 -0.0663916
FixedParameters: 0 0 0

#Transform 32
Transform: AffineTransform_float_3_3
Parameters: 0.999994 -0.00341671 0.0013289 0.00341829 0.999992 -0.00172447 -0.0013231 0.00172853 0.999997 -0.0615927 0.0442963 -0.0600657
FixedParameters: 0 0 0

#Transform 33
Transform: AffineTransform_float_3_3
Parameters: 0.999993 -0.0035028 0.00132883 0.00350521 0.999993 -0.00166035 -0.00132317 0.00166465 0.999997 -0.0827683 0.0129343 -0.0390554
FixedParameters: 0 0 0

#Transform 34
Transform: AffineTransform_float_3_3
Parameters: 0.999994 -0.00335569 0.00145035 0.00335831 0.999993 -0.00159214 -0.00144565 0.00159686 0.999997 -0.0733191 0.0349298 -0.0482314
FixedParameters: 0 0 0

#Transform 35
Transform: AffineTransform_float_3_3
Parameters: 0.999993 -0.00358665 0.00149666 0.00358836 0.999993 -0.00157564 -0.00149134 0.00158036 0.999997 -0.0836189 0.0419285 -0.0553127
FixedParameters: 0 0 0

#Transform 36
Transform: AffineTransform_float_3_3
Parameters: 0.999994 -0.00291158 0.00151864 0.00291441 0.999994 -0.00159158 -0.00151435 0.00159642 0.999997 -0.0614545 0.03906 -0.0552139
FixedParameters: 0 0 0

#Transform 37
Transform: AffineTransform_float_3_3
Parameters: 0.999993 -0.00290016 0.00210568 0.00290484 0.999993 -0.0022999 -0.00209931 0.0023061 0.999995 -0.109243 0.0546944 -0.0613328
FixedParameters: 0 0 0

#Transform 38
Transform: AffineTransform_float_3_3
Parameters: 0.999996 -0.00228474 0.00134576 0.00229826 0.999948 -0.00993194 -0.00132323 0.00993506 0.99995 -0.113929 0.236846 -0.222349
FixedParameters: 0 0 0

#Transform 39
Transform: AffineTransform_float_3_3
Parameters: 0.999994 -0.00321897 0.00134961 0.00323003 0.999961 -0.00824969 -0.00132339 0.00825331 0.999965 -0.10303 0.166001 -0.10968
FixedParameters: 0 0 0

#Transform 40
Transform: AffineTransform_float_3_3
Parameters: 0.999995 -0.00298073 0.000201799 0.00298228 0.999974 -0.00664043 -0.000182201 0.00664058 0.999978 0.0182721 0.140337 -0.101278
FixedParameters: 0 0 0

#Transform 41
Transform: AffineTransform_float_3_3
Parameters: 0.999995 -0.00295649 0.00106778 0.00296051 0.99999 -0.00330286 -0.00105722 0.00330614 0.999994 -0.0841687 0.107891 -0.132334
FixedParameters: 0 0 0

#Transform 42
Transform: AffineTransform_float_3_3
Parameters: 0.999995 -0.00281014 0.00128526 0.00281385 0.999993 -0.00222439 -0.00127874 0.0022286 0.999996 -0.062626 0.0938931 -0.0748483
FixedParameters: 0 0 0

#Transform 43
Transform: AffineTransform_float_3_3
Parameters: 0.999993 -0.00337937 0.00146309 0.00338263 0.999992 -0.00180006 -0.00145691 0.00180494 0.999998 -0.0917163 0.0624781 -0.0489613
FixedParameters: 0 0 0

#Transform 44
Transform: AffineTransform_float_3_3
Parameters: 0.999994 -0.0031677 0.00138258 0.0031713 0.999992 -0.00239063 -0.00137442 0.00239437 0.999996 -0.0815092 0.0948598 -0.0905693
FixedParameters: 0 0 0

#Transform 45
Transform: AffineTransform_float_3_3
Parameters: 0.999993 -0.00363966 0.00138908 0.00364534 0.999986 -0.00386196 -0.00137492 0.00386703 0.999991 -0.0707985 0.18617 -0.189683
FixedParameters: 0 0 0

#Transform 46
Transform: AffineTransform_float_3_3
Parameters: 0.999991 -0.00377803 0.00190291 0.00378597 0.999984 -0.00420383 -0.00188709 0.00421117 0.99999 -0.0629759 0.218991 -0.213448
FixedParameters: 0 0 0

#Transform 47
Transform: AffineTransform_float_3_3
Parameters: 0.999991 -0.00374151 0.00171027 0.00374849 0.999985 -0.00380762 -0.00169573 0.00381438 0.999992 -0.0917755 0.188995 -0.170091
FixedParameters: 0 0 0

#Transform 48
Transform: AffineTransform_float_3_3
Parameters: 0.99999 -0.00403629 0.00197583 0.00404371 0.999984 -0.00391405 -0.00196017 0.00392195 0.999991 -0.0559551 0.236652 -0.216189
FixedParameters: 0 0 0

#Transform 49
Transform: AffineTransform_float_3_3
Parameters: 0.999989 -0.00404269 0.00231929 0.00404732 0.999989 -0.00229064 -0.00231072 0.00229937 0.999994 -0.0936818 0.138745 -0.11557
FixedParameters: 0 0 0

#Transform 50
Transform: AffineTransform_float_3_3
Parameters: 0.999989 -0.00422175 0.00201095 0.00422625 0.999989 -0.00211552 -0.00200205 0.00212347 0.999995 -0.0470128 0.121809 -0.0685851
FixedParameters: 0 0 0

#Transform 51
Transform: AffineTransform_float_3_3
Parameters: 0.999991 -0.00400672 0.00154691 0.00400928 0.999991 -0.00147281 -0.00154108 0.00147919 0.999997 -0.0278843 0.0947496 -0.0224938
FixedParameters: 0 0 0

#Transform 52
Transform: AffineTransform_float_3_3
Parameters: 0.999993 -0.00267585 0.00245886 0.00266015 0.999976 0.00642658 -0.00247514 -0.00641942 0.999977 -0.090834 0.031074 -0.0530255
FixedParameters: 0 0 0

#Transform 53
Transform: AffineTransform_float_3_3
Parameters: 0.999995 9.60243e-05 0.00312819 -0.000128973 0.999945 0.0105426 -0.00312681 -0.0105434 0.999939 0.00211281 0.15298 -0.419125
FixedParameters: 0 0 0

#Transform 54
Transform: AffineTransform_float_3_3
Parameters: 0.999994 -0.000684001 0.00335043 0.000651003 0.999952 0.00984124 -0.00335657 -0.00983876 0.999946 -0.0711752 0.129892 -0.274676
FixedParameters: 0 0 0

#Transform 55
Transform: AffineTransform_float_3_3
Parameters: 0.999995 -0.000686969 0.00325963 0.000651026 0.999939 0.0110232 -0.00326738 -0.0110208 0.999934 -0.096443 0.0902017 -0.227759
FixedParameters: 0 0 0

#Transform 56
Transform: AffineTransform_float_3_3
Parameters: 0.999994 -0.00115085 0.00322748 0.00111815 0.999948 0.0101607 -0.00323953 -0.0101573 0.999943 -0.105499 0.12059 -0.280323
FixedParameters: 0 0 0

#Transform 57
Transform: AffineTransform_float_3_3
Parameters: 0.999993 -0.00133497 0.00350852 0.00129903 0.999947 0.0102356 -0.00352148 -0.0102304 0.999942 -0.128184 0.157901 -0.31062
FixedParameters: 0 0 0

#Transform 58
Transform: AffineTransform_float_3_3
Parameters: 0.999991 -0.00133928 0.00389337 0.00129872 0.999946 0.0103301 -0.00390662 -0.0103249 0.999939 -0.16303 0.149615 -0.333655
FixedParameters: 0 0 0

#Transform 59
Transform: AffineTransform_float_3_3
Parameters: 0.999994 -0.00142458 0.00308341 0.00139743 0.999959 0.00892637 -0.0030956 -0.00892265 0.999956 -0.0449206 0.240986 -0.477988
FixedParameters: 0 0 0

#Transform 60
Transform: AffineTransform_float_3_3
Parameters: 0.999995 -0.00139422 0.00292457 0.00136978 0.999965 0.00826704 -0.00293542 -0.00826295 0.999961 -0.0944768 0.280483 -0.484829
FixedParameters: 0 0 0

#Transform 61
Transform: AffineTransform_float_3_3
Parameters: 0.999992 0.000411846 0.00396347 -0.000444151 0.999967 0.00811531 -0.00395953 -0.0081167 0.999959 -0.0353973 0.346997 -0.524198
FixedParameters: 0 0 0

#Transform 62
Transform: AffineTransform_float_3_3
Parameters: 0.999996 0.000716622 0.00266928 -0.000736377 0.999974 0.00726606 -0.00266372 -0.00726794 0.99997 -0.0509951 0.374606 -0.490483
FixedParameters: 0 0 0

#Transform 63
Transform: AffineTransform_float_3_3
Parameters: 0.999995 -0.000549223 0.00297251 0.000529774 0.999979 0.0064636 -0.00297648 -0.00646239 0.999974 -0.0428929 0.335014 -0.411229
FixedParameters: 0 0 0

#Transform 64
Transform: AffineTransform_float_3_3
Parameters: 0.999993 -0.00139554 0.00328845 0.00138046 0.999988 0.00472357 -0.00329456 -0.00471943 0.999984 -0.10569 0.344798 -0.376663
FixedParameters: 0 0 0

#Transform 65
Transform: AffineTransform_float_3_3
Parameters: 0.999996 -0.00136415 0.00252547 0.00135185 0.999987 0.00480743 -0.00253153 -0.00480457 0.999986 -0.0402485 0.37514 -0.389199
FixedParameters: 0 0 0

#Transform 66
Transform: AffineTransform_float_3_3
Parameters: 0.999995 -0.00131355 0.00307757 0.00129646 0.999983 0.00569702 -0.00308443 -0.00569298 0.999979 -0.0754167 0.363888 -0.406316
FixedParameters: 0 0 0

#Transform 67
Transform: AffineTransform_float_3_3
Parameters: 0.999995 -0.00164644 0.00291176 0.00163056 0.999983 0.00564078 -0.00292124 -0.00563522 0.99998 -0.0618774 0.355661 -0.389537
FixedParameters: 0 0 0

#Transform 68
Transform: AffineTransform_float_3_3
Parameters: 0.999995 -0.0014889 0.00302726 0.0014711 0.999981 0.00590548 -0.00303574 -0.00590151 0.999978 -0.0736271 0.362764 -0.469843
FixedParameters: 0 0 0

#Transform 69
Transform: AffineTransform_float_3_3
Parameters: 0.999997 -0.00209884 0.00138368 0.00209416 0.999991 0.00349091 -0.00139132 -0.00348809 0.999993 -0.0260696 0.456596 -0.788205
FixedParameters: 0 0 0

#Transform 70
Transform: AffineTransform_float_3_3
Parameters: 0.999996 -0.00227358 0.00138577 0.00227141 0.999995 0.00186315 -0.00139023 -0.00186085 0.999998 0.000984586 0.553724 -0.829608
FixedParameters: 0 0 0

#Transform 71
Transform: AffineTransform_float_3_3
Parameters: 0.999997 -0.00207837 0.00146906 0.00207763 0.999998 0.000936055 -0.00147094 -0.000932946 0.999998 -0.0509163 0.524232 -0.785614
FixedParameters: 0 0 0

#Transform 72
Transform: AffineTransform_float_3_3
Parameters: 0.999995 -0.00262462 0.00208093 0.00261938 0.999993 0.00269847 -0.00208807 -0.00269254 0.999994 -0.0347275 0.523455 -0.814726
FixedParameters: 0 0 0

#Transform 73
Transform: AffineTransform_float_3_3
Parameters: 0.999994 -0.00204127 0.00255784 0.00203073 0.99999 0.00401021 -0.00256616 -0.00400578 0.999988 -0.0688471 0.442475 -0.669041
FixedParameters: 0 0 0

#Transform 74
Transform: AffineTransform_float_3_3
Parameters: 0.999996 -0.00205099 0.00204502 0.00204301 0.999991 0.0039002 -0.00205298 -0.00389581 0.999991 -0.030026 0.4547 -0.700979
FixedParameters: 0 0 0

#Transform 75
Transform: AffineTransform_float_3_3
Parameters: 0.999992 -0.00325128 0.00239013 0.00324372 0.99999 0.00304278 -0.00239987 -0.00303522 0.999992 -0.0821826 0.472123 -0.721421
FixedParameters: 0 0 0

#Transform 76
Transform: AffineTransform_float_3_3
Parameters: 0.999992 -0.00325454 0.00202315 0.00324347 0.999982 0.0051886 -0.00203985 -0.0051824 0.999984 -0.0578481 0.434338 -0.682389
FixedParameters: 0 0 0

#Transform 77
Transform: AffineTransform_float_3_3
Parameters: 0.99999 -0.0032206 0.00287954 0.00320341 0.999979 0.00575028 -0.00289746 -0.00574173 0.99998 -0.0623027 0.443586 -0.725091
FixedParameters: 0 0 0

#Transform 78
Transform: AffineTransform_float_3_3
Parameters: 0.999993 -0.00300703 0.00222887 0.00299497 0.999981 0.00537871 -0.00224513 -0.00537229 0.999983 -0.0621326 0.426553 -0.680511
FixedParameters: 0 0 0

#Transform 79
Transform: AffineTransform_float_3_3
Parameters: 0.999994 -0.00292447 0.00184987 0.00291053 0.999969 0.00724342 -0.00187113 -0.00723857 0.999972 -0.0391143 0.389998 -0.644429
FixedParameters: 0 0 0

#Transform 80
Transform: AffineTransform_float_3_3
Parameters: 0.999992 -0.00245817 0.00331594 0.00242383 0.999945 0.0102691 -0.00334106 -0.0102609 0.999942 -0.0858548 0.349105 -0.74154
FixedParameters: 0 0 0

#Transform 81
Transform: AffineTransform_float_3_3
Parameters: 0.999993 -0.00224564 0.00301909 0.00221936 0.999961 0.00847075 -0.0030379 -0.00846423 0.999959 -0.0676796 0.376788 -0.68877
FixedParameters: 0 0 0

#Transform 82
Transform: AffineTransform_float_3_3
Parameters: 0.999995 -0.00186048 0.00259686 0.00184151 0.999973 0.00710282 -0.00261014 -0.00709718 0.999972 -0.0664772 0.406638 -0.661194
FixedParameters: 0 0 0

#Transform 83
Transform: AffineTransform_float_3_3
Parameters: 0.999993 -0.00193682 0.00325688 0.00191817 0.999982 0.00577329 -0.00326812 -0.00576671 0.999978 -0.108477 0.442465 -0.678802
FixedParameters: 0 0 0

#Transform 84
Transform: AffineTransform_float_3_3
Parameters: 0.999993 -0.00208093 0.00287008 0.00206307 0.999979 0.00623697 -0.00288292 -0.00623105 0.999977 -0.102831 0.426424 -0.662205
FixedParameters: 0 0 0

#Transform 85
Transform: AffineTransform_float_3_3
Parameters: 0.999989 -0.00289049 0.00365926 0.00287252 0.999984 0.00477456 -0.00367274 -0.00476443 0.999982 -0.13629 0.442154 -0.676492
FixedParameters: 0 0 0

#Transform 86
Transform: AffineTransform_float_3_3
Parameters: 0.999989 -0.002256 0.00413746 0.00223099 0.99998 0.0060383 -0.00415154 -0.0060287 0.999973 -0.118938 0.430342 -0.699039
FixedParameters: 0 0 0

#Transform 87
Transform: AffineTransform_float_3_3
Parameters: 0.999992 -0.00197732 0.00367053 0.00195468 0.999978 0.00634623 -0.00368347 -0.00633877 0.999973 -0.116208 0.424622 -0.69655
FixedParameters: 0 0 0

#Transform 88
Transform: AffineTransform_float_3_3
Parameters: 0.999988 -0.00229919 0.00433416 0.00227081 0.999977 0.00649793 -0.00434884 -0.00648808 0.99997 -0.0985261 0.44397 -0.744625
FixedParameters: 0 0 0

#Transform 89
Transform: AffineTransform_float_3_3
Parameters: 0.999986 -0.00265125 0.00458923 0.00262275 0.999977 0.00636813 -0.00460578 -0.00635588 0.999969 -0.146538 0.421166 -0.731436
FixedParameters: 0 0 0

#Transform 90
Transform: AffineTransform_float_3_3
Parameters: 0.99999 -0.00235547 0.00379159 0.00233754 0.999986 0.00486791 -0.00380241 -0.00485909 0.999981 -0.136719 0.436011 -0.643395
FixedParameters: 0 0 0

#Transform 91
Transform: AffineTransform_float_3_3
Parameters: 0.999989 -0.00265403 0.00373927 0.00263597 0.999985 0.00481891 -0.00375173 -0.00480909 0.999982 -0.163258 0.437421 -0.648963
FixedParameters: 0 0 0

#Transform 92
Transform: AffineTransform_float_3_3
Parameters: 0.999986 -0.0030085 0.00436404 0.0029945 0.99999 0.00332611 -0.00437396 -0.00331289 0.999985 -0.103569 0.552793 -0.840865
FixedParameters: 0 0 0

#Transform 93
Transform: AffineTransform_float_3_3
Parameters: 0.999991 -0.00265432 0.00336324 0.00264668 0.999994 0.00217792 -0.00336976 -0.00216908 0.999992 -0.120689 0.545893 -0.813947
FixedParameters: 0 0 0

#Transform 94
Transform: AffineTransform_float_3_3
Parameters: 0.99999 -0.00315812 0.00314591 0.00316288 0.999994 -0.00154806 -0.00314109 0.00155793 0.999994 -0.107593 0.61809 -0.857293
FixedParameters: 0 0 0

#Transform 95
Transform: AffineTransform_float_3_3
Parameters: 0.999994 -0.00268895 0.00243537 0.00269205 0.999995 -0.00124945 -0.00243163 0.00125555 0.999997 -0.121021 0.561876 -0.742461
FixedParameters: 0 0 0

#Transform 96
Transform: AffineTransform_float_3_3
Parameters: 0.999992 -0.00267594 0.00281386 0.00268006 0.999996 -0.00143847 -0.00281013 0.00144653 0.999995 -0.15736 0.569847 -0.736583
FixedParameters: 0 0 0

#Transform 97
Transform: AffineTransform_float_3_3
Parameters: 0.999995 -0.00261056 0.00210954 0.00261144 0.999996 -0.000205492 -0.00210946 0.000211508 0.999998 -0.0697577 0.565703 -0.792075
FixedParameters: 0 0 0

#Transform 98
Transform: AffineTransform_float_3_3
Parameters: 0.999977 -0.0026944 0.00623604 0.0026436 0.999962 0.00823567 -0.00625796 -0.00821932 0.999946 -0.112997 0.471754 -0.975263
FixedParameters: 0 0 0

#Transform 99
Transform: AffineTransform_float_3_3
Parameters: 0.999983 -0.00294056 0.0050337 0.00290944 0.999976 0.00626475 -0.0050523 -0.00625025 0.999967 -0.0679054 0.569111 -1.00676
FixedParameters: 0 0 0

#Transform 100
Transform: AffineTransform_float_3_3
Parameters: 0.999989 -0.00292147 0.00351992 0.00290153 0.99998 0.00552527 -0.00353507 -0.00551472 0.999978 -0.0495682 0.567861 -0.932697
FixedParameters: 0 0 0

#Transform 101
Transform: AffineTransform_float_3_3
Parameters: 0.999985 -0.00357218 0.0041489 0.00354381 0.99997 0.00678081 -0.0041731 -0.0067652 0.999969 -0.0127844 0.56599 -1.0229
FixedParameters: 0 0 0

#Transform 102
Transform: AffineTransform_float_3_3
Parameters: 0.999991 -0.004052 0.0017551 0.00404901 0.999991 0.00170812 -0.0017619 -0.00170088 0.999997 0.0175929 0.663038 -1.23802
FixedParameters: 0 0 0

#Transform 103
Transform: AffineTransform_float_3_3
Parameters: 0.99998 -0.00607111 -0.00164734 0.00603989 0.999814 -0.0182773 0.00175765 0.0182667 0.999831 -0.00295282 0.949275 -1.07796
FixedParameters: 0 0 0

#Transform 104
Transform: AffineTransform_float_3_3
Parameters: 0.999995 -0.00330457 -0.000607333 0.00330543 0.999995 0.000704996 0.000604666 -0.000707002 0.999999 0.00318594 0.799635 -1.33583
FixedParameters: 0 0 0

#Transform 105
Transform: AffineTransform_float_3_3
Parameters: 0.999997 -0.00244438 0.000167053 0.00243962 0.999744 0.0224965 -0.00022194 -0.0224965 0.999747 0.00824938 0.550165 -1.65246
FixedParameters: 0 0 0

#Transform 106
Transform: AffineTransform_float_3_3
Parameters: 0.999984 -0.00551533 0.00118079 0.00550266 0.999933 0.0102067 -0.00123721 -0.0102003 0.999947 0.0973572 0.552849 -1.0114
FixedParameters: 0 0 0

#Transform 107
Transform: AffineTransform_float_3_3
Parameters: 0.999986 -0.00520338 0.0010635 0.00519562 0.999963 0.00682962 -0.0010995 -0.00682438 0.999976 0.0611552 0.653628 -1.14681
FixedParameters: 0 0 0

#Transform 108
Transform: AffineTransform_float_3_3
Parameters: 0.999986 -0.00515753 -0.000109772 0.00515747 0.999975 0.0048025 8.52282e-05 -0.00480351 0.999989 0.0906992 0.701873 -1.16165
FixedParameters: 0 0 0

#Transform 109
Transform: AffineTransform_float_3_3
Parameters: 0.999983 -0.00570969 0.000489633 0.0057083 0.999978 0.00339385 -0.000509369 -0.00339115 0.999994 0.0728362 0.725366 -1.20445
FixedParameters: 0 0 0

#Transform 110
Transform: AffineTransform_float_3_3
Parameters: 0.999984 -0.00560753 0.000296205 0.00560647 0.999983 0.00174769 -0.000306796 -0.00174631 0.999999 0.0774171 0.779916 -1.22009
FixedParameters: 0 0 0

#Transform 111
Transform: AffineTransform_float_3_3
Parameters: 0.999984 -0.00573018 0.000592732 0.00572882 0.999981 0.00196843 -0.000604266 -0.00196457 0.999998 0.0786754 0.76848 -1.18966
FixedParameters: 0 0 0

#Transform 112
Transform: AffineTransform_float_3_3
Parameters: 0.999984 -0.00553252 0.000229875 0.00553248 0.999983 0.00219231 -0.000242124 -0.00219069 0.999997 0.067091 0.74398 -1.12365
FixedParameters: 0 0 0

#Transform 113
Transform: AffineTransform_float_3_3
Parameters: 0.999981 -0.00626204 -0.000170581 0.00626197 0.999981 -0.000227073 0.000171418 0.000225931 1 0.101645 0.816302 -1.20795
FixedParameters: 0 0 0

#Transform 114
Transform: AffineTransform_float_3_3
Parameters: 0.99998 -0.00633277 0.000328325 0.00633222 0.999979 -0.000681934 -0.000323675 0.000684063 0.999999 0.0679088 0.798033 -1.14147
FixedParameters: 0 0 0

#Transform 115
Transform: AffineTransform_float_3_3
Parameters: 0.999979 -0.00647797 3.26288e-05 0.00647802 0.999978 -0.000868806 -2.73699e-05 0.000869195 0.999999 0.0921515 0.804921 -1.16113
FixedParameters: 0 0 0

#Transform 116
Transform: AffineTransform_float_3_3
Parameters: 0.999976 -0.00692202 5.20255e-06 0.00692199 0.999972 -0.00306304 1.62022e-05 0.00306296 0.999996 0.0796538 0.803673 -1.12849
FixedParameters: 0 0 0

#Transform 117
Transform: AffineTransform_float_3_3
Parameters: 0.999975 -0.00716451 0.000126117 0.0071645 0.999965 -0.00448221 -9.38865e-05 0.00448279 0.99999 0.101375 0.858682 -1.27534
FixedParameters: 0 0 0

#Transform 118
Transform: AffineTransform_float_3_3
Parameters: 0.999973 -0.00734064 -0.000296831 0.00733835 0.999959 -0.00520132 0.000335163 0.00519868 0.999987 0.0666953 0.858375 -1.20658
FixedParameters: 0 0 0

#Transform 119
Transform: AffineTransform_float_3_3
Parameters: 0.999965 -0.00829332 0.000429155 0.00829666 0.999943 -0.00664766 -0.000373837 0.00665133 0.999978 0.0641679 0.918938 -1.27832
FixedParameters: 0 0 0

#Transform 120
Transform: AffineTransform_float_3_3
Parameters: 0.999964 -0.00839659 8.80879e-05 0.00839741 0.99994 -0.00703651 -2.8905e-05 0.00703749 0.999975 0.0633663 0.879771 -1.1968
FixedParameters: 0 0 0

#Transform 121
Transform: AffineTransform_float_3_3
Parameters: 0.999961 -0.00881831 0.000383147 0.0088207 0.999932 -0.00772492 -0.000314855 0.00772808 0.99997 0.0952024 0.897073 -1.22429
FixedParameters: 0 0 0

#Transform 122
Transform: AffineTransform_float_3_3
Parameters: 0.999967 -0.00800736 0.000742492 0.00801263 0.999936 -0.00792331 -0.000679513 0.0079287 0.999969 0.0635273 0.911761 -1.21145
FixedParameters: 0 0 0

#Transform 123
Transform: AffineTransform_float_3_3
Parameters: 0.999971 -0.00759375 0.000560898 0.00759825 0.999939 -0.00801497 -0.0005001 0.00801903 0.999967 0.0833668 0.887058 -1.15037
FixedParameters: 0 0 0

#Transform 124
Transform: AffineTransform_float_3_3
Parameters: 0.999969 -0.00784649 0.000601974 0.00785151 0.999938 -0.00789352 -0.000540018 0.00789848 0.999968 0.0796728 0.98873 -1.53721
FixedParameters: 0 0 0

#Transform 125
Transform: AffineTransform_float_3_3
Parameters: 0.999971 -0.00753426 0.000452179 0.00753773 0.999951 -0.00639177 -0.000403814 0.00639522 0.999979 0.0451436 0.980644 -1.58509
FixedParameters: 0 0 0

#Transform 126
Transform: AffineTransform_float_3_3
Parameters: 0.999969 -0.0078757 0.00053198 0.00787929 0.999931 -0.00862707 -0.000464026 0.00863092 0.999962 0.0806602 1.02343 -1.59726
FixedParameters: 0 0 0

#Transform 127
Transform: AffineTransform_float_3_3
Parameters: 0.999972 -0.00750705 -0.000206612 0.00750495 0.999935 -0.00857879 0.000271382 0.00857621 0.999963 0.0905041 0.993389 -1.48466
FixedParameters: 0 0 0

#Transform 128
Transform: AffineTransform_float_3_3
Parameters: 0.999974 -0.00676723 -0.00252713 0.00672477 0.999838 -0.0167394 0.00263988 0.0167216 0.999856 0.0787232 1.13173 -1.58987
FixedParameters: 0 0 0

#Transform 129
Transform: AffineTransform_float_3_3
Parameters: 0.999973 -0.00690391 -0.00242796 0.00686209 0.999834 -0.0168661 0.00254404 0.0168489 0.999855 0.169833 1.18092 -1.63435
FixedParameters: 0 0 0

#Transform 130
Transform: AffineTransform_float_3_3
Parameters: 0.999972 -0.00698905 -0.00274526 0.00694694 0.999863 -0.0150395 0.00285073 0.0150195 0.999883 0.231601 1.18845 -1.74674
FixedParameters: 0 0 0

#Transform 131
Transform: AffineTransform_float_3_3
Parameters: 0.999972 -0.0072947 -0.0019649 0.0072633 0.99985 -0.0156817 0.00207911 0.0156673 0.999875 0.108177 1.14871 -1.6478
FixedParameters: 0 0 0

#Transform 132
Transform: AffineTransform_float_3_3
Parameters: 0.999971 -0.00750831 -0.00160341 0.0074817 0.999846 -0.0158275 0.00172159 0.0158145 0.999874 0.113207 1.15428 -1.63749
FixedParameters: 0 0 0

#Transform 133
Transform: AffineTransform_float_3_3
Parameters: 0.999971 -0.00745148 -0.00143321 0.00743151 0.999886 -0.013146 0.00153179 0.013135 0.999912 0.089743 1.10611 -1.51287
FixedParameters: 0 0 0

#Transform 134
Transform: AffineTransform_float_3_3
Parameters: 0.99997 -0.00752287 -0.00194733 0.00749511 0.999874 -0.013946 0.00205267 0.013931 0.999901 0.107538 1.08602 -1.46645
FixedParameters: 0 0 0

#Transform 135
Transform: AffineTransform_float_3_3
Parameters: 0.999967 -0.00797316 -0.0016727 0.00794984 0.99987 -0.0139868 0.00178332 0.0139732 0.999901 0.0773216 1.09954 -1.55479
FixedParameters: 0 0 0

#Transform 136
Transform: AffineTransform_float_3_3
Parameters: 0.999967 -0.00794838 -0.0015614 0.00792462 0.999865 -0.0144449 0.00167659 0.0144312 0.999895 0.100798 1.13497 -1.6191
FixedParameters: 0 0 0

#Transform 137
Transform: AffineTransform_float_3_3
Parameters: 0.999966 -0.00807601 -0.00159739 0.00805098 0.999854 -0.0150874 0.00171962 0.0150746 0.999885 0.0610563 1.14014 -1.59326
FixedParameters: 0 0 0

#Transform 138
Transform: AffineTransform_float_3_3
Parameters: 0.999955 -0.00909885 -0.00268925 0.00905713 0.999843 -0.015186 0.00282776 0.0151609 0.999881 0.143079 1.16607 -1.6976
FixedParameters: 0 0 0

#Transform 139
Transform: AffineTransform_float_3_3
Parameters: 0.999941 -0.0102711 -0.00371047 0.0102169 0.999845 -0.0143218 0.00385753 0.0142832 0.99989 0.179496 1.13391 -1.65846
FixedParameters: 0 0 0

#Transform 140
Transform: AffineTransform_float_3_3
Parameters: 0.999953 -0.00930668 -0.00248887 0.00927432 0.999875 -0.0128337 0.00260813 0.0128103 0.999914 0.11861 1.10592 -1.51354
FixedParameters: 0 0 0

#Transform 141
Transform: AffineTransform_float_3_3
Parameters: 0.999974 -0.0069911 -0.00163203 0.0069609 0.999818 -0.0177748 0.00175597 0.0177632 0.99984 0.065708 1.12697 -1.42402
FixedParameters: 0 0 0

#Transform 142
Transform: AffineTransform_float_3_3
Parameters: 0.999974 -0.00703134 -0.00113972 0.00701365 0.99987 -0.0145674 0.00124228 0.0145596 0.999893 0.0252557 1.06643 -1.41164
FixedParameters: 0 0 0

#Transform 143
Transform: AffineTransform_float_3_3
Parameters: 0.999974 -0.00713475 -1.42087e-05 0.00713424 0.999893 -0.0127254 0.000104791 0.0127246 0.999919 0.0402779 1.05181 -1.4229
FixedParameters: 0 0 0

#Transform 144
Transform: AffineTransform_float_3_3
Parameters: 0.999971 -0.00744144 -0.00113185 0.00742656 0.999897 -0.0122648 0.00122315 0.0122562 0.999924 0.0701997 1.05325 -1.49324
FixedParameters: 0 0 0

#Transform 145
Transform: AffineTransform_float_3_3
Parameters: 0.999982 -0.00589716 0.000347027 0.00589983 0.999943 -0.0088191 -0.000294975 0.00882089 0.999961 -0.073802 0.959267 -1.38074
FixedParameters: 0 0 0

#Transform 146
Transform: AffineTransform_float_3_3
Parameters: 0.999989 -0.00481182 -0.000457228 0.00480917 0.99997 -0.00598227 0.000486772 0.00597972 0.999982 -0.0446771 0.942594 -1.4297
FixedParameters: 0 0 0

#Transform 147
Transform: AffineTransform_float_3_3
Parameters: 0.999986 -0.00537434 -0.0005037 0.00537167 0.999976 -0.00452377 0.0005283 0.00452123 0.999989 -0.0413459 0.940247 -1.43632
FixedParameters: 0 0 0

#Transform 148
Transform: AffineTransform_float_3_3
Parameters: 0.999983 -0.00553575 -0.00169434 0.00553026 0.999979 -0.00337743 0.00171266 0.00336758 0.999993 0.0218365 0.943321 -1.50818
FixedParameters: 0 0 0

#Transform 149
Transform: AffineTransform_float_3_3
Parameters: 0.999987 -0.00510252 0.000205351 0.00510248 0.999984 -0.00241998 -0.00019365 0.00242102 0.999997 0.03433 0.961243 -1.62457
FixedParameters: 0 0 0

#Transform 150
Transform: AffineTransform_float_3_3
Parameters: 0.999987 -0.00483434 -0.00174881 0.00483067 0.999987 -0.00190647 0.00175819 0.00189853 0.999996 0.102884 0.942659 -1.60677
FixedParameters: 0 0 0

#Transform 151
Transform: AffineTransform_float_3_3
Parameters: 0.99999 -0.00415426 -0.00199723 0.00415174 0.99999 -0.00163431 0.00200377 0.00162569 0.999996 0.0808377 0.951386 -1.61498
FixedParameters: 0 0 0

#Transform 152
Transform: AffineTransform_float_3_3
Parameters: 0.999989 -0.00422109 -0.00196538 0.00421791 0.99999 -0.00157231 0.00197262 0.00156369 0.999997 0.0996525 0.92969 -1.50959
FixedParameters: 0 0 0

#Transform 153
Transform: AffineTransform_float_3_3
Parameters: 0.999987 -0.00446125 -0.00219243 0.00445975 0.99999 -0.00102879 0.00219757 0.00101921 0.999997 0.115865 0.955334 -1.57457
FixedParameters: 0 0 0

#Transform 154
Transform: AffineTransform_float_3_3
Parameters: 0.999988 -0.00439627 -0.00215441 0.00439473 0.99999 -0.000593476 0.00215759 0.000584522 0.999998 0.0808469 0.918211 -1.61553
FixedParameters: 0 0 0

#Transform 155
Transform: AffineTransform_float_3_3
Parameters: 0.999984 -0.00476013 -0.00281802 0.00475686 0.999987 -0.00147243 0.00282497 0.00145857 0.999995 0.133384 0.971676 -1.66131
FixedParameters: 0 0 0

#Transform 156
Transform: AffineTransform_float_3_3
Parameters: 0.999981 -0.00516971 -0.00313203 0.00516029 0.999982 -0.00310022 0.00314797 0.00308378 0.999991 0.123725 0.989322 -1.66221
FixedParameters: 0 0 0

#Transform 157
Transform: AffineTransform_float_3_3
Parameters: 0.999982 -0.0049478 -0.00320097 0.00494019 0.999985 -0.00244186 0.00321303 0.00242614 0.999992 0.138677 0.989623 -1.65973
FixedParameters: 0 0 0

#Transform 158
Transform: AffineTransform_float_3_3
Parameters: 0.999978 -0.00540578 -0.00401089 0.00539923 0.999984 -0.0016977 0.00401912 0.00167631 0.999991 0.148369 0.970229 -1.66147
FixedParameters: 0 0 0

#Transform 159
Transform: AffineTransform_float_3_3
Parameters: 0.99998 -0.00517578 -0.00382493 0.00517421 0.999986 -0.000215795 0.00382606 0.000195201 0.999992 0.115496 0.92274 -1.56999
FixedParameters: 0 0 0

#Transform 160
Transform: AffineTransform_float_3_3
Parameters: 0.999976 -0.00546885 -0.00420641 0.00546315 0.999984 -0.00140101 0.0042136 0.00137799 0.99999 0.152793 0.960114 -1.66065
FixedParameters: 0 0 0

#Transform 161
Transform: AffineTransform_float_3_3
Parameters: 0.999979 -0.00551538 -0.0032113 0.00547562 0.999912 -0.0121448 0.00327769 0.0121262 0.999921 0.0691192 1.18902 -1.76415
FixedParameters: 0 0 0

#Transform 162
Transform: AffineTransform_float_3_3
Parameters: 0.999997 -0.00198948 -0.00178962 0.00198152 0.999987 -0.00472656 0.00179938 0.00472244 0.999987 0.0573477 1.171 -2.09374
FixedParameters: 0 0 0

#Transform 163
Transform: AffineTransform_float_3_3
Parameters: 0.999992 -0.00220605 -0.00310682 0.00214095 0.999781 -0.0207868 0.00315218 0.0207802 0.999779 0.0280194 1.37705 -1.91928
FixedParameters: 0 0 0

#Transform 164
Transform: AffineTransform_float_3_3
Parameters: 0.999997 -0.00215579 -0.000287551 0.00215521 0.999998 0.000719382 0.000285447 -0.000720617 0.999999 -0.0223091 0.936152 -1.7868
FixedParameters: 0 0 0

#Transform 165
Transform: AffineTransform_float_3_3
Parameters: 0.999995 -0.00292324 -0.00109935 0.00292275 0.999995 -0.000224214 0.00110065 0.000220784 1 -0.0160448 1.00223 -1.81966
FixedParameters: 0 0 0

#Transform 166
Transform: AffineTransform_float_3_3
Parameters: 0.999994 -0.00296764 -0.00132835 0.00296536 0.999995 -0.00123295 0.00133265 0.00122905 0.999999 0.00575875 1.05261 -1.9223
FixedParameters: 0 0 0

#Transform 167
Transform: AffineTransform_float_3_3
Parameters: 0.999994 -0.0033013 -0.0012507 0.00329669 0.999988 -0.00342814 0.0012623 0.00342385 0.999994 0.00660664 1.10357 -1.92097
FixedParameters: 0 0 0

#Transform 168
Transform: AffineTransform_float_3_3
Parameters: 0.999993 -0.00332025 -0.00128855 0.00331575 0.999987 -0.0040563 0.00130245 0.0040517 0.999991 -0.00345729 1.06622 -1.80608
FixedParameters: 0 0 0

#Transform 169
Transform: AffineTransform_float_3_3
Parameters: 0.999992 -0.00378955 -0.00137362 0.00378144 0.999974 -0.00617824 0.00139738 0.00617375 0.99998 -0.00335134 1.09588 -1.83498
FixedParameters: 0 0 0

#Transform 170
Transform: AffineTransform_float_3_3
Parameters: 0.999983 -0.00483362 -0.00328373 0.00479738 0.999927 -0.0110709 0.00333628 0.0110551 0.999934 -0.00400767 1.14778 -1.89607
FixedParameters: 0 0 0

#Transform 171
Transform: AffineTransform_float_3_3
Parameters: 0.999969 -0.00695576 -0.00369854 0.00690823 0.999894 -0.0127729 0.00378746 0.012747 0.999911 0.0126889 0.942141 -1.22925
FixedParameters: 0 0 0

#Transform 172
Transform: AffineTransform_float_3_3
Parameters: 0.999966 -0.00730793 -0.00366215 0.00725606 0.999875 -0.013999 0.00376385 0.013972 0.999896 0.026456 0.973188 -1.22576
FixedParameters: 0 0 0

#Transform 173
Transform: AffineTransform_float_3_3
Parameters: 0.999977 -0.00546037 -0.00386964 0.00539364 0.999838 -0.0172123 0.00396237 0.0171908 0.999845 0.0464314 1.18763 -1.74816
FixedParameters: 0 0 0

#Transform 174
Transform: AffineTransform_float_3_3
Parameters: 0.999975 -0.00540775 -0.00456741 0.00534323 0.999886 -0.0140727 0.00464359 0.0140482 0.99989 0.147464 1.25523 -2.09253
FixedParameters: 0 0 0

#Transform 175
Transform: AffineTransform_float_3_3
Parameters: 0.999976 -0.00414696 -0.0054534 0.00408903 0.999935 -0.0105985 0.0054966 0.0105754 0.999929 0.144074 1.18223 -2.01858
FixedParameters: 0 0 0

#Transform 176
Transform: AffineTransform_float_3_3
Parameters: 0.99998 -0.00397472 -0.00495874 0.00394227 0.999972 -0.00639068 0.00498426 0.00637132 0.999968 0.125489 1.14284 -2.05915
FixedParameters: 0 0 0

#Transform 177
Transform: AffineTransform_float_3_3
Parameters: 0.999974 -0.00424439 -0.0058144 0.00419062 0.999949 -0.00916361 0.0058526 0.0091394 0.999941 0.117745 1.16917 -1.95647
FixedParameters: 0 0 0

#Transform 178
Transform: AffineTransform_float_3_3
Parameters: 0.999971 -0.00445344 -0.00628987 0.00438856 0.999938 -0.0102219 0.00633513 0.0101941 0.999928 0.145662 1.18392 -1.9406
FixedParameters: 0 0 0

#Transform 179
Transform: AffineTransform_float_3_3
Parameters: 0.999974 -0.00492115 -0.00530584 0.00487185 0.999946 -0.0092361 0.00535116 0.00920991 0.999944 0.09135 1.16491 -1.93106
FixedParameters: 0 0 0
