#Insight Transform File V1.0
#Transform 0
Transform: AffineTransform_float_3_3
Parameters: 1 -0.00057505 -5.34652e-05 0.000574951 1 -0.000930031 5.35347e-05 0.000929969 0.999999 0.0473793 -0.0449642 -0.296528
FixedParameters: 0 0 0

#Transform 1
Transform: AffineTransform_float_3_3
Parameters: 1 7.49729e-05 8.20247e-05 -7.40271e-05 1 0.000329994 -8.19756e-05 -0.000330006 1 0.0564992 0.153184 -0.133861
FixedParameters: 0 0 0

#Transform 2
Transform: AffineTransform_float_3_3
Parameters: 1 0.000197807 0.000678056 -0.000198193 1 0.000284866 -0.000677943 -0.000285134 0.999999 0.00754311 0.247523 -0.224689
FixedParameters: 0 0 0

#Transform 3
Transform: AffineTransform_float_3_3
Parameters: 1 -0.000338723 0.000505186 0.000339277 1 -0.000548828 -0.000504814 0.000548171 0.999999 0.0463173 0.305572 -0.247472
FixedParameters: 0 0 0

#Transform 4
Transform: AffineTransform_float_3_3
Parameters: 0.999999 -0.00109495 0.000573092 0.00109505 1 -8.33725e-05 -0.000572909 8.36274e-05 1 0.0525822 0.322449 -0.260195
FixedParameters: 0 0 0

#Transform 5
Transform: AffineTransform_float_3_3
Parameters: 1 -0.00108291 0.000405236 0.00108309 1 -0.000217561 -0.000405764 0.00021844 1 0.0461843 0.296877 -0.238497
FixedParameters: 0 0 0

#Transform 6
Transform: AffineTransform_float_3_3
Parameters: 0.999996 -0.00258554 0.000641009 0.00258846 0.999989 -0.00386836 -0.00063099 0.00386965 0.999993 0.0523214 0.473358 -0.393947
FixedParameters: 0 0 0

#Transform 7
Transform: AffineTransform_float_3_3
Parameters: 0.999994 -0.00325126 0.00128209 0.00325574 0.999988 -0.00371285 -0.00126991 0.00371715 0.999993 0.0858836 0.504772 -0.491664
FixedParameters: 0 0 0

#Transform 8
Transform: AffineTransform_float_3_3
Parameters: 0.999991 -0.00371681 0.0016706 0.00372219 0.999988 -0.00311481 -0.0016584 0.00312019 0.999994 0.0341064 0.449247 -0.39209
FixedParameters: 0 0 0

#Transform 9
Transform: AffineTransform_float_3_3
Parameters: 0.999994 -0.00306642 0.0016241 0.00306658 0.999995 -0.000357022 -0.0016229 0.000361979 0.999998 0.0557106 0.384993 -0.436365
FixedParameters: 0 0 0

#Transform 10
Transform: AffineTransform_float_3_3
Parameters: 0.999993 -0.00323691 0.00146242 0.00323809 0.999994 -0.000744269 -0.00146058 0.000749732 0.999998 0.041999 0.429907 -0.527963
FixedParameters: 0 0 0

#Transform 11
Transform: AffineTransform_float_3_3
Parameters: 0.999996 -0.00214394 0.0015249 0.00214606 0.999997 -0.00135073 -0.0015221 0.00135327 0.999998 0.0594206 0.484972 -0.608669
FixedParameters: 0 0 0

#Transform 12
Transform: AffineTransform_float_3_3
Parameters: 0.999995 -0.00250702 0.00152525 0.00250898 0.999996 -0.00129518 -0.00152175 0.00129882 0.999998 0.0169825 0.491963 -0.665065
FixedParameters: 0 0 0

#Transform 13
Transform: AffineTransform_float_3_3
Parameters: 0.999996 -0.00207905 0.00152602 0.00208194 0.999996 -0.00193083 -0.00152198 0.00193417 0.999997 -0.0204829 0.538507 -0.783594
FixedParameters: 0 0 0

#Transform 14
Transform: AffineTransform_float_3_3
Parameters: 0.999986 -0.00290554 0.0045752 0.00293446 0.999977 -0.00622667 -0.0045568 0.00623933 0.99997 -0.151174 0.685154 -0.788616
FixedParameters: 0 0 0

#Transform 15
Transform: AffineTransform_float_3_3
Parameters: 0.999993 -0.00212771 0.00309902 0.00213529 0.999995 -0.0023514 -0.00309398 0.0023576 0.999993 -0.0705813 0.546408 -0.737853
FixedParameters: 0 0 0

#Transform 16
Transform: AffineTransform_float_3_3
Parameters: 0.999992 -0.00155683 0.0036175 0.00155817 0.999998 -0.000319366 -0.0036175 0.000325634 0.999994 -0.0725393 0.439529 -0.634142
FixedParameters: 0 0 0

#Transform 17
Transform: AffineTransform_float_3_3
Parameters: 0.999994 -0.000657037 0.00346199 0.000656961 1 1.22745e-05 -0.00346201 -9.72539e-06 0.999994 -0.18014 0.395005 -0.509944
FixedParameters: 0 0 0

#Transform 18
Transform: AffineTransform_float_3_3
Parameters: 0.999989 -0.000833798 0.00463558 0.000837203 1 -0.000689127 -0.00463442 0.000692872 0.999989 -0.172552 0.469299 -0.646992
FixedParameters: 0 0 0

#Transform 19
Transform: AffineTransform_float_3_3
Parameters: 0.999984 -0.000612842 0.00559829 0.000596157 0.999996 0.00283138 -0.00559971 -0.00282761 0.999981 -0.206015 0.327612 -0.575242
FixedParameters: 0 0 0

#Transform 20
Transform: AffineTransform_float_3_3
Parameters: 0.999995 -0.000647974 0.00315721 0.000649026 0.999999 -0.000323952 -0.00315679 0.000326047 0.999995 -0.140636 0.481376 -0.777901
FixedParameters: 0 0 0

#Transform 21
Transform: AffineTransform_float_3_3
Parameters: 0.999992 4.99204e-05 0.00402504 -5.20827e-05 0.999999 0.000765796 -0.00402496 -0.000765207 0.999991 -0.18196 0.431083 -0.73062
FixedParameters: 0 0 0

#Transform 22
Transform: AffineTransform_float_3_3
Parameters: 0.999991 -0.000557835 0.00405366 0.000547163 0.999997 0.00242724 -0.00405534 -0.00242476 0.999989 -0.123023 0.374012 -0.652773
FixedParameters: 0 0 0

#Transform 23
Transform: AffineTransform_float_3_3
Parameters: 0.999996 -0.000844855 0.00271688 0.000838145 0.999997 0.00252329 -0.00271912 -0.00252071 0.999993 -0.0501927 0.358251 -0.582017
FixedParameters: 0 0 0

#Transform 24
Transform: AffineTransform_float_3_3
Parameters: 0.999993 -0.00123918 0.00353915 0.00123182 0.999996 0.00231337 -0.00354186 -0.00230963 0.999991 -0.108935 0.391977 -0.665349
FixedParameters: 0 0 0

#Transform 25
Transform: AffineTransform_float_3_3
Parameters: 0.999993 -0.00163672 0.0035389 0.00163028 0.999997 0.00190178 -0.0035421 -0.00189622 0.999992 -0.132785 0.423092 -0.653331
FixedParameters: 0 0 0

#Transform 26
Transform: AffineTransform_float_3_3
Parameters: 0.999991 -0.00122786 0.00389784 0.00122114 0.999997 0.00176177 -0.00390015 -0.00175723 0.999991 -0.137273 0.423493 -0.655295
FixedParameters: 0 0 0

#Transform 27
Transform: AffineTransform_float_3_3
Parameters: 1 0.000574347 0.000955033 -0.000580653 0.999976 0.00698045 -0.00095097 -0.00698156 0.999975 -0.0133346 0.288266 -0.701802
FixedParameters: 0 0 0

#Transform 28
Transform: AffineTransform_float_3_3
Parameters: 0.999998 -0.000642769 0.00176211 0.000632232 0.999981 0.00610512 -0.00176589 -0.00610388 0.99998 -0.0649331 0.25629 -0.584848
FixedParameters: 0 0 0

#Transform 29
Transform: AffineTransform_float_3_3
Parameters: 0.999986 -0.00210095 0.00494869 0.00208606 0.999994 0.00302337 -0.00495432 -0.00301364 0.999983 -0.137477 0.389819 -0.653983
FixedParameters: 0 0 0

#Transform 30
Transform: AffineTransform_float_3_3
Parameters: 0.999985 -0.00179502 0.00522018 0.00177797 0.999993 0.00326433 -0.00522582 -0.00325467 0.999981 -0.146997 0.395381 -0.68896
FixedParameters: 0 0 0

#Transform 31
Transform: AffineTransform_float_3_3
Parameters: 0.999992 -0.00125727 0.00376925 0.00124973 0.999997 0.00219573 -0.00377275 -0.00219027 0.99999 -0.107278 0.458633 -0.72619
FixedParameters: 0 0 0

#Transform 32
Transform: AffineTransform_float_3_3
Parameters: 0.999988 -0.001728 0.00470817 0.001723 0.999998 0.00106613 -0.00470984 -0.00105788 0.999989 -0.135437 0.483073 -0.699299
FixedParameters: 0 0 0

#Transform 33
Transform: AffineTransform_float_3_3
Parameters: 0.999989 -0.00146955 0.00441016 0.00146045 0.999997 0.00194146 -0.00441284 -0.00193554 0.999989 -0.113956 0.446212 -0.758134
FixedParameters: 0 0 0

#Transform 34
Transform: AffineTransform_float_3_3
Parameters: 0.999989 -0.000572544 0.0046546 0.000560457 0.999997 0.00248064 -0.0046564 -0.00247836 0.999986 -0.0824924 0.454427 -0.765859
FixedParameters: 0 0 0

#Transform 35
Transform: AffineTransform_float_3_3
Parameters: 0.999996 -0.00119263 0.00235367 0.00119037 0.999998 0.0011198 -0.00235533 -0.00111719 0.999996 -0.0239984 0.257071 -0.273877
FixedParameters: 0 0 0

#Transform 36
Transform: AffineTransform_float_3_3
Parameters: 0.999987 -0.00214557 0.00459554 0.00213542 0.999995 0.00208784 -0.00459946 -0.00207716 0.999988 -0.130039 0.334127 -0.494251
FixedParameters: 0 0 0

#Transform 37
Transform: AffineTransform_float_3_3
Parameters: 0.999985 -0.00197808 0.00523708 0.00196492 0.999995 0.00250133 -0.00524193 -0.00249167 0.999983 -0.185764 0.315431 -0.507295
FixedParameters: 0 0 0

#Transform 38
Transform: AffineTransform_float_3_3
Parameters: 0.999978 -0.00250945 0.006143 0.00250655 0.999997 0.000406407 -0.006144 -0.00039159 0.999981 -0.188412 0.426408 -0.594356
FixedParameters: 0 0 0

#Transform 39
Transform: AffineTransform_float_3_3
Parameters: 0.999975 -0.00308213 0.00635313 0.00306988 0.999994 0.00191755 -0.00635887 -0.00189845 0.999978 -0.222858 0.350937 -0.530841
FixedParameters: 0 0 0

#Transform 40
Transform: AffineTransform_float_3_3
Parameters: 0.999975 -0.0026797 0.006543 0.00266531 0.999994 0.0022535 -0.006549 -0.00223651 0.999976 -0.19871 0.389198 -0.606369
FixedParameters: 0 0 0

#Transform 41
Transform: AffineTransform_float_3_3
Parameters: 0.999984 -0.00227656 0.00508751 0.00227044 0.999997 0.00109857 -0.00509048 -0.00108643 0.999986 -0.147928 0.418442 -0.615196
FixedParameters: 0 0 0

#Transform 42
Transform: AffineTransform_float_3_3
Parameters: 0.99998 -0.00232616 0.00584035 0.00232184 0.999997 0.000718574 -0.00584165 -0.000705425 0.999982 -0.184586 0.436768 -0.617171
FixedParameters: 0 0 0

#Transform 43
Transform: AffineTransform_float_3_3
Parameters: 0.99998 -0.00234027 0.00595315 0.00233374 0.999996 0.00122692 -0.00595585 -0.00121309 0.999981 -0.212961 0.416441 -0.637098
FixedParameters: 0 0 0

#Transform 44
Transform: AffineTransform_float_3_3
Parameters: 0.999987 -0.00166106 0.00492429 0.00165294 0.999998 0.00164116 -0.00492671 -0.00163284 0.999986 -0.213318 0.349905 -0.468208
FixedParameters: 0 0 0

#Transform 45
Transform: AffineTransform_float_3_3
Parameters: 0.999981 -0.00154722 0.00584957 0.00153778 0.999998 0.00158002 -0.00585243 -0.00157097 0.999981 -0.241589 0.38997 -0.584206
FixedParameters: 0 0 0

#Transform 46
Transform: AffineTransform_float_3_3
Parameters: 0.999976 -0.00253401 0.00655338 0.00253499 0.999997 -0.000143391 -0.00655262 0.000159608 0.999978 -0.266918 0.46446 -0.592981
FixedParameters: 0 0 0

#Transform 47
Transform: AffineTransform_float_3_3
Parameters: 0.999972 -0.00267045 0.00697839 0.00266054 0.999995 0.0013636 -0.00698261 -0.00134439 0.999974 -0.276689 0.401061 -0.597807
FixedParameters: 0 0 0

#Transform 48
Transform: AffineTransform_float_3_3
Parameters: 0.999986 -0.00186168 0.00484038 0.00184732 0.999993 0.00303498 -0.00484662 -0.00302602 0.999983 -0.0963357 0.36861 -0.67019
FixedParameters: 0 0 0

#Transform 49
Transform: AffineTransform_float_3_3
Parameters: 0.999977 -0.00219757 0.00639069 0.00218544 0.999995 0.00197201 -0.00639531 -0.00195899 0.999977 -0.245113 0.432766 -0.667789
FixedParameters: 0 0 0

#Transform 50
Transform: AffineTransform_float_3_3
Parameters: 0.999981 -0.00220237 0.00575438 0.00218563 0.999993 0.00302363 -0.00576062 -0.00301037 0.999979 -0.208666 0.383568 -0.679587
FixedParameters: 0 0 0

#Transform 51
Transform: AffineTransform_float_3_3
Parameters: 0.999983 -0.00212947 0.00545854 0.00211853 0.999995 0.0021056 -0.00546246 -0.0020944 0.999983 -0.222195 0.405568 -0.662191
FixedParameters: 0 0 0

#Transform 52
Transform: AffineTransform_float_3_3
Parameters: 0.999988 -0.00249745 0.00435389 0.00248555 0.999993 0.00286186 -0.00436112 -0.00285114 0.999987 -0.157369 0.356461 -0.571776
FixedParameters: 0 0 0

#Transform 53
Transform: AffineTransform_float_3_3
Parameters: 0.999992 -0.000949508 0.00372859 0.000939495 0.999997 0.00255052 -0.0037304 -0.00254748 0.99999 -0.0803219 0.35268 -0.549005
FixedParameters: 0 0 0

#Transform 54
Transform: AffineTransform_float_3_3
Parameters: 0.999983 -0.00216845 0.0053778 0.00214855 0.999991 0.00380562 -0.00538621 -0.00379439 0.999979 -0.206812 0.357479 -0.638337
FixedParameters: 0 0 0

#Transform 55
Transform: AffineTransform_float_3_3
Parameters: 0.999984 -0.00195396 0.00517337 0.00193904 0.999994 0.00289608 -0.00517863 -0.00288593 0.999983 -0.192577 0.391168 -0.657566
FixedParameters: 0 0 0

#Transform 56
Transform: AffineTransform_float_3_3
Parameters: 0.99998 -0.00216631 0.00595982 0.00215169 0.999995 0.00240587 -0.00596418 -0.00239313 0.99998 -0.237287 0.384686 -0.627527
FixedParameters: 0 0 0

#Transform 57
Transform: AffineTransform_float_3_3
Parameters: 0.999981 -0.00257796 0.00571027 0.00256303 0.999994 0.00262669 -0.00571773 -0.00261131 0.99998 -0.231829 0.389364 -0.617618
FixedParameters: 0 0 0

#Transform 58
Transform: AffineTransform_float_3_3
Parameters: 0.999977 -0.00257567 0.00617472 0.00256332 0.999994 0.00205987 -0.00617927 -0.00204413 0.999979 -0.244369 0.420748 -0.694768
FixedParameters: 0 0 0

#Transform 59
Transform: AffineTransform_float_3_3
Parameters: 0.999975 -0.00239693 0.00668595 0.00239407 0.999997 0.000446018 -0.00668705 -0.000429983 0.999978 -0.270954 0.503814 -0.748732
FixedParameters: 0 0 0

#Transform 60
Transform: AffineTransform_float_3_3
Parameters: 0.999971 -0.00313179 0.0070331 0.00313221 0.999995 -1.89714e-05 -0.00703291 4.10268e-05 0.999976 -0.269579 0.518737 -0.783435
FixedParameters: 0 0 0

#Transform 61
Transform: AffineTransform_float_3_3
Parameters: 0.999979 -0.00219962 0.00600504 0.00219638 0.999998 0.000443199 -0.00600596 -0.000429798 0.999982 -0.217489 0.492732 -0.73825
FixedParameters: 0 0 0

#Transform 62
Transform: AffineTransform_float_3_3
Parameters: 0.999978 -0.00282595 0.0060032 0.00282004 0.999995 0.00100095 -0.0060058 -0.00098305 0.999982 -0.23894 0.457985 -0.731291
FixedParameters: 0 0 0

#Transform 63
Transform: AffineTransform_float_3_3
Parameters: 0.999979 -0.00211331 0.00609509 0.00210169 0.999996 0.00186185 -0.00609891 -0.00184915 0.999979 -0.214457 0.409255 -0.567988
FixedParameters: 0 0 0

#Transform 64
Transform: AffineTransform_float_3_3
Parameters: 0.999979 -0.00295727 0.00572648 0.00296373 0.999995 -0.00116705 -0.00572352 0.00118395 0.999983 -0.155961 0.45403 -0.369634
FixedParameters: 0 0 0

#Transform 65
Transform: AffineTransform_float_3_3
Parameters: 0.999975 -0.00225638 0.00659982 0.00225062 0.999997 0.000973877 -0.00660217 -0.000959126 0.999977 -0.20636 0.404206 -0.50393
FixedParameters: 0 0 0

#Transform 66
Transform: AffineTransform_float_3_3
Parameters: 0.99998 -0.00199026 0.00611762 0.00198574 0.999998 0.000703162 -0.00611839 -0.000690837 0.999981 -0.233466 0.434327 -0.536081
FixedParameters: 0 0 0

#Transform 67
Transform: AffineTransform_float_3_3
Parameters: 0.999977 -0.0027101 0.00632126 0.00269891 0.999995 0.0017631 -0.00632575 -0.0017459 0.999979 -0.149726 0.420256 -0.539191
FixedParameters: 0 0 0

#Transform 68
Transform: AffineTransform_float_3_3
Parameters: 0.999979 -0.00263527 0.00591655 0.00264073 0.999996 -0.000960396 -0.00591344 0.000976604 0.999982 -0.217149 0.482862 -0.441734
FixedParameters: 0 0 0

#Transform 69
Transform: AffineTransform_float_3_3
Parameters: 0.999971 -0.00331628 0.00684793 0.00331172 0.999995 0.000635697 -0.00685007 -0.000613301 0.999977 -0.279437 0.445762 -0.560065
FixedParameters: 0 0 0

#Transform 70
Transform: AffineTransform_float_3_3
Parameters: 0.999962 -0.00322228 0.00819193 0.00321772 0.999994 0.000657385 -0.00819408 -0.000631621 0.999966 -0.314761 0.495041 -0.714427
FixedParameters: 0 0 0

#Transform 71
Transform: AffineTransform_float_3_3
Parameters: 0.999958 -0.00316208 0.00853164 0.00315292 0.999995 0.00107794 -0.00853536 -0.00105105 0.999963 -0.341844 0.488611 -0.763741
FixedParameters: 0 0 0

#Transform 72
Transform: AffineTransform_float_3_3
Parameters: 0.999957 -0.00320398 0.00868738 0.00320503 0.999995 -0.000104161 -0.00868663 0.000131837 0.999963 -0.324547 0.545157 -0.78916
FixedParameters: 0 0 0

#Transform 73
Transform: AffineTransform_float_3_3
Parameters: 0.999974 -0.00388109 0.0059642 0.00388591 0.999992 -0.000811844 -0.0059608 0.000835156 0.999982 -0.11518 0.4478 -0.457516
FixedParameters: 0 0 0

#Transform 74
Transform: AffineTransform_float_3_3
Parameters: 0.999994 -0.000379613 0.00365267 0.00038539 0.999999 -0.0017486 -0.00365233 0.0017494 0.999992 0.0148954 0.533817 -0.584194
FixedParameters: 0 0 0

#Transform 75
Transform: AffineTransform_float_3_3
Parameters: 0.999992 -0.00128813 0.00391529 0.00128887 0.999999 -0.000219956 -0.00391472 0.000225045 0.999993 -0.0726135 0.377585 -0.343469
FixedParameters: 0 0 0

#Transform 76
Transform: AffineTransform_float_3_3
Parameters: 0.999991 -0.00038555 0.00423496 0.000396447 0.999997 -0.00246634 -0.00423403 0.00246865 0.999988 -0.0426402 0.512661 -0.457388
FixedParameters: 0 0 0

#Transform 77
Transform: AffineTransform_float_3_3
Parameters: 0.999989 -0.0020101 0.00435912 0.0020189 0.999996 -0.00203922 -0.00435489 0.00204778 0.999989 -0.127688 0.42923 -0.235184
FixedParameters: 0 0 0

#Transform 78
Transform: AffineTransform_float_3_3
Parameters: 0.999982 -0.00154761 0.00567384 0.00153638 0.999996 0.00205175 -0.00567715 -0.00204225 0.999982 -0.166535 0.362183 -0.485052
FixedParameters: 0 0 0

#Transform 79
Transform: AffineTransform_float_3_3
Parameters: 0.999982 -0.00189473 0.00556939 0.00189026 0.999998 0.000855542 -0.00557061 -0.00084446 0.999984 -0.209062 0.478251 -0.60349
FixedParameters: 0 0 0

#Transform 80
Transform: AffineTransform_float_3_3
Parameters: 0.999973 -0.00188504 0.00718464 0.00187596 0.999998 0.00126551 -0.00718737 -0.00125149 0.999974 -0.220636 0.542514 -0.830567
FixedParameters: 0 0 0

#Transform 81
Transform: AffineTransform_float_3_3
Parameters: 0.999987 -0.00155829 0.00482852 0.00156371 0.999999 -0.000971462 -0.00482748 0.000979535 0.999988 -0.107631 0.544442 -0.634041
FixedParameters: 0 0 0

#Transform 82
Transform: AffineTransform_float_3_3
Parameters: 0.999989 0.000202748 0.0045441 -0.000204252 1 0.000495077 -0.0045439 -0.000495926 0.999989 0.00187679 0.574802 -1.10747
FixedParameters: 0 0 0

#Transform 83
Transform: AffineTransform_float_3_3
Parameters: 0.999985 -0.00155457 0.00514143 0.00155642 0.999999 -0.000273002 -0.00514057 0.000280995 0.999986 -0.150234 0.443061 -0.463716
FixedParameters: 0 0 0

#Transform 84
Transform: AffineTransform_float_3_3
Parameters: 0.999974 -0.00177544 0.00690012 0.00177257 0.999999 0.000503244 -0.00690088 -0.000491761 0.999976 -0.273539 0.503512 -0.652132
FixedParameters: 0 0 0

#Transform 85
Transform: AffineTransform_float_3_3
Parameters: 0.999969 -0.00231664 0.00754174 0.00230636 0.999997 0.00141944 -0.00754526 -0.00140156 0.99997 -0.251155 0.515337 -0.685802
FixedParameters: 0 0 0

#Transform 86
Transform: AffineTransform_float_3_3
Parameters: 0.999974 -0.00244353 0.00679058 0.00243347 0.999996 0.00141156 -0.00679442 -0.00139443 0.999976 -0.200012 0.573005 -0.808564
FixedParameters: 0 0 0

#Transform 87
Transform: AffineTransform_float_3_3
Parameters: 0.999973 -0.00277196 0.00687944 0.00277804 0.999996 -0.000867912 -0.00687657 0.000887086 0.999976 -0.224706 0.676818 -0.857345
FixedParameters: 0 0 0

#Transform 88
Transform: AffineTransform_float_3_3
Parameters: 0.999972 -0.00222496 0.00722302 0.00222505 0.999997 1.07161e-06 -0.00722299 1.40712e-05 0.999974 -0.255296 0.640369 -0.896291
FixedParameters: 0 0 0

#Transform 89
Transform: AffineTransform_float_3_3
Parameters: 0.999969 -0.00215223 0.00766722 0.00215277 0.999997 -9.24971e-05 -0.00766678 0.000108504 0.99997 -0.305089 0.626214 -0.80697
FixedParameters: 0 0 0

#Transform 90
Transform: AffineTransform_float_3_3
Parameters: 0.999965 -0.00279174 0.00779632 0.00280126 0.999996 -0.0011772 -0.00779367 0.0011988 0.999969 -0.306632 0.673809 -0.839425
FixedParameters: 0 0 0

#Transform 91
Transform: AffineTransform_float_3_3
Parameters: 0.999967 -0.00250778 0.00771965 0.00251822 0.999996 -0.00144361 -0.00771535 0.0014634 0.999969 -0.305896 0.671739 -0.847969
FixedParameters: 0 0 0

#Transform 92
Transform: AffineTransform_float_3_3
Parameters: 0.999977 -0.00182478 0.00655618 0.00182922 0.999998 -0.000638022 -0.00655482 0.000649976 0.999979 -0.230487 0.598923 -0.713915
FixedParameters: 0 0 0

#Transform 93
Transform: AffineTransform_float_3_3
Parameters: 0.999982 -0.00158873 0.00579145 0.00159327 0.999999 -0.000904789 -0.00579055 0.000914216 0.999983 -0.23508 0.503703 -0.48418
FixedParameters: 0 0 0

#Transform 94
Transform: AffineTransform_float_3_3
Parameters: 0.999973 -0.00185273 0.00703763 0.00187427 0.999993 -0.00301789 -0.00703136 0.00303011 0.99997 -0.291702 0.730705 -0.835321
FixedParameters: 0 0 0

#Transform 95
Transform: AffineTransform_float_3_3
Parameters: 0.999982 -0.000769887 0.00585631 0.000802112 0.999984 -0.0054834 -0.00585168 0.0054876 0.999968 -0.25778 0.80479 -0.867543
FixedParameters: 0 0 0

#Transform 96
Transform: AffineTransform_float_3_3
Parameters: 0.999982 -0.00151928 0.0059275 0.00152872 0.999998 -0.00163597 -0.0059245 0.00164503 0.999981 -0.280885 0.562573 -0.576624
FixedParameters: 0 0 0

#Transform 97
Transform: AffineTransform_float_3_3
Parameters: 0.999991 -0.000901464 0.00396544 0.000899534 1 0.000623572 -0.00396656 -0.00061943 0.999992 -0.085231 0.435202 -0.399834
FixedParameters: 0 0 0

#Transform 98
Transform: AffineTransform_float_3_3
Parameters: 0.999986 -0.00214756 0.00482675 0.00214644 0.999997 0.000121362 -0.00482625 -0.000110637 0.999989 -0.192614 0.455304 -0.41704
FixedParameters: 0 0 0

#Transform 99
Transform: AffineTransform_float_3_3
Parameters: 0.99998 -0.00217501 0.00585011 0.00217799 0.999998 -0.000504268 -0.00584888 0.000516732 0.999983 -0.235417 0.536658 -0.559795
FixedParameters: 0 0 0

#Transform 100
Transform: AffineTransform_float_3_3
Parameters: 0.999983 -0.00222841 0.00541354 0.00223659 0.999996 -0.00158092 -0.00541046 0.00159308 0.999984 -0.197883 0.560859 -0.556347
FixedParameters: 0 0 0

#Transform 101
Transform: AffineTransform_float_3_3
Parameters: 0.999979 -0.00247653 0.00601908 0.00248447 0.999996 -0.00123407 -0.00601592 0.00124893 0.999981 -0.254982 0.562707 -0.606994
FixedParameters: 0 0 0

#Transform 102
Transform: AffineTransform_float_3_3
Parameters: 0.99998 -0.00204224 0.00600562 0.00204677 0.999997 -0.000787723 -0.00600438 0.000799278 0.999981 -0.252546 0.55353 -0.633918
FixedParameters: 0 0 0

#Transform 103
Transform: AffineTransform_float_3_3
Parameters: 0.999979 -0.00236357 0.00592197 0.00237144 0.999997 -0.00124898 -0.00591902 0.00126202 0.999981 -0.247657 0.580825 -0.629627
FixedParameters: 0 0 0

#Transform 104
Transform: AffineTransform_float_3_3
Parameters: 0.999977 -0.00221269 0.00651322 0.00222731 0.999995 -0.00234455 -0.00650778 0.00235946 0.999976 -0.27072 0.602079 -0.59929
FixedParameters: 0 0 0

#Transform 105
Transform: AffineTransform_float_3_3
Parameters: 0.999979 -0.00194173 0.0061978 0.00195726 0.999995 -0.00245792 -0.00619219 0.00247008 0.999978 -0.242547 0.609812 -0.63392
FixedParameters: 0 0 0

#Transform 106
Transform: AffineTransform_float_3_3
Parameters: 0.999969 -0.00186492 0.00755377 0.00190807 0.999982 -0.00569976 -0.00754223 0.00571424 0.999955 -0.302493 0.784235 -0.838519
FixedParameters: 0 0 0

#Transform 107
Transform: AffineTransform_float_3_3
Parameters: 0.999973 -0.00230542 0.00696052 0.00232758 0.999992 -0.00323688 -0.00695348 0.00325312 0.99997 -0.331998 0.647018 -0.590858
FixedParameters: 0 0 0

#Transform 108
Transform: AffineTransform_float_3_3
Parameters: 0.99998 -0.00170989 0.00619691 0.00172411 0.999996 -0.00227236 -0.00619309 0.00228364 0.999978 -0.277263 0.533624 -0.431144
FixedParameters: 0 0 0

#Transform 109
Transform: AffineTransform_float_3_3
Parameters: 0.999977 -0.00166958 0.00660039 0.00167941 0.999997 -0.00142095 -0.00659761 0.00143205 0.999977 -0.267533 0.513777 -0.46182
FixedParameters: 0 0 0

#Transform 110
Transform: AffineTransform_float_3_3
Parameters: 0.999974 -0.00226224 0.00681558 0.00227276 0.999996 -0.00157155 -0.00681242 0.00158645 0.999975 -0.293635 0.527708 -0.511205
FixedParameters: 0 0 0

#Transform 111
Transform: AffineTransform_float_3_3
Parameters: 0.999974 -0.00281381 0.00663132 0.0028382 0.99999 -0.00364228 -0.00662068 0.00366073 0.999972 -0.271995 0.632463 -0.521343
FixedParameters: 0 0 0

#Transform 112
Transform: AffineTransform_float_3_3
Parameters: 0.999972 -0.00266168 0.00701736 0.00266032 0.999997 0.000248676 -0.00701864 -0.000230325 0.999976 -0.246892 0.51179 -0.52995
FixedParameters: 0 0 0

#Transform 113
Transform: AffineTransform_float_3_3
Parameters: 0.999969 -0.00285762 0.00741035 0.00289238 0.999985 -0.00463271 -0.00739665 0.00465428 0.999962 -0.272077 0.774263 -0.844324
FixedParameters: 0 0 0

#Transform 114
Transform: AffineTransform_float_3_3
Parameters: 0.999967 -0.00330861 0.00744754 0.00333039 0.999991 -0.00286129 -0.00743846 0.00288571 0.999968 -0.287606 0.55086 -0.409307
FixedParameters: 0 0 0

#Transform 115
Transform: AffineTransform_float_3_3
Parameters: 0.999972 -0.00320112 0.00677462 0.00321288 0.999994 -0.00174328 -0.00676937 0.00176472 0.999975 -0.278446 0.506657 -0.352409
FixedParameters: 0 0 0

#Transform 116
Transform: AffineTransform_float_3_3
Parameters: 0.99997 -0.00353156 0.00696986 0.00354944 0.99999 -0.00249133 -0.00696114 0.00251566 0.999972 -0.289933 0.52545 -0.31326
FixedParameters: 0 0 0

#Transform 117
Transform: AffineTransform_float_3_3
Parameters: 0.999978 -0.00263033 0.00617585 0.00263668 0.999996 -0.00107274 -0.00617316 0.00108926 0.999981 -0.247003 0.476367 -0.294044
FixedParameters: 0 0 0

#Transform 118
Transform: AffineTransform_float_3_3
Parameters: 0.99997 -0.00323086 0.0069699 0.00324913 0.999991 -0.00273543 -0.0069611 0.00275857 0.999972 -0.274356 0.546868 -0.337154
FixedParameters: 0 0 0

#Transform 119
Transform: AffineTransform_float_3_3
Parameters: 0.999968 -0.0032359 0.00721734 0.0032491 0.999993 -0.00194261 -0.00721066 0.00196539 0.999972 -0.279189 0.515094 -0.353246
FixedParameters: 0 0 0

#Transform 120
Transform: AffineTransform_float_3_3
Parameters: 0.99997 -0.00338169 0.0069704 0.00340032 0.999991 -0.00276138 -0.0069606 0.00278462 0.999972 -0.281962 0.533645 -0.3325
FixedParameters: 0 0 0

#Transform 121
Transform: AffineTransform_float_3_3
Parameters: 0.999974 -0.00364466 0.0062614 0.00367035 0.999985 -0.00420113 -0.00624659 0.00422388 0.999971 -0.220081 0.644789 -0.500951
FixedParameters: 0 0 0

#Transform 122
Transform: AffineTransform_float_3_3
Parameters: 0.999972 -0.0036493 0.00662899 0.0036707 0.999988 -0.00326476 -0.00661701 0.00328924 0.999972 -0.263742 0.554848 -0.363188
FixedParameters: 0 0 0

#Transform 123
Transform: AffineTransform_float_3_3
Parameters: 0.999968 -0.00364794 0.00709191 0.00367106 0.999988 -0.00324107 -0.00708009 0.00326693 0.999969 -0.296059 0.559426 -0.359175
FixedParameters: 0 0 0

#Transform 124
Transform: AffineTransform_float_3_3
Parameters: 0.999972 -0.00304182 0.00685454 0.00306119 0.999992 -0.0027901 -0.00684645 0.0028109 0.999972 -0.286684 0.552213 -0.365157
FixedParameters: 0 0 0

#Transform 125
Transform: AffineTransform_float_3_3
Parameters: 0.999968 -0.00351641 0.00718659 0.00353959 0.999989 -0.00327267 -0.00717441 0.00329733 0.999969 -0.268367 0.543677 -0.36652
FixedParameters: 0 0 0

#Transform 126
Transform: AffineTransform_float_3_3
Parameters: 0.999973 -0.00444583 0.00593328 0.00448217 0.999972 -0.00609657 -0.00590572 0.00612343 0.999964 -0.213702 0.64856 -0.333259
FixedParameters: 0 0 0

#Transform 127
Transform: AffineTransform_float_3_3
Parameters: 0.999983 -0.00144145 0.00568921 0.00145855 0.999994 -0.00290575 -0.00568478 0.00291424 0.999979 -0.0248333 0.722444 -0.734896
FixedParameters: 0 0 0

#Transform 128
Transform: AffineTransform_float_3_3
Parameters: 0.999753 -0.00429924 0.0218124 0.00418276 0.999977 0.00537156 -0.0218356 -0.00527943 0.999747 -0.66121 0.188827 -0.370028
FixedParameters: 0 0 0

#Transform 129
Transform: AffineTransform_float_3_3
Parameters: 0.99998 -0.00232275 0.00587506 0.00233826 0.999994 -0.00259132 -0.00586895 0.00260468 0.99998 -0.152703 0.45655 -0.202147
FixedParameters: 0 0 0

#Transform 130
Transform: AffineTransform_float_3_3
Parameters: 0.999985 -0.00251685 0.00500112 0.00252715 0.999995 -0.00202339 -0.00499588 0.00203661 0.999986 -0.177604 0.457355 -0.204819
FixedParameters: 0 0 0

#Transform 131
Transform: AffineTransform_float_3_3
Parameters: 0.999993 -0.00181235 0.00328224 0.00181965 0.999995 -0.00233004 -0.00327776 0.00233596 0.999992 -0.0540652 0.593591 -0.495951
FixedParameters: 0 0 0

#Transform 132
Transform: AffineTransform_float_3_3
Parameters: 0.999988 -0.00166834 0.00456381 0.00167567 0.999997 -0.00167637 -0.00456119 0.00168363 0.999988 -0.159094 0.534822 -0.340903
FixedParameters: 0 0 0

#Transform 133
Transform: AffineTransform_float_3_3
Parameters: 0.999985 -0.00176362 0.00513758 0.00177438 0.999997 -0.00201691 -0.00513442 0.00202609 0.999985 -0.191971 0.520565 -0.328633
FixedParameters: 0 0 0

#Transform 134
Transform: AffineTransform_float_3_3
Parameters: 0.999982 -0.00236511 0.00539634 0.00237589 0.999995 -0.00182721 -0.00539165 0.00183978 0.999984 -0.183183 0.573103 -0.495473
FixedParameters: 0 0 0

#Transform 135
Transform: AffineTransform_float_3_3
Parameters: 0.999983 -0.00237806 0.00522761 0.00237593 0.999997 0.00059243 -0.00522939 -0.000579574 0.999986 -0.210803 0.410649 -0.305936
FixedParameters: 0 0 0

#Transform 136
Transform: AffineTransform_float_3_3
Parameters: 0.999981 -0.00237515 0.00564794 0.00237586 0.999997 3.24193e-05 -0.00564806 -1.95854e-05 0.999984 -0.209404 0.445565 -0.354386
FixedParameters: 0 0 0

#Transform 137
Transform: AffineTransform_float_3_3
Parameters: 0.999979 -0.00237959 0.00598918 0.00237541 0.999997 0.000774243 -0.00599082 -0.00075976 0.999982 -0.140528 0.387316 -0.286437
FixedParameters: 0 0 0

#Transform 138
Transform: AffineTransform_float_3_3
Parameters: 0.99998 -0.00193714 0.00599647 0.00195386 0.999994 -0.00280734 -0.00599053 0.00281866 0.999978 -0.206507 0.504849 -0.210284
FixedParameters: 0 0 0

#Transform 139
Transform: AffineTransform_float_3_3
Parameters: 0.999981 -0.00272144 0.00541401 0.00275655 0.999974 -0.00657019 -0.00539598 0.0065858 0.999964 -0.199406 0.61044 -0.193883
FixedParameters: 0 0 0

#Transform 140
Transform: AffineTransform_float_3_3
Parameters: 0.999988 -0.00254595 0.00433061 0.00257405 0.999975 -0.00648393 -0.00431339 0.00649506 0.999969 -0.152424 0.588093 -0.168666
FixedParameters: 0 0 0

#Transform 141
Transform: AffineTransform_float_3_3
Parameters: 0.999985 -0.0024766 0.00485057 0.0025024 0.999982 -0.00544495 -0.00483643 0.00545706 0.999974 -0.147212 0.54634 -0.208123
FixedParameters: 0 0 0

#Transform 142
Transform: AffineTransform_float_3_3
Parameters: 0.999984 -0.00175756 0.00540764 0.00179243 0.999977 -0.00655441 -0.00539536 0.00656459 0.999964 -0.200058 0.560504 -0.15784
FixedParameters: 0 0 0

#Transform 143
Transform: AffineTransform_float_3_3
Parameters: 0.999993 -0.000729677 0.00381993 0.000755324 0.999977 -0.00663216 -0.00381507 0.00663483 0.99997 -0.0538825 0.54591 -0.0881045
FixedParameters: 0 0 0

#Transform 144
Transform: AffineTransform_float_3_3
Parameters: 0.999989 -0.00155411 0.00454559 0.00157989 0.999984 -0.00547688 -0.00453641 0.00548411 0.999974 -0.165482 0.522613 -0.0749862
FixedParameters: 0 0 0

#Transform 145
Transform: AffineTransform_float_3_3
Parameters: 0.999992 -0.00147175 0.00383927 0.00148825 0.99999 -0.00423432 -0.00383273 0.00423967 0.999983 -0.156619 0.472489 -0.11998
FixedParameters: 0 0 0

#Transform 146
Transform: AffineTransform_float_3_3
Parameters: 0.999983 -0.00321523 0.00470786 0.00324678 0.999972 -0.00675782 -0.00468614 0.00677218 0.999966 -0.122395 0.593173 -0.121354
FixedParameters: 0 0 0

#Transform 147
Transform: AffineTransform_float_3_3
Parameters: 0.999985 -0.00233548 0.00507802 0.00236952 0.999974 -0.00680307 -0.00506198 0.00681493 0.999964 -0.192832 0.601051 -0.181011
FixedParameters: 0 0 0

#Transform 148
Transform: AffineTransform_float_3_3
Parameters: 0.999983 -0.00269864 0.00529871 0.00273636 0.99997 -0.00724563 -0.00527929 0.00725937 0.999959 -0.172329 0.618422 -0.168519
FixedParameters: 0 0 0

#Transform 149
Transform: AffineTransform_float_3_3
Parameters: 0.999985 -0.00284059 0.00465247 0.00286842 0.999977 -0.00611175 -0.00463554 0.00612426 0.999971 -0.0919485 0.564744 -0.136554
FixedParameters: 0 0 0

#Transform 150
Transform: AffineTransform_float_3_3
Parameters: 0.999985 -0.00248521 0.00479372 0.00252179 0.999969 -0.00747402 -0.00477527 0.00748597 0.99996 -0.154358 0.649043 -0.229233
FixedParameters: 0 0 0

#Transform 151
Transform: AffineTransform_float_3_3
Parameters: 0.999983 -0.00239803 0.00530617 0.00243997 0.999965 -0.00791818 -0.00528683 0.00793081 0.999954 -0.178315 0.668459 -0.16504
FixedParameters: 0 0 0

#Transform 152
Transform: AffineTransform_float_3_3
Parameters: 0.999982 -0.00336297 0.00500942 0.00340202 0.999964 -0.0078031 -0.00498258 0.0078199 0.999957 -0.111904 0.62751 -0.179027
FixedParameters: 0 0 0

#Transform 153
Transform: AffineTransform_float_3_3
Parameters: 0.999981 -0.00413961 0.00469167 0.00417339 0.999966 -0.00712956 -0.00466132 0.00714943 0.999963 -0.0896656 0.633813 -0.124111
FixedParameters: 0 0 0

#Transform 154
Transform: AffineTransform_float_3_3
Parameters: 0.999982 -0.00383975 0.00447215 0.00387024 0.999969 -0.00677481 -0.00444585 0.00679119 0.999967 -0.12256 0.638029 -0.151533
FixedParameters: 0 0 0

#Transform 155
Transform: AffineTransform_float_3_3
Parameters: 0.999981 -0.00282076 0.00561585 0.00285624 0.999976 -0.00627809 -0.00559716 0.00629392 0.999965 -0.149658 0.609405 -0.237748
FixedParameters: 0 0 0

#Transform 156
Transform: AffineTransform_float_3_3
Parameters: 0.999982 -0.00280743 0.0054304 0.00283758 0.999981 -0.0054467 -0.00541461 0.00546131 0.999971 -0.199396 0.567645 -0.220839
FixedParameters: 0 0 0

#Transform 157
Transform: AffineTransform_float_3_3
Parameters: 0.999979 -0.00347556 0.00544104 0.00351644 0.999966 -0.00744002 -0.00541495 0.00745897 0.999957 -0.182796 0.660243 -0.203828
FixedParameters: 0 0 0

#Transform 158
Transform: AffineTransform_float_3_3
Parameters: 0.99997 -0.00383597 0.00674366 0.00387903 0.999972 -0.00638003 -0.00671834 0.00640596 0.999957 -0.14383 0.622281 -0.273957
FixedParameters: 0 0 0

#Transform 159
Transform: AffineTransform_float_3_3
Parameters: 0.999977 -0.00391912 0.00563255 0.00395688 0.999969 -0.00672887 -0.00560646 0.00675113 0.999962 -0.105741 0.604045 -0.183455
FixedParameters: 0 0 0

#Transform 160
Transform: AffineTransform_float_3_3
Parameters: 0.999978 -0.0033451 0.00571 0.0033789 0.999976 -0.00593783 -0.00569001 0.00595616 0.999966 -0.188222 0.57566 -0.191785
FixedParameters: 0 0 0

#Transform 161
Transform: AffineTransform_float_3_3
Parameters: 0.99997 -0.00314644 0.00707367 0.00317656 0.999985 -0.00431366 -0.00705933 0.00433534 0.999965 -0.25332 0.506243 -0.18281
FixedParameters: 0 0 0

#Transform 162
Transform: AffineTransform_float_3_3
Parameters: 0.999973 -0.0039111 0.00618335 0.0039549 0.999968 -0.00694173 -0.00615565 0.00696626 0.999957 -0.17012 0.650493 -0.211775
FixedParameters: 0 0 0

#Transform 163
Transform: AffineTransform_float_3_3
Parameters: 0.999969 -0.00480649 0.0062706 0.00484951 0.999964 -0.00694281 -0.00623641 0.0069722 0.999956 -0.123632 0.634966 -0.14203
FixedParameters: 0 0 0

#Transform 164
Transform: AffineTransform_float_3_3
Parameters: 0.999978 -0.00431311 0.0051801 0.0043489 0.999967 -0.00693863 -0.0051499 0.00696037 0.999962 -0.112213 0.608669 -0.157351
FixedParameters: 0 0 0

#Transform 165
Transform: AffineTransform_float_3_3
Parameters: 0.999975 -0.00430031 0.0057408 0.00434869 0.999955 -0.00849526 -0.00570421 0.00852076 0.999948 -0.13749 0.692805 -0.191231
FixedParameters: 0 0 0

#Transform 166
Transform: AffineTransform_float_3_3
Parameters: 0.999976 -0.00431058 0.0055431 0.00434943 0.999967 -0.00693906 -0.0055129 0.00696294 0.99996 -0.123638 0.653311 -0.275703
FixedParameters: 0 0 0

#Transform 167
Transform: AffineTransform_float_3_3
Parameters: 0.999988 -0.00283157 0.00418071 0.00285843 0.999975 -0.00656913 -0.0041623 0.00658087 0.999969 -0.110284 0.612185 -0.196151
FixedParameters: 0 0 0

#Transform 168
Transform: AffineTransform_float_3_3
Parameters: 0.999974 -0.0026816 0.006723 0.00274039 0.999957 -0.00884181 -0.00669801 0.0088602 0.999939 -0.174249 0.684747 -0.170075
FixedParameters: 0 0 0

#Transform 169
Transform: AffineTransform_float_3_3
Parameters: 0.999968 -0.00546188 0.00587196 0.00551312 0.999946 -0.0087249 -0.00582403 0.00875609 0.999944 -0.0836465 0.659511 -0.110719
FixedParameters: 0 0 0

#Transform 170
Transform: AffineTransform_float_3_3
Parameters: 0.999962 -0.00653527 0.00589095 0.00659474 0.999927 -0.0101785 -0.00582405 0.0102165 0.999931 -0.121063 0.701962 -0.104959
FixedParameters: 0 0 0

#Transform 171
Transform: AffineTransform_float_3_3
Parameters: 0.999965 -0.00569472 0.00611297 0.00575028 0.999943 -0.00906417 -0.00606103 0.00909884 0.99994 -0.131713 0.675998 -0.178835
FixedParameters: 0 0 0

#Transform 172
Transform: AffineTransform_float_3_3
Parameters: 0.999978 -0.00426631 0.00497046 0.00431269 0.999947 -0.00942177 -0.00492954 0.00944224 0.999944 -0.135378 0.655699 -0.129528
FixedParameters: 0 0 0

#Transform 173
Transform: AffineTransform_float_3_3
Parameters: 0.99998 -0.00403907 0.00484977 0.00408393 0.999948 -0.00929037 -0.00481222 0.00931062 0.999945 -0.136607 0.681303 -0.111636
FixedParameters: 0 0 0

#Transform 174
Transform: AffineTransform_float_3_3
Parameters: 0.999984 -0.00275991 0.00493522 0.0027941 0.999972 -0.00691532 -0.00491678 0.00692868 0.999964 -0.183466 0.545752 -0.133455
FixedParameters: 0 0 0

#Transform 175
Transform: AffineTransform_float_3_3
Parameters: 0.999983 -0.00244509 0.00525314 0.00248991 0.999961 -0.00855906 -0.00523186 0.00857193 0.999949 -0.216702 0.630328 -0.105755
FixedParameters: 0 0 0

#Transform 176
Transform: AffineTransform_float_3_3
Parameters: 0.999982 -0.00254841 0.00540624 0.00259258 0.999962 -0.00825613 -0.00538476 0.00826987 0.999952 -0.197048 0.625125 -0.138612
FixedParameters: 0 0 0

#Transform 177
Transform: AffineTransform_float_3_3
Parameters: 0.999983 -0.00277408 0.00498884 0.0028129 0.999965 -0.00781009 -0.00496616 0.0078239 0.999957 -0.167737 0.601686 -0.0988323
FixedParameters: 0 0 0

#Transform 178
Transform: AffineTransform_float_3_3
Parameters: 0.999984 -0.00287427 0.00500345 0.00291273 0.999965 -0.00775056 -0.00498156 0.00776445 0.999958 -0.198316 0.597756 -0.0676216
FixedParameters: 0 0 0

#Transform 179
Transform: AffineTransform_float_3_3
Parameters: 0.999986 -0.00239503 0.00474632 0.00243098 0.999969 -0.00758857 -0.00472868 0.00759943 0.99996 -0.167699 0.578602 -0.0645519
FixedParameters: 0 0 0
