#Insight Transform File V1.0
#Transform 0
Transform: AffineTransform_float_3_3
Parameters: 1 0.000458727 -0.000927135 -0.000459272 1 -0.000293574 0.000926865 0.000294425 0.999999 0.0173594 -0.0470165 0.403871
FixedParameters: 0 0 0

#Transform 1
Transform: AffineTransform_float_3_3
Parameters: 1 0.000479011 0.00013096 -0.000478989 1 -8.40627e-05 -0.00013104 8.39372e-05 1 0.0499572 0.0955348 -0.00356361
FixedParameters: 0 0 0

#Transform 2
Transform: AffineTransform_float_3_3
Parameters: 1 0.000125034 0.000290985 -0.000124966 1 -0.000117036 -0.000291015 0.000116964 1 0.0792903 0.194425 -0.0123433
FixedParameters: 0 0 0

#Transform 3
Transform: AffineTransform_float_3_3
Parameters: 1 0.000341921 0.00105303 -0.000342079 1 7.46399e-05 -0.00105298 -7.53601e-05 1 0.0292659 0.202812 -0.0474903
FixedParameters: 0 0 0

#Transform 4
Transform: AffineTransform_float_3_3
Parameters: 1 0.000439191 0.000368772 -0.000438809 1 -0.000518162 -0.000369228 0.000518838 1 0.037901 0.213666 -0.0318044
FixedParameters: 0 0 0

#Transform 5
Transform: AffineTransform_float_3_3
Parameters: 0.999999 0.000501526 0.000539512 -0.000500475 1 -0.000974271 -0.000539488 0.00097373 1 0.0362961 0.261508 -0.0570116
FixedParameters: 0 0 0

#Transform 6
Transform: AffineTransform_float_3_3
Parameters: 0.999999 0.000510496 0.000614588 -0.000509502 0.999999 -0.000808313 -0.000615412 0.000807686 1 0.0173992 0.253163 -0.0975149
FixedParameters: 0 0 0

#Transform 7
Transform: AffineTransform_float_3_3
Parameters: 1 0.000504408 0.000364435 -0.000503591 0.999999 -0.00112018 -0.000365564 0.00111982 1 0.0375451 0.268957 -0.0592846
FixedParameters: 0 0 0

#Transform 8
Transform: AffineTransform_float_3_3
Parameters: 1 0.000421734 0.000538426 -0.000421267 0.999999 -0.00136223 -0.000538574 0.00136177 0.999999 0.0244484 0.29198 -0.0833304
FixedParameters: 0 0 0

#Transform 9
Transform: AffineTransform_float_3_3
Parameters: 1 0.00025003 0.000538523 -0.000248971 0.999998 -0.00191113 -0.000538477 0.00191087 0.999998 0.0264033 0.310315 -0.110196
FixedParameters: 0 0 0

#Transform 10
Transform: AffineTransform_float_3_3
Parameters: 1 0.00040384 0.00053837 -0.00040316 0.999998 -0.00156022 -0.000538629 0.00155978 0.999998 0.0182574 0.288436 -0.080038
FixedParameters: 0 0 0

#Transform 11
Transform: AffineTransform_float_3_3
Parameters: 1 0.00022184 0.000538654 -0.00022016 0.999999 -0.00156012 -0.000538344 0.00155988 0.999998 0.036873 0.276613 -0.0784224
FixedParameters: 0 0 0

#Transform 12
Transform: AffineTransform_float_3_3
Parameters: 1 0.000112465 0.000426878 -0.000111535 1 -0.00109005 -0.000427122 0.00108995 1 0.0550937 0.269052 -0.0616264
FixedParameters: 0 0 0

#Transform 13
Transform: AffineTransform_float_3_3
Parameters: 1 0.000185398 0.000438832 -0.000184601 0.999999 -0.000908081 -0.000439168 0.000907919 1 0.0219306 0.242916 -0.0458497
FixedParameters: 0 0 0

#Transform 14
Transform: AffineTransform_float_3_3
Parameters: 1 0.00015961 0.00053882 -0.000159391 1 -0.00113209 -0.000538181 0.00113191 0.999999 0.0404978 0.265783 -0.0714289
FixedParameters: 0 0 0

#Transform 15
Transform: AffineTransform_float_3_3
Parameters: 1 -0.000164738 0.00053908 0.000164261 1 -0.000484911 -0.00053892 0.000485089 0.999999 0.0500444 0.209027 -0.0201613
FixedParameters: 0 0 0

#Transform 16
Transform: AffineTransform_float_3_3
Parameters: 0.999999 -4.95958e-05 0.000805024 4.94041e-05 1 -0.00050196 -0.000804975 0.00050204 0.999999 0.0399734 0.225796 -0.0339087
FixedParameters: 0 0 0

#Transform 17
Transform: AffineTransform_float_3_3
Parameters: 1 -0.000231947 0.000539023 0.000232053 1 -9.88749e-05 -0.000538977 9.8125e-05 1 0.0459892 0.207247 -0.0190258
FixedParameters: 0 0 0

#Transform 18
Transform: AffineTransform_float_3_3
Parameters: 0.999999 -6.7612e-05 0.000987027 6.83878e-05 1 -0.000392933 -0.000986973 0.000393067 1 0.0262467 0.224276 -0.054534
FixedParameters: 0 0 0

#Transform 19
Transform: AffineTransform_float_3_3
Parameters: 1 -0.000201485 0.00115409 0.000201515 1 -0.000445768 -0.00115391 0.000446233 0.999999 0.021101 0.227502 -0.0614661
FixedParameters: 0 0 0

#Transform 20
Transform: AffineTransform_float_3_3
Parameters: 1 -1.1889e-05 0.00120501 1.3111e-05 0.999999 -0.000921984 -0.00120499 0.000922014 0.999999 0.00199351 0.250985 -0.0683344
FixedParameters: 0 0 0

#Transform 21
Transform: AffineTransform_float_3_3
Parameters: 0.999999 -0.000213176 0.000889198 0.000213824 0.999999 -0.00092681 -0.000888802 0.00092619 0.999999 0.0399089 0.277127 -0.0597093
FixedParameters: 0 0 0

#Transform 22
Transform: AffineTransform_float_3_3
Parameters: 0.999999 -0.000124808 0.000715033 0.000124192 1 -0.000268911 -0.000714966 0.000269089 0.999999 0.0221866 0.218107 -0.0231942
FixedParameters: 0 0 0

#Transform 23
Transform: AffineTransform_float_3_3
Parameters: 1 7.34152e-05 0.000655953 -7.25847e-05 1 -0.000633047 -0.000656046 0.000632952 0.999999 0.0423983 0.23591 -0.0302676
FixedParameters: 0 0 0

#Transform 24
Transform: AffineTransform_float_3_3
Parameters: 0.999999 -0.000256769 0.000893066 0.000257231 1 -0.00025877 -0.000892933 0.000258229 0.999999 0.0412125 0.240248 -0.0489696
FixedParameters: 0 0 0

#Transform 25
Transform: AffineTransform_float_3_3
Parameters: 1 -0.000353446 0.000979201 0.000353555 1 -0.000565654 -0.000979801 0.000566347 1 0.0323894 0.256608 -0.054047
FixedParameters: 0 0 0

#Transform 26
Transform: AffineTransform_float_3_3
Parameters: 1 -0.000434725 0.000971124 0.000434275 1 -0.000282579 -0.000970878 0.000283422 1 0.0265614 0.2201 -0.0244586
FixedParameters: 0 0 0

#Transform 27
Transform: AffineTransform_float_3_3
Parameters: 0.999999 -0.000271331 0.000776234 0.00027167 0.999999 -0.000862789 -0.000776766 0.000862211 1 0.0431241 0.274445 -0.0419596
FixedParameters: 0 0 0

#Transform 28
Transform: AffineTransform_float_3_3
Parameters: 1 -0.000261447 0.00101314 0.000262553 1 -0.000545734 -0.00101286 0.000546265 1 0.0230621 0.258365 -0.0666273
FixedParameters: 0 0 0

#Transform 29
Transform: AffineTransform_float_3_3
Parameters: 1 -0.000728429 0.000911457 0.00072957 0.999999 -0.000625335 -0.000910544 0.000626664 1 0.0357058 0.26441 -0.0648081
FixedParameters: 0 0 0

#Transform 30
Transform: AffineTransform_float_3_3
Parameters: 0.999999 -0.000370761 0.000842105 0.00037124 1 -0.000284687 -0.000841894 0.000284312 0.999999 0.0268036 0.234613 -0.0239199
FixedParameters: 0 0 0

#Transform 31
Transform: AffineTransform_float_3_3
Parameters: 0.999999 -0.00043224 0.000749439 0.000432761 1 -0.00101468 -0.000749561 0.00101432 0.999999 0.0427712 0.282809 -0.0619102
FixedParameters: 0 0 0

#Transform 32
Transform: AffineTransform_float_3_3
Parameters: 0.999999 -0.000666811 0.00117268 0.000668189 1 -0.00101422 -0.00117132 0.00101478 0.999999 0.0271042 0.300712 -0.0894034
FixedParameters: 0 0 0

#Transform 33
Transform: AffineTransform_float_3_3
Parameters: 0.999999 -0.000804535 0.00128692 0.000805465 0.999999 -0.00113797 -0.00128608 0.00113904 0.999999 0.0325366 0.307159 -0.0970446
FixedParameters: 0 0 0

#Transform 34
Transform: AffineTransform_float_3_3
Parameters: 1 -0.000656948 0.000766903 0.000658053 0.999999 -0.0013735 -0.000766097 0.0013735 0.999999 0.0335061 0.299918 -0.0819666
FixedParameters: 0 0 0

#Transform 35
Transform: AffineTransform_float_3_3
Parameters: 0.999999 -0.000676105 0.000614985 0.000676894 0.999998 -0.00145558 -0.000614015 0.00145541 0.999999 0.0458623 0.303076 -0.0902805
FixedParameters: 0 0 0

#Transform 36
Transform: AffineTransform_float_3_3
Parameters: 1 -0.00087908 0.00056344 0.000879921 0.999999 -0.00163651 -0.000561562 0.0016365 0.999999 0.056821 0.317628 -0.0936165
FixedParameters: 0 0 0

#Transform 37
Transform: AffineTransform_float_3_3
Parameters: 0.999999 -0.000630764 0.000656189 0.000631234 0.999998 -0.00188359 -0.000654812 0.00188441 0.999998 0.0304532 0.335673 -0.094033
FixedParameters: 0 0 0

#Transform 38
Transform: AffineTransform_float_3_3
Parameters: 0.999999 -0.000592888 0.000585128 0.000593111 0.999998 -0.00190065 -0.000583873 0.00190135 0.999998 0.0498336 0.331789 -0.104756
FixedParameters: 0 0 0

#Transform 39
Transform: AffineTransform_float_3_3
Parameters: 1 -0.000372077 0.00101171 0.000373923 0.999998 -0.00190062 -0.00101129 0.00190138 0.999997 0.0163156 0.336449 -0.1115
FixedParameters: 0 0 0

#Transform 40
Transform: AffineTransform_float_3_3
Parameters: 0.999999 -0.000482985 0.00058484 0.000484015 0.999999 -0.00173672 -0.00058416 0.00173728 0.999999 0.0387554 0.326197 -0.100161
FixedParameters: 0 0 0

#Transform 41
Transform: AffineTransform_float_3_3
Parameters: 0.999999 -0.000544172 0.000584771 0.000544827 0.999999 -0.00141568 -0.000584229 0.00141632 0.999999 0.0313019 0.312431 -0.0647998
FixedParameters: 0 0 0

#Transform 42
Transform: AffineTransform_float_3_3
Parameters: 0.999999 -0.000596065 0.00039342 0.000596933 0.999997 -0.00237977 -0.00039158 0.00238023 0.999997 0.0583843 0.388065 -0.129502
FixedParameters: 0 0 0

#Transform 43
Transform: AffineTransform_float_3_3
Parameters: 1 -0.0007371 0.000585135 0.000737899 0.999998 -0.00153857 -0.000583865 0.00153943 0.999998 0.0378751 0.313344 -0.0512219
FixedParameters: 0 0 0

#Transform 44
Transform: AffineTransform_float_3_3
Parameters: 1 -0.000935194 0.000443704 0.000935805 0.999998 -0.00182059 -0.000441297 0.00182141 0.999998 0.0352186 0.33691 -0.102027
FixedParameters: 0 0 0

#Transform 45
Transform: AffineTransform_float_3_3
Parameters: 0.999999 -0.000758671 0.000116166 0.000758328 0.999995 -0.00285491 -0.000113835 0.00285509 0.999996 0.0704271 0.434199 -0.208209
FixedParameters: 0 0 0

#Transform 46
Transform: AffineTransform_float_3_3
Parameters: 0.999999 -0.000675944 0.000378891 0.000677056 0.999996 -0.00279474 -0.00037711 0.00279426 0.999996 0.0548715 0.430754 -0.201776
FixedParameters: 0 0 0

#Transform 47
Transform: AffineTransform_float_3_3
Parameters: 1 -0.00103241 0.000214866 0.00103259 0.999995 -0.00277478 -0.000212135 0.00277522 0.999996 0.0789016 0.430241 -0.178227
FixedParameters: 0 0 0

#Transform 48
Transform: AffineTransform_float_3_3
Parameters: 0.999999 -0.000976736 0.000116238 0.000977263 0.999997 -0.00229089 -0.000113761 0.00229111 0.999998 0.0967144 0.390929 -0.15512
FixedParameters: 0 0 0

#Transform 49
Transform: AffineTransform_float_3_3
Parameters: 0.999999 -0.000931764 0.000115913 0.000932236 0.999998 -0.00205289 -0.000114086 0.00205311 0.999998 0.0967178 0.376627 -0.135152
FixedParameters: 0 0 0

#Transform 50
Transform: AffineTransform_float_3_3
Parameters: 1 -0.00109474 0.000116508 0.00109427 0.999997 -0.00229087 -0.000114493 0.00229113 0.999998 0.10934 0.400367 -0.16365
FixedParameters: 0 0 0

#Transform 51
Transform: AffineTransform_float_3_3
Parameters: 0.999999 -0.000899683 0.000116474 0.000899318 0.999996 -0.0027489 -0.000114529 0.0027481 0.999996 0.0874922 0.430839 -0.197704
FixedParameters: 0 0 0

#Transform 52
Transform: AffineTransform_float_3_3
Parameters: 1 -0.00109422 0.000283039 0.00109478 0.999995 -0.00277569 -0.000279963 0.00277531 0.999996 0.0618987 0.444674 -0.19563
FixedParameters: 0 0 0

#Transform 53
Transform: AffineTransform_float_3_3
Parameters: 1 -0.00115866 0.000117414 0.00115934 0.999995 -0.00294586 -0.000113585 0.00294613 0.999995 0.0724704 0.439348 -0.186684
FixedParameters: 0 0 0

#Transform 54
Transform: AffineTransform_float_3_3
Parameters: 1 -0.00100066 0.000116965 0.00100134 0.999995 -0.00296288 -0.000114033 0.00296311 0.999995 0.0994257 0.448071 -0.232049
FixedParameters: 0 0 0

#Transform 55
Transform: AffineTransform_float_3_3
Parameters: 1 -0.000976929 0.000353971 0.000978072 0.999995 -0.00303866 -0.000351029 0.00303935 0.999996 0.0786466 0.447958 -0.236361
FixedParameters: 0 0 0

#Transform 56
Transform: AffineTransform_float_3_3
Parameters: 0.999999 -0.00130363 0.000118146 0.00130337 0.999994 -0.00317985 -0.000113856 0.00318015 0.999995 0.0892554 0.429609 -0.205231
FixedParameters: 0 0 0

#Transform 57
Transform: AffineTransform_float_3_3
Parameters: 1 -0.00099862 0.000117288 0.00099938 0.999994 -0.00329188 -0.000113711 0.00329211 0.999994 0.0943221 0.451843 -0.224502
FixedParameters: 0 0 0

#Transform 58
Transform: AffineTransform_float_3_3
Parameters: 1 -0.00111559 0.000117911 0.00111641 0.999993 -0.00350487 -0.000114089 0.00350413 0.999994 0.0933258 0.466884 -0.217103
FixedParameters: 0 0 0

#Transform 59
Transform: AffineTransform_float_3_3
Parameters: 1 -0.000990048 0.000279398 0.000990951 0.999993 -0.00342972 -0.000275603 0.00343027 0.999994 0.0940296 0.462729 -0.255081
FixedParameters: 0 0 0

#Transform 60
Transform: AffineTransform_float_3_3
Parameters: 1 -0.00104166 0.000399517 0.00104334 0.999994 -0.00337359 -0.000396482 0.00337442 0.999994 0.0863502 0.460041 -0.235274
FixedParameters: 0 0 0

#Transform 61
Transform: AffineTransform_float_3_3
Parameters: 1 -0.00119793 2.4109e-05 0.00119808 0.999994 -0.00342998 -1.98907e-05 0.00343003 0.999994 0.0872678 0.440673 -0.21423
FixedParameters: 0 0 0

#Transform 62
Transform: AffineTransform_float_3_3
Parameters: 0.999999 -0.00092869 -0.00023428 0.00092831 0.999996 -0.00293022 0.000236722 0.00293078 0.999995 0.110487 0.428515 -0.200995
FixedParameters: 0 0 0

#Transform 63
Transform: AffineTransform_float_3_3
Parameters: 0.999999 -0.000791213 0.000245549 0.000791787 0.999994 -0.0032198 -0.000243451 0.00322019 0.999995 0.0890334 0.450041 -0.221484
FixedParameters: 0 0 0

#Transform 64
Transform: AffineTransform_float_3_3
Parameters: 0.999999 -0.000800851 4.10035e-05 0.000801148 0.999992 -0.00374997 -3.79959e-05 0.00375003 0.999993 0.0845934 0.483567 -0.227311
FixedParameters: 0 0 0

#Transform 65
Transform: AffineTransform_float_3_3
Parameters: 0.999999 -0.00137402 -3.97659e-06 0.00137398 0.999993 -0.00365601 9.02332e-06 0.00365599 0.999994 0.0896716 0.471012 -0.231802
FixedParameters: 0 0 0

#Transform 66
Transform: AffineTransform_float_3_3
Parameters: 0.999999 -0.00148265 9.56005e-05 0.00148335 0.999992 -0.00377686 -8.93979e-05 0.00377714 0.999993 0.0826648 0.469574 -0.229085
FixedParameters: 0 0 0

#Transform 67
Transform: AffineTransform_float_3_3
Parameters: 0.999999 -0.00101902 -2.84343e-06 0.00101898 0.999991 -0.004079 6.15648e-06 0.004079 0.999991 0.0928937 0.496357 -0.252253
FixedParameters: 0 0 0

#Transform 68
Transform: AffineTransform_float_3_3
Parameters: 0.999998 -0.00165235 -7.795e-05 0.00165165 0.999989 -0.00426713 8.50482e-05 0.00426686 0.999991 0.0991603 0.508601 -0.261688
FixedParameters: 0 0 0

#Transform 69
Transform: AffineTransform_float_3_3
Parameters: 0.999998 -0.00160115 -0.000283575 0.00159985 0.99999 -0.00401446 0.000289424 0.00401354 0.999992 0.0986331 0.490127 -0.222448
FixedParameters: 0 0 0

#Transform 70
Transform: AffineTransform_float_3_3
Parameters: 0.999999 -0.00175829 -0.000319988 0.00175671 0.999991 -0.00398957 0.000327012 0.00398943 0.999992 0.103741 0.470462 -0.2114
FixedParameters: 0 0 0

#Transform 71
Transform: AffineTransform_float_3_3
Parameters: 0.999999 -0.00175688 3.06304e-05 0.00175711 0.999989 -0.00434295 -2.2369e-05 0.00434304 0.99999 0.112517 0.502238 -0.243535
FixedParameters: 0 0 0

#Transform 72
Transform: AffineTransform_float_3_3
Parameters: 0.999999 -0.0017584 -0.000319385 0.0017576 0.999989 -0.00433257 0.000327616 0.00433143 0.99999 0.13037 0.501879 -0.273625
FixedParameters: 0 0 0

#Transform 73
Transform: AffineTransform_float_3_3
Parameters: 0.999999 -0.00156482 -0.000194471 0.00156317 0.99999 -0.00417331 0.000201525 0.00417269 0.999992 0.104826 0.492784 -0.259533
FixedParameters: 0 0 0

#Transform 74
Transform: AffineTransform_float_3_3
Parameters: 0.999999 -0.00175866 -0.000408947 0.00175735 0.999991 -0.00401273 0.000416055 0.00401228 0.999992 0.107174 0.483816 -0.235765
FixedParameters: 0 0 0

#Transform 75
Transform: AffineTransform_float_3_3
Parameters: 0.999999 -0.00175854 -0.000318638 0.00175746 0.999987 -0.00475757 0.000327363 0.00475643 0.999988 0.115466 0.536234 -0.271763
FixedParameters: 0 0 0

#Transform 76
Transform: AffineTransform_float_3_3
Parameters: 0.999999 -0.00175854 -0.000318638 0.00175746 0.999987 -0.00475757 0.000327363 0.00475643 0.999988 0.114732 0.54643 -0.282587
FixedParameters: 0 0 0

#Transform 77
Transform: AffineTransform_float_3_3
Parameters: 0.999999 -0.00175848 -0.000318939 0.00175752 0.999988 -0.00458657 0.000327065 0.00458643 0.99999 0.100929 0.521441 -0.265649
FixedParameters: 0 0 0

#Transform 78
Transform: AffineTransform_float_3_3
Parameters: 0.999999 -0.00175856 -0.000318499 0.00175744 0.999987 -0.00483657 0.000327503 0.00483543 0.999989 0.110319 0.550078 -0.280115
FixedParameters: 0 0 0

#Transform 79
Transform: AffineTransform_float_3_3
Parameters: 0.999999 -0.00182758 -0.000318072 0.00182643 0.999987 -0.00488759 0.000326931 0.00488741 0.999988 0.106203 0.549772 -0.287012
FixedParameters: 0 0 0

#Transform 80
Transform: AffineTransform_float_3_3
Parameters: 0.999999 -0.00175729 -5.90769e-05 0.00175672 0.999989 -0.00450911 6.69216e-05 0.00450889 0.99999 0.0968093 0.5366 -0.254315
FixedParameters: 0 0 0

#Transform 81
Transform: AffineTransform_float_3_3
Parameters: 0.999999 -0.00175844 -0.000319155 0.00175756 0.999989 -0.00446357 0.000327849 0.00446343 0.99999 0.112711 0.531709 -0.248446
FixedParameters: 0 0 0

#Transform 82
Transform: AffineTransform_float_3_3
Parameters: 0.999997 -0.00219642 -8.13613e-05 0.00219658 0.999986 -0.00484419 9.26411e-05 0.00484381 0.999989 0.126939 0.545448 -0.304037
FixedParameters: 0 0 0

#Transform 83
Transform: AffineTransform_float_3_3
Parameters: 0.999999 -0.00183855 -0.000318173 0.00183645 0.999987 -0.00480359 0.000327824 0.00480241 0.999989 0.112484 0.54175 -0.293497
FixedParameters: 0 0 0

#Transform 84
Transform: AffineTransform_float_3_3
Parameters: 0.999999 -0.00180725 -0.000244981 0.00180675 0.999986 -0.00499245 0.000254024 0.00499255 0.999987 0.101894 0.551185 -0.270326
FixedParameters: 0 0 0

#Transform 85
Transform: AffineTransform_float_3_3
Parameters: 0.999997 -0.00219795 -0.000386032 0.00219604 0.999985 -0.00499286 0.000396969 0.00499214 0.999988 0.142434 0.552854 -0.280025
FixedParameters: 0 0 0

#Transform 86
Transform: AffineTransform_float_3_3
Parameters: 0.999999 -0.00170734 -0.000633058 0.00170366 0.999985 -0.00524309 0.00064194 0.00524191 0.999986 0.14526 0.584793 -0.297499
FixedParameters: 0 0 0

#Transform 87
Transform: AffineTransform_float_3_3
Parameters: 0.999998 -0.00170057 -0.000318738 0.00169943 0.999986 -0.00486055 0.000327263 0.00485945 0.999988 0.0998735 0.547789 -0.275772
FixedParameters: 0 0 0

#Transform 88
Transform: AffineTransform_float_3_3
Parameters: 0.999999 -0.00180881 -0.00038869 0.00180719 0.999988 -0.00459671 0.000397311 0.00459629 0.99999 0.110793 0.527486 -0.234541
FixedParameters: 0 0 0

#Transform 89
Transform: AffineTransform_float_3_3
Parameters: 0.999998 -0.00184653 -0.000708869 0.00184247 0.999986 -0.00495031 0.000718127 0.00494868 0.999987 0.134959 0.560719 -0.280152
FixedParameters: 0 0 0

#Transform 90
Transform: AffineTransform_float_3_3
Parameters: 0.999999 -0.00184358 -0.000318001 0.00184143 0.999987 -0.0048836 0.000326997 0.00488341 0.999988 0.117988 0.556604 -0.27199
FixedParameters: 0 0 0

#Transform 91
Transform: AffineTransform_float_3_3
Parameters: 0.999998 -0.00192554 -0.000317812 0.00192446 0.999987 -0.00477362 0.00032719 0.00477338 0.999988 0.112262 0.540393 -0.242621
FixedParameters: 0 0 0

#Transform 92
Transform: AffineTransform_float_3_3
Parameters: 0.999999 -0.00178053 -0.000318579 0.00177947 0.999987 -0.00473157 0.000327424 0.00473142 0.999989 0.104153 0.554123 -0.287728
FixedParameters: 0 0 0

#Transform 93
Transform: AffineTransform_float_3_3
Parameters: 0.999998 -0.00196374 -0.0004291 0.00196126 0.99999 -0.00402485 0.000436897 0.00402415 0.999992 0.134422 0.518883 -0.27274
FixedParameters: 0 0 0

#Transform 94
Transform: AffineTransform_float_3_3
Parameters: 0.999998 -0.0020193 -0.000318876 0.0020177 0.99999 -0.00402465 0.000327123 0.00402435 0.999992 0.121086 0.510241 -0.233703
FixedParameters: 0 0 0

#Transform 95
Transform: AffineTransform_float_3_3
Parameters: 0.999999 -0.00171446 -0.000319264 0.00171254 0.999989 -0.00451455 0.000327735 0.00451445 0.99999 0.111703 0.531738 -0.23519
FixedParameters: 0 0 0

#Transform 96
Transform: AffineTransform_float_3_3
Parameters: 0.999998 -0.00190543 -0.00031855 0.00190357 0.999989 -0.00443662 0.000327447 0.00443539 0.99999 0.118239 0.532783 -0.255821
FixedParameters: 0 0 0

#Transform 97
Transform: AffineTransform_float_3_3
Parameters: 0.999998 -0.00202154 -0.000568023 0.00201846 0.999988 -0.00444416 0.000576976 0.00444384 0.99999 0.122717 0.51488 -0.252162
FixedParameters: 0 0 0

#Transform 98
Transform: AffineTransform_float_3_3
Parameters: 0.999999 -0.00177823 -0.00049304 0.00177577 0.999988 -0.00447988 0.00050096 0.00447911 0.99999 0.133495 0.515769 -0.247834
FixedParameters: 0 0 0

#Transform 99
Transform: AffineTransform_float_3_3
Parameters: 0.999998 -0.00219725 -0.000318534 0.00219676 0.99999 -0.00385471 0.00032747 0.00385429 0.999993 0.118142 0.485509 -0.205374
FixedParameters: 0 0 0

#Transform 100
Transform: AffineTransform_float_3_3
Parameters: 0.999998 -0.00219734 -0.000317861 0.00219666 0.999989 -0.00416071 0.00032714 0.00415929 0.999992 0.12515 0.501179 -0.230549
FixedParameters: 0 0 0

#Transform 101
Transform: AffineTransform_float_3_3
Parameters: 0.999997 -0.00207641 -0.000656434 0.00207359 0.999991 -0.00364637 0.000664563 0.00364463 0.999993 0.126222 0.474245 -0.190061
FixedParameters: 0 0 0

#Transform 102
Transform: AffineTransform_float_3_3
Parameters: 0.999997 -0.00219752 -0.000316641 0.00219648 0.999986 -0.0047157 0.000327359 0.00471429 0.999989 0.144003 0.55111 -0.25812
FixedParameters: 0 0 0

#Transform 103
Transform: AffineTransform_float_3_3
Parameters: 0.999997 -0.00219711 -0.000319447 0.00219589 0.999991 -0.00343871 0.000327553 0.00343829 0.999994 0.164017 0.485991 -0.221377
FixedParameters: 0 0 0

#Transform 104
Transform: AffineTransform_float_3_3
Parameters: 0.999997 -0.00238309 -0.000318949 0.00238191 0.999992 -0.00337977 0.000327052 0.00337923 0.999994 0.147574 0.493131 -0.247316
FixedParameters: 0 0 0

#Transform 105
Transform: AffineTransform_float_3_3
Parameters: 0.999997 -0.00219715 -0.000319179 0.00219585 0.999991 -0.00356071 0.00032782 0.00356029 0.999993 0.140214 0.483437 -0.212805
FixedParameters: 0 0 0

#Transform 106
Transform: AffineTransform_float_3_3
Parameters: 0.999997 -0.00219718 -0.000318944 0.00219581 0.999991 -0.00366771 0.000327056 0.00366729 0.999993 0.142793 0.503569 -0.231012
FixedParameters: 0 0 0

#Transform 107
Transform: AffineTransform_float_3_3
Parameters: 0.999997 -0.00240018 -0.0003182 0.00239982 0.999991 -0.00366778 0.000327804 0.00366723 0.999993 0.124105 0.486514 -0.221851
FixedParameters: 0 0 0

#Transform 108
Transform: AffineTransform_float_3_3
Parameters: 0.999998 -0.00229306 -0.000319486 0.00229194 0.999992 -0.00327774 0.000327514 0.00327726 0.999994 0.139685 0.456585 -0.177989
FixedParameters: 0 0 0

#Transform 109
Transform: AffineTransform_float_3_3
Parameters: 0.999997 -0.00217881 -0.000284884 0.00217819 0.999993 -0.00280763 0.000291117 0.00280737 0.999996 0.113004 0.428725 -0.15396
FixedParameters: 0 0 0

#Transform 110
Transform: AffineTransform_float_3_3
Parameters: 0.999998 -0.00199234 -0.000161864 0.00199166 0.999996 -0.00207633 0.000166135 0.00207567 0.999998 0.108689 0.386751 -0.0820767
FixedParameters: 0 0 0

#Transform 111
Transform: AffineTransform_float_3_3
Parameters: 0.999998 -0.00228827 -0.000149961 0.00228873 0.999996 -0.00176535 0.000154039 0.00176465 0.999998 0.12358 0.36598 -0.0927087
FixedParameters: 0 0 0

#Transform 112
Transform: AffineTransform_float_3_3
Parameters: 0.999997 -0.00236116 -5.90546e-05 0.00236084 0.999994 -0.00251815 6.4947e-05 0.00251885 0.999997 0.138135 0.42619 -0.113862
FixedParameters: 0 0 0

#Transform 113
Transform: AffineTransform_float_3_3
Parameters: 0.999997 -0.00246687 -0.000320359 0.00246613 0.999994 -0.0026928 0.000327642 0.0026922 0.999997 0.156319 0.435571 -0.143597
FixedParameters: 0 0 0

#Transform 114
Transform: AffineTransform_float_3_3
Parameters: 0.999997 -0.00236982 7.77966e-05 0.00237018 0.999994 -0.00244582 -7.22025e-05 0.00244618 0.999997 0.122717 0.429512 -0.15207
FixedParameters: 0 0 0

#Transform 115
Transform: AffineTransform_float_3_3
Parameters: 0.999997 -0.00265007 -2.86654e-05 0.00264994 0.999995 -0.00201308 3.43343e-05 0.00201292 0.999998 0.128631 0.401672 -0.105725
FixedParameters: 0 0 0

#Transform 116
Transform: AffineTransform_float_3_3
Parameters: 0.999997 -0.00239782 -0.000320948 0.00239718 0.999994 -0.00252478 0.000327053 0.00252422 0.999997 0.136067 0.423629 -0.116854
FixedParameters: 0 0 0

#Transform 117
Transform: AffineTransform_float_3_3
Parameters: 0.999997 -0.00265082 -0.000320309 0.00264918 0.999994 -0.00252486 0.000327689 0.00252414 0.999997 0.147505 0.44323 -0.118303
FixedParameters: 0 0 0

#Transform 118
Transform: AffineTransform_float_3_3
Parameters: 0.999997 -0.00264988 5.36883e-05 0.00264913 0.999994 -0.00252387 -4.73136e-05 0.00252413 0.999997 0.125535 0.432916 -0.133265
FixedParameters: 0 0 0

#Transform 119
Transform: AffineTransform_float_3_3
Parameters: 0.999997 -0.00265145 -0.000570308 0.00264955 0.999994 -0.00252552 0.000577693 0.00252448 0.999996 0.144057 0.420341 -0.130552
FixedParameters: 0 0 0

#Transform 120
Transform: AffineTransform_float_3_3
Parameters: 0.999997 -0.00265097 -0.000379309 0.00265004 0.999994 -0.00252501 0.000385691 0.00252399 0.999996 0.151357 0.433286 -0.131331
FixedParameters: 0 0 0

#Transform 121
Transform: AffineTransform_float_3_3
Parameters: 0.999997 -0.00265118 -0.000382893 0.00264982 0.999992 -0.00305903 0.000391109 0.00305897 0.999995 0.151801 0.471954 -0.15228
FixedParameters: 0 0 0

#Transform 122
Transform: AffineTransform_float_3_3
Parameters: 0.999997 -0.00265082 -0.000320309 0.00264918 0.999994 -0.00252486 0.000327689 0.00252414 0.999997 0.149178 0.452899 -0.141943
FixedParameters: 0 0 0

#Transform 123
Transform: AffineTransform_float_3_3
Parameters: 0.999997 -0.00265204 -0.000638581 0.00264996 0.999992 -0.0031767 0.00064742 0.0031753 0.999994 0.164613 0.483202 -0.174618
FixedParameters: 0 0 0

#Transform 124
Transform: AffineTransform_float_3_3
Parameters: 0.999997 -0.00265215 -0.000656385 0.00264986 0.999991 -0.00325075 0.000664616 0.00324925 0.999995 0.158628 0.484045 -0.184174
FixedParameters: 0 0 0

#Transform 125
Transform: AffineTransform_float_3_3
Parameters: 0.999997 -0.00267135 -0.000393924 0.00266965 0.99999 -0.00339906 0.000403075 0.00339793 0.999994 0.147318 0.488932 -0.176655
FixedParameters: 0 0 0

#Transform 126
Transform: AffineTransform_float_3_3
Parameters: 0.999996 -0.00256691 -0.000319767 0.00256609 0.999992 -0.00281883 0.000327234 0.00281817 0.999996 0.140151 0.461851 -0.137718
FixedParameters: 0 0 0

#Transform 127
Transform: AffineTransform_float_3_3
Parameters: 0.999997 -0.00256232 -0.000672226 0.00255968 0.999991 -0.00342673 0.000680774 0.00342527 0.999994 0.163983 0.501449 -0.16678
FixedParameters: 0 0 0

#Transform 128
Transform: AffineTransform_float_3_3
Parameters: 0.999996 -0.00253524 -0.000383916 0.00253476 0.999991 -0.00318998 0.000391086 0.00318902 0.999995 0.147259 0.487181 -0.181227
FixedParameters: 0 0 0

#Transform 129
Transform: AffineTransform_float_3_3
Parameters: 0.999996 -0.00274674 -0.00056867 0.00274426 0.999991 -0.00303457 0.000577327 0.00303243 0.999995 0.16256 0.473725 -0.156946
FixedParameters: 0 0 0

#Transform 130
Transform: AffineTransform_float_3_3
Parameters: 0.999995 -0.0030784 -0.000833179 0.0030756 0.999991 -0.00286758 0.00084182 0.00286542 0.999995 0.206487 0.442324 -0.118482
FixedParameters: 0 0 0

#Transform 131
Transform: AffineTransform_float_3_3
Parameters: 0.999996 -0.00294563 -0.000832742 0.00294337 0.99999 -0.00314546 0.00084226 0.00314353 0.999994 0.197768 0.485728 -0.156299
FixedParameters: 0 0 0

#Transform 132
Transform: AffineTransform_float_3_3
Parameters: 0.999996 -0.00278553 -0.000197641 0.00278447 0.999992 -0.00264256 0.000205359 0.00264244 0.999997 0.15377 0.442053 -0.121928
FixedParameters: 0 0 0

#Transform 133
Transform: AffineTransform_float_3_3
Parameters: 0.999996 -0.00281158 -0.000499209 0.00281042 0.999991 -0.00312842 0.000508794 0.00312758 0.999995 0.167082 0.471983 -0.156692
FixedParameters: 0 0 0

#Transform 134
Transform: AffineTransform_float_3_3
Parameters: 0.999996 -0.00271361 -0.000499352 0.00271239 0.999991 -0.00318837 0.000508648 0.00318663 0.999995 0.170184 0.489164 -0.183326
FixedParameters: 0 0 0

#Transform 135
Transform: AffineTransform_float_3_3
Parameters: 0.999996 -0.0027829 -0.000556603 0.0027811 0.999991 -0.00337856 0.000566398 0.00337744 0.999994 0.164062 0.481245 -0.166991
FixedParameters: 0 0 0

#Transform 136
Transform: AffineTransform_float_3_3
Parameters: 0.999996 -0.00285457 -0.000499074 0.00285342 0.999991 -0.00312844 0.000507929 0.00312756 0.999995 0.159833 0.47115 -0.145739
FixedParameters: 0 0 0

#Transform 137
Transform: AffineTransform_float_3_3
Parameters: 0.999995 -0.00307769 -0.000497632 0.0030763 0.999989 -0.00337055 0.000508368 0.00336845 0.999994 0.185009 0.50271 -0.188109
FixedParameters: 0 0 0

#Transform 138
Transform: AffineTransform_float_3_3
Parameters: 0.999995 -0.0030777 -0.00049757 0.00307629 0.999989 -0.00339055 0.000508432 0.00338945 0.999994 0.178717 0.500742 -0.183096
FixedParameters: 0 0 0

#Transform 139
Transform: AffineTransform_float_3_3
Parameters: 0.999996 -0.00284078 -0.000497913 0.00283821 0.999989 -0.00355243 0.000508082 0.00355057 0.999993 0.16882 0.512028 -0.174392
FixedParameters: 0 0 0

#Transform 140
Transform: AffineTransform_float_3_3
Parameters: 0.999996 -0.00288368 -0.000848602 0.00288033 0.999986 -0.00430346 0.000860402 0.00430154 0.999991 0.211649 0.570655 -0.227389
FixedParameters: 0 0 0

#Transform 141
Transform: AffineTransform_float_3_3
Parameters: 0.999997 -0.0026552 -0.000496395 0.0026528 0.999987 -0.00437333 0.000508604 0.00437167 0.999991 0.169158 0.545675 -0.22162
FixedParameters: 0 0 0

#Transform 142
Transform: AffineTransform_float_3_3
Parameters: 0.999997 -0.00264225 -0.000597144 0.00263976 0.99999 -0.00373259 0.000606856 0.00373141 0.999993 0.166622 0.515954 -0.202528
FixedParameters: 0 0 0

#Transform 143
Transform: AffineTransform_float_3_3
Parameters: 0.999996 -0.00274979 -0.000901529 0.00274521 0.999987 -0.00417549 0.000913468 0.0041735 0.999991 0.196337 0.55875 -0.226075
FixedParameters: 0 0 0

#Transform 144
Transform: AffineTransform_float_3_3
Parameters: 0.999995 -0.00281979 -0.000901237 0.00281621 0.999988 -0.00417556 0.000912764 0.00417345 0.999991 0.175763 0.548677 -0.204351
FixedParameters: 0 0 0

#Transform 145
Transform: AffineTransform_float_3_3
Parameters: 0.999996 -0.00265379 -0.00090193 0.00265021 0.999988 -0.00417541 0.000913069 0.00417259 0.999991 0.172554 0.530796 -0.195504
FixedParameters: 0 0 0

#Transform 146
Transform: AffineTransform_float_3_3
Parameters: 0.999995 -0.00308004 -0.000899292 0.00307596 0.999986 -0.00445479 0.000913708 0.00445221 0.999989 0.202331 0.56476 -0.210825
FixedParameters: 0 0 0

#Transform 147
Transform: AffineTransform_float_3_3
Parameters: 0.999996 -0.00287179 -0.000901012 0.00286821 0.999987 -0.0041786 0.000912991 0.0041764 0.999991 0.203717 0.547545 -0.236778
FixedParameters: 0 0 0

#Transform 148
Transform: AffineTransform_float_3_3
Parameters: 0.999995 -0.00307825 -0.000539326 0.00307575 0.999987 -0.00411968 0.000552671 0.00411732 0.999992 0.178769 0.533084 -0.204645
FixedParameters: 0 0 0

#Transform 149
Transform: AffineTransform_float_3_3
Parameters: 0.999995 -0.00281803 -0.000903589 0.00281496 0.999991 -0.00334256 0.000913409 0.00333944 0.999994 0.177327 0.485373 -0.157752
FixedParameters: 0 0 0

#Transform 150
Transform: AffineTransform_float_3_3
Parameters: 0.999996 -0.00289312 -0.000903058 0.00289088 0.99999 -0.00343962 0.000912946 0.00343737 0.999993 0.189727 0.495827 -0.166784
FixedParameters: 0 0 0

#Transform 151
Transform: AffineTransform_float_3_3
Parameters: 0.999995 -0.00307924 -0.000902009 0.00307576 0.999989 -0.00357279 0.000912991 0.00357021 0.999993 0.19043 0.503298 -0.162387
FixedParameters: 0 0 0

#Transform 152
Transform: AffineTransform_float_3_3
Parameters: 0.999996 -0.00267443 -0.0009029 0.00267057 0.99999 -0.00378043 0.000913098 0.00377758 0.999993 0.172873 0.50611 -0.160397
FixedParameters: 0 0 0

#Transform 153
Transform: AffineTransform_float_3_3
Parameters: 0.999995 -0.00307901 -0.000902778 0.00307598 0.999989 -0.00332279 0.000913222 0.0033202 0.999994 0.189397 0.487457 -0.145256
FixedParameters: 0 0 0

#Transform 154
Transform: AffineTransform_float_3_3
Parameters: 0.999995 -0.00307948 -0.000901177 0.00307552 0.999988 -0.00384279 0.000912822 0.00384021 0.999992 0.200238 0.523883 -0.192589
FixedParameters: 0 0 0

#Transform 155
Transform: AffineTransform_float_3_3
Parameters: 0.999995 -0.00307971 -0.000900407 0.00307629 0.999987 -0.00409279 0.000913595 0.00409021 0.999991 0.206473 0.536742 -0.206691
FixedParameters: 0 0 0

#Transform 156
Transform: AffineTransform_float_3_3
Parameters: 0.999995 -0.00307971 -0.000900407 0.00307629 0.999987 -0.00409279 0.000913595 0.00409021 0.999991 0.200134 0.536728 -0.207803
FixedParameters: 0 0 0

#Transform 157
Transform: AffineTransform_float_3_3
Parameters: 0.999995 -0.00307948 -0.000901177 0.00307552 0.999988 -0.00384279 0.000912822 0.00384021 0.999992 0.192305 0.523854 -0.191526
FixedParameters: 0 0 0

#Transform 158
Transform: AffineTransform_float_3_3
Parameters: 0.999995 -0.00307965 -0.000900623 0.00307535 0.999987 -0.00402279 0.000913376 0.00402021 0.999992 0.206438 0.542401 -0.195378
FixedParameters: 0 0 0

#Transform 159
Transform: AffineTransform_float_3_3
Parameters: 0.999995 -0.00307988 -0.000899838 0.00307612 0.999986 -0.00427779 0.000913164 0.00427521 0.999991 0.202167 0.555547 -0.215387
FixedParameters: 0 0 0

#Transform 160
Transform: AffineTransform_float_3_3
Parameters: 0.999994 -0.00308091 -0.00116511 0.00307609 0.999987 -0.00418961 0.00117789 0.00418639 0.99999 0.214363 0.554249 -0.196852
FixedParameters: 0 0 0

#Transform 161
Transform: AffineTransform_float_3_3
Parameters: 0.999994 -0.00308071 -0.00113831 0.00307628 0.999987 -0.00412252 0.00115068 0.00411848 0.999991 0.205568 0.536572 -0.204062
FixedParameters: 0 0 0

#Transform 162
Transform: AffineTransform_float_3_3
Parameters: 0.999994 -0.00295624 -0.0013484 0.00294976 0.999985 -0.004606 0.0013626 0.004602 0.999989 0.211095 0.558758 -0.22777
FixedParameters: 0 0 0

#Transform 163
Transform: AffineTransform_float_3_3
Parameters: 0.999995 -0.00308126 -0.00117127 0.00307575 0.999986 -0.00446263 0.00118473 0.00445938 0.99999 0.220337 0.570851 -0.239664
FixedParameters: 0 0 0

#Transform 164
Transform: AffineTransform_float_3_3
Parameters: 0.999994 -0.00316453 -0.0015336 0.00315747 0.999986 -0.00424087 0.0015474 0.00423613 0.99999 0.235471 0.55471 -0.213329
FixedParameters: 0 0 0

#Transform 165
Transform: AffineTransform_float_3_3
Parameters: 0.999995 -0.00308179 -0.00141445 0.00307621 0.999987 -0.00407737 0.00142655 0.00407263 0.99999 0.232662 0.537769 -0.198421
FixedParameters: 0 0 0

#Transform 166
Transform: AffineTransform_float_3_3
Parameters: 0.999995 -0.0030824 -0.00141312 0.0030756 0.999985 -0.00451037 0.00142688 0.00450663 0.999989 0.232618 0.563769 -0.225742
FixedParameters: 0 0 0

#Transform 167
Transform: AffineTransform_float_3_3
Parameters: 0.999994 -0.00308124 -0.00121175 0.00307576 0.999986 -0.00430675 0.00122425 0.00430225 0.99999 0.222221 0.561764 -0.201533
FixedParameters: 0 0 0

#Transform 168
Transform: AffineTransform_float_3_3
Parameters: 0.999995 -0.00308236 -0.00132226 0.00307563 0.999984 -0.00478809 0.00133774 0.0047839 0.999987 0.228004 0.57014 -0.204831
FixedParameters: 0 0 0

#Transform 169
Transform: AffineTransform_float_3_3
Parameters: 0.999994 -0.00308303 -0.00145217 0.00307597 0.999983 -0.00481849 0.00146683 0.00481351 0.999988 0.234533 0.597908 -0.241657
FixedParameters: 0 0 0

#Transform 170
Transform: AffineTransform_float_3_3
Parameters: 0.999994 -0.0030828 -0.00149608 0.00307621 0.999985 -0.00452263 0.00150992 0.00451837 0.999988 0.236768 0.582858 -0.245798
FixedParameters: 0 0 0

#Transform 171
Transform: AffineTransform_float_3_3
Parameters: 0.999995 -0.00308233 -0.00132842 0.00307567 0.999984 -0.00473811 0.00134358 0.00473488 0.999988 0.212062 0.581991 -0.229567
FixedParameters: 0 0 0

#Transform 172
Transform: AffineTransform_float_3_3
Parameters: 0.999994 -0.00308119 -0.00121492 0.00307581 0.999986 -0.00425176 0.00122808 0.00424824 0.99999 0.202848 0.540194 -0.190626
FixedParameters: 0 0 0

#Transform 173
Transform: AffineTransform_float_3_3
Parameters: 0.999994 -0.00301659 -0.0012142 0.00301141 0.999985 -0.00458068 0.0012278 0.00457732 0.999989 0.221064 0.568971 -0.220957
FixedParameters: 0 0 0

#Transform 174
Transform: AffineTransform_float_3_3
Parameters: 0.999995 -0.00299981 -0.00147928 0.0029922 0.999985 -0.00458145 0.00149272 0.00457755 0.999989 0.234298 0.579281 -0.239603
FixedParameters: 0 0 0

#Transform 175
Transform: AffineTransform_float_3_3
Parameters: 0.999994 -0.00308102 -0.00121533 0.00307597 0.999987 -0.00411576 0.00122766 0.00411224 0.999991 0.216416 0.547945 -0.208612
FixedParameters: 0 0 0

#Transform 176
Transform: AffineTransform_float_3_3
Parameters: 0.999994 -0.00308276 -0.00143457 0.00307624 0.999985 -0.00468744 0.00144943 0.00468356 0.999988 0.233672 0.579306 -0.222933
FixedParameters: 0 0 0

#Transform 177
Transform: AffineTransform_float_3_3
Parameters: 0.999994 -0.00308172 -0.00121358 0.00307628 0.999985 -0.00468676 0.00122743 0.00468325 0.999989 0.222328 0.592182 -0.253157
FixedParameters: 0 0 0

#Transform 178
Transform: AffineTransform_float_3_3
Parameters: 0.999993 -0.00345299 -0.00131437 0.00344701 0.999984 -0.00453256 0.00133063 0.00452843 0.999989 0.234985 0.586583 -0.229123
FixedParameters: 0 0 0

#Transform 179
Transform: AffineTransform_float_3_3
Parameters: 0.999994 -0.00327027 -0.00125131 0.00326473 0.999986 -0.00419111 0.00126469 0.00418689 0.999991 0.235544 0.528233 -0.156824
FixedParameters: 0 0 0
