#Insight Transform File V1.0
#Transform 0
Transform: AffineTransform_float_3_3
Parameters: 0.999999 -0.000872133 -0.000251535 0.000871865 0.999999 -0.000533219 0.000251464 0.000532781 1 -0.0252569 -0.0517921 0.440662
FixedParameters: 0 0 0

#Transform 1
Transform: AffineTransform_float_3_3
Parameters: 1 0.000361057 -0.000231911 -0.000360943 1 0.000247084 0.000232089 -0.000246916 1 0.0343103 0.109419 -0.116025
FixedParameters: 0 0 0

#Transform 2
Transform: AffineTransform_float_3_3
Parameters: 1 0.000361065 -0.000280917 -0.000360935 1 0.000231101 0.000281083 -0.000230898 1 0.0331965 0.151184 -0.176231
FixedParameters: 0 0 0

#Transform 3
Transform: AffineTransform_float_3_3
Parameters: 1 0.000361103 -0.000150754 -0.000360898 0.999999 0.000681054 0.000150246 -0.000680945 1 0.0195621 0.145236 -0.123886
FixedParameters: 0 0 0

#Transform 4
Transform: AffineTransform_float_3_3
Parameters: 1 0.000361234 -0.000495829 -0.000361766 1 0.000472179 0.000496171 -0.000471821 1 0.0415177 0.156042 -0.137926
FixedParameters: 0 0 0

#Transform 5
Transform: AffineTransform_float_3_3
Parameters: 1 0.000361125 -0.000165728 -0.000361875 0.999999 0.00075206 0.000166272 -0.00075194 0.999999 0.0287689 0.145232 -0.147058
FixedParameters: 0 0 0

#Transform 6
Transform: AffineTransform_float_3_3
Parameters: 1 -0.000135912 -0.000315038 0.000136088 1 0.000277957 0.000314962 -0.000278043 1 0.0294522 0.139021 -0.104006
FixedParameters: 0 0 0

#Transform 7
Transform: AffineTransform_float_3_3
Parameters: 0.999999 -4.76887e-05 -0.00072902 4.73112e-05 1 0.000426965 0.000728979 -0.000427035 0.999999 0.0616022 0.132773 -0.0920033
FixedParameters: 0 0 0

#Transform 8
Transform: AffineTransform_float_3_3
Parameters: 1 -0.00013503 -0.000564993 0.00013497 1 -5.30763e-05 0.000565007 5.29237e-05 1 0.0792859 0.151746 -0.112861
FixedParameters: 0 0 0

#Transform 9
Transform: AffineTransform_float_3_3
Parameters: 0.999999 0.000361435 -0.000669765 -0.000361564 0.999999 0.000650242 0.000670235 -0.000649757 0.999999 0.0628089 0.11828 -0.107924
FixedParameters: 0 0 0

#Transform 10
Transform: AffineTransform_float_3_3
Parameters: 1 -1.96949e-05 -0.00060301 1.93051e-05 1 0.000505988 0.00060299 -0.000506012 0.999999 0.0527668 0.119628 -0.0936488
FixedParameters: 0 0 0

#Transform 11
Transform: AffineTransform_float_3_3
Parameters: 0.999999 -8.4304e-05 -0.000948062 8.46957e-05 0.999999 0.00073392 0.000947938 -0.00073408 1 0.090062 0.121091 -0.123109
FixedParameters: 0 0 0

#Transform 12
Transform: AffineTransform_float_3_3
Parameters: 0.999999 0.00036143 -0.000671768 -0.00036157 0.999999 0.000641243 0.000671231 -0.000640757 0.999999 0.0596661 0.137242 -0.167542
FixedParameters: 0 0 0

#Transform 13
Transform: AffineTransform_float_3_3
Parameters: 0.999999 0.000361364 -0.000642795 -0.000361636 1 0.000565232 0.000643204 -0.000565767 0.999999 0.0483058 0.134015 -0.139686
FixedParameters: 0 0 0

#Transform 14
Transform: AffineTransform_float_3_3
Parameters: 1 0.00036152 -0.000969807 -0.00036148 1 0.000536351 0.000969195 -0.00053565 1 0.0788666 0.126708 -0.146452
FixedParameters: 0 0 0

#Transform 15
Transform: AffineTransform_float_3_3
Parameters: 1 0.000132524 -0.0006919 -0.000132475 0.999999 0.000758092 0.000692101 -0.000757909 1 0.055788 0.132347 -0.155373
FixedParameters: 0 0 0

#Transform 16
Transform: AffineTransform_float_3_3
Parameters: 0.999999 0.000361422 -0.000621755 -0.000361578 0.999999 0.000678225 0.000622245 -0.000678775 0.999999 0.0459919 0.133896 -0.122431
FixedParameters: 0 0 0

#Transform 17
Transform: AffineTransform_float_3_3
Parameters: 1 0.000361835 -0.0010067 -0.000361165 0.999999 0.000829364 0.0010073 -0.000828636 0.999999 0.0737194 0.134393 -0.144659
FixedParameters: 0 0 0

#Transform 18
Transform: AffineTransform_float_3_3
Parameters: 0.999999 0.000361466 -0.00064974 -0.000361533 0.999999 0.000718235 0.000650259 -0.000717765 0.999999 0.0576053 0.139252 -0.158894
FixedParameters: 0 0 0

#Transform 19
Transform: AffineTransform_float_3_3
Parameters: 0.999999 0.000224695 -0.000891825 -0.000224304 0.999999 0.0007802 0.000892175 -0.0007798 1 0.0598572 0.143965 -0.137883
FixedParameters: 0 0 0

#Transform 20
Transform: AffineTransform_float_3_3
Parameters: 1 -5.87608e-05 -0.000535026 5.92391e-05 1 0.000446968 0.000534973 -0.000447031 1 0.0383442 0.151625 -0.146318
FixedParameters: 0 0 0

#Transform 21
Transform: AffineTransform_float_3_3
Parameters: 0.999999 -8.06375e-05 -0.00072204 8.03631e-05 1 0.000502942 0.000721959 -0.000502058 0.999999 0.0548258 0.159105 -0.179427
FixedParameters: 0 0 0

#Transform 22
Transform: AffineTransform_float_3_3
Parameters: 0.999999 -0.000110538 -0.00072007 0.000111461 1 0.000640919 0.000719928 -0.000641079 0.999999 0.043458 0.1444 -0.14886
FixedParameters: 0 0 0

#Transform 23
Transform: AffineTransform_float_3_3
Parameters: 1 0.000361833 -0.000977693 -0.000361166 0.999999 0.000852353 0.000978309 -0.000851646 0.999999 0.0637939 0.14385 -0.17599
FixedParameters: 0 0 0

#Transform 24
Transform: AffineTransform_float_3_3
Parameters: 1 -6.56939e-05 -0.000535037 6.5306e-05 1 0.000571965 0.000534962 -0.000572035 0.999999 0.0276692 0.157764 -0.194319
FixedParameters: 0 0 0

#Transform 25
Transform: AffineTransform_float_3_3
Parameters: 1 -7.98607e-05 -0.000257043 8.01393e-05 1 0.000541979 0.000256957 -0.00054202 1 0.0104919 0.159012 -0.165407
FixedParameters: 0 0 0

#Transform 26
Transform: AffineTransform_float_3_3
Parameters: 1 -7.76405e-05 -0.000677041 7.83594e-05 1 0.000530947 0.000676958 -0.000531052 0.999999 0.0423492 0.148475 -0.153932
FixedParameters: 0 0 0

#Transform 27
Transform: AffineTransform_float_3_3
Parameters: 1 -0.000117938 -0.00014805 0.000118062 1 0.000420982 0.00014795 -0.000421017 1 0.00508813 0.160275 -0.155398
FixedParameters: 0 0 0

#Transform 28
Transform: AffineTransform_float_3_3
Parameters: 1 -7.58159e-05 -0.000288048 7.6184e-05 1 0.000638978 0.000287951 -0.000639022 1 0.0125226 0.157448 -0.138273
FixedParameters: 0 0 0

#Transform 29
Transform: AffineTransform_float_3_3
Parameters: 1 -6.29172e-05 -0.000153034 6.30828e-05 1 0.00054099 0.000152966 -0.000541009 1 0.00941002 0.159272 -0.155955
FixedParameters: 0 0 0

#Transform 30
Transform: AffineTransform_float_3_3
Parameters: 1 -7.77282e-05 -0.000535039 7.82717e-05 1 0.000507958 0.00053496 -0.000508041 0.999999 0.0170011 0.163637 -0.153173
FixedParameters: 0 0 0

#Transform 31
Transform: AffineTransform_float_3_3
Parameters: 1 -5.08472e-05 -0.000285027 5.11527e-05 1 0.000535985 0.000284973 -0.000536014 1 0.00311656 0.153771 -0.101603
FixedParameters: 0 0 0

#Transform 32
Transform: AffineTransform_float_3_3
Parameters: 1 0.000157195 -0.000435929 -0.000156805 1 0.000448068 0.00043607 -0.000447931 1 0.0237198 0.15709 -0.138341
FixedParameters: 0 0 0

#Transform 33
Transform: AffineTransform_float_3_3
Parameters: 1 -0.000144817 -0.000372071 0.000145183 1 0.000492946 0.000371928 -0.000493054 1 -0.00834291 0.164072 -0.13612
FixedParameters: 0 0 0

#Transform 34
Transform: AffineTransform_float_3_3
Parameters: 1 -6.88467e-05 -0.000658016 6.91533e-05 1 0.000232954 0.000657984 -0.000233045 1 0.000786321 0.176407 -0.134227
FixedParameters: 0 0 0

#Transform 35
Transform: AffineTransform_float_3_3
Parameters: 0.999999 -0.000159823 -0.000772036 0.000160177 1 0.000228876 0.000771963 -0.000229123 0.999999 0.0179798 0.166978 -0.15197
FixedParameters: 0 0 0

#Transform 36
Transform: AffineTransform_float_3_3
Parameters: 0.999999 -0.000208774 -0.000705066 0.000209225 1 0.000319852 0.000704933 -0.000320147 0.999999 -0.00473536 0.1637 -0.15126
FixedParameters: 0 0 0

#Transform 37
Transform: AffineTransform_float_3_3
Parameters: 1 -4.79028e-06 -0.000535002 5.20972e-06 1 0.000391997 0.000534998 -0.000392003 1 0.00860458 0.169914 -0.151011
FixedParameters: 0 0 0

#Transform 38
Transform: AffineTransform_float_3_3
Parameters: 1 2.3183e-05 -0.000491991 -2.2817e-05 1 0.000372011 0.000492008 -0.000371989 1 0.00620748 0.158566 -0.166645
FixedParameters: 0 0 0

#Transform 39
Transform: AffineTransform_float_3_3
Parameters: 0.999999 -0.000133532 -0.00089407 0.000134467 1 0.00052288 0.00089393 -0.00052312 1 -0.0250111 0.149384 -0.113255
FixedParameters: 0 0 0

#Transform 40
Transform: AffineTransform_float_3_3
Parameters: 1 -0.000298599 -0.000617194 0.000299401 0.999999 0.000649815 0.000616805 -0.000650184 0.999999 -0.010813 0.135777 -0.0913742
FixedParameters: 0 0 0

#Transform 41
Transform: AffineTransform_float_3_3
Parameters: 0.999999 -9.99028e-05 -0.00091601 0.000100097 1 0.000105908 0.000915989 -0.000106092 0.999999 0.0177419 0.161102 -0.147887
FixedParameters: 0 0 0

#Transform 42
Transform: AffineTransform_float_3_3
Parameters: 0.999999 -0.000486402 -0.00129722 0.000486599 1 0.000461369 0.00129778 -0.000461632 0.999999 -0.0293202 0.149603 -0.110795
FixedParameters: 0 0 0

#Transform 43
Transform: AffineTransform_float_3_3
Parameters: 0.999999 -0.00032106 -0.00120698 0.000320941 1 -4.93874e-05 0.00120702 4.96125e-05 1 0.000121019 0.173235 -0.163286
FixedParameters: 0 0 0

#Transform 44
Transform: AffineTransform_float_3_3
Parameters: 0.999999 -0.000608815 -0.000644175 0.000609185 1 0.000287608 0.000644825 -0.000287393 1 -0.0394243 0.164473 -0.165687
FixedParameters: 0 0 0

#Transform 45
Transform: AffineTransform_float_3_3
Parameters: 0.999999 -0.000502745 -0.00120711 0.000503254 1 0.000210393 0.00120689 -0.000211607 0.999999 -0.0156361 0.169214 -0.144175
FixedParameters: 0 0 0

#Transform 46
Transform: AffineTransform_float_3_3
Parameters: 0.999999 -0.00077914 -0.000956886 0.00077886 0.999999 -0.000146745 0.000957114 0.000146254 0.999999 -0.0145977 0.175887 -0.157792
FixedParameters: 0 0 0

#Transform 47
Transform: AffineTransform_float_3_3
Parameters: 0.999999 -0.000699644 -0.00107623 0.000699356 0.999999 0.000330248 0.00107577 -0.000330753 1 -0.0316141 0.157207 -0.131736
FixedParameters: 0 0 0

#Transform 48
Transform: AffineTransform_float_3_3
Parameters: 0.999999 -0.000799493 -0.00120734 0.000800506 0.999999 0.000419034 0.00120766 -0.000419966 0.999999 -0.00719245 0.156893 -0.155246
FixedParameters: 0 0 0

#Transform 49
Transform: AffineTransform_float_3_3
Parameters: 0.999999 -0.000653996 -0.001093 0.000654004 1 3.28518e-06 0.001093 -3.71482e-06 1 -0.0123693 0.162029 -0.138062
FixedParameters: 0 0 0

#Transform 50
Transform: AffineTransform_float_3_3
Parameters: 1 -0.000589954 -0.000813034 0.000590046 1 5.65203e-05 0.000812967 -5.64796e-05 0.999999 -0.0110441 0.157831 -0.104133
FixedParameters: 0 0 0

#Transform 51
Transform: AffineTransform_float_3_3
Parameters: 0.999999 -0.00057213 -0.000524857 0.000571869 1 -0.0002493 0.000525142 0.0002487 1 -0.00945733 0.166525 -0.121128
FixedParameters: 0 0 0

#Transform 52
Transform: AffineTransform_float_3_3
Parameters: 1 -0.000932226 -0.000743716 0.000932773 0.999999 -0.000304694 0.000744284 0.000304306 0.999999 -0.026876 0.152863 -0.0970096
FixedParameters: 0 0 0

#Transform 53
Transform: AffineTransform_float_3_3
Parameters: 0.999997 -0.00200869 -0.000742133 0.00200831 0.999997 -0.000930492 0.000743867 0.000928508 1 0.00618785 0.157999 -0.0575512
FixedParameters: 0 0 0

#Transform 54
Transform: AffineTransform_float_3_3
Parameters: 0.999996 -0.00255414 -9.94061e-05 0.00255386 0.999995 -0.00140726 0.000102593 0.00140674 0.999999 -0.00808448 0.182164 -0.0802772
FixedParameters: 0 0 0

#Transform 55
Transform: AffineTransform_float_3_3
Parameters: 0.999998 -0.00157531 -0.000414834 0.00157469 0.999999 -0.000740654 0.000416166 0.000740345 0.999999 -0.00839907 0.154663 -0.0788936
FixedParameters: 0 0 0

#Transform 56
Transform: AffineTransform_float_3_3
Parameters: 1 -0.000937173 -0.000266395 0.000936829 1 -0.00064625 0.000266605 0.000645751 1 0.00404759 0.156038 -0.103165
FixedParameters: 0 0 0

#Transform 57
Transform: AffineTransform_float_3_3
Parameters: 0.999999 -0.000967939 0.000172342 0.000968061 1 -0.000353833 -0.000171658 0.000353166 1 -0.0247758 0.150018 -0.097553
FixedParameters: 0 0 0

#Transform 58
Transform: AffineTransform_float_3_3
Parameters: 0.999999 -0.00105659 -0.00070412 0.00105641 0.999999 -0.000833745 0.000704881 0.000833256 1 -0.0102608 0.155857 -0.0431541
FixedParameters: 0 0 0

#Transform 59
Transform: AffineTransform_float_3_3
Parameters: 1 -0.000922551 -0.000516017 0.00092145 0.999999 -0.00106648 0.000516983 0.00106552 1 -0.0107323 0.159005 -0.04161
FixedParameters: 0 0 0

#Transform 60
Transform: AffineTransform_float_3_3
Parameters: 0.999999 -0.00104158 -0.000857299 0.00104042 0.999999 -0.000673893 0.000858701 0.000673107 1 -0.0018078 0.143407 -0.0439694
FixedParameters: 0 0 0

#Transform 61
Transform: AffineTransform_float_3_3
Parameters: 0.999999 -0.0013625 -0.000618897 0.0013625 0.999998 -0.000809844 0.000620103 0.000809155 0.999999 -0.0211389 0.137172 -0.0300909
FixedParameters: 0 0 0

#Transform 62
Transform: AffineTransform_float_3_3
Parameters: 0.999999 -0.00111359 -0.000739106 0.00111341 0.999999 -0.000803824 0.000739895 0.000803177 1 -0.0124916 0.143369 -0.0432478
FixedParameters: 0 0 0

#Transform 63
Transform: AffineTransform_float_3_3
Parameters: 1 -0.000943613 -0.000739218 0.000943387 0.999999 -0.000829698 0.000739782 0.000828303 1 -0.0277074 0.143495 -0.0609486
FixedParameters: 0 0 0

#Transform 64
Transform: AffineTransform_float_3_3
Parameters: 0.999998 -0.00129257 -0.00110933 0.00129243 0.999999 -0.000518435 0.00110967 0.000516567 1 -0.0354322 0.137914 -0.0444532
FixedParameters: 0 0 0

#Transform 65
Transform: AffineTransform_float_3_3
Parameters: 0.999999 -0.000791492 -0.000960595 0.000790507 0.999999 -0.00051276 0.000961406 0.000512239 1 -0.00136756 0.158825 -0.0451909
FixedParameters: 0 0 0

#Transform 66
Transform: AffineTransform_float_3_3
Parameters: 0.999999 -0.000943 -1.89736e-05 0.000942999 0.999999 -2.80179e-05 1.90264e-05 2.79821e-05 1 -0.0562882 0.145717 -0.0543731
FixedParameters: 0 0 0

#Transform 67
Transform: AffineTransform_float_3_3
Parameters: 1 -0.000943483 -0.00061426 0.000943519 0.999999 -0.00078458 0.00061474 0.00078442 0.999999 -0.0143433 0.161349 -0.0380875
FixedParameters: 0 0 0

#Transform 68
Transform: AffineTransform_float_3_3
Parameters: 0.999999 -0.000942989 5.01838e-05 0.000943009 0.999999 -0.000194953 -4.98161e-05 0.000195047 1 -0.042248 0.13143 -0.0495059
FixedParameters: 0 0 0

#Transform 69
Transform: AffineTransform_float_3_3
Parameters: 1 -0.000811337 -0.000713617 0.000811663 0.999999 -0.000472579 0.000714384 0.00047242 0.999999 -0.0156245 0.158927 -0.0319727
FixedParameters: 0 0 0

#Transform 70
Transform: AffineTransform_float_3_3
Parameters: 0.999999 -0.000727296 -0.000565619 0.000726703 0.999999 -0.000523411 0.00056638 0.000523588 0.999999 -0.0113958 0.165318 -0.0613549
FixedParameters: 0 0 0

#Transform 71
Transform: AffineTransform_float_3_3
Parameters: 1 -0.000750367 -0.000565515 0.000749634 1 -0.000647424 0.000566485 0.000646575 0.999999 -0.0290821 0.172125 -0.0410119
FixedParameters: 0 0 0

#Transform 72
Transform: AffineTransform_float_3_3
Parameters: 1 -0.00094311 -0.000565817 0.00094389 0.999999 -0.000194534 0.000566184 0.000194466 1 -0.0361517 0.163218 -0.0167059
FixedParameters: 0 0 0

#Transform 73
Transform: AffineTransform_float_3_3
Parameters: 0.999999 -0.00058908 -0.000467899 0.00058892 1 -0.000171276 0.0004681 0.000170724 1 -0.0114996 0.156394 -0.0174253
FixedParameters: 0 0 0

#Transform 74
Transform: AffineTransform_float_3_3
Parameters: 0.999999 -0.000634077 -0.000565914 0.000634923 1 -0.000135359 0.000566086 0.000135641 1 -0.0285303 0.146209 -0.0173379
FixedParameters: 0 0 0

#Transform 75
Transform: AffineTransform_float_3_3
Parameters: 0.999999 -0.000480078 -0.000565933 0.000479922 1 -0.000138272 0.000566066 0.000137728 1 -0.016325 0.148382 -0.0172948
FixedParameters: 0 0 0

#Transform 76
Transform: AffineTransform_float_3_3
Parameters: 0.999999 -0.000605279 -0.000565701 0.00060572 0.999999 -0.000493343 0.000566299 0.000493657 0.999999 -0.0124943 0.175817 -0.0255706
FixedParameters: 0 0 0

#Transform 77
Transform: AffineTransform_float_3_3
Parameters: 0.999999 -0.000706998 -0.000566002 0.000707002 1 3.59984e-06 0.000565997 -3.40016e-06 1 -0.0360425 0.166926 -0.0187617
FixedParameters: 0 0 0

#Transform 78
Transform: AffineTransform_float_3_3
Parameters: 0.999999 -0.000513223 -0.000565797 0.000513776 1 -0.000395291 0.000566203 0.000394709 1 -0.00507789 0.196234 -0.0382345
FixedParameters: 0 0 0

#Transform 79
Transform: AffineTransform_float_3_3
Parameters: 1 -0.000361034 -0.000315961 0.000360966 1 -0.000107114 0.000316039 0.000106886 1 -0.0399422 0.164004 -0.039524
FixedParameters: 0 0 0

#Transform 80
Transform: AffineTransform_float_3_3
Parameters: 1 -0.000361003 -0.000422998 0.000360997 1 -6.1527e-06 0.000423002 6.84729e-06 1 -0.0197971 0.153546 -0.0133685
FixedParameters: 0 0 0

#Transform 81
Transform: AffineTransform_float_3_3
Parameters: 1 -0.000361055 0.000234915 0.000360945 1 0.000234085 -0.000235084 -0.000233915 1 -0.0247005 0.157413 -0.0246822
FixedParameters: 0 0 0

#Transform 82
Transform: AffineTransform_float_3_3
Parameters: 1 -0.000611024 0.000168912 0.000610976 1 0.000144103 -0.000168088 -0.000143897 1 -0.0504553 0.15115 -0.0124857
FixedParameters: 0 0 0

#Transform 83
Transform: AffineTransform_float_3_3
Parameters: 1 -0.000175014 8.8973e-05 0.000174986 1 0.000154016 -8.80269e-05 -0.000153985 1 -0.0170878 0.161556 -0.0127979
FixedParameters: 0 0 0

#Transform 84
Transform: AffineTransform_float_3_3
Parameters: 1 -0.000360989 -0.00020202 0.000361011 1 5.49271e-05 0.00020198 -5.50729e-05 1 -0.0193882 0.159154 -0.0105251
FixedParameters: 0 0 0

#Transform 85
Transform: AffineTransform_float_3_3
Parameters: 1 -3.19991e-05 -6.00493e-06 3.20011e-05 1 0.000154 6.99507e-06 -0.000154 1 -0.0532814 0.144963 -0.0124293
FixedParameters: 0 0 0

#Transform 86
Transform: AffineTransform_float_3_3
Parameters: 1 -4.40002e-05 9.9252e-07 4.39998e-05 1 0.00017 -1.00748e-06 -0.00017 1 -0.0302101 0.146629 -0.012617
FixedParameters: 0 0 0

#Transform 87
Transform: AffineTransform_float_3_3
Parameters: 1 -8.90197e-05 0.00017299 8.89803e-05 1 0.000114015 -0.00017301 -0.000113985 1 -0.0289092 0.149873 -0.0127818
FixedParameters: 0 0 0

#Transform 88
Transform: AffineTransform_float_3_3
Parameters: 1 -0.000181956 -0.000187043 0.000182044 1 0.000233966 0.000186957 -0.000234034 1 -0.0434554 0.133839 -0.0123323
FixedParameters: 0 0 0

#Transform 89
Transform: AffineTransform_float_3_3
Parameters: 1 -0.000187995 -3.20286e-05 0.000188005 1 0.000151994 3.19714e-05 -0.000152006 1 -0.0248366 0.153857 -0.012257
FixedParameters: 0 0 0

#Transform 90
Transform: AffineTransform_float_3_3
Parameters: 1 -0.000121008 3.39717e-05 0.000120992 1 0.000234004 -3.40283e-05 -0.000233996 1 -0.0447272 0.152633 -0.020744
FixedParameters: 0 0 0

#Transform 91
Transform: AffineTransform_float_3_3
Parameters: 1 -0.000200003 1.49532e-05 0.000199997 1 0.000234003 -1.40468e-05 -0.000233997 1 -0.0522268 0.141613 -0.0132227
FixedParameters: 0 0 0

#Transform 92
Transform: AffineTransform_float_3_3
Parameters: 1 -0.000192965 -0.000150045 0.000193035 1 0.000233971 0.000149955 -0.000234029 1 -0.0174273 0.139768 -0.0124562
FixedParameters: 0 0 0

#Transform 93
Transform: AffineTransform_float_3_3
Parameters: 1 -0.000149001 3.96513e-06 0.000148999 1 0.000234001 -4.03487e-06 -0.000233999 1 -0.0559703 0.13367 -0.0132571
FixedParameters: 0 0 0

#Transform 94
Transform: AffineTransform_float_3_3
Parameters: 1 -0.000303962 -0.000117099 0.000304039 1 0.000326964 0.000117901 -0.000327036 1 -0.0529213 0.130752 -0.0135722
FixedParameters: 0 0 0

#Transform 95
Transform: AffineTransform_float_3_3
Parameters: 1 -0.000213992 -3.40501e-05 0.000214008 1 0.000233993 3.39499e-05 -0.000234007 1 -0.0403773 0.133973 -0.0130734
FixedParameters: 0 0 0

#Transform 96
Transform: AffineTransform_float_3_3
Parameters: 1 -0.000296012 5.19307e-05 0.000295988 1 0.000234015 -5.10693e-05 -0.000233985 1 -0.0526725 0.139255 -0.0133952
FixedParameters: 0 0 0

#Transform 97
Transform: AffineTransform_float_3_3
Parameters: 1 -0.000165974 -0.000110039 0.000166026 1 0.000233982 0.000109961 -0.000234018 1 -0.0348531 0.133782 -0.0126771
FixedParameters: 0 0 0

#Transform 98
Transform: AffineTransform_float_3_3
Parameters: 1 -0.000220019 8.19485e-05 0.000219981 1 0.000234018 -8.20515e-05 -0.000233982 1 -0.0278649 0.13397 -0.0135855
FixedParameters: 0 0 0

#Transform 99
Transform: AffineTransform_float_3_3
Parameters: 1 -9.0996e-05 -1.70213e-05 9.1004e-05 1 0.000233998 1.69787e-05 -0.000234002 1 -0.043743 0.133407 -0.0131361
FixedParameters: 0 0 0

#Transform 100
Transform: AffineTransform_float_3_3
Parameters: 1 -1.89457e-05 -0.000232004 1.90543e-05 1 0.000233996 0.000231996 -0.000234004 1 -0.030127 0.136534 -0.0121552
FixedParameters: 0 0 0

#Transform 101
Transform: AffineTransform_float_3_3
Parameters: 1 0.000219007 -3.09488e-05 -0.000218993 1 0.000234007 3.10512e-05 -0.000233993 1 -0.0165989 0.14271 -0.0130665
FixedParameters: 0 0 0

#Transform 102
Transform: AffineTransform_float_3_3
Parameters: 1 0.000219075 -0.000237931 -0.000218925 1 0.000317052 0.000237069 -0.000316948 1 -0.0248893 0.135771 -0.0130833
FixedParameters: 0 0 0

#Transform 103
Transform: AffineTransform_float_3_3
Parameters: 1 0.000147146 -0.000385944 -0.000147854 1 0.000379057 0.000386056 -0.000378943 1 -0.029039 0.128752 -0.0128592
FixedParameters: 0 0 0

#Transform 104
Transform: AffineTransform_float_3_3
Parameters: 1 0.000100125 -0.000395968 -9.98752e-05 1 0.00031504 0.000396031 -0.00031496 1 -0.0301645 0.129388 -0.0122718
FixedParameters: 0 0 0

#Transform 105
Transform: AffineTransform_float_3_3
Parameters: 1 0.00016208 -0.000239946 -0.00016192 1 0.000332039 0.000240054 -0.000331961 1 -0.0208313 0.138114 -0.013169
FixedParameters: 0 0 0

#Transform 106
Transform: AffineTransform_float_3_3
Parameters: 1 0.000351127 -0.000297851 -0.000350873 1 0.000425104 0.000298149 -0.000424895 1 -0.0260448 0.141231 -0.0137859
FixedParameters: 0 0 0

#Transform 107
Transform: AffineTransform_float_3_3
Parameters: 1 0.00049109 -0.000285845 -0.000490909 1 0.00031614 0.000286155 -0.000315859 1 -0.00515801 0.155722 -0.0127538
FixedParameters: 0 0 0

#Transform 108
Transform: AffineTransform_float_3_3
Parameters: 1 0.000508134 -0.000364813 -0.000507865 1 0.000368185 0.000365187 -0.000367814 1 -0.0296578 0.142514 -0.0128759
FixedParameters: 0 0 0

#Transform 109
Transform: AffineTransform_float_3_3
Parameters: 0.999999 0.000560278 -0.000553718 -0.000559721 0.999999 0.00050231 0.000554281 -0.000501689 0.999999 0.00259169 0.1337 -0.0133335
FixedParameters: 0 0 0

#Transform 110
Transform: AffineTransform_float_3_3
Parameters: 0.999999 0.00074808 -0.000215722 -0.00074792 0.999999 0.000371161 0.000215278 -0.000371839 1 -0.0200749 0.146026 -0.0136253
FixedParameters: 0 0 0

#Transform 111
Transform: AffineTransform_float_3_3
Parameters: 0.999999 0.000795173 -0.000364621 -0.000794826 0.999999 0.00047629 0.000364378 -0.00047571 1 -0.0219612 0.159049 -0.0140822
FixedParameters: 0 0 0

#Transform 112
Transform: AffineTransform_float_3_3
Parameters: 0.999999 0.000680098 -0.000216692 -0.000679901 0.999999 0.000452147 0.000217308 -0.000452852 1 -0.0160678 0.147426 -0.0143774
FixedParameters: 0 0 0

#Transform 113
Transform: AffineTransform_float_3_3
Parameters: 0.999999 0.000763082 -0.000220714 -0.000763917 0.999999 0.000374169 0.000220286 -0.000373832 1 -0.0149896 0.149068 -0.0136427
FixedParameters: 0 0 0

#Transform 114
Transform: AffineTransform_float_3_3
Parameters: 0.999999 0.000986058 -0.000114498 -0.000985942 1 0.000509113 0.000114502 -0.000508887 1 -0.0307759 0.156826 -0.0154884
FixedParameters: 0 0 0

#Transform 115
Transform: AffineTransform_float_3_3
Parameters: 1 0.000986166 -0.000364554 -0.000985836 1 0.00045236 0.000364447 -0.000452641 1 -0.0210314 0.152621 -0.0170752
FixedParameters: 0 0 0

#Transform 116
Transform: AffineTransform_float_3_3
Parameters: 0.999999 0.000923807 0.000195909 -0.000924192 0.999999 0.000983819 -0.00019509 -0.00098418 0.999999 -0.0447606 0.132235 -0.0497449
FixedParameters: 0 0 0

#Transform 117
Transform: AffineTransform_float_3_3
Parameters: 0.999999 0.00131439 -0.000400707 -0.0013136 0.999998 0.000984527 0.000402294 -0.000984472 1 -0.0243647 0.131673 -0.0322592
FixedParameters: 0 0 0

#Transform 118
Transform: AffineTransform_float_3_3
Parameters: 1 0.00106619 -0.000463575 -0.00106582 1 0.000398494 0.000464424 -0.000397505 1 -0.00150314 0.166029 -0.0127665
FixedParameters: 0 0 0

#Transform 119
Transform: AffineTransform_float_3_3
Parameters: 0.999999 0.000876118 -0.00016437 -0.000875881 1 0.000719144 0.00016563 -0.000718855 0.999999 -0.0200108 0.134983 -0.0173541
FixedParameters: 0 0 0

#Transform 120
Transform: AffineTransform_float_3_3
Parameters: 0.999999 0.000970135 -0.000161191 -0.000969864 0.999999 0.000834157 0.00016281 -0.000834842 0.999999 -0.0319161 0.132587 -0.0184087
FixedParameters: 0 0 0

#Transform 121
Transform: AffineTransform_float_3_3
Parameters: 0.999999 0.00116832 -0.000375997 -0.00116768 0.999999 0.000858439 0.000377003 -0.00085856 0.999999 -0.0163151 0.130724 -0.020103
FixedParameters: 0 0 0

#Transform 122
Transform: AffineTransform_float_3_3
Parameters: 1 0.00116839 -0.000351715 -0.00116761 0.999998 0.00110041 0.000352285 -0.00109959 1 -0.0222162 0.111438 -0.0264391
FixedParameters: 0 0 0

#Transform 123
Transform: AffineTransform_float_3_3
Parameters: 0.999999 0.00126852 -0.000384299 -0.00126848 0.999999 0.00134149 0.000386701 -0.00134051 0.999999 -0.0158277 0.111477 -0.0313691
FixedParameters: 0 0 0

#Transform 124
Transform: AffineTransform_float_3_3
Parameters: 1 0.00096137 -0.000385079 -0.000961631 0.999999 0.00095837 0.000385922 -0.000958629 0.999999 -0.012203 0.127715 -0.0256339
FixedParameters: 0 0 0

#Transform 125
Transform: AffineTransform_float_3_3
Parameters: 0.999999 0.000828478 -0.000384971 -0.000827521 0.999999 0.00124232 0.000386028 -0.00124168 0.999999 -0.0172986 0.117475 -0.0215983
FixedParameters: 0 0 0

#Transform 126
Transform: AffineTransform_float_3_3
Parameters: 0.999999 0.000769334 -0.000385333 -0.000769665 1 0.000866297 0.000386667 -0.000866703 0.999999 -0.00192377 0.137288 -0.0238956
FixedParameters: 0 0 0

#Transform 127
Transform: AffineTransform_float_3_3
Parameters: 1 0.000931795 -0.00056469 -0.000931205 0.999998 0.00140653 0.00056631 -0.00140547 0.999999 -0.0125615 0.110616 -0.0306318
FixedParameters: 0 0 0

#Transform 128
Transform: AffineTransform_float_3_3
Parameters: 0.999999 0.000819656 -0.000384605 -0.000818343 0.999998 0.00170231 0.000386393 -0.00170168 0.999998 -0.00361725 0.107134 -0.0415474
FixedParameters: 0 0 0

#Transform 129
Transform: AffineTransform_float_3_3
Parameters: 0.999999 0.000644309 -0.000385482 -0.000643689 0.999999 0.000803248 0.000386517 -0.00080275 0.999999 0.0215072 0.151178 -0.0368041
FixedParameters: 0 0 0

#Transform 130
Transform: AffineTransform_float_3_3
Parameters: 1 0.000332985 -0.000417216 -0.000332013 0.999997 0.00235814 0.000418784 -0.00235786 0.999997 0.0128586 0.103866 -0.0960316
FixedParameters: 0 0 0

#Transform 131
Transform: AffineTransform_float_3_3
Parameters: 1 0.00018492 -0.000563699 -0.00018408 0.999998 0.0016311 0.000564301 -0.00163089 0.999998 0.026672 0.132754 -0.0706139
FixedParameters: 0 0 0

#Transform 132
Transform: AffineTransform_float_3_3
Parameters: 1 -2.79659e-05 -0.000473062 2.90339e-05 0.999997 0.00218599 0.000472938 -0.00218601 0.999998 0.0148931 0.109612 -0.0841173
FixedParameters: 0 0 0

#Transform 133
Transform: AffineTransform_float_3_3
Parameters: 0.999999 0.000125794 -0.000820727 -0.000124205 0.999997 0.0021861 0.000821273 -0.0021859 0.999998 0.032429 0.119574 -0.0793693
FixedParameters: 0 0 0

#Transform 134
Transform: AffineTransform_float_3_3
Parameters: 1 2.79958e-05 -0.000385929 -2.7004e-05 0.999996 0.00258001 0.000386071 -0.00257999 0.999996 0.0213505 0.11769 -0.0969539
FixedParameters: 0 0 0

#Transform 135
Transform: AffineTransform_float_3_3
Parameters: 0.999999 0.000193595 -0.000844409 -0.000191406 0.999996 0.00307216 0.000844592 -0.00307184 0.999995 0.0376525 0.0990056 -0.0857879
FixedParameters: 0 0 0

#Transform 136
Transform: AffineTransform_float_3_3
Parameters: 0.999999 0.000323644 -0.000629157 -0.000322356 0.999996 0.0026112 0.000629844 -0.0026108 0.999997 0.0434515 0.12022 -0.0816057
FixedParameters: 0 0 0

#Transform 137
Transform: AffineTransform_float_3_3
Parameters: 0.999999 0.000259281 -0.00080727 -0.00025672 0.999996 0.00282421 0.000807728 -0.00282479 0.999995 0.0442759 0.094638 -0.0673483
FixedParameters: 0 0 0

#Transform 138
Transform: AffineTransform_float_3_3
Parameters: 1 0.000323614 -0.000600133 -0.000322387 0.999997 0.0026872 0.000600868 -0.00268681 0.999996 0.0449241 0.127137 -0.0883959
FixedParameters: 0 0 0

#Transform 139
Transform: AffineTransform_float_3_3
Parameters: 1 0.000244294 -0.000364135 -0.000242706 0.999993 0.00355109 0.000364864 -0.00355091 0.999993 0.0277693 0.0937364 -0.119906
FixedParameters: 0 0 0

#Transform 140
Transform: AffineTransform_float_3_3
Parameters: 0.999999 0.000324799 -0.00086996 -0.000322201 0.999995 0.00321528 0.000871041 -0.00321572 0.999995 0.0529058 0.115265 -0.11199
FixedParameters: 0 0 0

#Transform 141
Transform: AffineTransform_float_3_3
Parameters: 1 0.000323023 -0.000294883 -0.000321977 0.999994 0.00346209 0.000296116 -0.0034619 0.999994 0.0215139 0.108017 -0.123774
FixedParameters: 0 0 0

#Transform 142
Transform: AffineTransform_float_3_3
Parameters: 1 0.000454033 -0.000294413 -0.000452965 0.999994 0.00350013 0.000296587 -0.00349986 0.999994 0.0147357 0.107082 -0.0879567
FixedParameters: 0 0 0

#Transform 143
Transform: AffineTransform_float_3_3
Parameters: 0.999999 0.000652361 -0.000628558 -0.00064964 0.999993 0.00375041 0.00063044 -0.00374959 0.999993 0.0576771 0.0977072 -0.097212
FixedParameters: 0 0 0

#Transform 144
Transform: AffineTransform_float_3_3
Parameters: 0.999999 0.000803176 -0.000537763 -0.000800822 0.999991 0.00403543 0.000541236 -0.00403556 0.999991 0.0442538 0.0731101 -0.100015
FixedParameters: 0 0 0

#Transform 145
Transform: AffineTransform_float_3_3
Parameters: 0.999999 0.000580841 -0.000638426 -0.000578161 0.99999 0.00444137 0.000640574 -0.00444063 0.99999 0.0545565 0.0741932 -0.075778
FixedParameters: 0 0 0

#Transform 146
Transform: AffineTransform_float_3_3
Parameters: 0.999999 0.000704145 -0.000511057 -0.000701854 0.999991 0.00418636 0.000513942 -0.00418564 0.999991 0.0636928 0.0897961 -0.0829497
FixedParameters: 0 0 0

#Transform 147
Transform: AffineTransform_float_3_3
Parameters: 0.999999 0.000590127 -0.000461292 -0.000587874 0.99999 0.00459728 0.000463707 -0.00459673 0.99999 0.0565041 0.0793366 -0.0827142
FixedParameters: 0 0 0

#Transform 148
Transform: AffineTransform_float_3_3
Parameters: 1 0.000757416 -0.000734494 -0.000754582 0.999989 0.00463956 0.000738509 -0.00463944 0.999989 0.0686121 0.0591372 -0.0762347
FixedParameters: 0 0 0

#Transform 149
Transform: AffineTransform_float_3_3
Parameters: 1 0.000622337 -0.000807439 -0.000618661 0.999992 0.0041265 0.00081056 -0.0041255 0.999991 0.0755794 0.0882381 -0.0958253
FixedParameters: 0 0 0

#Transform 150
Transform: AffineTransform_float_3_3
Parameters: 1 0.000633312 -0.000956158 -0.000628684 0.999989 0.0045036 0.000959841 -0.0045024 0.99999 0.0704245 0.0724103 -0.103247
FixedParameters: 0 0 0

#Transform 151
Transform: AffineTransform_float_3_3
Parameters: 0.999999 0.000617112 -0.00111519 -0.00061189 0.99999 0.00457769 0.00111781 -0.00457731 0.999989 0.0856779 0.0805147 -0.103804
FixedParameters: 0 0 0

#Transform 152
Transform: AffineTransform_float_3_3
Parameters: 0.999999 0.00060924 -0.000726294 -0.000606761 0.99999 0.00445344 0.000728709 -0.00445256 0.99999 0.0667724 0.0851777 -0.142739
FixedParameters: 0 0 0

#Transform 153
Transform: AffineTransform_float_3_3
Parameters: 1 0.000560567 -0.00103354 -0.00055643 0.99999 0.00441458 0.00103647 -0.00441342 0.999989 0.0567394 0.0870118 -0.122512
FixedParameters: 0 0 0

#Transform 154
Transform: AffineTransform_float_3_3
Parameters: 0.999999 0.000707073 -0.00100214 -0.000702922 0.999991 0.00405971 0.00100586 -0.00405829 0.999992 0.0785174 0.115954 -0.125789
FixedParameters: 0 0 0

#Transform 155
Transform: AffineTransform_float_3_3
Parameters: 0.999999 0.000434538 -0.000571077 -0.000431462 0.99999 0.00443725 0.00057292 -0.00443675 0.99999 0.0426848 0.0912838 -0.133469
FixedParameters: 0 0 0

#Transform 156
Transform: AffineTransform_float_3_3
Parameters: 1 0.000707819 -0.000726264 -0.000704183 0.999992 0.00387352 0.000728734 -0.00387349 0.999992 0.0611573 0.107308 -0.112153
FixedParameters: 0 0 0

#Transform 157
Transform: AffineTransform_float_3_3
Parameters: 0.999999 0.000662248 -0.000534225 -0.000659753 0.999991 0.00419735 0.000536773 -0.00419665 0.999991 0.0581104 0.0949643 -0.123662
FixedParameters: 0 0 0

#Transform 158
Transform: AffineTransform_float_3_3
Parameters: 0.999999 0.000656733 -0.00061409 -0.000653267 0.99999 0.0044404 0.000616907 -0.0044406 0.99999 0.0508472 0.085628 -0.121365
FixedParameters: 0 0 0

#Transform 159
Transform: AffineTransform_float_3_3
Parameters: 0.999999 0.000885954 -0.000903139 -0.000882047 0.99999 0.0043688 0.000906862 -0.0043682 0.99999 0.0886862 0.0941074 -0.130349
FixedParameters: 0 0 0

#Transform 160
Transform: AffineTransform_float_3_3
Parameters: 1 0.000813703 -0.000903789 -0.000808303 0.999986 0.00519074 0.000907208 -0.00519027 0.999986 0.0746868 0.0799611 -0.145115
FixedParameters: 0 0 0

#Transform 161
Transform: AffineTransform_float_3_3
Parameters: 0.999999 0.000890978 -0.000963421 -0.000886025 0.999987 0.00515486 0.00096758 -0.00515415 0.999986 0.0896634 0.0752215 -0.147559
FixedParameters: 0 0 0

#Transform 162
Transform: AffineTransform_float_3_3
Parameters: 0.999999 0.00104059 -0.000834305 -0.00103641 0.999984 0.00548486 0.000839697 -0.00548413 0.999984 0.0996729 0.0854164 -0.177733
FixedParameters: 0 0 0

#Transform 163
Transform: AffineTransform_float_3_3
Parameters: 0.999999 0.00111439 -0.00107944 -0.00110861 0.999982 0.0059042 0.00108556 -0.0059038 0.999982 0.0930055 0.0732982 -0.158393
FixedParameters: 0 0 0

#Transform 164
Transform: AffineTransform_float_3_3
Parameters: 0.999999 0.00108417 -0.000942083 -0.00107883 0.999985 0.00547102 0.000947916 -0.00546998 0.999984 0.0873418 0.0835088 -0.133994
FixedParameters: 0 0 0

#Transform 165
Transform: AffineTransform_float_3_3
Parameters: 0.999998 0.001109 -0.00116532 -0.001103 0.999986 0.00513329 0.00117168 -0.00513271 0.999986 0.102669 0.0964326 -0.133889
FixedParameters: 0 0 0

#Transform 166
Transform: AffineTransform_float_3_3
Parameters: 0.999999 0.000989666 -0.00102255 -0.000984331 0.999984 0.00552701 0.00102846 -0.00552599 0.999984 0.0872621 0.0818231 -0.125009
FixedParameters: 0 0 0

#Transform 167
Transform: AffineTransform_float_3_3
Parameters: 0.999998 0.00112238 -0.00133282 -0.00111562 0.999984 0.00552749 0.00133918 -0.0055255 0.999984 0.107267 0.0811565 -0.13592
FixedParameters: 0 0 0

#Transform 168
Transform: AffineTransform_float_3_3
Parameters: 0.999999 0.00106021 -0.00110407 -0.00105379 0.999983 0.00561417 0.00110993 -0.00561283 0.999983 0.103209 0.0841184 -0.155134
FixedParameters: 0 0 0

#Transform 169
Transform: AffineTransform_float_3_3
Parameters: 0.999999 0.000887636 -0.00110249 -0.00088236 0.999986 0.00510298 0.00110752 -0.00510102 0.999987 0.0916438 0.0884152 -0.126954
FixedParameters: 0 0 0

#Transform 170
Transform: AffineTransform_float_3_3
Parameters: 0.999999 0.00128598 -0.00116241 -0.00128001 0.999986 0.0051345 0.00116959 -0.0051325 0.999986 0.0980028 0.0957735 -0.116396
FixedParameters: 0 0 0

#Transform 171
Transform: AffineTransform_float_3_3
Parameters: 0.999999 0.00137296 -0.00113444 -0.00136504 0.999974 0.00698756 0.00114357 -0.00698644 0.999975 0.0760923 0.0239015 -0.100913
FixedParameters: 0 0 0

#Transform 172
Transform: AffineTransform_float_3_3
Parameters: 0.999998 0.00137299 -0.00137909 -0.00136501 0.999983 0.0057799 0.00138691 -0.00577811 0.999983 0.0977956 0.0706387 -0.0959559
FixedParameters: 0 0 0

#Transform 173
Transform: AffineTransform_float_3_3
Parameters: 0.999999 0.00137113 -0.00113665 -0.00136487 0.999984 0.00537556 0.00114335 -0.00537344 0.999985 0.103287 0.0862299 -0.115979
FixedParameters: 0 0 0

#Transform 174
Transform: AffineTransform_float_3_3
Parameters: 0.999999 0.00137198 -0.00113562 -0.00136502 0.999981 0.00612556 0.00114338 -0.00612444 0.99998 0.0883828 0.0571759 -0.105331
FixedParameters: 0 0 0

#Transform 175
Transform: AffineTransform_float_3_3
Parameters: 0.999998 0.00112192 -0.00113721 -0.00111508 0.999981 0.00607128 0.00114379 -0.00606972 0.999981 0.0858718 0.0604452 -0.107784
FixedParameters: 0 0 0

#Transform 176
Transform: AffineTransform_float_3_3
Parameters: 0.999999 0.000890782 -0.0012987 -0.000883222 0.999981 0.00598015 0.00130331 -0.00597985 0.999982 0.0898305 0.0703984 -0.133042
FixedParameters: 0 0 0

#Transform 177
Transform: AffineTransform_float_3_3
Parameters: 0.999999 0.000886544 -0.000891523 -0.000881461 0.999981 0.0061988 0.000896482 -0.00619822 0.999981 0.0407714 0.0428596 -0.0814937
FixedParameters: 0 0 0

#Transform 178
Transform: AffineTransform_float_3_3
Parameters: 0.999999 0.000805245 -0.00105125 -0.000799757 0.999982 0.00592685 0.00105576 -0.00592616 0.999982 0.090297 0.0673102 -0.129107
FixedParameters: 0 0 0

#Transform 179
Transform: AffineTransform_float_3_3
Parameters: 0.999998 0.00113942 -0.00152326 -0.00112959 0.999976 0.00682173 0.00153074 -0.00681927 0.999975 0.0800443 0.0162879 -0.104839
FixedParameters: 0 0 0
