#Insight Transform File V1.0
#Transform 0
Transform: AffineTransform_float_3_3
Parameters: 1 -0.000241012 -0.000118976 0.000240988 1 -9.80287e-05 0.000119024 9.79713e-05 1 0.0458064 -0.0690777 -0.349708
FixedParameters: 0 0 0

#Transform 1
Transform: AffineTransform_float_3_3
Parameters: 1 0.000332953 0.000378041 -0.000333046 1 0.000122874 -0.000377959 -0.000123126 1 0.00524077 0.0795804 -0.0105213
FixedParameters: 0 0 0

#Transform 2
Transform: AffineTransform_float_3_3
Parameters: 1 0.000265022 0.000113948 -0.000264978 1 -0.00019703 -0.000114052 0.00019697 1 0.0151072 0.163144 -0.0034071
FixedParameters: 0 0 0

#Transform 3
Transform: AffineTransform_float_3_3
Parameters: 1 0.000445937 0.000447063 -0.000446063 1 0.000140801 -0.000446937 -0.000141199 1 0.0126851 0.148219 -0.0105807
FixedParameters: 0 0 0

#Transform 4
Transform: AffineTransform_float_3_3
Parameters: 1 0.00038194 0.000364063 -0.00038206 1 0.000164861 -0.000363937 -0.000165139 1 0.0216714 0.144541 -0.00881362
FixedParameters: 0 0 0

#Transform 5
Transform: AffineTransform_float_3_3
Parameters: 1 0.000105965 0.00036401 -0.000106035 1 9.59614e-05 -0.00036399 -9.60386e-05 1 0.00389761 0.151375 -0.00836538
FixedParameters: 0 0 0

#Transform 6
Transform: AffineTransform_float_3_3
Parameters: 1 8.59355e-05 0.000199028 -8.60645e-05 1 0.000323983 -0.000198972 -0.000324017 1 0.00842886 0.138147 -0.00912629
FixedParameters: 0 0 0

#Transform 7
Transform: AffineTransform_float_3_3
Parameters: 1 -1.8688e-08 6.4e-05 -1.8688e-08 1 0.000292 -6.4e-05 -0.000292 1 0.0411345 0.136859 -0.0131933
FixedParameters: 0 0 0

#Transform 8
Transform: AffineTransform_float_3_3
Parameters: 1 0.000446036 0.000504969 -0.000445964 1 -7.02252e-05 -0.000505031 7.07747e-05 1 0.0285766 0.16322 -0.0139722
FixedParameters: 0 0 0

#Transform 9
Transform: AffineTransform_float_3_3
Parameters: 1 0.000445958 0.000176106 -0.000446042 1 0.000236921 -0.000175894 -0.000237078 1 0.0118619 0.151536 -0.008441
FixedParameters: 0 0 0

#Transform 10
Transform: AffineTransform_float_3_3
Parameters: 1 0.000101893 0.000268041 -0.000101107 1 0.000398973 -0.00026796 -0.000399027 1 0.00499752 0.148743 -0.0216147
FixedParameters: 0 0 0

#Transform 11
Transform: AffineTransform_float_3_3
Parameters: 1 0.000445911 0.000350114 -0.000446089 1 0.000254844 -0.000349886 -0.000255156 1 0.025748 0.155564 -0.0128634
FixedParameters: 0 0 0

#Transform 12
Transform: AffineTransform_float_3_3
Parameters: 0.999999 0.000321509 0.000722218 -0.000322491 0.999999 0.000678767 -0.000722781 -0.000679232 0.999999 0.00131739 0.143013 -0.0330778
FixedParameters: 0 0 0

#Transform 13
Transform: AffineTransform_float_3_3
Parameters: 1 -9.71802e-05 0.000424959 9.68198e-05 1 0.000424041 -0.000425041 -0.000423959 1 0.0221997 0.147468 -0.0222745
FixedParameters: 0 0 0

#Transform 14
Transform: AffineTransform_float_3_3
Parameters: 1 0.000220945 0.000324037 -0.000221055 1 0.000168928 -0.000323963 -0.000169072 1 0.00818373 0.158232 -0.0086473
FixedParameters: 0 0 0

#Transform 15
Transform: AffineTransform_float_3_3
Parameters: 1 4.91289e-06 0.000244002 -5.08711e-06 1 0.000356999 -0.000243998 -0.000357001 1 0.0111469 0.158497 -0.0245052
FixedParameters: 0 0 0

#Transform 16
Transform: AffineTransform_float_3_3
Parameters: 0.999999 -0.000150444 0.000721907 0.000149556 1 0.000615108 -0.000722092 -0.000614891 0.999999 -0.000142695 0.144651 -0.0286273
FixedParameters: 0 0 0

#Transform 17
Transform: AffineTransform_float_3_3
Parameters: 1 8.29179e-05 0.000283024 -8.30821e-05 1 0.000289976 -0.000282976 -0.000290023 1 0.0409262 0.148233 -0.0116874
FixedParameters: 0 0 0

#Transform 18
Transform: AffineTransform_float_3_3
Parameters: 1 0.000139781 0.00043607 -0.000140219 1 0.000501939 -0.00043593 -0.000502061 1 0.000553503 0.152261 -0.0187244
FixedParameters: 0 0 0

#Transform 19
Transform: AffineTransform_float_3_3
Parameters: 0.999999 0.000780822 0.00028848 -0.000781176 0.999999 0.000614774 -0.00028752 -0.000614224 1 0.051256 0.161607 -0.0313713
FixedParameters: 0 0 0

#Transform 20
Transform: AffineTransform_float_3_3
Parameters: 1 -0.0003493 0.00102856 0.0003477 0.999999 0.00126436 -0.00102844 -0.00126364 0.999998 -0.0169991 0.133307 -0.045119
FixedParameters: 0 0 0

#Transform 21
Transform: AffineTransform_float_3_3
Parameters: 0.999999 6.06549e-05 0.00136315 -6.33446e-05 0.999997 0.00245392 -0.00136285 -0.00245409 0.999996 -0.0707183 0.054383 -0.057922
FixedParameters: 0 0 0

#Transform 22
Transform: AffineTransform_float_3_3
Parameters: 0.999999 -0.00050032 0.000683765 0.00049968 1 0.000468342 -0.000683234 -0.000468658 0.999999 0.0248039 0.157907 -0.0189697
FixedParameters: 0 0 0

#Transform 23
Transform: AffineTransform_float_3_3
Parameters: 1 -0.000923213 0.000152716 0.000922786 0.999998 0.00139114 -0.000154284 -0.00139086 0.999999 0.0181563 0.10395 -0.0153564
FixedParameters: 0 0 0

#Transform 24
Transform: AffineTransform_float_3_3
Parameters: 1 -0.000953394 0.000628404 0.000952607 1 0.000625599 -0.000629596 -0.0006254 0.999999 0.0105069 0.142271 -0.0370883
FixedParameters: 0 0 0

#Transform 25
Transform: AffineTransform_float_3_3
Parameters: 1 -0.000739209 0.000877983 0.000737791 0.999999 0.00137665 -0.000879016 -0.00137535 0.999998 -0.0179967 0.122322 -0.07476
FixedParameters: 0 0 0

#Transform 26
Transform: AffineTransform_float_3_3
Parameters: 1 7.26089e-05 0.000478059 -7.33909e-05 0.999999 0.000817964 -0.00047794 -0.000818034 0.999999 0.0457411 0.132324 -0.0303372
FixedParameters: 0 0 0

#Transform 27
Transform: AffineTransform_float_3_3
Parameters: 0.999999 -0.000500529 0.000549519 0.000499471 1 0.000962276 -0.000550481 -0.000961726 1 0.0043028 0.117259 -0.0354301
FixedParameters: 0 0 0

#Transform 28
Transform: AffineTransform_float_3_3
Parameters: 1 -0.000500389 0.000434553 0.000499612 1 0.000893218 -0.000434447 -0.000893784 1 0.0252121 0.106051 -0.0242938
FixedParameters: 0 0 0

#Transform 29
Transform: AffineTransform_float_3_3
Parameters: 1 -0.000500341 0.000369539 0.00049966 1 0.000922185 -0.000369461 -0.000921815 0.999999 0.028561 0.100667 -0.024255
FixedParameters: 0 0 0

#Transform 30
Transform: AffineTransform_float_3_3
Parameters: 0.999999 -0.000501206 0.000878312 0.000499794 0.999999 0.00137344 -0.000878686 -0.00137256 0.999998 -0.0116576 0.0779535 -0.0461855
FixedParameters: 0 0 0

#Transform 31
Transform: AffineTransform_float_3_3
Parameters: 1 -0.00029008 0.000878644 0.00028892 0.999999 0.00122925 -0.000879356 -0.00122875 0.999999 0.000217616 0.099266 -0.0239146
FixedParameters: 0 0 0

#Transform 32
Transform: AffineTransform_float_3_3
Parameters: 1 -0.000450266 0.000402703 0.000449734 0.999999 0.000660181 -0.000403297 -0.000659818 0.999999 0.0237725 0.129067 -0.0196366
FixedParameters: 0 0 0

#Transform 33
Transform: AffineTransform_float_3_3
Parameters: 1 -0.000617089 0.000190711 0.00061691 0.999999 0.000468118 -0.000191289 -0.000468882 1 0.0477131 0.11942 -0.00548416
FixedParameters: 0 0 0

#Transform 34
Transform: AffineTransform_float_3_3
Parameters: 1 -0.000320156 0.000169706 0.000320845 0.999999 0.000917054 -0.000169294 -0.000916945 0.999999 0.0652615 0.0928965 -0.015761
FixedParameters: 0 0 0

#Transform 35
Transform: AffineTransform_float_3_3
Parameters: 0.999999 -0.000698329 0.000316275 0.000697671 0.999999 0.00103922 -0.000316726 -0.00103978 1 0.00128781 0.0906848 -0.0222549
FixedParameters: 0 0 0

#Transform 36
Transform: AffineTransform_float_3_3
Parameters: 1 -0.000591332 0.000284309 0.000590668 0.999999 0.00116817 -0.00028469 -0.00116783 1 0.020325 0.0820299 -0.0245718
FixedParameters: 0 0 0

#Transform 37
Transform: AffineTransform_float_3_3
Parameters: 0.999999 -0.000685556 0.000501241 0.000684444 0.999999 0.00110834 -0.000501759 -0.00110866 1 0.00444448 0.103774 -0.0268479
FixedParameters: 0 0 0

#Transform 38
Transform: AffineTransform_float_3_3
Parameters: 1 -0.000578495 0.000380247 0.000577503 0.999999 0.00130222 -0.000381752 -0.00130178 0.999999 0.0342118 0.093 -0.0250359
FixedParameters: 0 0 0

#Transform 39
Transform: AffineTransform_float_3_3
Parameters: 0.999999 -0.000883433 0.000926589 0.000883568 1 0.00046682 -0.000927413 -0.000466182 1 -0.00521526 0.140623 -0.0178208
FixedParameters: 0 0 0

#Transform 40
Transform: AffineTransform_float_3_3
Parameters: 1 -0.000731652 0.000785394 0.000731349 1 0.000829575 -0.000785607 -0.000828426 1 -0.0036355 0.120098 -0.0231852
FixedParameters: 0 0 0

#Transform 41
Transform: AffineTransform_float_3_3
Parameters: 0.999999 -0.000794783 0.0010324 0.000794218 1 0.000757821 -0.0010336 -0.00075718 0.999999 -0.0114676 0.135911 -0.0224437
FixedParameters: 0 0 0

#Transform 42
Transform: AffineTransform_float_3_3
Parameters: 0.999999 -0.000510417 0.000782077 0.000508583 0.999998 0.0018114 -0.000782922 -0.0018106 0.999998 -0.0313227 0.049571 -0.0367208
FixedParameters: 0 0 0

#Transform 43
Transform: AffineTransform_float_3_3
Parameters: 1 -0.000181111 0.000281288 0.000179891 0.999992 0.00394305 -0.000281712 -0.00394295 0.999992 0.00140664 -0.0402491 -0.0319644
FixedParameters: 0 0 0

#Transform 44
Transform: AffineTransform_float_3_3
Parameters: 1 -0.000588097 3.64681e-05 0.000587902 0.999997 0.00260502 -3.85316e-05 -0.00260498 0.999996 0.0178876 0.022235 -0.0135395
FixedParameters: 0 0 0

#Transform 45
Transform: AffineTransform_float_3_3
Parameters: 0.999999 -0.000648496 0.000352087 0.000648503 0.999999 0.00140823 -0.000352913 -0.00140777 0.999999 0.0035141 0.0788366 -0.0176309
FixedParameters: 0 0 0

#Transform 46
Transform: AffineTransform_float_3_3
Parameters: 0.999999 -0.000765296 0.000122155 0.000764703 0.999997 0.00241109 -0.000123845 -0.00241191 0.999997 0.012316 0.0298199 -0.0267554
FixedParameters: 0 0 0

#Transform 47
Transform: AffineTransform_float_3_3
Parameters: 0.999999 -0.00085991 0.000393014 0.000859089 0.999997 0.00231034 -0.000394986 -0.00231066 0.999998 -0.00213671 0.043187 -0.0233959
FixedParameters: 0 0 0

#Transform 48
Transform: AffineTransform_float_3_3
Parameters: 0.999999 -0.000717791 -7.79448e-05 0.000718209 0.999996 0.00270895 7.60546e-05 -0.00270906 0.999997 0.0228927 0.0337821 -0.0263049
FixedParameters: 0 0 0

#Transform 49
Transform: AffineTransform_float_3_3
Parameters: 0.999999 -0.00115378 0.000734207 0.00115122 0.999997 0.00242285 -0.00073679 -0.00242115 0.999997 -0.0102529 0.0429761 -0.0348865
FixedParameters: 0 0 0

#Transform 50
Transform: AffineTransform_float_3_3
Parameters: 0.999999 -0.00108424 0.000823366 0.00108276 0.999999 0.00150889 -0.000825635 -0.00150811 0.999999 0.00928248 0.0933776 -0.00898604
FixedParameters: 0 0 0

#Transform 51
Transform: AffineTransform_float_3_3
Parameters: 0.999999 -0.000988285 0.000789395 0.000986717 0.999998 0.00162578 -0.000790606 -0.00162522 0.999999 -0.0306346 0.0796489 -0.00713903
FixedParameters: 0 0 0

#Transform 52
Transform: AffineTransform_float_3_3
Parameters: 0.999999 -0.00128677 -7.9858e-05 0.00128723 0.999994 0.0029979 7.61411e-05 -0.0029981 0.999995 0.0415929 0.00726779 0.0277598
FixedParameters: 0 0 0

#Transform 53
Transform: AffineTransform_float_3_3
Parameters: 0.999998 -0.00139318 0.000898169 0.00139182 0.999998 0.00131525 -0.000899831 -0.00131475 0.999998 -0.0225339 0.0932099 -0.00804848
FixedParameters: 0 0 0

#Transform 54
Transform: AffineTransform_float_3_3
Parameters: 1 -0.00115748 0.000303177 0.00115752 0.999998 0.00157535 -0.000305823 -0.00157465 0.999998 0.0439321 0.0556515 0.00354382
FixedParameters: 0 0 0

#Transform 55
Transform: AffineTransform_float_3_3
Parameters: 0.999999 -0.00132825 0.000478543 0.00132675 0.999995 0.00260464 -0.000481456 -0.00260336 0.999997 -0.00744044 -0.00810508 -0.00095117
FixedParameters: 0 0 0

#Transform 56
Transform: AffineTransform_float_3_3
Parameters: 0.999999 -0.00139235 0.000116901 0.00139165 0.999994 0.00294416 -0.000121097 -0.00294383 0.999995 0.0421406 -0.0150846 0.0246971
FixedParameters: 0 0 0

#Transform 57
Transform: AffineTransform_float_3_3
Parameters: 0.999999 -0.0013178 0.000236598 0.0013172 0.999993 0.00334131 -0.000240402 -0.00334069 0.999995 0.00799681 -0.0305122 -0.000855787
FixedParameters: 0 0 0

#Transform 58
Transform: AffineTransform_float_3_3
Parameters: 0.999999 -0.00139398 0.000734248 0.00139202 0.999996 0.00269403 -0.000738752 -0.00269297 0.999996 -0.00125642 0.00731905 -0.0127065
FixedParameters: 0 0 0

#Transform 59
Transform: AffineTransform_float_3_3
Parameters: 0.999998 -0.00139386 0.00086099 0.00139214 0.999996 0.0021612 -0.00086401 -0.0021598 0.999998 -0.00472913 0.0377361 -0.0177762
FixedParameters: 0 0 0

#Transform 60
Transform: AffineTransform_float_3_3
Parameters: 0.999999 -0.00139199 -1.09599e-05 0.00139201 0.999998 0.00140799 9.04004e-06 -0.00140801 0.999999 0.0375252 0.0370968 -0.000421
FixedParameters: 0 0 0

#Transform 61
Transform: AffineTransform_float_3_3
Parameters: 0.999999 -0.00120975 0.000317145 0.00120925 0.999997 0.00236139 -0.000319856 -0.00236062 0.999997 0.011347 0.00265132 0.005444
FixedParameters: 0 0 0

#Transform 62
Transform: AffineTransform_float_3_3
Parameters: 0.999999 -0.00119851 0.00056681 0.00119749 0.999995 0.00266368 -0.000570191 -0.00266232 0.999997 0.021203 -0.00458183 -0.00881804
FixedParameters: 0 0 0

#Transform 63
Transform: AffineTransform_float_3_3
Parameters: 0.999998 -0.0019117 0.000176622 0.0019113 0.99999 0.00386034 -0.000184381 -0.00386065 0.999992 0.0132531 -0.0466435 0.00439382
FixedParameters: 0 0 0

#Transform 64
Transform: AffineTransform_float_3_3
Parameters: 0.999998 -0.00183752 0.000595344 0.00183549 0.999995 0.0025351 -0.000599654 -0.0025339 0.999996 -0.00418228 0.00569956 -0.0151141
FixedParameters: 0 0 0

#Transform 65
Transform: AffineTransform_float_3_3
Parameters: 1 -0.00101664 0.000648435 0.00101436 0.999997 0.00252566 -0.000651563 -0.00252434 0.999996 0.0204063 0.0159105 0.0147634
FixedParameters: 0 0 0

#Transform 66
Transform: AffineTransform_float_3_3
Parameters: 0.999999 -0.00117706 0.00041501 0.00117694 0.999996 0.00254149 -0.000417993 -0.00254151 0.999996 0.0262285 0.000148092 0.0281078
FixedParameters: 0 0 0

#Transform 67
Transform: AffineTransform_float_3_3
Parameters: 0.999999 -0.00139297 0.000358255 0.00139203 0.999996 0.0026895 -0.000361744 -0.0026885 0.999997 0.0247711 -0.00587486 0.00962265
FixedParameters: 0 0 0

#Transform 68
Transform: AffineTransform_float_3_3
Parameters: 0.999998 -0.00173645 -0.00013244 0.00173755 0.99999 0.00428378 0.000124557 -0.00428422 0.999991 0.0842699 -0.0646961 0.06256
FixedParameters: 0 0 0

#Transform 69
Transform: AffineTransform_float_3_3
Parameters: 0.999998 -0.00139442 0.000791755 0.00139158 0.999995 0.00304711 -0.000796244 -0.00304689 0.999995 0.00337878 -0.0103075 -0.0148771
FixedParameters: 0 0 0

#Transform 70
Transform: AffineTransform_float_3_3
Parameters: 1 -0.00020693 -0.000411539 0.000208071 0.999996 0.00260091 0.00041146 -0.00260108 0.999996 0.107746 -0.0116472 0.0328985
FixedParameters: 0 0 0

#Transform 71
Transform: AffineTransform_float_3_3
Parameters: 0.999999 -0.00117669 0.000892465 0.00117431 0.999995 0.00300805 -0.000895536 -0.00300695 0.999995 -0.00182246 -0.0200252 0.0112978
FixedParameters: 0 0 0

#Transform 72
Transform: AffineTransform_float_3_3
Parameters: 0.999999 -0.000933478 0.000214934 0.000933522 0.999997 0.0022132 -0.000217066 -0.0022128 0.999997 0.105411 0.0129656 0.00782367
FixedParameters: 0 0 0

#Transform 73
Transform: AffineTransform_float_3_3
Parameters: 1 5.01476e-05 -0.000361843 -4.88518e-05 0.999995 0.00317102 0.000362157 -0.00317098 0.999995 0.124062 -0.038409 0.0033142
FixedParameters: 0 0 0

#Transform 74
Transform: AffineTransform_float_3_3
Parameters: 1 -0.0002188 -7.16134e-05 0.000219198 0.999996 0.00280198 7.03861e-05 -0.00280202 0.999996 0.116647 -0.0360316 0.0163797
FixedParameters: 0 0 0

#Transform 75
Transform: AffineTransform_float_3_3
Parameters: 1 -7.06482e-05 0.000177744 6.93509e-05 0.999994 0.00364401 -0.000178254 -0.00364399 0.999994 0.0607541 -0.0517588 -0.00170347
FixedParameters: 0 0 0

#Transform 76
Transform: AffineTransform_float_3_3
Parameters: 1 0.00032281 -0.00096006 -0.00032019 0.999995 0.00292631 0.000960942 -0.00292569 0.999996 0.182821 -0.0145058 0.0908141
FixedParameters: 0 0 0

#Transform 77
Transform: AffineTransform_float_3_3
Parameters: 1 0.000319568 0.000480955 -0.000320433 0.999996 0.00298085 -0.000480047 -0.00298116 0.999996 0.0347174 -0.0133584 0.00529231
FixedParameters: 0 0 0

#Transform 78
Transform: AffineTransform_float_3_3
Parameters: 1 0.000404282 -0.000481927 -0.000402717 0.999997 0.0026582 0.000483072 -0.00265781 0.999997 0.120269 0.00343938 0.0410555
FixedParameters: 0 0 0

#Transform 79
Transform: AffineTransform_float_3_3
Parameters: 1 0.000261302 0.000524848 -0.000262698 0.999994 0.00323686 -0.000524152 -0.00323714 0.999994 0.00445821 0.00552877 -0.00409426
FixedParameters: 0 0 0

#Transform 80
Transform: AffineTransform_float_3_3
Parameters: 1 0.000464768 -0.00104589 -0.000459231 0.999989 0.00455448 0.0010481 -0.00455351 0.999989 0.153338 -0.0929385 0.0285008
FixedParameters: 0 0 0

#Transform 81
Transform: AffineTransform_float_3_3
Parameters: 1 0.000435945 0.00103472 -0.000440056 0.999992 0.00392155 -0.00103328 -0.00392245 0.999992 -0.00580777 -0.0214662 -0.0398079
FixedParameters: 0 0 0

#Transform 82
Transform: AffineTransform_float_3_3
Parameters: 1 8.87487e-05 0.000252443 -9.0254e-05 0.999987 0.00496097 -0.000252555 -0.00496102 0.999987 0.095715 -0.0402946 0.0395484
FixedParameters: 0 0 0

#Transform 83
Transform: AffineTransform_float_3_3
Parameters: 1 -0.000342783 0.000128936 0.000342216 0.999982 0.00602904 -0.000131066 -0.00602895 0.999982 0.0817831 -0.11829 0.0180207
FixedParameters: 0 0 0

#Transform 84
Transform: AffineTransform_float_3_3
Parameters: 1 -0.000592096 1.19042e-05 0.000591903 0.999976 0.00691801 -1.60952e-05 -0.00691799 0.999976 0.068551 -0.177366 0.0340087
FixedParameters: 0 0 0

#Transform 85
Transform: AffineTransform_float_3_3
Parameters: 1 -0.000349298 -0.000541752 0.000351704 0.999988 0.00499581 0.00054025 -0.00499619 0.999988 0.11621 -0.122722 0.0594201
FixedParameters: 0 0 0

#Transform 86
Transform: AffineTransform_float_3_3
Parameters: 0.999998 -0.00149978 0.000553539 0.00149722 0.999987 0.00497984 -0.000561463 -0.00497917 0.999988 -0.00148934 -0.0862147 -4.35604e-05
FixedParameters: 0 0 0

#Transform 87
Transform: AffineTransform_float_3_3
Parameters: 0.999997 0.0013957 -0.00195399 -0.0013833 0.999978 0.00648572 0.00196301 -0.00648228 0.999977 0.209229 -0.163757 -0.019179
FixedParameters: 0 0 0

#Transform 88
Transform: AffineTransform_float_3_3
Parameters: 0.999998 0.00156647 -0.00120002 -0.00155752 0.999974 0.00702988 0.00121198 -0.00702811 0.999974 0.227141 -0.18903 0.0333799
FixedParameters: 0 0 0

#Transform 89
Transform: AffineTransform_float_3_3
Parameters: 0.999998 0.000236577 0.00228487 -0.000253425 0.999971 0.00762844 -0.00228313 -0.00762856 0.999969 -0.0851341 -0.135475 -0.119911
FixedParameters: 0 0 0

#Transform 90
Transform: AffineTransform_float_3_3
Parameters: 0.999996 -5.06597e-05 0.00281569 2.93376e-05 0.999971 0.00769212 -0.00281631 -0.00769189 0.999967 -0.0595483 -0.170053 -0.0569469
FixedParameters: 0 0 0

#Transform 91
Transform: AffineTransform_float_3_3
Parameters: 0.999998 -0.000780972 0.00190093 0.000771027 0.999986 0.00524147 -0.00190507 -0.00523952 0.999984 -0.0285022 -0.086678 0.0493534
FixedParameters: 0 0 0

#Transform 92
Transform: AffineTransform_float_3_3
Parameters: 0.999997 -0.000556484 0.00212554 0.000546515 0.99999 0.00445917 -0.00212846 -0.00445882 0.999988 -0.0639323 -0.0673586 -0.00826728
FixedParameters: 0 0 0

#Transform 93
Transform: AffineTransform_float_3_3
Parameters: 1 -0.000436067 0.000930181 0.000429934 0.999978 0.0065124 -0.000932821 -0.0065126 0.999979 0.0498206 -0.138664 -0.0104125
FixedParameters: 0 0 0

#Transform 94
Transform: AffineTransform_float_3_3
Parameters: 0.999995 -0.000778733 0.00300471 0.000762265 0.999984 0.00556632 -0.00300929 -0.00556368 0.99998 -0.11567 -0.0749507 -0.070361
FixedParameters: 0 0 0

#Transform 95
Transform: AffineTransform_float_3_3
Parameters: 0.999996 -0.000816668 0.00271003 0.000800334 0.999981 0.0061452 -0.00271497 -0.00614381 0.999978 -0.0505298 -0.0782675 -0.0468094
FixedParameters: 0 0 0

#Transform 96
Transform: AffineTransform_float_3_3
Parameters: 0.999998 -0.000105345 0.00227734 8.96505e-05 0.999978 0.00673722 -0.00227866 -0.00673678 0.999974 -0.0781353 -0.0370853 -0.135444
FixedParameters: 0 0 0

#Transform 97
Transform: AffineTransform_float_3_3
Parameters: 0.999996 -0.000594923 0.00271198 0.000581077 0.999986 0.00513159 -0.00271502 -0.0051304 0.999983 -0.0949142 0.00319686 -0.0854483
FixedParameters: 0 0 0

#Transform 98
Transform: AffineTransform_float_3_3
Parameters: 0.999999 -5.61138e-05 0.00151663 4.48834e-05 0.999973 0.00732708 -0.00151737 -0.00732692 0.999972 0.0483269 0.313118 -0.554334
FixedParameters: 0 0 0

#Transform 99
Transform: AffineTransform_float_3_3
Parameters: 0.999998 -6.37035e-06 0.00201101 -9.37025e-06 0.999971 0.00764299 -0.00201099 -0.007643 0.999969 0.0584514 0.386285 -0.568935
FixedParameters: 0 0 0

#Transform 100
Transform: AffineTransform_float_3_3
Parameters: 0.999994 -0.000863361 0.00350684 0.000820638 0.999927 0.012063 -0.00351716 -0.01206 0.999921 -0.0380359 0.0188775 -0.479249
FixedParameters: 0 0 0

#Transform 101
Transform: AffineTransform_float_3_3
Parameters: 0.999998 0.000107249 0.00168008 -0.00012275 0.999956 0.0093778 -0.00167892 -0.00937819 0.999954 0.0349331 -0.156714 -0.0890786
FixedParameters: 0 0 0

#Transform 102
Transform: AffineTransform_float_3_3
Parameters: 0.999999 0.000596061 0.001684 -0.00060994 0.999966 0.00828899 -0.001679 -0.00829002 0.999964 0.00424109 -0.123545 -0.0640868
FixedParameters: 0 0 0

#Transform 103
Transform: AffineTransform_float_3_3
Parameters: 0.999999 0.000674675 0.00115071 -0.000685327 0.999951 0.00986922 -0.00114429 -0.00987078 0.99995 0.0433486 -0.217914 -0.0371421
FixedParameters: 0 0 0

#Transform 104
Transform: AffineTransform_float_3_3
Parameters: 0.999997 0.000196987 0.0021807 -0.000215008 0.999966 0.00826355 -0.0021783 -0.00826345 0.999964 -0.0338697 -0.123936 -0.0890924
FixedParameters: 0 0 0

#Transform 105
Transform: AffineTransform_float_3_3
Parameters: 0.999998 0.000272044 0.00158346 -0.000285953 0.999961 0.00882056 -0.00158054 -0.00882044 0.99996 0.0131758 -0.166056 -0.0365777
FixedParameters: 0 0 0

#Transform 106
Transform: AffineTransform_float_3_3
Parameters: 0.999999 0.000250796 0.00143056 -0.000265197 0.99995 0.00993662 -0.00142743 -0.00993736 0.999949 0.0384199 -0.234417 -0.0423743
FixedParameters: 0 0 0

#Transform 107
Transform: AffineTransform_float_3_3
Parameters: 0.999998 0.00208166 0.000199507 -0.00208333 0.999973 0.00696659 -0.000184491 -0.00696639 0.999975 0.0541483 -0.0676985 -0.0562683
FixedParameters: 0 0 0

#Transform 108
Transform: AffineTransform_float_3_3
Parameters: 0.999999 0.00125841 0.000215478 -0.00125959 0.999971 0.00752673 -0.000206526 -0.00752626 0.999971 0.0541949 -0.0930698 -0.0288091
FixedParameters: 0 0 0

#Transform 109
Transform: AffineTransform_float_3_3
Parameters: 0.999999 0.000671859 0.000566944 -0.000676142 0.999973 0.00733662 -0.000562055 -0.00733638 0.999973 0.0465234 -0.0845255 -0.0235426
FixedParameters: 0 0 0

#Transform 110
Transform: AffineTransform_float_3_3
Parameters: 0.999999 0.000672604 0.000501586 -0.000676398 0.999976 0.00680066 -0.000497411 -0.00680133 0.999976 0.069555 -0.0592763 -0.0147322
FixedParameters: 0 0 0

#Transform 111
Transform: AffineTransform_float_3_3
Parameters: 1 0.000674663 0.000210336 -0.000676334 0.999979 0.00642086 -0.000205661 -0.00642114 0.99998 0.112011 -0.0548432 -0.0140221
FixedParameters: 0 0 0

#Transform 112
Transform: AffineTransform_float_3_3
Parameters: 0.999999 0.000567401 0.000759216 -0.000572596 0.999972 0.00739357 -0.000754787 -0.00739443 0.999973 0.0563803 -0.0959662 -0.0344229
FixedParameters: 0 0 0

#Transform 113
Transform: AffineTransform_float_3_3
Parameters: 0.999998 0.000838833 0.00135833 -0.00084917 0.999971 0.00750085 -0.00135267 -0.00750214 0.999971 -0.0112192 -0.0875073 0.000100554
FixedParameters: 0 0 0

#Transform 114
Transform: AffineTransform_float_3_3
Parameters: 0.999999 3.60289e-05 0.000783192 -3.99701e-05 0.999987 0.00507097 -0.000782807 -0.00507103 0.999987 0.0643848 -0.0122391 0.0243075
FixedParameters: 0 0 0

#Transform 115
Transform: AffineTransform_float_3_3
Parameters: 1 -0.0001931 0.000490792 0.000189899 0.99998 0.00630809 -0.000492208 -0.00630791 0.99998 0.0872303 -0.0912973 0.0736594
FixedParameters: 0 0 0

#Transform 116
Transform: AffineTransform_float_3_3
Parameters: 1 -9.08001e-05 0.00104443 8.41961e-05 0.999979 0.00650909 -0.00104557 -0.00650891 0.999979 0.033875 -0.0863652 0.0721767
FixedParameters: 0 0 0

#Transform 117
Transform: AffineTransform_float_3_3
Parameters: 0.999999 -0.000352538 0.00125718 0.000346463 0.999987 0.00519744 -0.00125882 -0.00519656 0.999985 0.0373526 -0.0482062 0.0717053
FixedParameters: 0 0 0

#Transform 118
Transform: AffineTransform_float_3_3
Parameters: 0.999998 -0.000975686 0.00206198 0.000965315 0.999986 0.00517701 -0.00206703 -0.005175 0.999985 -0.0223614 -0.0450705 0.0413588
FixedParameters: 0 0 0

#Transform 119
Transform: AffineTransform_float_3_3
Parameters: 0.999999 -0.00129337 0.00130476 0.00128564 0.999978 0.00639468 -0.00131225 -0.00639331 0.999978 0.0190056 -0.0951577 0.0902896
FixedParameters: 0 0 0

#Transform 120
Transform: AffineTransform_float_3_3
Parameters: 0.999999 -0.000887616 0.00127975 0.000879381 0.999982 0.00594014 -0.00128525 -0.00593887 0.999982 0.0272823 -0.092223 0.0971433
FixedParameters: 0 0 0

#Transform 121
Transform: AffineTransform_float_3_3
Parameters: 0.999998 -0.00179378 0.00108985 0.00177722 0.999883 0.015207 -0.00111715 -0.015205 0.999884 0.0272358 -0.573829 0.227172
FixedParameters: 0 0 0

#Transform 122
Transform: AffineTransform_float_3_3
Parameters: 0.999999 -0.000234441 -0.00126838 0.000257552 0.999842 0.0178147 0.00126361 -0.0178153 0.999841 0.137791 -0.711326 0.266911
FixedParameters: 0 0 0

#Transform 123
Transform: AffineTransform_float_3_3
Parameters: 0.999999 0.000462101 0.000583795 -0.000472903 0.999823 0.0188087 -0.000575207 -0.0188093 0.999823 0.0258729 -0.764085 0.291227
FixedParameters: 0 0 0

#Transform 124
Transform: AffineTransform_float_3_3
Parameters: 1 -0.000265988 0.000396043 0.000260012 0.999887 0.0150451 -0.000399957 -0.0150449 0.999886 0.029375 -0.583563 0.223967
FixedParameters: 0 0 0

#Transform 125
Transform: AffineTransform_float_3_3
Parameters: 1 -0.000405098 0.00104502 0.000391901 0.999921 0.0125044 -0.00104998 -0.0125036 0.999922 -0.00254894 -0.478325 0.195748
FixedParameters: 0 0 0

#Transform 126
Transform: AffineTransform_float_3_3
Parameters: 1 -0.000357587 0.000566279 0.000349416 0.999911 0.0133422 -0.000570712 -0.0133418 0.999911 0.012719 -0.500986 0.201801
FixedParameters: 0 0 0

#Transform 127
Transform: AffineTransform_float_3_3
Parameters: 1 -0.00064202 -3.13626e-06 0.000641977 0.999898 0.01423 -6.13596e-06 -0.01423 0.999898 0.0676593 -0.546566 0.206242
FixedParameters: 0 0 0

#Transform 128
Transform: AffineTransform_float_3_3
Parameters: 0.999999 -0.000672731 0.00113742 0.000658261 0.999916 0.0129028 -0.00114659 -0.0129022 0.999916 0.0232878 -0.456723 0.189482
FixedParameters: 0 0 0

#Transform 129
Transform: AffineTransform_float_3_3
Parameters: 0.999999 -0.000484664 0.00113988 0.000470333 0.999917 0.0128305 -0.00114613 -0.0128294 0.999917 0.039557 -0.458525 0.194125
FixedParameters: 0 0 0

#Transform 130
Transform: AffineTransform_float_3_3
Parameters: 0.999997 -0.00088062 0.00196257 0.000856384 0.999927 0.0120047 -0.00197242 -0.0120023 0.999926 -0.00159969 -0.396133 0.183394
FixedParameters: 0 0 0

#Transform 131
Transform: AffineTransform_float_3_3
Parameters: 0.999997 -0.00113744 0.00179962 0.00111555 0.999929 0.011873 -0.00181337 -0.011871 0.999928 -0.0133025 -0.426516 0.18322
FixedParameters: 0 0 0

#Transform 132
Transform: AffineTransform_float_3_3
Parameters: 0.999999 -0.000695138 0.00126498 0.000668862 0.999788 0.0205469 -0.00127901 -0.0205461 0.999788 -0.00345929 -0.828354 0.290999
FixedParameters: 0 0 0

#Transform 133
Transform: AffineTransform_float_3_3
Parameters: 0.999999 -0.00102549 0.000998348 0.00100752 0.999849 0.01736 -0.00101564 -0.017359 0.999849 0.0391783 -0.668063 0.294211
FixedParameters: 0 0 0

#Transform 134
Transform: AffineTransform_float_3_3
Parameters: 0.999999 -0.00113414 0.00105177 0.00111586 0.999854 0.0170892 -0.00107122 -0.0170878 0.999854 0.0348288 -0.662735 0.276333
FixedParameters: 0 0 0

#Transform 135
Transform: AffineTransform_float_3_3
Parameters: 1 -0.000991665 0.000245902 0.000987335 0.999832 0.0182922 -0.000264104 -0.0182917 0.999832 0.0674102 -0.70242 0.304951
FixedParameters: 0 0 0

#Transform 136
Transform: AffineTransform_float_3_3
Parameters: 1 -0.000554174 0.000255122 0.000549828 0.99987 0.0160801 -0.000263875 -0.0160798 0.99987 0.0731415 -0.616057 0.276913
FixedParameters: 0 0 0

#Transform 137
Transform: AffineTransform_float_3_3
Parameters: 1 -0.000274839 0.000645083 0.000263162 0.999833 0.0182822 -0.000649919 -0.0182818 0.999832 0.0444288 -0.726656 0.290198
FixedParameters: 0 0 0

#Transform 138
Transform: AffineTransform_float_3_3
Parameters: 1 -0.00036961 0.000257506 0.000365381 0.999843 0.0176781 -0.0002645 -0.0176779 0.999843 0.0746891 -0.686241 0.283957
FixedParameters: 0 0 0

#Transform 139
Transform: AffineTransform_float_3_3
Parameters: 1 -0.000386597 -7.82815e-05 0.000388398 0.999823 0.018799 7.0711e-05 -0.018799 0.999824 0.0984594 -0.740544 0.335005
FixedParameters: 0 0 0

#Transform 140
Transform: AffineTransform_float_3_3
Parameters: 0.999999 -0.000274237 0.000872355 0.000258769 0.999848 0.0174192 -0.00087664 -0.0174188 0.999848 0.032836 -0.692174 0.278683
FixedParameters: 0 0 0

#Transform 141
Transform: AffineTransform_float_3_3
Parameters: 0.999999 -0.000435747 0.000769923 0.000423252 0.999864 0.0164793 -0.00077708 -0.0164797 0.999864 0.0443639 -0.639396 0.290646
FixedParameters: 0 0 0

#Transform 142
Transform: AffineTransform_float_3_3
Parameters: 0.999999 -0.000301691 0.000772161 0.000289311 0.999865 0.0163842 -0.000776844 -0.0163838 0.999866 0.0377469 -0.635712 0.278824
FixedParameters: 0 0 0

#Transform 143
Transform: AffineTransform_float_3_3
Parameters: 0.999999 -0.00029181 0.000772641 0.000279184 0.999884 0.0152422 -0.000777345 -0.0152418 0.999883 0.0377933 -0.583386 0.271945
FixedParameters: 0 0 0

#Transform 144
Transform: AffineTransform_float_3_3
Parameters: 0.999999 -0.000423616 0.000770728 0.000412379 0.999888 0.0150103 -0.000777277 -0.0150097 0.999887 0.0369566 -0.57079 0.246061
FixedParameters: 0 0 0

#Transform 145
Transform: AffineTransform_float_3_3
Parameters: 0.999999 -0.000238823 0.000773448 0.000227183 0.999883 0.0152512 -0.000776555 -0.0152508 0.999884 0.0379893 -0.583617 0.265724
FixedParameters: 0 0 0

#Transform 146
Transform: AffineTransform_float_3_3
Parameters: 0.999999 -0.000238981 0.000773399 0.000227025 0.99988 0.0154542 -0.000776601 -0.0154548 0.999881 0.0380322 -0.585598 0.319067
FixedParameters: 0 0 0

#Transform 147
Transform: AffineTransform_float_3_3
Parameters: 1 -0.000462174 0.00107537 0.000444832 0.999858 0.0168395 -0.00108264 -0.0168385 0.999857 -0.00174019 -0.66571 0.321696
FixedParameters: 0 0 0

#Transform 148
Transform: AffineTransform_float_3_3
Parameters: 1 -0.000455679 0.000330303 0.000450326 0.999856 0.0169952 -0.000337702 -0.0169948 0.999855 0.0598371 -0.657232 0.352893
FixedParameters: 0 0 0

#Transform 149
Transform: AffineTransform_float_3_3
Parameters: 1 -0.000515478 0.000329586 0.000509532 0.999865 0.0164092 -0.000337406 -0.0164088 0.999866 0.0408841 -0.64699 0.30575
FixedParameters: 0 0 0

#Transform 150
Transform: AffineTransform_float_3_3
Parameters: 1 -0.00022502 -0.000119796 0.000226984 0.999859 0.016795 0.000116204 -0.016795 0.999859 0.0975537 -0.658441 0.347994
FixedParameters: 0 0 0

#Transform 151
Transform: AffineTransform_float_3_3
Parameters: 0.999999 -0.00070222 0.00013816 0.000699783 0.99988 0.0154601 -0.000148836 -0.0154599 0.999881 0.0937765 -0.619568 0.330579
FixedParameters: 0 0 0

#Transform 152
Transform: AffineTransform_float_3_3
Parameters: 1 -0.000225151 -0.000119548 0.000226856 0.999877 0.015695 0.000116454 -0.015695 0.999877 0.0960834 -0.604468 0.314496
FixedParameters: 0 0 0

#Transform 153
Transform: AffineTransform_float_3_3
Parameters: 0.999999 -0.000712453 0.000152993 0.000710547 0.99988 0.0154751 -0.000164015 -0.0154749 0.99988 0.0845608 -0.59659 0.326072
FixedParameters: 0 0 0

#Transform 154
Transform: AffineTransform_float_3_3
Parameters: 1 -0.000233249 0.00039437 0.00022774 0.999875 0.0157731 -0.000398641 -0.0157729 0.999875 0.0534159 -0.622392 0.31454
FixedParameters: 0 0 0

#Transform 155
Transform: AffineTransform_float_3_3
Parameters: 0.999999 -0.000667482 0.000551899 0.000659516 0.999884 0.0152294 -0.000562109 -0.0152286 0.999884 0.0474393 -0.590049 0.318582
FixedParameters: 0 0 0

#Transform 156
Transform: AffineTransform_float_3_3
Parameters: 1 -0.000509621 -0.000220961 0.000512379 0.999878 0.0155699 0.000213048 -0.0155701 0.999879 0.0975312 -0.602603 0.355765
FixedParameters: 0 0 0

#Transform 157
Transform: AffineTransform_float_3_3
Parameters: 0.999999 -0.000664305 0.000487193 0.000656698 0.999889 0.0148433 -0.000496802 -0.0148437 0.999889 0.0513879 -0.592991 0.289351
FixedParameters: 0 0 0

#Transform 158
Transform: AffineTransform_float_3_3
Parameters: 1 -0.000889588 0.000643615 0.000878424 0.999868 0.0162666 -0.000657377 -0.0162664 0.999868 0.0521608 -0.639064 0.307683
FixedParameters: 0 0 0

#Transform 159
Transform: AffineTransform_float_3_3
Parameters: 1 -0.000907662 -0.000735494 0.000919331 0.999856 0.0169533 0.000719518 -0.0169537 0.999856 0.151356 -0.67991 0.311503
FixedParameters: 0 0 0

#Transform 160
Transform: AffineTransform_float_3_3
Parameters: 0.999999 -0.000648866 0.000675803 0.000637129 0.999848 0.0174144 -0.000687199 -0.0174136 0.999848 0.0247324 -0.715491 0.367407
FixedParameters: 0 0 0

#Transform 161
Transform: AffineTransform_float_3_3
Parameters: 0.999999 -0.00159508 0.00086651 0.00157691 0.999789 0.0204834 -0.000899489 -0.0204826 0.99979 0.05079 -0.84147 0.372549
FixedParameters: 0 0 0

#Transform 162
Transform: AffineTransform_float_3_3
Parameters: 0.999999 -0.00135729 0.000428572 0.0013497 0.999822 0.0187906 -0.000454441 -0.0187894 0.999824 0.0772536 -0.781828 0.330124
FixedParameters: 0 0 0

#Transform 163
Transform: AffineTransform_float_3_3
Parameters: 0.999999 -0.00124229 0.00127979 0.0012187 0.999837 0.0180446 -0.0013022 -0.0180424 0.999837 0.0272253 -0.717799 0.337272
FixedParameters: 0 0 0

#Transform 164
Transform: AffineTransform_float_3_3
Parameters: 0.999999 -0.0010862 0.000772767 0.00107281 0.999857 0.0168878 -0.00079023 -0.0168872 0.999857 0.0582122 -0.658867 0.333791
FixedParameters: 0 0 0

#Transform 165
Transform: AffineTransform_float_3_3
Parameters: 0.999999 -0.000647484 0.000619219 0.000636519 0.999859 0.0167854 -0.000629772 -0.0167846 0.999859 0.0679869 -0.646559 0.361742
FixedParameters: 0 0 0

#Transform 166
Transform: AffineTransform_float_3_3
Parameters: 0.999999 -0.00105955 0.000798325 0.00104645 0.999858 0.0167878 -0.000815682 -0.0167871 0.999859 0.0429558 -0.659276 0.314577
FixedParameters: 0 0 0

#Transform 167
Transform: AffineTransform_float_3_3
Parameters: 0.999999 -0.000661418 0.00115941 0.00063657 0.99978 0.0209358 -0.00117358 -0.0209352 0.99978 0.0253058 -0.836696 0.324577
FixedParameters: 0 0 0

#Transform 168
Transform: AffineTransform_float_3_3
Parameters: 0.999999 -0.00125588 0.00089066 0.00123913 0.999824 0.0187091 -0.000913341 -0.0187079 0.999824 0.0360266 -0.732456 0.335914
FixedParameters: 0 0 0

#Transform 169
Transform: AffineTransform_float_3_3
Parameters: 1 -0.00116998 0.000318829 0.00116404 0.999835 0.0181404 -0.000339171 -0.0181396 0.999836 0.0740051 -0.724147 0.321044
FixedParameters: 0 0 0

#Transform 170
Transform: AffineTransform_float_3_3
Parameters: 0.999999 -0.000798632 0.00117999 0.000775369 0.999818 0.0190569 -0.00119499 -0.0190561 0.999817 0.013745 -0.761774 0.318863
FixedParameters: 0 0 0

#Transform 171
Transform: AffineTransform_float_3_3
Parameters: 0.999999 -0.00117665 0.000801492 0.00116136 0.999814 0.019256 -0.000823515 -0.0192551 0.999815 0.0408584 -0.767888 0.354946
FixedParameters: 0 0 0

#Transform 172
Transform: AffineTransform_float_3_3
Parameters: 0.999999 -0.00119289 0.00050734 0.00118211 0.999818 0.0190736 -0.000529644 -0.0190734 0.999818 0.0558918 -0.76259 0.351325
FixedParameters: 0 0 0

#Transform 173
Transform: AffineTransform_float_3_3
Parameters: 1 -0.00108873 0.000139106 0.00108628 0.999832 0.0182942 -0.000158899 -0.0182938 0.999832 0.091902 -0.71294 0.313029
FixedParameters: 0 0 0

#Transform 174
Transform: AffineTransform_float_3_3
Parameters: 0.999999 -0.0011686 0.000782631 0.0011544 0.99983 0.0183999 -0.000804377 -0.0183991 0.999831 0.079306 -0.706818 0.373045
FixedParameters: 0 0 0

#Transform 175
Transform: AffineTransform_float_3_3
Parameters: 1 -0.00065458 0.000870049 0.000637421 0.999798 0.0200546 -0.000882962 -0.0200544 0.999799 0.0569855 -0.777691 0.33473
FixedParameters: 0 0 0

#Transform 176
Transform: AffineTransform_float_3_3
Parameters: 1 -0.00110937 0.000468651 0.00110162 0.999846 0.0175065 -0.000488359 -0.0175055 0.999846 0.101091 -0.679555 0.350018
FixedParameters: 0 0 0

#Transform 177
Transform: AffineTransform_float_3_3
Parameters: 0.999999 -0.00143689 0.000463275 0.00142709 0.999825 0.0186557 -0.000490709 -0.0186553 0.999826 0.063122 -0.74268 0.322283
FixedParameters: 0 0 0

#Transform 178
Transform: AffineTransform_float_3_3
Parameters: 1 -0.00106837 0.00027919 0.00106361 0.999826 0.0185873 -0.000299821 -0.0185867 0.999827 0.110044 -0.737546 0.345626
FixedParameters: 0 0 0

#Transform 179
Transform: AffineTransform_float_3_3
Parameters: 0.999999 -0.00109956 0.00145835 0.00107344 0.999835 0.0180926 -0.00147766 -0.0180914 0.999835 -9.75573e-05 -0.702643 0.324864
FixedParameters: 0 0 0
