#Insight Transform File V1.0
#Transform 0
Transform: AffineTransform_float_3_3
Parameters: 0.999999 1.00135e-05 -0.000836012 -1.09865e-05 1 -0.00117999 0.000835987 0.00118001 0.999999 0.0926411 0.0955938 0.381601
FixedParameters: 0 0 0

#Transform 1
Transform: AffineTransform_float_3_3
Parameters: 1 0.000562022 -0.000221944 -0.000561978 1 9.91247e-05 0.000222056 -9.88752e-05 1 0.055772 0.0318081 -0.00277079
FixedParameters: 0 0 0

#Transform 2
Transform: AffineTransform_float_3_3
Parameters: 0.999999 0.000683001 -0.000309996 -0.000682998 1 5.21173e-06 0.000310004 -5.78827e-06 1 0.0735772 0.0974811 0.00400848
FixedParameters: 0 0 0

#Transform 3
Transform: AffineTransform_float_3_3
Parameters: 0.999998 0.00153727 -0.000667379 -0.00153673 0.999998 0.000404026 0.00066762 -0.000402974 0.999999 0.0686888 0.0457853 0.0168351
FixedParameters: 0 0 0

#Transform 4
Transform: AffineTransform_float_3_3
Parameters: 0.999999 0.000674103 -0.000367811 -0.000673897 0.999999 0.000280248 0.000368189 -0.000280752 1 0.0521573 0.101345 -0.00200653
FixedParameters: 0 0 0

#Transform 5
Transform: AffineTransform_float_3_3
Parameters: 0.999999 0.000750362 -0.000316142 -0.000750637 0.999999 0.00114324 0.000317859 -0.00114376 1 0.0955901 0.10037 -0.0559363
FixedParameters: 0 0 0

#Transform 6
Transform: AffineTransform_float_3_3
Parameters: 0.999999 0.000769167 -0.000342624 -0.000768832 0.999999 0.000488263 0.000343375 -0.000487736 1 0.0526022 0.0987677 -2.57905e-05
FixedParameters: 0 0 0

#Transform 7
Transform: AffineTransform_float_3_3
Parameters: 0.999999 0.000781111 -0.000332737 -0.000780888 0.999999 0.00033626 0.000332262 -0.00033574 1 0.0665435 0.110572 -0.00718794
FixedParameters: 0 0 0

#Transform 8
Transform: AffineTransform_float_3_3
Parameters: 0.999999 0.00109251 -0.00071871 -0.00109149 0.999997 0.00209779 0.000721291 -0.00209721 0.999997 0.108397 0.0798256 -0.125809
FixedParameters: 0 0 0

#Transform 9
Transform: AffineTransform_float_3_3
Parameters: 1 0.00109142 -0.000321592 -0.00109158 0.999998 0.00129035 0.000322409 -0.00129065 0.999999 0.0826299 0.0826974 -0.0471765
FixedParameters: 0 0 0

#Transform 10
Transform: AffineTransform_float_3_3
Parameters: 0.999999 0.00141069 -0.00122506 -0.00140931 0.999998 0.00137673 0.00122694 -0.00137527 0.999999 0.135148 0.0665976 -0.0110449
FixedParameters: 0 0 0

#Transform 11
Transform: AffineTransform_float_3_3
Parameters: 0.999999 0.00121776 -0.000722039 -0.00121524 0.999997 0.00243388 0.000724959 -0.00243312 0.999997 0.119868 0.0741421 -0.134742
FixedParameters: 0 0 0

#Transform 12
Transform: AffineTransform_float_3_3
Parameters: 1 0.000662075 -2.83098e-05 -0.000661927 0.999997 0.00255302 2.969e-05 -0.00255298 0.999996 0.0516268 0.0724105 -0.139283
FixedParameters: 0 0 0

#Transform 13
Transform: AffineTransform_float_3_3
Parameters: 0.999999 0.000725251 -0.000183005 -0.000724748 0.999999 0.00137213 0.000183994 -0.00137187 0.999999 0.0575202 0.0889113 -0.0380578
FixedParameters: 0 0 0

#Transform 14
Transform: AffineTransform_float_3_3
Parameters: 0.999999 0.000830776 -0.00038533 -0.000830223 0.999997 0.00201132 0.00038667 -0.00201068 0.999998 0.0841924 0.0732285 -0.0908401
FixedParameters: 0 0 0

#Transform 15
Transform: AffineTransform_float_3_3
Parameters: 0.999999 0.000802678 -0.000413687 -0.000802323 0.999999 0.00163633 0.000414313 -0.00163567 0.999998 0.0767926 0.0720832 -0.0580815
FixedParameters: 0 0 0

#Transform 16
Transform: AffineTransform_float_3_3
Parameters: 0.999999 0.000905301 -0.000167378 -0.000904697 0.999998 0.00179215 0.000169621 -0.00179185 0.999999 0.0759647 0.102506 -0.0973591
FixedParameters: 0 0 0

#Transform 17
Transform: AffineTransform_float_3_3
Parameters: 0.999999 0.000951992 -3.31951e-05 -0.000952006 0.999999 -0.000204968 3.28048e-05 0.000205031 1 0.0258406 0.0554661 0.147309
FixedParameters: 0 0 0

#Transform 18
Transform: AffineTransform_float_3_3
Parameters: 0.999998 0.00139799 -0.00097716 -0.00139601 0.999997 0.00203337 0.000979839 -0.00203163 0.999998 0.153395 0.0620544 -0.079592
FixedParameters: 0 0 0

#Transform 19
Transform: AffineTransform_float_3_3
Parameters: 0.999999 0.000906322 -0.000244809 -0.000905677 0.999998 0.00131422 0.00024619 -0.00131378 0.999999 0.0520256 0.0906787 -0.0298621
FixedParameters: 0 0 0

#Transform 20
Transform: AffineTransform_float_3_3
Parameters: 1 0.000843471 -0.000762375 -0.000841527 0.999998 0.00192864 0.000764624 -0.00192736 0.999998 0.114 0.0953272 -0.042288
FixedParameters: 0 0 0

#Transform 21
Transform: AffineTransform_float_3_3
Parameters: 0.999998 0.00139894 -0.000854196 -0.00139606 0.999993 0.0034382 0.000858803 -0.0034368 0.999993 0.179158 0.0286639 -0.0969038
FixedParameters: 0 0 0

#Transform 22
Transform: AffineTransform_float_3_3
Parameters: 0.999999 0.00123335 -0.000882336 -0.00123065 0.999992 0.00378709 0.000886666 -0.00378591 0.999993 0.135533 -0.0119401 -0.0685809
FixedParameters: 0 0 0

#Transform 23
Transform: AffineTransform_float_3_3
Parameters: 1 0.00110552 -0.000519777 -0.00110348 0.999995 0.00291757 0.000523221 -0.00291642 0.999995 0.096374 0.0436828 -0.0845639
FixedParameters: 0 0 0

#Transform 24
Transform: AffineTransform_float_3_3
Parameters: 0.999999 0.00138857 0.000620893 -0.00139543 0.999926 0.0121322 -0.000604115 -0.0121329 0.999926 0.245932 -0.204738 -0.820701
FixedParameters: 0 0 0

#Transform 25
Transform: AffineTransform_float_3_3
Parameters: 0.999998 0.00124828 -0.00100951 -0.00124272 0.999985 0.00521226 0.00101649 -0.00521074 0.999986 0.171043 0.00384952 -0.259432
FixedParameters: 0 0 0

#Transform 26
Transform: AffineTransform_float_3_3
Parameters: 1 0.000360675 -0.000271791 -0.000359323 0.999981 0.0061391 0.000274211 -0.0061389 0.999981 0.111723 -0.0123688 -0.296226
FixedParameters: 0 0 0

#Transform 27
Transform: AffineTransform_float_3_3
Parameters: 0.999999 0.000709041 -0.000547365 -0.000706955 0.999993 0.00372139 0.000550634 -0.00372061 0.999993 0.215706 0.00987189 -0.0840116
FixedParameters: 0 0 0

#Transform 28
Transform: AffineTransform_float_3_3
Parameters: 0.999999 0.00134902 -4.0464e-06 -0.00134898 0.999993 0.00367201 8.9535e-06 -0.00367199 0.999994 0.0779511 -0.133977 0.153671
FixedParameters: 0 0 0

#Transform 29
Transform: AffineTransform_float_3_3
Parameters: 0.999999 0.00120955 0.000238278 -0.00120945 0.999998 0.00188271 -0.000235723 -0.00188329 0.999998 0.0632133 0.021488 0.0538168
FixedParameters: 0 0 0

#Transform 30
Transform: AffineTransform_float_3_3
Parameters: 0.999999 0.000870581 -0.000187319 -0.000870419 0.999995 0.00308116 0.000189683 -0.00308084 0.999995 0.110467 -0.00885342 0.0164209
FixedParameters: 0 0 0

#Transform 31
Transform: AffineTransform_float_3_3
Parameters: 0.999999 0.000718237 -0.000542742 -0.000714761 0.999982 0.00594139 0.000547257 -0.00594161 0.999982 0.24891 0.0233694 -0.375884
FixedParameters: 0 0 0

#Transform 32
Transform: AffineTransform_float_3_3
Parameters: 0.999997 0.00167769 -0.00152284 -0.0016723 0.999994 0.00307855 0.00152815 -0.00307644 0.999994 0.266798 0.0457283 -0.0248176
FixedParameters: 0 0 0

#Transform 33
Transform: AffineTransform_float_3_3
Parameters: 0.999999 0.00123561 -0.000619807 -0.00123439 0.999996 0.00258677 0.000623194 -0.00258523 0.999997 0.124443 -0.0320843 0.114098
FixedParameters: 0 0 0

#Transform 34
Transform: AffineTransform_float_3_3
Parameters: 0.999999 0.0012357 -0.000593468 -0.0012343 0.999995 0.00286073 0.000597532 -0.00285926 0.999995 0.122706 -0.0458849 0.0853589
FixedParameters: 0 0 0

#Transform 35
Transform: AffineTransform_float_3_3
Parameters: 0.999999 0.0012355 -0.000524481 -0.0012335 0.999995 0.00285065 0.000527517 -0.00284935 0.999996 0.118156 -0.0456548 0.0834768
FixedParameters: 0 0 0

#Transform 36
Transform: AffineTransform_float_3_3
Parameters: 0.999999 0.000795735 -0.000372312 -0.000794265 0.999989 0.0046393 0.000375688 -0.0046387 0.999989 0.129825 -0.0890061 0.0401591
FixedParameters: 0 0 0

#Transform 37
Transform: AffineTransform_float_3_3
Parameters: 0.999998 0.00121697 0.00105398 -0.00123403 0.999867 0.0163057 -0.00103401 -0.0163073 0.999867 0.259253 -0.566367 -0.471452
FixedParameters: 0 0 0

#Transform 38
Transform: AffineTransform_float_3_3
Parameters: 1 0.000286421 -0.000324882 -0.000284579 0.999973 0.0074261 0.000327123 -0.00742691 0.999973 0.147593 -0.132477 -0.163921
FixedParameters: 0 0 0

#Transform 39
Transform: AffineTransform_float_3_3
Parameters: 1 -8.79232e-05 0.000444432 8.50797e-05 0.999979 0.00657304 -0.000444569 -0.00657297 0.999979 0.0648192 -0.0941202 -0.114775
FixedParameters: 0 0 0

#Transform 40
Transform: AffineTransform_float_3_3
Parameters: 1 -2.49261e-05 -1.51225e-05 2.50733e-05 0.999988 0.004909 1.48771e-05 -0.004909 0.999988 0.093902 -0.0328595 -0.0196184
FixedParameters: 0 0 0

#Transform 41
Transform: AffineTransform_float_3_3
Parameters: 1 -5.58411e-05 -3.82331e-05 5.6158e-05 0.999992 0.004169 3.77662e-05 -0.004169 0.999992 0.0998849 0.00339125 -0.00771651
FixedParameters: 0 0 0

#Transform 42
Transform: AffineTransform_float_3_3
Parameters: 1 -0.000121588 -0.000186926 0.000123413 0.999972 0.00757398 0.000186071 -0.00757403 0.999972 0.16178 -0.18275 -0.00954594
FixedParameters: 0 0 0

#Transform 43
Transform: AffineTransform_float_3_3
Parameters: 1 1.90178e-05 -2.88498e-06 -1.89815e-05 0.999981 0.006051 3.11491e-06 -0.006051 0.999981 0.0951379 -0.0960946 -0.028818
FixedParameters: 0 0 0

#Transform 44
Transform: AffineTransform_float_3_3
Parameters: 1 -0.000545592 -9.24397e-05 0.000546406 0.99999 0.00446995 8.95584e-05 -0.00447005 0.99999 0.161226 0.074418 -0.190128
FixedParameters: 0 0 0

#Transform 45
Transform: AffineTransform_float_3_3
Parameters: 0.999999 -0.000534047 -0.000694281 0.000536951 0.999991 0.00425963 0.000691718 -0.00426037 0.99999 0.159817 0.0430406 -0.105664
FixedParameters: 0 0 0

#Transform 46
Transform: AffineTransform_float_3_3
Parameters: 1 -0.000140464 -0.000100752 0.000141537 0.999985 0.00534198 0.000100245 -0.00534201 0.999985 0.163257 0.0305754 -0.222915
FixedParameters: 0 0 0

#Transform 47
Transform: AffineTransform_float_3_3
Parameters: 1 -2.21204e-05 -0.000550123 2.48789e-05 0.999987 0.00523499 0.000549877 -0.00523502 0.999986 0.213734 0.0785856 -0.286399
FixedParameters: 0 0 0

#Transform 48
Transform: AffineTransform_float_3_3
Parameters: 1 0.000191359 7.95607e-05 -0.000192637 0.999967 0.00814198 -7.74341e-05 -0.00814201 0.999967 0.208807 -0.0647068 -0.430706
FixedParameters: 0 0 0

#Transform 49
Transform: AffineTransform_float_3_3
Parameters: 0.999999 0.00097296 -0.00113391 -0.00096704 0.999986 0.0052441 0.00113909 -0.00524389 0.999985 0.261782 -0.0976269 0.0044263
FixedParameters: 0 0 0

#Transform 50
Transform: AffineTransform_float_3_3
Parameters: 1 0.00109102 -0.000477164 -0.00108799 0.999979 0.00627452 0.000483837 -0.00627448 0.99998 0.0988513 -0.361656 0.416005
FixedParameters: 0 0 0

#Transform 51
Transform: AffineTransform_float_3_3
Parameters: 0.999999 0.000935273 0.000893037 -0.000941727 0.999979 0.00643416 -0.000886959 -0.00643483 0.999979 0.00390825 -0.345609 0.360393
FixedParameters: 0 0 0

#Transform 52
Transform: AffineTransform_float_3_3
Parameters: 0.999999 0.000961997 0.000947166 -0.000969002 0.999972 0.00742109 -0.000939835 -0.00742191 0.999972 -0.00747738 -0.348449 0.378392
FixedParameters: 0 0 0

#Transform 53
Transform: AffineTransform_float_3_3
Parameters: 1 0.000279739 0.00048706 -0.000285261 0.999941 0.0108359 -0.000483937 -0.0108361 0.999941 0.150741 -0.361242 -0.114475
FixedParameters: 0 0 0

#Transform 54
Transform: AffineTransform_float_3_3
Parameters: 0.999999 -0.000389697 0.000756599 0.000384306 0.99998 0.00619829 -0.000758397 -0.00619871 0.999981 0.0514215 -0.14635 0.0481339
FixedParameters: 0 0 0

#Transform 55
Transform: AffineTransform_float_3_3
Parameters: 1 -0.000551415 7.50124e-05 0.000550585 0.999985 0.00542004 -7.79853e-05 -0.00541996 0.999986 0.0953563 -0.072545 -0.00452381
FixedParameters: 0 0 0

#Transform 56
Transform: AffineTransform_float_3_3
Parameters: 0.999999 -0.000593629 -0.000640082 0.000598371 0.999977 0.00685062 0.000635915 -0.00685138 0.999977 0.163744 -0.110245 -0.12817
FixedParameters: 0 0 0

#Transform 57
Transform: AffineTransform_float_3_3
Parameters: 1 -0.000364238 -0.00111823 0.00037076 0.999981 0.00605259 0.00111578 -0.00605341 0.999981 0.163123 -0.0619517 -0.0818927
FixedParameters: 0 0 0

#Transform 58
Transform: AffineTransform_float_3_3
Parameters: 0.999999 -0.000739879 -0.000350512 0.000742118 0.999981 0.00608975 0.000345487 -0.00609026 0.999982 0.10378 -0.0810687 -0.0941076
FixedParameters: 0 0 0

#Transform 59
Transform: AffineTransform_float_3_3
Parameters: 1 -0.000759091 -0.000826535 0.000763911 0.999982 0.00595437 0.000822465 -0.00595563 0.999982 0.141688 -0.0654783 -0.0982274
FixedParameters: 0 0 0

#Transform 60
Transform: AffineTransform_float_3_3
Parameters: 1 -0.000951467 6.99168e-05 0.000950534 0.999979 0.00639507 -7.60803e-05 -0.00639493 0.99998 0.0900496 -0.0894482 -0.0837204
FixedParameters: 0 0 0

#Transform 61
Transform: AffineTransform_float_3_3
Parameters: 0.999998 -0.0015824 0.00042313 0.0015796 0.999983 0.00560968 -0.000432868 -0.00560932 0.999984 0.0801526 -0.0272945 -0.0538101
FixedParameters: 0 0 0

#Transform 62
Transform: AffineTransform_float_3_3
Parameters: 0.999998 -0.00161196 -1.20003e-05 0.00161204 0.999987 0.00496299 3.99948e-06 -0.00496301 0.999987 0.111868 0.00111687 -0.0647013
FixedParameters: 0 0 0

#Transform 63
Transform: AffineTransform_float_3_3
Parameters: 0.999998 -0.00163371 -8.85942e-05 0.00163429 0.999993 0.00342386 8.34045e-05 -0.00342414 0.999994 0.115097 0.0767794 -0.042849
FixedParameters: 0 0 0

#Transform 64
Transform: AffineTransform_float_3_3
Parameters: 0.999998 -0.00157604 0.000415346 0.00157396 0.999987 0.00485966 -0.000422654 -0.00485934 0.999988 0.133683 0.00357257 -0.0198973
FixedParameters: 0 0 0

#Transform 65
Transform: AffineTransform_float_3_3
Parameters: 1 -0.00104386 -3.53511e-05 0.00104414 0.999991 0.00416797 3.06483e-05 -0.00416803 0.999992 0.16199 -0.0432347 0.095371
FixedParameters: 0 0 0

#Transform 66
Transform: AffineTransform_float_3_3
Parameters: 0.999998 -0.00144923 0.000816291 0.00144677 0.999991 0.00394419 -0.000821711 -0.00394281 0.999992 0.0971156 0.00925721 0.0598709
FixedParameters: 0 0 0

#Transform 67
Transform: AffineTransform_float_3_3
Parameters: 0.999998 -0.00160051 0.00054163 0.00159848 0.999988 0.00460887 -0.000549372 -0.00460813 0.999989 0.105304 -0.03085 0.0506726
FixedParameters: 0 0 0

#Transform 68
Transform: AffineTransform_float_3_3
Parameters: 0.999998 -0.0016356 0.00111987 0.0016294 0.999987 0.00497984 -0.00112813 -0.00497717 0.999987 0.0723093 -0.0449233 0.0524817
FixedParameters: 0 0 0

#Transform 69
Transform: AffineTransform_float_3_3
Parameters: 0.999999 -0.0015337 0.000808013 0.0015293 0.999989 0.00456225 -0.000814985 -0.00456076 0.99999 0.089528 -0.0205963 0.0740508
FixedParameters: 0 0 0

#Transform 70
Transform: AffineTransform_float_3_3
Parameters: 1 -0.00104629 0.000414263 0.00104371 0.999985 0.00548944 -0.000419735 -0.00548857 0.999985 0.169042 -0.0422478 -0.017855
FixedParameters: 0 0 0

#Transform 71
Transform: AffineTransform_float_3_3
Parameters: 0.999997 -0.00161129 0.00143083 0.00160371 0.999986 0.00508231 -0.00143917 -0.00507969 0.999986 0.051231 -0.0344265 0.0508833
FixedParameters: 0 0 0

#Transform 72
Transform: AffineTransform_float_3_3
Parameters: 0.999999 -0.00165384 0.00081223 0.00165016 0.999987 0.00470434 -0.000819772 -0.00470365 0.999988 0.10788 -0.0167805 -0.00844266
FixedParameters: 0 0 0

#Transform 73
Transform: AffineTransform_float_3_3
Parameters: 0.999999 -0.00172859 0.000711346 0.00172442 0.999986 0.00501224 -0.000719651 -0.00501077 0.999987 0.0768114 -0.0389666 0.0149636
FixedParameters: 0 0 0

#Transform 74
Transform: AffineTransform_float_3_3
Parameters: 0.999997 -0.00193451 0.00112457 0.00192949 0.999986 0.00488019 -0.00113443 -0.00487782 0.999988 0.0614969 -0.0196917 -0.0168181
FixedParameters: 0 0 0

#Transform 75
Transform: AffineTransform_float_3_3
Parameters: 0.999997 -0.00178881 0.00115754 0.00178218 0.999981 0.00586208 -0.00116847 -0.00585993 0.999982 0.110012 -0.0309539 -0.107438
FixedParameters: 0 0 0

#Transform 76
Transform: AffineTransform_float_3_3
Parameters: 0.999999 -0.00124171 0.000714878 0.00123729 0.999978 0.00655389 -0.000723124 -0.00655311 0.999979 0.073577 -0.12334 -0.0341446
FixedParameters: 0 0 0

#Transform 77
Transform: AffineTransform_float_3_3
Parameters: 0.999998 -0.00146821 0.0012595 0.0014598 0.999978 0.00649185 -0.0012685 -0.00649015 0.999978 0.0363075 -0.108768 -0.027132
FixedParameters: 0 0 0

#Transform 78
Transform: AffineTransform_float_3_3
Parameters: 0.999998 -0.00159754 0.00100669 0.00159046 0.999978 0.00646961 -0.00101631 -0.00646738 0.999978 0.0447656 -0.104912 -0.0110568
FixedParameters: 0 0 0

#Transform 79
Transform: AffineTransform_float_3_3
Parameters: 0.999997 -0.00170544 0.00142779 0.00169555 0.999977 0.00659044 -0.0014392 -0.00658856 0.999978 0.0136454 -0.122304 -0.0084446
FixedParameters: 0 0 0

#Transform 80
Transform: AffineTransform_float_3_3
Parameters: 0.999997 -0.00170441 0.00143859 0.00169358 0.999968 0.00789746 -0.00145242 -0.00789555 0.999968 0.0928277 -0.167585 -0.0805327
FixedParameters: 0 0 0

#Transform 81
Transform: AffineTransform_float_3_3
Parameters: 1 -0.00109506 0.000368132 0.00109094 0.999941 0.0108574 -0.000379868 -0.0108576 0.999941 0.28615 -0.229073 -0.320438
FixedParameters: 0 0 0

#Transform 82
Transform: AffineTransform_float_3_3
Parameters: 0.999999 -0.00158523 0.000666021 0.00158177 0.999979 0.00630406 -0.000675984 -0.00630294 0.99998 0.0872026 -0.106872 0.00463022
FixedParameters: 0 0 0

#Transform 83
Transform: AffineTransform_float_3_3
Parameters: 0.999999 -0.00118693 0.000376891 0.00118407 0.99997 0.00768445 -0.00038611 -0.00768355 0.999971 0.167983 -0.115996 -0.112028
FixedParameters: 0 0 0

#Transform 84
Transform: AffineTransform_float_3_3
Parameters: 0.999998 -0.00143587 0.00083124 0.00142913 0.999966 0.0082102 -0.00084276 -0.0082088 0.999966 0.0774344 -0.190082 -0.0428191
FixedParameters: 0 0 0

#Transform 85
Transform: AffineTransform_float_3_3
Parameters: 0.999999 -0.00132941 0.000711321 0.00132159 0.999946 0.0103179 -0.000724674 -0.010317 0.999946 0.179413 -0.228709 -0.274487
FixedParameters: 0 0 0

#Transform 86
Transform: AffineTransform_float_3_3
Parameters: 0.999998 -0.00155208 0.000630223 0.00154592 0.999954 0.00953999 -0.000644775 -0.00953802 0.999955 0.141125 -0.210465 -0.136607
FixedParameters: 0 0 0

#Transform 87
Transform: AffineTransform_float_3_3
Parameters: 0.999999 -0.00141589 0.00106771 0.00140512 0.999947 0.0101325 -0.00108129 -0.0101305 0.999948 0.163362 -0.21382 -0.212812
FixedParameters: 0 0 0

#Transform 88
Transform: AffineTransform_float_3_3
Parameters: 1 -0.000562209 -0.000361956 0.000565791 0.999944 0.0105588 0.000356046 -0.0105592 0.999944 0.190604 -0.278119 -0.0533754
FixedParameters: 0 0 0

#Transform 89
Transform: AffineTransform_float_3_3
Parameters: 1 -0.000834357 0.000592144 0.000828645 0.999943 0.0106555 -0.000600864 -0.0106555 0.999943 0.182721 -0.251765 -0.128328
FixedParameters: 0 0 0

#Transform 90
Transform: AffineTransform_float_3_3
Parameters: 1 -0.000751046 0.000952626 0.000738949 0.99992 0.0125827 -0.000962375 -0.0125823 0.999921 0.175593 -0.341951 -0.161171
FixedParameters: 0 0 0

#Transform 91
Transform: AffineTransform_float_3_3
Parameters: 0.999999 -0.00125711 -0.000193893 0.0012579 0.999988 0.00468576 0.000188107 -0.00468624 0.999989 0.160065 -0.0938226 0.140744
FixedParameters: 0 0 0

#Transform 92
Transform: AffineTransform_float_3_3
Parameters: 0.999999 -0.00122068 0.000119227 0.00122032 0.999984 0.00555015 -0.000125775 -0.00554985 0.999984 0.102508 -0.177321 0.21836
FixedParameters: 0 0 0

#Transform 93
Transform: AffineTransform_float_3_3
Parameters: 0.999998 -0.00122616 0.00101259 0.00121984 0.999981 0.00605924 -0.00102041 -0.00605876 0.999981 0.0624565 -0.193244 0.179318
FixedParameters: 0 0 0

#Transform 94
Transform: AffineTransform_float_3_3
Parameters: 0.999999 -0.00156199 0.000724331 0.00155701 0.999976 0.00684214 -0.00073467 -0.00684087 0.999977 0.0766024 -0.210413 0.218693
FixedParameters: 0 0 0

#Transform 95
Transform: AffineTransform_float_3_3
Parameters: 0.999999 -0.00135282 0.000641931 0.00134818 0.999972 0.00745688 -0.000651071 -0.00745613 0.999972 0.0625865 -0.254048 0.194511
FixedParameters: 0 0 0

#Transform 96
Transform: AffineTransform_float_3_3
Parameters: 0.999998 -0.00156263 0.000520223 0.00155836 0.999975 0.00690482 -0.000531772 -0.00690418 0.999976 0.0794754 -0.214379 0.199293
FixedParameters: 0 0 0

#Transform 97
Transform: AffineTransform_float_3_3
Parameters: 0.999997 -0.00212067 8.91911e-05 0.00212033 0.999974 0.0069842 -0.000103811 -0.0069838 0.999975 0.132531 -0.204778 0.141771
FixedParameters: 0 0 0

#Transform 98
Transform: AffineTransform_float_3_3
Parameters: 0.999998 -0.00192932 0.000248617 0.00192768 0.999958 0.0090155 -0.000266388 -0.00901451 0.99996 0.131529 -0.254413 0.130647
FixedParameters: 0 0 0

#Transform 99
Transform: AffineTransform_float_3_3
Parameters: 0.999998 -0.0015229 0.000747104 0.00151509 0.999944 0.0104651 -0.000763896 -0.0104639 0.999945 0.105142 -0.362033 0.201267
FixedParameters: 0 0 0

#Transform 100
Transform: AffineTransform_float_3_3
Parameters: 0.999996 -0.00213166 0.00188974 0.00210934 0.999927 0.011915 -0.00191426 -0.011911 0.999927 0.0489059 -0.416399 0.182893
FixedParameters: 0 0 0

#Transform 101
Transform: AffineTransform_float_3_3
Parameters: 0.999995 -0.00249347 0.00154821 0.00247653 0.999935 0.0111859 -0.0015758 -0.0111821 0.999936 0.0812209 -0.375265 0.156966
FixedParameters: 0 0 0

#Transform 102
Transform: AffineTransform_float_3_3
Parameters: 0.999994 -0.00297977 0.00170869 0.00296123 0.999937 0.0108811 -0.00174132 -0.0108759 0.99994 0.0619783 -0.35244 0.130419
FixedParameters: 0 0 0

#Transform 103
Transform: AffineTransform_float_3_3
Parameters: 0.999994 -0.00260005 0.0023425 0.00257495 0.99994 0.0106321 -0.0023705 -0.0106259 0.99994 0.0222678 -0.328312 0.111529
FixedParameters: 0 0 0

#Transform 104
Transform: AffineTransform_float_3_3
Parameters: 0.999993 -0.00285079 0.00234012 0.00282621 0.99994 0.0105307 -0.00236988 -0.0105233 0.999942 0.0200139 -0.305894 0.130861
FixedParameters: 0 0 0

#Transform 105
Transform: AffineTransform_float_3_3
Parameters: 0.999993 -0.00297284 0.00219236 0.00295016 0.999942 0.0103485 -0.00222264 -0.0103425 0.999944 0.0669301 -0.273277 0.0548207
FixedParameters: 0 0 0

#Transform 106
Transform: AffineTransform_float_3_3
Parameters: 0.999994 -0.00259844 0.0022492 0.00257556 0.999943 0.0103639 -0.0022758 -0.0103571 0.999944 0.104884 -0.240383 0.0244087
FixedParameters: 0 0 0

#Transform 107
Transform: AffineTransform_float_3_3
Parameters: 0.999995 -0.00301031 0.00092996 0.00299669 0.999898 0.0139969 -0.000972035 -0.0139941 0.999901 0.306866 -0.448252 -0.107724
FixedParameters: 0 0 0

#Transform 108
Transform: AffineTransform_float_3_3
Parameters: 0.999994 -0.00212514 0.00245593 0.00209686 0.999933 0.0114042 -0.00248007 -0.0113988 0.999932 0.0249714 -0.321668 0.0770232
FixedParameters: 0 0 0

#Transform 109
Transform: AffineTransform_float_3_3
Parameters: 0.99999 -0.00205442 0.00393764 0.00200958 0.999932 0.011504 -0.00396137 -0.011496 0.999926 -0.080048 -0.310887 0.0486132
FixedParameters: 0 0 0

#Transform 110
Transform: AffineTransform_float_3_3
Parameters: 0.999991 -0.0027289 0.00326817 0.00269409 0.99994 0.0106369 -0.00329783 -0.0106281 0.999938 -0.0153474 -0.255609 0.0172214
FixedParameters: 0 0 0

#Transform 111
Transform: AffineTransform_float_3_3
Parameters: 0.999969 -0.00658163 0.00435667 0.00654437 0.999941 0.00859677 -0.00441233 -0.00856822 0.999953 0.0184463 -0.0839271 -0.0604632
FixedParameters: 0 0 0

#Transform 112
Transform: AffineTransform_float_3_3
Parameters: 0.999979 -0.00544931 0.00348427 0.00540969 0.999922 0.0111951 -0.00354473 -0.0111759 0.999932 0.0890055 -0.196157 -0.144163
FixedParameters: 0 0 0

#Transform 113
Transform: AffineTransform_float_3_3
Parameters: 0.99998 -0.00504546 0.00368997 0.00500753 0.999934 0.0103597 -0.00374203 -0.0103413 0.999939 0.0292568 -0.202936 -0.000759086
FixedParameters: 0 0 0

#Transform 114
Transform: AffineTransform_float_3_3
Parameters: 0.999969 -0.00583042 0.00517886 0.00577157 0.999918 0.0114162 -0.00524514 -0.0113858 0.999922 -0.0275733 -0.206863 -0.087575
FixedParameters: 0 0 0

#Transform 115
Transform: AffineTransform_float_3_3
Parameters: 0.99999 -0.00284002 0.00365825 0.00279597 0.999925 0.0119824 -0.00369275 -0.0119716 0.999921 0.0100471 -0.279608 -0.105959
FixedParameters: 0 0 0

#Transform 116
Transform: AffineTransform_float_3_3
Parameters: 0.999983 -0.00421273 0.0039971 0.00415827 0.999899 0.0136028 -0.0040539 -0.0135861 0.999899 0.0174503 -0.327595 -0.147978
FixedParameters: 0 0 0

#Transform 117
Transform: AffineTransform_float_3_3
Parameters: 0.999983 -0.0043969 0.0039933 0.0043411 0.999894 0.0139016 -0.0040537 -0.0138834 0.999896 0.0354953 -0.361706 -0.10892
FixedParameters: 0 0 0

#Transform 118
Transform: AffineTransform_float_3_3
Parameters: 0.999984 -0.00431048 0.0034894 0.00427451 0.999937 0.0103971 -0.0035346 -0.0103819 0.99994 0.0619964 -0.20387 -0.0561613
FixedParameters: 0 0 0

#Transform 119
Transform: AffineTransform_float_3_3
Parameters: 0.999986 -0.00430221 0.00330662 0.0042748 0.999955 0.00849126 -0.00334239 -0.00847775 0.999959 0.0330933 -0.168734 0.0164781
FixedParameters: 0 0 0

#Transform 120
Transform: AffineTransform_float_3_3
Parameters: 0.999986 -0.00494348 0.00214541 0.00493752 0.999984 0.00255363 -0.00215759 -0.00254337 0.999995 0.0914259 0.166847 0.0209894
FixedParameters: 0 0 0

#Transform 121
Transform: AffineTransform_float_3_3
Parameters: 0.999988 -0.00454602 0.00214269 0.00453399 0.999974 0.00558079 -0.00216732 -0.00557122 0.999982 0.108419 -0.00279988 0.0187605
FixedParameters: 0 0 0

#Transform 122
Transform: AffineTransform_float_3_3
Parameters: 0.999986 -0.0047364 0.00232184 0.00472159 0.99997 0.00617105 -0.00235116 -0.00615995 0.999979 0.105611 -0.0136857 -0.00742849
FixedParameters: 0 0 0

#Transform 123
Transform: AffineTransform_float_3_3
Parameters: 0.999984 -0.00512734 0.00267177 0.00511266 0.99997 0.00571675 -0.00270124 -0.00570324 0.99998 0.0850791 0.046699 -0.0146856
FixedParameters: 0 0 0

#Transform 124
Transform: AffineTransform_float_3_3
Parameters: 0.999976 -0.0063044 0.00279072 0.00628159 0.999945 0.00831672 -0.00284329 -0.00829927 0.999961 0.174067 -0.0254078 -0.0392109
FixedParameters: 0 0 0

#Transform 125
Transform: AffineTransform_float_3_3
Parameters: 0.999983 -0.00569313 0.00135301 0.00568187 0.999951 0.00808983 -0.00139899 -0.00808218 0.999967 0.276138 -0.00609542 0.110093
FixedParameters: 0 0 0

#Transform 126
Transform: AffineTransform_float_3_3
Parameters: 0.999987 -0.00492994 0.00134217 0.00492206 0.99997 0.00585568 -0.00137083 -0.00584832 0.999982 0.218511 0.0128642 0.0831417
FixedParameters: 0 0 0

#Transform 127
Transform: AffineTransform_float_3_3
Parameters: 0.999993 -0.00350045 0.000749488 0.00349655 0.999976 0.00586465 -0.000769515 -0.00586234 0.999982 0.174902 -0.0808191 0.222261
FixedParameters: 0 0 0

#Transform 128
Transform: AffineTransform_float_3_3
Parameters: 0.999991 -0.00407313 0.00134029 0.00405287 0.999884 0.0146986 -0.00139971 -0.0146924 0.999891 0.213317 -0.541276 0.378259
FixedParameters: 0 0 0

#Transform 129
Transform: AffineTransform_float_3_3
Parameters: 0.999985 -0.00517489 0.00172742 0.00515611 0.999929 0.0107651 -0.00178359 -0.0107559 0.999941 0.171305 -0.272619 0.240335
FixedParameters: 0 0 0

#Transform 130
Transform: AffineTransform_float_3_3
Parameters: 0.999988 -0.00472885 0.000488552 0.00471617 0.999711 0.0235976 -0.000599454 -0.0235955 0.999722 0.160164 -1.186 0.901103
FixedParameters: 0 0 0

#Transform 131
Transform: AffineTransform_float_3_3
Parameters: 0.999996 -0.00240827 -0.00190593 0.00246173 0.999585 0.0287094 0.00183608 -0.0287136 0.999586 0.331645 -1.95555 1.78746
FixedParameters: 0 0 0

#Transform 132
Transform: AffineTransform_float_3_3
Parameters: 0.999995 -0.00306133 0.000999203 0.00304567 0.999883 0.0149981 -0.00104479 -0.0149949 0.999887 0.121714 -0.888654 1.02908
FixedParameters: 0 0 0

#Transform 133
Transform: AffineTransform_float_3_3
Parameters: 0.999995 -0.00306359 0.00133844 0.0030454 0.999912 0.0129532 -0.00137856 -0.0129489 0.999915 0.099798 -0.69514 1.02214
FixedParameters: 0 0 0

#Transform 134
Transform: AffineTransform_float_3_3
Parameters: 0.999995 -0.00306325 0.00137725 0.00304575 0.999919 0.0123593 -0.00141475 -0.0123557 0.999922 0.0806485 -0.658542 1.03225
FixedParameters: 0 0 0

#Transform 135
Transform: AffineTransform_float_3_3
Parameters: 0.999994 -0.00306505 0.00158878 0.00304596 0.999925 0.0118559 -0.00162422 -0.0118511 0.999929 0.0532325 -0.613402 1.02684
FixedParameters: 0 0 0

#Transform 136
Transform: AffineTransform_float_3_3
Parameters: 0.999995 -0.00301543 0.00147807 0.00299458 0.999894 0.0142895 -0.00152094 -0.0142855 0.999897 0.106764 -0.666522 0.71693
FixedParameters: 0 0 0

#Transform 137
Transform: AffineTransform_float_3_3
Parameters: 0.999994 -0.00314843 0.00104135 0.00313356 0.999903 0.0135793 -0.00108465 -0.0135767 0.999907 0.204633 -0.505474 0.420831
FixedParameters: 0 0 0

#Transform 138
Transform: AffineTransform_float_3_3
Parameters: 0.999994 -0.00325293 0.00123324 0.00323607 0.999904 0.0134901 -0.00127676 -0.0134859 0.999908 0.138233 -0.550855 0.470536
FixedParameters: 0 0 0

#Transform 139
Transform: AffineTransform_float_3_3
Parameters: 0.999991 -0.00367259 0.00200835 0.0036444 0.999901 0.0135734 -0.00205864 -0.0135656 0.999906 0.0660106 -0.549517 0.465612
FixedParameters: 0 0 0

#Transform 140
Transform: AffineTransform_float_3_3
Parameters: 0.99999 -0.00382634 0.00197874 0.00380165 0.999912 0.0126576 -0.00202727 -0.0126504 0.999918 0.0880482 -0.454116 0.398031
FixedParameters: 0 0 0

#Transform 141
Transform: AffineTransform_float_3_3
Parameters: 0.99999 -0.0038621 0.00220069 0.00383291 0.999907 0.0130796 -0.00225031 -0.0130704 0.999912 0.0639724 -0.508377 0.423088
FixedParameters: 0 0 0

#Transform 142
Transform: AffineTransform_float_3_3
Parameters: 0.999989 -0.00400914 0.00219868 0.00397987 0.999907 0.0131009 -0.00225031 -0.0130921 0.999912 0.100498 -0.469587 0.341717
FixedParameters: 0 0 0

#Transform 143
Transform: AffineTransform_float_3_3
Parameters: 0.999987 -0.00456072 0.002268 0.00453528 0.999927 0.0112194 -0.00231901 -0.0112096 0.999934 0.0915239 -0.363152 0.369949
FixedParameters: 0 0 0

#Transform 144
Transform: AffineTransform_float_3_3
Parameters: 0.999987 -0.00456333 0.0023027 0.00453467 0.999916 0.0121616 -0.0023583 -0.0121514 0.999924 0.1206 -0.381624 0.305787
FixedParameters: 0 0 0

#Transform 145
Transform: AffineTransform_float_3_3
Parameters: 0.999985 -0.00487318 0.00256665 0.00484181 0.999916 0.0120186 -0.00262535 -0.0120064 0.999925 0.100578 -0.384142 0.324631
FixedParameters: 0 0 0

#Transform 146
Transform: AffineTransform_float_3_3
Parameters: 0.999986 -0.00455751 0.00259443 0.00452549 0.999918 0.0120219 -0.00264957 -0.0120101 0.999925 0.0886686 -0.394072 0.396251
FixedParameters: 0 0 0

#Transform 147
Transform: AffineTransform_float_3_3
Parameters: 0.999986 -0.00468632 0.00253655 0.00465766 0.999923 0.011447 -0.00259046 -0.011435 0.999932 0.1014 -0.37553 0.377729
FixedParameters: 0 0 0

#Transform 148
Transform: AffineTransform_float_3_3
Parameters: 0.999987 -0.00444193 0.0027218 0.00440707 0.999909 0.0127072 -0.0027782 -0.0126958 0.999915 0.0875389 -0.424975 0.398261
FixedParameters: 0 0 0

#Transform 149
Transform: AffineTransform_float_3_3
Parameters: 0.999987 -0.00453812 0.00222864 0.00450988 0.999912 0.0124632 -0.00228536 -0.0124528 0.99992 0.120368 -0.434228 0.364644
FixedParameters: 0 0 0

#Transform 150
Transform: AffineTransform_float_3_3
Parameters: 0.999986 -0.00428497 0.00309475 0.00424603 0.999913 0.0124903 -0.00314826 -0.0124777 0.999917 0.0409624 -0.433587 0.392738
FixedParameters: 0 0 0

#Transform 151
Transform: AffineTransform_float_3_3
Parameters: 0.999986 -0.00465861 0.00255778 0.00462938 0.999923 0.011465 -0.00261122 -0.011453 0.999931 0.0917553 -0.337089 0.388373
FixedParameters: 0 0 0

#Transform 152
Transform: AffineTransform_float_3_3
Parameters: 0.999984 -0.00499155 0.00265896 0.00495845 0.99991 0.0124774 -0.00272105 -0.0124646 0.999918 0.0929947 -0.416196 0.364692
FixedParameters: 0 0 0

#Transform 153
Transform: AffineTransform_float_3_3
Parameters: 0.999983 -0.0049929 0.00279146 0.00495809 0.999911 0.012374 -0.00285353 -0.01236 0.999919 0.0671492 -0.421639 0.392699
FixedParameters: 0 0 0

#Transform 154
Transform: AffineTransform_float_3_3
Parameters: 0.999983 -0.00499353 0.00294048 0.00495847 0.999916 0.0119698 -0.00299953 -0.0119552 0.999924 0.0967287 -0.377465 0.393287
FixedParameters: 0 0 0

#Transform 155
Transform: AffineTransform_float_3_3
Parameters: 0.999983 -0.0049944 0.00278879 0.0049586 0.999905 0.012909 -0.00285321 -0.012895 0.999913 0.106344 -0.434096 0.363303
FixedParameters: 0 0 0

#Transform 156
Transform: AffineTransform_float_3_3
Parameters: 0.999984 -0.00499176 0.00261966 0.00495825 0.999907 0.0127392 -0.00268235 -0.0127258 0.999916 0.115527 -0.415188 0.410558
FixedParameters: 0 0 0

#Transform 157
Transform: AffineTransform_float_3_3
Parameters: 0.999985 -0.00499116 0.00249781 0.00495784 0.999902 0.0131096 -0.00256319 -0.0130974 0.999911 0.114361 -0.445773 0.424953
FixedParameters: 0 0 0

#Transform 158
Transform: AffineTransform_float_3_3
Parameters: 0.999987 -0.00462829 0.00238024 0.0045957 0.999899 0.0133971 -0.00244276 -0.0133859 0.999908 0.131449 -0.454832 0.34229
FixedParameters: 0 0 0

#Transform 159
Transform: AffineTransform_float_3_3
Parameters: 0.999985 -0.00483189 0.00266338 0.00479012 0.999868 0.015515 -0.00273762 -0.015502 0.999876 0.138315 -0.554473 0.407027
FixedParameters: 0 0 0

#Transform 160
Transform: AffineTransform_float_3_3
Parameters: 0.999993 -0.00358751 -0.00116066 0.00360848 0.999812 0.019077 0.00109136 -0.0190801 0.999818 0.327402 -1.01148 1.04568
FixedParameters: 0 0 0

#Transform 161
Transform: AffineTransform_float_3_3
Parameters: 0.999991 -0.00364303 0.00213703 0.00360897 0.99987 0.0157159 -0.00219397 -0.0157072 0.999874 0.0910919 -0.786639 0.944877
FixedParameters: 0 0 0

#Transform 162
Transform: AffineTransform_float_3_3
Parameters: 0.99999 -0.00364966 0.00266213 0.00360934 0.999879 0.0151228 -0.00271688 -0.0151132 0.999882 0.0472494 -0.705642 0.873054
FixedParameters: 0 0 0

#Transform 163
Transform: AffineTransform_float_3_3
Parameters: 0.999987 -0.0036666 0.00371198 0.0036094 0.999875 0.0154066 -0.00376804 -0.0153934 0.999875 -0.0372877 -0.695643 0.812772
FixedParameters: 0 0 0

#Transform 164
Transform: AffineTransform_float_3_3
Parameters: 0.999986 -0.0039415 0.00353466 0.00389251 0.999899 0.0136239 -0.00358734 -0.01361 0.999901 -0.0164515 -0.619262 0.834801
FixedParameters: 0 0 0

#Transform 165
Transform: AffineTransform_float_3_3
Parameters: 0.999989 -0.00400981 0.00243911 0.00398919 0.999956 0.00847882 -0.00247289 -0.00846918 0.999961 0.0296239 -0.30806 0.550407
FixedParameters: 0 0 0

#Transform 166
Transform: AffineTransform_float_3_3
Parameters: 0.999989 -0.00404076 0.0024459 0.00402324 0.999966 0.00722192 -0.0024751 -0.00721208 0.999971 -0.000649926 -0.249422 0.522308
FixedParameters: 0 0 0

#Transform 167
Transform: AffineTransform_float_3_3
Parameters: 0.999989 -0.00407635 0.00205173 0.00406264 0.999967 0.0069504 -0.00208027 -0.00694159 0.999973 0.0627339 -0.208915 0.433159
FixedParameters: 0 0 0

#Transform 168
Transform: AffineTransform_float_3_3
Parameters: 0.999989 -0.00410944 0.00235829 0.00409456 0.999971 0.00651573 -0.00238471 -0.00650628 0.999976 0.0432747 -0.174228 0.489037
FixedParameters: 0 0 0

#Transform 169
Transform: AffineTransform_float_3_3
Parameters: 0.999985 -0.00481359 0.00235133 0.00479741 0.999964 0.00701238 -0.00238467 -0.00700062 0.999972 0.0673033 -0.201606 0.411379
FixedParameters: 0 0 0

#Transform 170
Transform: AffineTransform_float_3_3
Parameters: 0.999992 -0.00396449 -0.000253016 0.00396951 0.999763 0.0214292 0.00016797 -0.0214309 0.999771 0.419091 -1.23958 1.09524
FixedParameters: 0 0 0

#Transform 171
Transform: AffineTransform_float_3_3
Parameters: 0.999995 -0.0030949 -0.000471888 0.0031011 0.999904 0.0135196 0.000430114 -0.0135204 0.999909 0.387927 -0.454055 0.466854
FixedParameters: 0 0 0

#Transform 172
Transform: AffineTransform_float_3_3
Parameters: 0.999992 -0.0036749 0.0011056 0.00366509 0.999955 0.00883112 -0.0011384 -0.00882689 0.999961 0.166981 -0.224652 0.278145
FixedParameters: 0 0 0

#Transform 173
Transform: AffineTransform_float_3_3
Parameters: 0.99999 -0.00413303 0.0015782 0.00411797 0.999948 0.00940859 -0.0016178 -0.0094014 0.999954 0.13152 -0.264443 0.301307
FixedParameters: 0 0 0

#Transform 174
Transform: AffineTransform_float_3_3
Parameters: 0.999989 -0.00413893 0.00215529 0.00411808 0.999945 0.00962399 -0.00219472 -0.00961503 0.999952 0.0952034 -0.272778 0.312832
FixedParameters: 0 0 0

#Transform 175
Transform: AffineTransform_float_3_3
Parameters: 0.999988 -0.00422667 0.00215297 0.00420533 0.999942 0.00997417 -0.00219503 -0.00996484 0.999948 0.095155 -0.264628 0.303563
FixedParameters: 0 0 0

#Transform 176
Transform: AffineTransform_float_3_3
Parameters: 0.999989 -0.00413871 0.00215571 0.00411829 0.999946 0.00952199 -0.0021953 -0.00951302 0.999953 0.0840247 -0.231625 0.315966
FixedParameters: 0 0 0

#Transform 177
Transform: AffineTransform_float_3_3
Parameters: 0.999989 -0.00419709 0.00203511 0.00417892 0.999953 0.00881161 -0.00207189 -0.0088034 0.999959 0.0898408 -0.234115 0.341491
FixedParameters: 0 0 0

#Transform 178
Transform: AffineTransform_float_3_3
Parameters: 0.999992 -0.00373332 0.00100128 0.00372268 0.999942 0.0101188 -0.00103872 -0.0101152 0.999949 0.205242 -0.302451 0.368685
FixedParameters: 0 0 0

#Transform 179
Transform: AffineTransform_float_3_3
Parameters: 0.999995 -0.00336541 0.000197547 0.0033636 0.999933 0.0111327 -0.000234457 -0.0111313 0.999938 0.345506 -0.216912 0.0858169
FixedParameters: 0 0 0
