# transform file /out/sourcedata/freesurfer/sub-v2s8x29221_ses-1/mri/transforms/cc_up.lta
# created by oesteban on Sat Mar 14 03:11:42 2026

type      = 0 # LINEAR_VOX_TO_VOX
nxforms   = 1
mean      = 129.0000 138.0000 131.0000
sigma     = 10000.0000
1 4 4
9.924185276031494e-01 -9.753478318452835e-02 -7.478401064872742e-02 2.297798728942871e+01 
9.725903719663620e-02 9.952322840690613e-01 -7.328984793275595e-03 -3.872051000595093e+00 
7.514227926731110e-02 -4.656613428188905e-10 9.971728920936584e-01 -3.191353082656860e+00 
0.000000000000000e+00 0.000000000000000e+00 0.000000000000000e+00 1.000000000000000e+00 
src volume info
valid = 1  # volume info valid
filename = /out/sourcedata/freesurfer/sub-v2s8x29221_ses-1/mri/norm.mgz
volume = 256 256 256
voxelsize = 1.000000000000000e+00 1.000000000000000e+00 1.000000000000000e+00
xras   = -1.000000000000000e+00 0.000000000000000e+00 0.000000000000000e+00
yras   = 0.000000000000000e+00 0.000000000000000e+00 -1.000000000000000e+00
zras   = 0.000000000000000e+00 1.000000000000000e+00 0.000000000000000e+00
cras   = 7.894035339355469e+00 1.000000000000000e+00 2.771072387695312e-01
dst volume info
valid = 1  # volume info valid
filename = /out/sourcedata/freesurfer/sub-v2s8x29221_ses-1/mri/norm.mgz
volume = 256 256 256
voxelsize = 1.000000000000000e+00 1.000000000000000e+00 1.000000000000000e+00
xras   = -1.000000000000000e+00 0.000000000000000e+00 0.000000000000000e+00
yras   = 0.000000000000000e+00 0.000000000000000e+00 -1.000000000000000e+00
zras   = 0.000000000000000e+00 1.000000000000000e+00 0.000000000000000e+00
cras   = 7.894035339355469e+00 1.000000000000000e+00 2.771072387695312e-01
