#Insight Transform File V1.0
#Transform 0
Transform: AffineTransform_float_3_3
Parameters: 1 6.59406e-05 0.000483008 -6.60594e-05 1 0.000122968 -0.000482992 -0.000123032 1 0.0735513 -0.0749122 -0.331755
FixedParameters: 0 0 0

#Transform 1
Transform: AffineTransform_float_3_3
Parameters: 1 0.000170375 0.000366291 -0.000171625 0.999998 0.00170794 -0.000365707 -0.00170806 0.999998 -0.0530613 0.0123009 -0.120767
FixedParameters: 0 0 0

#Transform 2
Transform: AffineTransform_float_3_3
Parameters: 0.999999 0.000301292 0.00079127 -0.000301707 0.999999 0.000893761 -0.00079073 -0.000894238 1 -0.0825256 0.0715233 -0.140104
FixedParameters: 0 0 0

#Transform 3
Transform: AffineTransform_float_3_3
Parameters: 0.999999 0.000323616 0.00078757 -0.000324385 0.999999 0.00175775 -0.000787431 -0.00175826 0.999998 -0.0775149 0.0537993 -0.146959
FixedParameters: 0 0 0

#Transform 4
Transform: AffineTransform_float_3_3
Parameters: 1 0.000386535 0.000361498 -0.000386464 0.999999 0.00128686 -0.000360503 -0.00128714 0.999999 -0.0541617 0.0816884 -0.189229
FixedParameters: 0 0 0

#Transform 5
Transform: AffineTransform_float_3_3
Parameters: 0.999999 0.00025439 0.000680228 -0.000254609 0.999999 0.000895827 -0.000679772 -0.000896173 1 -0.059307 0.0980694 -0.229108
FixedParameters: 0 0 0

#Transform 6
Transform: AffineTransform_float_3_3
Parameters: 0.999999 0.000183264 0.000868156 -0.000184736 0.999999 0.00084784 -0.000867844 -0.000848159 1 -0.0822207 0.104063 -0.242105
FixedParameters: 0 0 0

#Transform 7
Transform: AffineTransform_float_3_3
Parameters: 0.999999 0.000208398 0.0012381 -0.000208601 1 0.000485742 -0.0012379 -0.000486258 0.999999 -0.103786 0.122037 -0.231557
FixedParameters: 0 0 0

#Transform 8
Transform: AffineTransform_float_3_3
Parameters: 1 0.000636253 0.000870547 -0.000636747 1 0.000858447 -0.000869454 -0.000859554 1 -0.105231 0.0961608 -0.241947
FixedParameters: 0 0 0

#Transform 9
Transform: AffineTransform_float_3_3
Parameters: 1 0.000386591 0.00108515 -0.00038641 1 0.000377581 -0.00108486 -0.00037742 1 -0.11441 0.133764 -0.220643
FixedParameters: 0 0 0

#Transform 10
Transform: AffineTransform_float_3_3
Parameters: 0.999999 0.000386697 0.000804146 -0.000387304 1 0.000377688 -0.000803853 -0.000377311 0.999999 -0.086657 0.121412 -0.216494
FixedParameters: 0 0 0

#Transform 11
Transform: AffineTransform_float_3_3
Parameters: 0.999999 0.000302422 0.000804218 -0.000303578 0.999999 0.000718756 -0.000804782 -0.000719244 1 -0.0967257 0.115181 -0.203953
FixedParameters: 0 0 0

#Transform 12
Transform: AffineTransform_float_3_3
Parameters: 0.999999 5.44718e-05 0.00105003 -5.45281e-05 1 0.000502943 -0.00104997 -0.000503058 1 -0.0999471 0.124683 -0.252556
FixedParameters: 0 0 0

#Transform 13
Transform: AffineTransform_float_3_3
Parameters: 1 -0.00011057 0.00117495 0.00011043 1 0.00048513 -0.00117505 -0.00048487 0.999999 -0.0987142 0.126537 -0.259063
FixedParameters: 0 0 0

#Transform 14
Transform: AffineTransform_float_3_3
Parameters: 0.999999 -0.000121341 0.00129597 0.00012066 1 0.000262157 -0.00129603 -0.000262843 0.999999 -0.102991 0.135483 -0.257284
FixedParameters: 0 0 0

#Transform 15
Transform: AffineTransform_float_3_3
Parameters: 0.999999 -0.000143484 0.00127995 0.000143516 1 0.000378184 -0.00128005 -0.000377817 0.999999 -0.106647 0.130753 -0.246624
FixedParameters: 0 0 0

#Transform 16
Transform: AffineTransform_float_3_3
Parameters: 1 8.5532e-06 0.001182 -8.44679e-06 1 0.00037799 -0.001182 -0.00037801 0.999999 -0.105326 0.145868 -0.189486
FixedParameters: 0 0 0

#Transform 17
Transform: AffineTransform_float_3_3
Parameters: 0.999999 -0.000242037 0.000803988 0.000241963 1 4.61945e-05 -0.000804011 -4.58054e-05 0.999999 -0.0922689 0.148547 -0.201137
FixedParameters: 0 0 0

#Transform 18
Transform: AffineTransform_float_3_3
Parameters: 0.999999 -5.33457e-05 0.000803977 5.36542e-05 1 0.000430043 -0.000804023 -0.000429957 0.999999 -0.0888779 0.13662 -0.213886
FixedParameters: 0 0 0

#Transform 19
Transform: AffineTransform_float_3_3
Parameters: 0.999999 -5.341e-05 0.000803972 5.35907e-05 1 0.000509043 -0.000804027 -0.000509957 0.999999 -0.0789506 0.137964 -0.208441
FixedParameters: 0 0 0

#Transform 20
Transform: AffineTransform_float_3_3
Parameters: 0.999999 -5.42017e-05 0.00179097 5.27981e-05 1 0.000671096 -0.00179104 -0.000670904 0.999998 -0.15871 0.138762 -0.169317
FixedParameters: 0 0 0

#Transform 21
Transform: AffineTransform_float_3_3
Parameters: 0.999999 -0.000192878 0.00124102 0.000192122 1 -9.77617e-05 -0.00124098 9.82395e-05 0.999999 -0.0914178 0.154853 -0.196674
FixedParameters: 0 0 0

#Transform 22
Transform: AffineTransform_float_3_3
Parameters: 0.999999 -0.00028705 0.000803982 0.00028795 1 6.22315e-05 -0.000804017 -6.17692e-05 0.999999 -0.0586621 0.146044 -0.181362
FixedParameters: 0 0 0

#Transform 23
Transform: AffineTransform_float_3_3
Parameters: 0.999999 2.645e-05 0.00143601 -2.655e-05 1 0.000382962 -0.00143599 -0.000383038 0.999999 -0.112832 0.135255 -0.209796
FixedParameters: 0 0 0

#Transform 24
Transform: AffineTransform_float_3_3
Parameters: 0.999999 -0.000425579 0.0012008 0.000425421 1 0.000482511 -0.00120121 -0.000481489 0.999999 -0.118021 0.144375 -0.223849
FixedParameters: 0 0 0

#Transform 25
Transform: AffineTransform_float_3_3
Parameters: 0.999999 -3.12034e-05 0.000803992 3.17974e-05 1 0.000252026 -0.000804008 -0.000252975 0.999999 -0.102606 0.155825 -0.221022
FixedParameters: 0 0 0

#Transform 26
Transform: AffineTransform_float_3_3
Parameters: 0.999999 -0.000311071 0.00125098 0.000310928 1 5.7389e-05 -0.00125102 -5.66109e-05 0.999999 -0.120239 0.162174 -0.229166
FixedParameters: 0 0 0

#Transform 27
Transform: AffineTransform_float_3_3
Parameters: 0.999999 -0.000284223 0.00124595 0.000283777 1 0.000179354 -0.00124605 -0.000178646 0.999999 -0.119941 0.157381 -0.215351
FixedParameters: 0 0 0

#Transform 28
Transform: AffineTransform_float_3_3
Parameters: 1 0.000106061 0.00105699 -0.000105939 1 -5.8112e-05 -0.00105701 5.7888e-05 1 -0.109514 0.16921 -0.184051
FixedParameters: 0 0 0

#Transform 29
Transform: AffineTransform_float_3_3
Parameters: 1 -0.000297331 0.00118392 0.000297668 1 0.000280353 -0.00118408 -0.000279648 1 -0.11589 0.167716 -0.190953
FixedParameters: 0 0 0

#Transform 30
Transform: AffineTransform_float_3_3
Parameters: 0.999999 -7.88587e-05 0.00142601 7.91425e-05 1 -9.98872e-05 -0.00142599 9.91126e-05 0.999999 -0.133105 0.169001 -0.201136
FixedParameters: 0 0 0

#Transform 31
Transform: AffineTransform_float_3_3
Parameters: 1 -0.00024289 0.00115302 0.000243109 1 -9.47198e-05 -0.00115298 9.52801e-05 1 -0.121166 0.16855 -0.253045
FixedParameters: 0 0 0

#Transform 32
Transform: AffineTransform_float_3_3
Parameters: 0.999999 -0.000349293 0.00147293 0.000348706 1 0.000199514 -0.00147307 -0.000198486 0.999999 -0.137514 0.164729 -0.250783
FixedParameters: 0 0 0

#Transform 33
Transform: AffineTransform_float_3_3
Parameters: 0.999998 -0.000299364 0.00158212 0.000299635 1 -0.000401526 -0.00158188 0.000402474 0.999998 -0.136767 0.188649 -0.260624
FixedParameters: 0 0 0

#Transform 34
Transform: AffineTransform_float_3_3
Parameters: 0.999998 -0.000478083 0.00158197 0.000477917 1 5.27561e-05 -0.00158202 -5.22437e-05 0.999998 -0.113816 0.162463 -0.264421
FixedParameters: 0 0 0

#Transform 35
Transform: AffineTransform_float_3_3
Parameters: 0.999999 -0.000713374 0.00158228 0.000713626 0.999999 -0.000394871 -0.00158172 0.000396129 0.999998 -0.0935191 0.182739 -0.279308
FixedParameters: 0 0 0

#Transform 36
Transform: AffineTransform_float_3_3
Parameters: 0.999999 -0.00075461 0.00158219 0.00075439 0.999999 -0.000245807 -0.00158181 0.000247194 0.999998 -0.108604 0.168912 -0.293493
FixedParameters: 0 0 0

#Transform 37
Transform: AffineTransform_float_3_3
Parameters: 0.999999 -0.000836832 0.00167059 0.000838171 1 -0.000699602 -0.00167041 0.0007004 0.999999 -0.0970601 0.206426 -0.310859
FixedParameters: 0 0 0

#Transform 38
Transform: AffineTransform_float_3_3
Parameters: 0.999999 -0.000989245 0.00158247 0.000989755 1 -0.000476435 -0.00158153 0.000478565 0.999998 -0.0931931 0.193587 -0.302546
FixedParameters: 0 0 0

#Transform 39
Transform: AffineTransform_float_3_3
Parameters: 0.999999 -0.000979433 0.00158235 0.000980569 1 -0.000358449 -0.00158165 0.00035955 0.999998 -0.0932142 0.203514 -0.28326
FixedParameters: 0 0 0

#Transform 40
Transform: AffineTransform_float_3_3
Parameters: 0.999999 -0.000958245 0.00158246 0.000959756 1 -0.000476482 -0.00158154 0.000478516 0.999998 -0.100609 0.203952 -0.28045
FixedParameters: 0 0 0

#Transform 41
Transform: AffineTransform_float_3_3
Parameters: 0.999999 -0.00093187 0.00158267 0.000933132 1 -0.000714524 -0.00158133 0.000715475 0.999998 -0.104903 0.216848 -0.277557
FixedParameters: 0 0 0

#Transform 42
Transform: AffineTransform_float_3_3
Parameters: 0.999998 -0.00106337 0.00158242 0.00106363 1 -0.000398318 -0.00158158 0.000399683 0.999998 -0.107212 0.189531 -0.312978
FixedParameters: 0 0 0

#Transform 43
Transform: AffineTransform_float_3_3
Parameters: 0.999998 -0.0011799 0.00158282 0.0011811 0.999999 -0.000692132 -0.00158218 0.000693868 0.999998 -0.10589 0.223259 -0.321653
FixedParameters: 0 0 0

#Transform 44
Transform: AffineTransform_float_3_3
Parameters: 0.999999 -0.000980751 0.00158278 0.00098125 0.999999 -0.000788449 -0.00158223 0.000790554 0.999999 -0.110348 0.208786 -0.321845
FixedParameters: 0 0 0

#Transform 45
Transform: AffineTransform_float_3_3
Parameters: 0.999998 -0.000843372 0.00173179 0.00084463 0.999999 -0.000940539 -0.00173121 0.000941462 0.999998 -0.118642 0.219698 -0.298484
FixedParameters: 0 0 0

#Transform 46
Transform: AffineTransform_float_3_3
Parameters: 0.999998 -0.00100499 0.0016792 0.00100701 0.999999 -0.00119531 -0.0016778 0.00119669 0.999998 -0.112859 0.22114 -0.32178
FixedParameters: 0 0 0

#Transform 47
Transform: AffineTransform_float_3_3
Parameters: 0.999997 -0.00111997 0.00183624 0.00112202 0.999999 -0.00110194 -0.00183476 0.00110406 0.999997 -0.117395 0.232652 -0.320859
FixedParameters: 0 0 0

#Transform 48
Transform: AffineTransform_float_3_3
Parameters: 0.999998 -0.00108508 0.00154435 0.00108692 0.999998 -0.00124332 -0.00154265 0.00124568 0.999998 -0.0995471 0.227732 -0.331559
FixedParameters: 0 0 0

#Transform 49
Transform: AffineTransform_float_3_3
Parameters: 0.999997 -0.00122819 0.00173728 0.00122981 0.999998 -0.00104287 -0.00173672 0.00104514 0.999998 -0.103735 0.237245 -0.354464
FixedParameters: 0 0 0

#Transform 50
Transform: AffineTransform_float_3_3
Parameters: 0.999997 -0.00115941 0.00212641 0.00116259 0.999998 -0.00121753 -0.00212458 0.00122047 0.999997 -0.128387 0.244717 -0.337033
FixedParameters: 0 0 0

#Transform 51
Transform: AffineTransform_float_3_3
Parameters: 0.999998 -0.00116056 0.00156407 0.00116244 0.999999 -0.000920184 -0.00156293 0.000921816 0.999999 -0.11433 0.232566 -0.331881
FixedParameters: 0 0 0

#Transform 52
Transform: AffineTransform_float_3_3
Parameters: 0.999997 -0.00106434 0.0018915 0.00106666 0.999999 -0.00140799 -0.0018895 0.00141002 0.999997 -0.132323 0.246426 -0.315844
FixedParameters: 0 0 0

#Transform 53
Transform: AffineTransform_float_3_3
Parameters: 0.999997 -0.00115897 0.00185889 0.00116203 0.999998 -0.00163184 -0.0018571 0.00163416 0.999997 -0.133006 0.248983 -0.319063
FixedParameters: 0 0 0

#Transform 54
Transform: AffineTransform_float_3_3
Parameters: 0.999998 -0.00116009 0.00166533 0.00116291 0.999998 -0.00114707 -0.00166367 0.00114893 0.999998 -0.121294 0.241818 -0.306123
FixedParameters: 0 0 0

#Transform 55
Transform: AffineTransform_float_3_3
Parameters: 0.999998 -0.00092087 0.00182707 0.00092313 0.999999 -0.00116532 -0.00182592 0.00116668 0.999997 -0.131562 0.243819 -0.319976
FixedParameters: 0 0 0

#Transform 56
Transform: AffineTransform_float_3_3
Parameters: 0.999998 -0.000936057 0.00172006 0.000937943 0.999999 -0.00112939 -0.00171894 0.00113061 0.999998 -0.123651 0.242212 -0.304179
FixedParameters: 0 0 0

#Transform 57
Transform: AffineTransform_float_3_3
Parameters: 0.999998 -0.00109359 0.00167457 0.00109641 0.999999 -0.00143817 -0.00167242 0.00143983 0.999997 -0.112046 0.251796 -0.324697
FixedParameters: 0 0 0

#Transform 58
Transform: AffineTransform_float_3_3
Parameters: 0.999998 -0.00123138 0.00189071 0.00123462 0.999999 -0.00138467 -0.00188929 0.00138633 0.999998 -0.107709 0.250968 -0.323386
FixedParameters: 0 0 0

#Transform 59
Transform: AffineTransform_float_3_3
Parameters: 0.999997 -0.00140917 0.00192508 0.00141183 0.999998 -0.00147129 -0.00192292 0.00147471 0.999997 -0.108369 0.243623 -0.360864
FixedParameters: 0 0 0

#Transform 60
Transform: AffineTransform_float_3_3
Parameters: 0.999998 -0.00130616 0.001856 0.00130884 0.999998 -0.00152857 -0.001854 0.00153043 0.999997 -0.114104 0.248579 -0.36627
FixedParameters: 0 0 0

#Transform 61
Transform: AffineTransform_float_3_3
Parameters: 0.999997 -0.00112935 0.00209597 0.00113265 0.999998 -0.00174063 -0.00209403 0.00174337 0.999997 -0.153136 0.266041 -0.362499
FixedParameters: 0 0 0

#Transform 62
Transform: AffineTransform_float_3_3
Parameters: 0.999998 -0.00106929 0.0017107 0.00107271 0.999998 -0.00158317 -0.0017083 0.00158583 0.999998 -0.115785 0.26707 -0.386907
FixedParameters: 0 0 0

#Transform 63
Transform: AffineTransform_float_3_3
Parameters: 0.999998 -0.00105468 0.00198977 0.00105732 0.999998 -0.0016699 -0.00198824 0.0016721 0.999996 -0.12696 0.263566 -0.366642
FixedParameters: 0 0 0

#Transform 64
Transform: AffineTransform_float_3_3
Parameters: 0.999997 -0.00103343 0.00195689 0.00103657 0.999998 -0.00182498 -0.00195511 0.00182703 0.999997 -0.137362 0.269877 -0.311005
FixedParameters: 0 0 0

#Transform 65
Transform: AffineTransform_float_3_3
Parameters: 0.999997 -0.00109066 0.0019159 0.00109334 0.999998 -0.00174091 -0.0019141 0.00174309 0.999996 -0.139704 0.263767 -0.321455
FixedParameters: 0 0 0

#Transform 66
Transform: AffineTransform_float_3_3
Parameters: 0.999997 -0.00104305 0.00190762 0.00104595 0.999999 -0.00154801 -0.00190638 0.00154999 0.999997 -0.144587 0.248555 -0.29674
FixedParameters: 0 0 0

#Transform 67
Transform: AffineTransform_float_3_3
Parameters: 0.999998 -0.00134594 0.00190816 0.00134906 0.999998 -0.00160443 -0.00190584 0.00160757 0.999997 -0.118838 0.259252 -0.311941
FixedParameters: 0 0 0

#Transform 68
Transform: AffineTransform_float_3_3
Parameters: 0.999997 -0.00140368 0.00190845 0.00140632 0.999997 -0.00174032 -0.00190655 0.00174368 0.999996 -0.119709 0.264378 -0.260672
FixedParameters: 0 0 0

#Transform 69
Transform: AffineTransform_float_3_3
Parameters: 0.999998 -0.00131618 0.00182304 0.00131982 0.999998 -0.0015466 -0.00182096 0.0015484 0.999997 -0.112553 0.257025 -0.277535
FixedParameters: 0 0 0

#Transform 70
Transform: AffineTransform_float_3_3
Parameters: 0.999997 -0.00143722 0.00159651 0.00143978 0.999997 -0.0017407 -0.00159349 0.00174329 0.999997 -0.101849 0.269401 -0.306487
FixedParameters: 0 0 0

#Transform 71
Transform: AffineTransform_float_3_3
Parameters: 0.999998 -0.00120835 0.00196026 0.00121165 0.999997 -0.00186263 -0.00195775 0.00186537 0.999997 -0.118422 0.286314 -0.336518
FixedParameters: 0 0 0

#Transform 72
Transform: AffineTransform_float_3_3
Parameters: 0.999997 -0.0010488 0.00218554 0.0010522 0.999999 -0.0014637 -0.00218446 0.0014663 0.999996 -0.148761 0.243645 -0.300215
FixedParameters: 0 0 0

#Transform 73
Transform: AffineTransform_float_3_3
Parameters: 0.999998 -0.00104862 0.00204573 0.00105238 0.999998 -0.00164985 -0.00204427 0.00165215 0.999996 -0.135195 0.262617 -0.260381
FixedParameters: 0 0 0

#Transform 74
Transform: AffineTransform_float_3_3
Parameters: 0.999998 -0.00104843 0.00201486 0.00105257 0.999998 -0.00177288 -0.00201314 0.00177512 0.999997 -0.144477 0.260105 -0.285244
FixedParameters: 0 0 0

#Transform 75
Transform: AffineTransform_float_3_3
Parameters: 0.999997 -0.00107062 0.0021202 0.00107338 0.999999 -0.00112173 -0.0021188 0.00112427 0.999997 -0.166515 0.232334 -0.294992
FixedParameters: 0 0 0

#Transform 76
Transform: AffineTransform_float_3_3
Parameters: 0.999998 -0.000959962 0.00213537 0.000963039 0.999998 -0.00142295 -0.00213363 0.00142405 0.999996 -0.17436 0.243934 -0.295261
FixedParameters: 0 0 0

#Transform 77
Transform: AffineTransform_float_3_3
Parameters: 0.999997 -0.000990337 0.00217422 0.000992664 0.999999 -0.00122484 -0.00217279 0.00122615 0.999997 -0.182929 0.232779 -0.313907
FixedParameters: 0 0 0

#Transform 78
Transform: AffineTransform_float_3_3
Parameters: 0.999996 -0.0010111 0.00242921 0.0010139 0.999999 -0.00119454 -0.00242779 0.00119646 0.999997 -0.189077 0.244307 -0.277599
FixedParameters: 0 0 0

#Transform 79
Transform: AffineTransform_float_3_3
Parameters: 0.999998 -0.00103384 0.00207308 0.00103616 0.999999 -0.00104285 -0.00207192 0.00104515 0.999998 -0.176592 0.238018 -0.242698
FixedParameters: 0 0 0

#Transform 80
Transform: AffineTransform_float_3_3
Parameters: 0.999997 -0.000932788 0.00220194 0.000935213 0.999999 -0.00100394 -0.00220106 0.00100606 0.999997 -0.184058 0.227032 -0.274722
FixedParameters: 0 0 0

#Transform 81
Transform: AffineTransform_float_3_3
Parameters: 0.999996 -0.00100735 0.00242952 0.00101065 0.999999 -0.00150255 -0.00242748 0.00150445 0.999996 -0.181279 0.256766 -0.274079
FixedParameters: 0 0 0

#Transform 82
Transform: AffineTransform_float_3_3
Parameters: 0.999997 -0.00115168 0.00242958 0.00115532 0.999999 -0.0013642 -0.00242842 0.0013678 0.999996 -0.184385 0.255267 -0.29018
FixedParameters: 0 0 0

#Transform 83
Transform: AffineTransform_float_3_3
Parameters: 0.999997 -0.00137643 0.00225957 0.00137857 0.999999 -0.00113689 -0.00225743 0.00113911 0.999997 -0.166772 0.239895 -0.286828
FixedParameters: 0 0 0

#Transform 84
Transform: AffineTransform_float_3_3
Parameters: 0.999996 -0.00177554 0.00226793 0.00177846 0.999998 -0.00108397 -0.00226607 0.00108803 0.999997 -0.142879 0.235677 -0.282788
FixedParameters: 0 0 0

#Transform 85
Transform: AffineTransform_float_3_3
Parameters: 0.999996 -0.0015029 0.00219344 0.0015051 0.999999 -0.000955703 -0.00219256 0.000959299 0.999997 -0.142995 0.231848 -0.253754
FixedParameters: 0 0 0

#Transform 86
Transform: AffineTransform_float_3_3
Parameters: 0.999996 -0.00147934 0.00242963 0.00148167 0.999999 -0.00109541 -0.00242838 0.0010986 0.999997 -0.162491 0.237636 -0.258732
FixedParameters: 0 0 0

#Transform 87
Transform: AffineTransform_float_3_3
Parameters: 0.999996 -0.00136258 0.00237739 0.00136442 0.999999 -0.00101676 -0.00237561 0.00102024 0.999996 -0.156608 0.235043 -0.240255
FixedParameters: 0 0 0

#Transform 88
Transform: AffineTransform_float_3_3
Parameters: 0.999995 -0.00166244 0.00243043 0.00166655 0.999997 -0.00146096 -0.00242756 0.00146504 0.999996 -0.15845 0.26691 -0.23754
FixedParameters: 0 0 0

#Transform 89
Transform: AffineTransform_float_3_3
Parameters: 0.999996 -0.00147771 0.00242939 0.00148029 0.999998 -0.000941407 -0.0024276 0.00094559 0.999996 -0.169211 0.231501 -0.255551
FixedParameters: 0 0 0

#Transform 90
Transform: AffineTransform_float_3_3
Parameters: 0.999996 -0.00136168 0.00220405 0.00136532 0.999998 -0.001505 -0.00220195 0.001508 0.999997 -0.14965 0.254992 -0.238868
FixedParameters: 0 0 0

#Transform 91
Transform: AffineTransform_float_3_3
Parameters: 0.999996 -0.00136132 0.00243007 0.00136468 0.999998 -0.00151369 -0.00242793 0.00151731 0.999996 -0.170334 0.252166 -0.222065
FixedParameters: 0 0 0

#Transform 92
Transform: AffineTransform_float_3_3
Parameters: 0.999996 -0.00145653 0.00242948 0.00145947 0.999999 -0.00101646 -0.00242751 0.00101954 0.999996 -0.164355 0.23021 -0.254939
FixedParameters: 0 0 0

#Transform 93
Transform: AffineTransform_float_3_3
Parameters: 0.999995 -0.00175724 0.00243072 0.00176076 0.999998 -0.00154473 -0.00242828 0.00154827 0.999996 -0.171914 0.23672 -0.237709
FixedParameters: 0 0 0

#Transform 94
Transform: AffineTransform_float_3_3
Parameters: 0.999996 -0.00169277 0.0024952 0.00169623 0.999997 -0.00129277 -0.00249381 0.00129723 0.999996 -0.179897 0.246227 -0.250277
FixedParameters: 0 0 0

#Transform 95
Transform: AffineTransform_float_3_3
Parameters: 0.999996 -0.00160594 0.00234141 0.00160806 0.999999 -0.000877239 -0.00233959 0.000881761 0.999997 -0.17303 0.228028 -0.231203
FixedParameters: 0 0 0

#Transform 96
Transform: AffineTransform_float_3_3
Parameters: 0.999995 -0.00169249 0.00242975 0.00169551 0.999998 -0.00103288 -0.00242824 0.00103711 0.999996 -0.172428 0.228859 -0.219332
FixedParameters: 0 0 0

#Transform 97
Transform: AffineTransform_float_3_3
Parameters: 0.999996 -0.00174428 0.00195197 0.00174172 0.999998 0.0011684 -0.00195403 -0.0011646 0.999998 -0.00104703 0.143295 -0.122147
FixedParameters: 0 0 0

#Transform 98
Transform: AffineTransform_float_3_3
Parameters: 0.999988 -0.00300902 0.00368491 0.00300398 0.999995 0.00136609 -0.00368909 -0.00135492 0.999993 -0.122343 0.193034 -0.272283
FixedParameters: 0 0 0

#Transform 99
Transform: AffineTransform_float_3_3
Parameters: 0.99999 -0.0034026 0.00309085 0.00339641 0.999992 0.00181352 -0.00309715 -0.00180348 0.999993 -0.0220308 0.201524 -0.208462
FixedParameters: 0 0 0

#Transform 100
Transform: AffineTransform_float_3_3
Parameters: 0.999991 -0.00340501 0.00231264 0.00339999 0.999992 0.00216688 -0.00232036 -0.00215912 0.999995 -0.0314714 0.170831 -0.199481
FixedParameters: 0 0 0

#Transform 101
Transform: AffineTransform_float_3_3
Parameters: 0.99999 -0.00317993 0.00311398 0.00317507 0.999993 0.0015859 -0.00311902 -0.0015761 0.999994 -0.0968696 0.173561 -0.11827
FixedParameters: 0 0 0

#Transform 102
Transform: AffineTransform_float_3_3
Parameters: 0.99999 -0.00332358 0.00280659 0.00331842 0.999993 0.00163433 -0.00281141 -0.00162567 0.999994 -0.0524761 0.190538 -0.163784
FixedParameters: 0 0 0

#Transform 103
Transform: AffineTransform_float_3_3
Parameters: 0.999991 -0.00294331 0.00297473 0.00294069 0.999995 0.00111676 -0.00297727 -0.00110825 0.999995 -0.0783951 0.235107 -0.245052
FixedParameters: 0 0 0

#Transform 104
Transform: AffineTransform_float_3_3
Parameters: 0.99999 -0.00329773 0.0027844 0.00329227 0.999993 0.00170318 -0.00278959 -0.00169382 0.999994 -0.0801942 0.187767 -0.180644
FixedParameters: 0 0 0

#Transform 105
Transform: AffineTransform_float_3_3
Parameters: 0.999982 -0.00401967 0.00435385 0.00401333 0.999991 0.0015395 -0.00436015 -0.0015225 0.99999 -0.102975 0.165054 -0.0411698
FixedParameters: 0 0 0

#Transform 106
Transform: AffineTransform_float_3_3
Parameters: 0.999982 -0.00514999 0.00327317 0.00514501 0.999985 0.00152987 -0.00328084 -0.00151313 0.999994 0.034355 0.142515 0.0084414
FixedParameters: 0 0 0

#Transform 107
Transform: AffineTransform_float_3_3
Parameters: 0.999979 -0.00454488 0.00462627 0.00453712 0.999988 0.00171303 -0.00463473 -0.00169197 0.999988 -0.0967745 0.106742 0.0529602
FixedParameters: 0 0 0

#Transform 108
Transform: AffineTransform_float_3_3
Parameters: 0.999989 -0.00364801 0.00316924 0.00364399 0.999992 0.00158557 -0.00317576 -0.00157443 0.999993 -0.0778534 0.123083 0.00303896
FixedParameters: 0 0 0

#Transform 109
Transform: AffineTransform_float_3_3
Parameters: 0.99999 -0.00282407 0.00329165 0.00281892 0.999995 0.00154529 -0.00329535 -0.00153571 0.999994 -0.09904 0.154243 0.00120014
FixedParameters: 0 0 0

#Transform 110
Transform: AffineTransform_float_3_3
Parameters: 0.99999 -0.0028812 0.00327643 0.0028758 0.999994 0.00159044 -0.00328156 -0.00158056 0.999994 -0.114128 0.15208 -0.00957508
FixedParameters: 0 0 0

#Transform 111
Transform: AffineTransform_float_3_3
Parameters: 0.99999 -0.00292769 0.00352746 0.00292131 0.999994 0.00189932 -0.00353354 -0.00188867 0.999992 -0.108068 0.121854 -0.0385538
FixedParameters: 0 0 0

#Transform 112
Transform: AffineTransform_float_3_3
Parameters: 0.99999 -0.00311842 0.00301941 0.00311257 0.999993 0.00179941 -0.00302559 -0.00178958 0.999994 -0.0884218 0.15368 -0.0437989
FixedParameters: 0 0 0

#Transform 113
Transform: AffineTransform_float_3_3
Parameters: 0.999989 -0.00344323 0.00300702 0.00343777 0.999992 0.00174335 -0.00301298 -0.00173364 0.999994 -0.07675 0.140921 -0.0500911
FixedParameters: 0 0 0

#Transform 114
Transform: AffineTransform_float_3_3
Parameters: 0.999989 -0.00337941 0.00324738 0.00337359 0.999993 0.00167097 -0.00325262 -0.00166003 0.999994 -0.116317 0.131665 0.00326492
FixedParameters: 0 0 0

#Transform 115
Transform: AffineTransform_float_3_3
Parameters: 0.999989 -0.0033966 0.00304387 0.0033914 0.999993 0.00151534 -0.00304913 -0.00150566 0.999994 -0.105958 0.120178 0.00440612
FixedParameters: 0 0 0

#Transform 116
Transform: AffineTransform_float_3_3
Parameters: 0.99999 -0.00352535 0.0029989 0.00352166 0.999992 0.00145258 -0.0030041 -0.00144243 0.999995 -0.0878501 0.133381 -0.0212411
FixedParameters: 0 0 0

#Transform 117
Transform: AffineTransform_float_3_3
Parameters: 0.999988 -0.0035884 0.00310423 0.0035856 0.999994 0.000777139 -0.00310677 -0.00076586 0.999995 -0.119239 0.167914 0.00597785
FixedParameters: 0 0 0

#Transform 118
Transform: AffineTransform_float_3_3
Parameters: 0.999989 -0.00363618 0.00296109 0.00363281 0.999993 0.00108077 -0.00296491 -0.00106923 0.999995 -0.0965315 0.148182 -0.015723
FixedParameters: 0 0 0

#Transform 119
Transform: AffineTransform_float_3_3
Parameters: 0.999988 -0.00353257 0.00332228 0.00352944 0.999994 0.000777735 -0.00332572 -0.000765261 0.999994 -0.142199 0.154848 0.0381206
FixedParameters: 0 0 0

#Transform 120
Transform: AffineTransform_float_3_3
Parameters: 0.999988 -0.0036121 0.00337261 0.0036079 0.999992 0.00122018 -0.00337738 -0.00120781 0.999993 -0.132626 0.113662 0.053584
FixedParameters: 0 0 0

#Transform 121
Transform: AffineTransform_float_3_3
Parameters: 0.999986 -0.00377119 0.00353133 0.00376381 0.999991 0.00204132 -0.00353867 -0.00202868 0.999991 -0.146258 0.0844001 0.0945519
FixedParameters: 0 0 0

#Transform 122
Transform: AffineTransform_float_3_3
Parameters: 0.999985 -0.00407469 0.0035044 0.00406831 0.999991 0.00162928 -0.0035106 -0.00161472 0.999993 -0.120081 0.0652495 0.0941989
FixedParameters: 0 0 0

#Transform 123
Transform: AffineTransform_float_3_3
Parameters: 0.999988 -0.0035918 0.00335208 0.00359021 0.999994 0.000541042 -0.00335392 -0.00052896 0.999994 -0.135897 0.141239 0.0829252
FixedParameters: 0 0 0

#Transform 124
Transform: AffineTransform_float_3_3
Parameters: 0.999987 -0.00386072 0.00347867 0.00385429 0.999991 0.00164743 -0.00348433 -0.00163457 0.999992 -0.0636403 0.0866903 0.124678
FixedParameters: 0 0 0

#Transform 125
Transform: AffineTransform_float_3_3
Parameters: 0.999989 -0.00385973 0.002601 0.00385427 0.999991 0.00182004 -0.002608 -0.00180995 0.999995 -0.0048969 0.0984136 0.112337
FixedParameters: 0 0 0

#Transform 126
Transform: AffineTransform_float_3_3
Parameters: 0.999989 -0.00385849 0.00286231 0.00385451 0.999992 0.00122305 -0.0028677 -0.00121195 0.999995 -0.0821071 0.122382 0.102765
FixedParameters: 0 0 0

#Transform 127
Transform: AffineTransform_float_3_3
Parameters: 0.999988 -0.00358364 0.00348919 0.00357736 0.999992 0.00190751 -0.00349581 -0.0018945 0.999992 -0.170866 0.103417 0.140891
FixedParameters: 0 0 0

#Transform 128
Transform: AffineTransform_float_3_3
Parameters: 0.999989 -0.00371538 0.00309395 0.00371263 0.999993 0.0010955 -0.00309805 -0.0010845 0.999994 -0.12402 0.138957 0.0683148
FixedParameters: 0 0 0

#Transform 129
Transform: AffineTransform_float_3_3
Parameters: 0.999987 -0.00369807 0.00370494 0.00369594 0.999993 0.000563701 -0.00370706 -0.000550299 0.999993 -0.180542 0.147717 0.107265
FixedParameters: 0 0 0

#Transform 130
Transform: AffineTransform_float_3_3
Parameters: 0.999985 -0.0039782 0.00395378 0.0039738 0.999991 0.00106873 -0.00395822 -0.00105327 0.999991 -0.131216 0.118214 0.120876
FixedParameters: 0 0 0

#Transform 131
Transform: AffineTransform_float_3_3
Parameters: 0.999986 -0.00403664 0.00340187 0.00403336 0.999991 0.000781731 -0.00340413 -0.000768269 0.999994 -0.135599 0.116076 0.0997922
FixedParameters: 0 0 0

#Transform 132
Transform: AffineTransform_float_3_3
Parameters: 0.999986 -0.0039655 0.00347429 0.0039635 0.999992 0.000437776 -0.0034767 -0.000423219 0.999994 -0.154632 0.164333 0.0465628
FixedParameters: 0 0 0

#Transform 133
Transform: AffineTransform_float_3_3
Parameters: 0.999986 -0.00386502 0.00376492 0.00386298 0.999993 0.000544552 -0.00376607 -0.000529452 0.999993 -0.167002 0.153657 0.0658569
FixedParameters: 0 0 0

#Transform 134
Transform: AffineTransform_float_3_3
Parameters: 0.999984 -0.00404773 0.0038061 0.00404427 0.999991 0.000724404 -0.0038089 -0.000709594 0.999993 -0.146392 0.14229 0.0763352
FixedParameters: 0 0 0

#Transform 135
Transform: AffineTransform_float_3_3
Parameters: 0.999987 -0.00399545 0.0032102 0.00399455 0.999992 0.000457829 -0.0032128 -0.000445169 0.999994 -0.109852 0.156604 0.0724313
FixedParameters: 0 0 0

#Transform 136
Transform: AffineTransform_float_3_3
Parameters: 0.999987 -0.00396396 0.00339772 0.00396204 0.999992 0.00058247 -0.00339928 -0.000568533 0.999994 -0.142712 0.1479 0.0738142
FixedParameters: 0 0 0

#Transform 137
Transform: AffineTransform_float_3_3
Parameters: 0.999987 -0.0038747 0.00352104 0.0038713 0.999992 0.000772642 -0.00352397 -0.000759357 0.999994 -0.157094 0.134153 0.104176
FixedParameters: 0 0 0

#Transform 138
Transform: AffineTransform_float_3_3
Parameters: 0.999987 -0.00366386 0.00352103 0.00366014 0.999993 0.000817898 -0.00352397 -0.000805099 0.999994 -0.171199 0.1587 0.104271
FixedParameters: 0 0 0

#Transform 139
Transform: AffineTransform_float_3_3
Parameters: 0.999987 -0.00354944 0.00345847 0.00354556 0.999993 0.00100027 -0.00346152 -0.000987725 0.999993 -0.141202 0.158954 0.115886
FixedParameters: 0 0 0

#Transform 140
Transform: AffineTransform_float_3_3
Parameters: 0.999985 -0.0039908 0.00379501 0.00398719 0.999991 0.00100915 -0.003799 -0.000993854 0.999993 -0.166787 0.13835 0.136918
FixedParameters: 0 0 0

#Transform 141
Transform: AffineTransform_float_3_3
Parameters: 0.999985 -0.00395413 0.00379478 0.00395187 0.999992 0.000569005 -0.00379722 -0.000553993 0.999992 -0.191749 0.154021 0.0871095
FixedParameters: 0 0 0

#Transform 142
Transform: AffineTransform_float_3_3
Parameters: 0.999987 -0.00398911 0.00319236 0.00398789 0.999992 0.000667739 -0.00319564 -0.00065526 0.999994 -0.111148 0.15343 0.0761546
FixedParameters: 0 0 0

#Transform 143
Transform: AffineTransform_float_3_3
Parameters: 0.999986 -0.00378098 0.00352188 0.00377902 0.999992 0.000567316 -0.00352412 -0.000554682 0.999993 -0.176921 0.148264 0.103567
FixedParameters: 0 0 0

#Transform 144
Transform: AffineTransform_float_3_3
Parameters: 0.999987 -0.00388445 0.00308591 0.00388154 0.999992 0.000800988 -0.00308909 -0.00078901 0.999995 -0.12744 0.132419 0.0672444
FixedParameters: 0 0 0

#Transform 145
Transform: AffineTransform_float_3_3
Parameters: 0.999987 -0.00369098 0.00353393 0.00368902 0.999993 0.000567044 -0.00353507 -0.000553959 0.999993 -0.153558 0.175699 0.0452693
FixedParameters: 0 0 0

#Transform 146
Transform: AffineTransform_float_3_3
Parameters: 0.999985 -0.00402481 0.00372396 0.00402219 0.999991 0.000761989 -0.00372703 -0.00074701 0.999993 -0.152553 0.151956 0.0566206
FixedParameters: 0 0 0

#Transform 147
Transform: AffineTransform_float_3_3
Parameters: 0.999984 -0.00400722 0.00395275 0.00400478 0.999992 0.000569839 -0.00395525 -0.000554159 0.999992 -0.165312 0.146706 0.0895586
FixedParameters: 0 0 0

#Transform 148
Transform: AffineTransform_float_3_3
Parameters: 0.999981 -0.00432493 0.00442321 0.00431907 0.99999 0.00135013 -0.00442879 -0.00133087 0.99999 -0.18396 0.121626 0.0737666
FixedParameters: 0 0 0

#Transform 149
Transform: AffineTransform_float_3_3
Parameters: 0.99998 -0.00450646 0.00459761 0.00450254 0.999989 0.000762717 -0.00460039 -0.000742284 0.999989 -0.15623 0.12829 0.073073
FixedParameters: 0 0 0

#Transform 150
Transform: AffineTransform_float_3_3
Parameters: 0.999983 -0.00426934 0.0041536 0.00426666 0.99999 0.000571732 -0.00415541 -0.000554269 0.999991 -0.168144 0.148192 0.0703354
FixedParameters: 0 0 0

#Transform 151
Transform: AffineTransform_float_3_3
Parameters: 0.999983 -0.00416056 0.00394435 0.00415844 0.999992 0.000404409 -0.00394665 -0.000388586 0.999992 -0.162506 0.161056 0.0688896
FixedParameters: 0 0 0

#Transform 152
Transform: AffineTransform_float_3_3
Parameters: 0.999984 -0.00416107 0.00368066 0.00415893 0.999991 0.000569317 -0.00368334 -0.000554682 0.999993 -0.142715 0.167753 0.0622478
FixedParameters: 0 0 0

#Transform 153
Transform: AffineTransform_float_3_3
Parameters: 0.999985 -0.00416109 0.00371466 0.00415892 0.999991 0.000569458 -0.00371634 -0.000554545 0.999993 -0.137674 0.155382 0.0791786
FixedParameters: 0 0 0

#Transform 154
Transform: AffineTransform_float_3_3
Parameters: 0.999982 -0.00416229 0.00436887 0.00415871 0.999991 0.000761183 -0.00437213 -0.000742816 0.99999 -0.181627 0.153255 0.0725122
FixedParameters: 0 0 0

#Transform 155
Transform: AffineTransform_float_3_3
Parameters: 0.999984 -0.00457797 0.00351314 0.00457504 0.999989 0.000852087 -0.00351687 -0.000835914 0.999994 -0.152237 0.124174 0.0887874
FixedParameters: 0 0 0

#Transform 156
Transform: AffineTransform_float_3_3
Parameters: 0.999983 -0.00462698 0.0035144 0.00462502 0.999989 0.000570264 -0.0035176 -0.000554733 0.999993 -0.0794863 0.135142 0.0670378
FixedParameters: 0 0 0

#Transform 157
Transform: AffineTransform_float_3_3
Parameters: 0.999985 -0.00416098 0.00351466 0.00415903 0.999991 0.000568626 -0.00351734 -0.000554373 0.999993 -0.138412 0.14543 0.0672211
FixedParameters: 0 0 0

#Transform 158
Transform: AffineTransform_float_3_3
Parameters: 0.999984 -0.00416277 0.00383992 0.00415923 0.999991 0.000988987 -0.00384408 -0.000973014 0.999992 -0.156845 0.156029 0.0646243
FixedParameters: 0 0 0

#Transform 159
Transform: AffineTransform_float_3_3
Parameters: 0.999982 -0.00416358 0.00415942 0.00415842 0.99999 0.00110832 -0.00416358 -0.00109168 0.99999 -0.197753 0.13375 0.0652597
FixedParameters: 0 0 0

#Transform 160
Transform: AffineTransform_float_3_3
Parameters: 0.999983 -0.00416311 0.00404678 0.00415889 0.999991 0.00102285 -0.00405122 -0.00100615 0.999992 -0.173611 0.154608 0.0828447
FixedParameters: 0 0 0

#Transform 161
Transform: AffineTransform_float_3_3
Parameters: 0.999983 -0.00429528 0.00393943 0.00429173 0.999991 0.000839921 -0.00394257 -0.00082308 0.999992 -0.146147 0.161268 0.0633716
FixedParameters: 0 0 0

#Transform 162
Transform: AffineTransform_float_3_3
Parameters: 0.99998 -0.00416489 0.0046277 0.0041591 0.99999 0.00128327 -0.0046333 -0.00126373 0.999989 -0.20233 0.151374 0.122153
FixedParameters: 0 0 0

#Transform 163
Transform: AffineTransform_float_3_3
Parameters: 0.999984 -0.00416359 0.00383802 0.00415841 0.99999 0.00120398 -0.00384298 -0.00118802 0.999992 -0.162323 0.164444 0.0939699
FixedParameters: 0 0 0

#Transform 164
Transform: AffineTransform_float_3_3
Parameters: 0.999983 -0.00416431 0.00407358 0.00415869 0.99999 0.00131096 -0.00407942 -0.00129403 0.999991 -0.16579 0.142103 0.112873
FixedParameters: 0 0 0

#Transform 165
Transform: AffineTransform_float_3_3
Parameters: 0.999981 -0.00447963 0.00425499 0.00447238 0.999989 0.00180007 -0.00426302 -0.00178094 0.99999 -0.164228 0.12086 0.0972434
FixedParameters: 0 0 0

#Transform 166
Transform: AffineTransform_float_3_3
Parameters: 0.999977 -0.00474101 0.0048612 0.004733 0.999988 0.00165705 -0.00486879 -0.00163396 0.999987 -0.217752 0.112082 0.175418
FixedParameters: 0 0 0

#Transform 167
Transform: AffineTransform_float_3_3
Parameters: 0.999976 -0.00506216 0.0048715 0.00505284 0.999986 0.00189166 -0.0048805 -0.00186634 0.999987 -0.199488 0.0880598 0.140526
FixedParameters: 0 0 0

#Transform 168
Transform: AffineTransform_float_3_3
Parameters: 0.99998 -0.00473934 0.00415978 0.00473365 0.999987 0.00153472 -0.00416622 -0.00151428 0.99999 -0.156164 0.117019 0.130334
FixedParameters: 0 0 0

#Transform 169
Transform: AffineTransform_float_3_3
Parameters: 0.999977 -0.00497296 0.00461737 0.00496404 0.999986 0.00194996 -0.00462763 -0.00192703 0.999987 -0.15434 0.0957074 0.157351
FixedParameters: 0 0 0

#Transform 170
Transform: AffineTransform_float_3_3
Parameters: 0.999978 -0.00502699 0.00448618 0.00502001 0.999986 0.00156756 -0.00449382 -0.00154444 0.999988 -0.149252 0.116672 0.152815
FixedParameters: 0 0 0

#Transform 171
Transform: AffineTransform_float_3_3
Parameters: 0.999979 -0.00483508 0.00446835 0.00482792 0.999987 0.00159361 -0.00447564 -0.00157139 0.999988 -0.164652 0.111305 0.148887
FixedParameters: 0 0 0

#Transform 172
Transform: AffineTransform_float_3_3
Parameters: 0.999979 -0.00461881 0.00440077 0.00461019 0.999988 0.00200933 -0.00441022 -0.00198867 0.999989 -0.161064 0.100214 0.162157
FixedParameters: 0 0 0

#Transform 173
Transform: AffineTransform_float_3_3
Parameters: 0.999976 -0.00510226 0.00480402 0.00508975 0.999984 0.00255951 -0.00481699 -0.00253548 0.999985 -0.156121 0.0689342 0.18601
FixedParameters: 0 0 0

#Transform 174
Transform: AffineTransform_float_3_3
Parameters: 0.999975 -0.00535412 0.0047643 0.00534088 0.999982 0.00276252 -0.0047787 -0.00273648 0.999985 -0.126795 0.0388702 0.171254
FixedParameters: 0 0 0

#Transform 175
Transform: AffineTransform_float_3_3
Parameters: 0.999973 -0.00526804 0.00509956 0.00525496 0.999983 0.00256787 -0.00511343 -0.00254013 0.999983 -0.128373 0.0547695 0.229113
FixedParameters: 0 0 0

#Transform 176
Transform: AffineTransform_float_3_3
Parameters: 0.999966 -0.00602869 0.0057506 0.00601332 0.999978 0.00274067 -0.0057674 -0.00270632 0.999979 -0.130474 0.0401692 0.240539
FixedParameters: 0 0 0

#Transform 177
Transform: AffineTransform_float_3_3
Parameters: 0.999965 -0.00597972 0.00574448 0.00595828 0.999975 0.00379036 -0.00576653 -0.00375665 0.999977 -0.118527 0.00677698 0.282512
FixedParameters: 0 0 0

#Transform 178
Transform: AffineTransform_float_3_3
Parameters: 0.999963 -0.00639669 0.00574959 0.00638131 0.999976 0.00274279 -0.00576741 -0.00270621 0.999979 -0.0858476 0.0637744 0.257147
FixedParameters: 0 0 0

#Transform 179
Transform: AffineTransform_float_3_3
Parameters: 0.999969 -0.00623254 0.00495101 0.00621846 0.999977 0.00274487 -0.00496799 -0.00271412 0.999984 -0.0530523 0.0723875 0.225515
FixedParameters: 0 0 0
