#Insight Transform File V1.0
#Transform 0
Transform: AffineTransform_float_3_3
Parameters: 0.999999 -0.000515625 -0.000681527 0.000515374 1 -0.000917352 0.000682473 0.000916649 1 0.0202401 0.045112 0.329871
FixedParameters: 0 0 0

#Transform 1
Transform: AffineTransform_float_3_3
Parameters: 0.999999 0.000396003 0.00136929 -0.000396996 0.999999 0.000727457 -0.00136871 -0.000728542 0.999999 -0.0726621 0.0601374 -0.0449676
FixedParameters: 0 0 0

#Transform 2
Transform: AffineTransform_float_3_3
Parameters: 1 0.000186597 0.00108605 -0.000181398 0.999986 -0.0051512 -0.00108795 0.0051508 0.999986 -0.0590315 0.301305 0.0112361
FixedParameters: 0 0 0

#Transform 3
Transform: AffineTransform_float_3_3
Parameters: 0.999999 0.000203272 0.00140567 -0.000200729 0.999998 -0.00161628 -0.00140533 0.00161571 0.999997 -0.0425188 0.104335 0.173721
FixedParameters: 0 0 0

#Transform 4
Transform: AffineTransform_float_3_3
Parameters: 0.999999 0.000158065 0.000783986 -0.000157935 1 -8.31238e-05 -0.000784013 8.28761e-05 0.999999 -0.0245207 0.00293318 0.316169
FixedParameters: 0 0 0

#Transform 5
Transform: AffineTransform_float_3_3
Parameters: 1 0.000244181 0.000394888 -0.000243819 1 -0.000459096 -0.000395112 0.000458903 1 0.00403156 0.0595693 0.259033
FixedParameters: 0 0 0

#Transform 6
Transform: AffineTransform_float_3_3
Parameters: 1 7.05277e-06 -0.000122997 -6.94723e-06 1 0.000429001 0.000123003 -0.000428999 1 0.0451952 0.0969216 0.166634
FixedParameters: 0 0 0

#Transform 7
Transform: AffineTransform_float_3_3
Parameters: 0.999998 0.000601901 -0.00149104 -0.000602099 1 -6.61023e-05 0.00149096 6.68975e-05 0.999999 0.0852687 0.0836112 0.144102
FixedParameters: 0 0 0

#Transform 8
Transform: AffineTransform_float_3_3
Parameters: 0.999996 -0.000290261 -0.00254697 0.000290739 1 -0.000102741 0.00254703 0.000102261 0.999997 0.13021 0.0995379 0.108329
FixedParameters: 0 0 0

#Transform 9
Transform: AffineTransform_float_3_3
Parameters: 0.999996 0.000386157 -0.0030106 -0.000382843 1 0.00104916 0.0030114 -0.00104784 0.999995 0.140333 0.0614097 0.169714
FixedParameters: 0 0 0

#Transform 10
Transform: AffineTransform_float_3_3
Parameters: 0.999997 0.000199074 -0.00212099 -0.000198927 1 3.4422e-05 0.00212101 -3.45778e-05 0.999998 0.0888769 0.0806504 0.246261
FixedParameters: 0 0 0

#Transform 11
Transform: AffineTransform_float_3_3
Parameters: 0.999993 -0.000641397 -0.00351656 0.000638601 0.999999 -0.000683249 0.00351643 0.000680748 0.999993 0.139902 0.106907 0.230782
FixedParameters: 0 0 0

#Transform 12
Transform: AffineTransform_float_3_3
Parameters: 0.999997 -0.00022405 -0.00217179 0.000221951 0.999999 -0.000943484 0.00217221 0.000943515 0.999997 0.0663688 0.13182 0.207716
FixedParameters: 0 0 0

#Transform 13
Transform: AffineTransform_float_3_3
Parameters: 0.999997 -0.000350079 -0.00248357 0.000346921 0.999999 -0.00123987 0.00248443 0.00123913 0.999996 0.0737761 0.136853 0.209115
FixedParameters: 0 0 0

#Transform 14
Transform: AffineTransform_float_3_3
Parameters: 0.999998 -3.99898e-06 -0.001717 5.001e-06 1 0.000582992 0.001717 -0.000583008 0.999999 0.00534504 0.131306 0.0135575
FixedParameters: 0 0 0

#Transform 15
Transform: AffineTransform_float_3_3
Parameters: 1 -0.000204443 -0.00118975 0.000202556 0.999999 -0.00121324 0.00119025 0.00121276 0.999998 -0.006591 0.167428 0.0982089
FixedParameters: 0 0 0

#Transform 16
Transform: AffineTransform_float_3_3
Parameters: 0.999999 -0.000485802 -0.00142273 0.000485198 0.999999 -0.000563691 0.00142327 0.000563309 0.999999 0.00790584 0.173035 0.0299144
FixedParameters: 0 0 0

#Transform 17
Transform: AffineTransform_float_3_3
Parameters: 0.999999 -0.000371427 -0.000939831 0.000371572 1 -0.00045535 0.000940169 0.000454651 1 0.0152851 0.171527 0.0181831
FixedParameters: 0 0 0

#Transform 18
Transform: AffineTransform_float_3_3
Parameters: 0.999999 -0.000111438 -0.00135196 0.000110562 1 -0.00032415 0.00135204 0.00032385 0.999999 0.0918955 0.164815 0.034284
FixedParameters: 0 0 0

#Transform 19
Transform: AffineTransform_float_3_3
Parameters: 0.999998 1.34679e-05 -0.001958 -1.3532e-05 1 0.000239027 0.001958 -0.000238974 0.999998 0.151365 0.115355 0.06605
FixedParameters: 0 0 0

#Transform 20
Transform: AffineTransform_float_3_3
Parameters: 0.999997 -0.000208161 -0.00215727 0.00021084 0.999999 0.00131655 0.00215672 -0.00131645 0.999997 0.146485 0.0810967 0.075396
FixedParameters: 0 0 0

#Transform 21
Transform: AffineTransform_float_3_3
Parameters: 0.999999 0.000655501 -0.0016454 -0.000654501 1 0.000912079 0.0016456 -0.000910923 0.999998 0.106838 0.123266 0.0569917
FixedParameters: 0 0 0

#Transform 22
Transform: AffineTransform_float_3_3
Parameters: 0.999999 0.000334358 -0.00177775 -0.000333641 0.999999 0.000764594 0.00177826 -0.000763407 0.999998 0.122337 0.120992 0.0560596
FixedParameters: 0 0 0

#Transform 23
Transform: AffineTransform_float_3_3
Parameters: 0.999999 0.000632268 -0.00140343 -0.000630732 1 0.000903886 0.00140357 -0.000903114 0.999998 0.0879734 0.100994 0.06756
FixedParameters: 0 0 0

#Transform 24
Transform: AffineTransform_float_3_3
Parameters: 0.999999 0.000568855 -0.0017634 -0.000567145 1 0.001052 0.0017646 -0.001051 0.999998 0.12165 0.101173 0.0930228
FixedParameters: 0 0 0

#Transform 25
Transform: AffineTransform_float_3_3
Parameters: 0.999998 0.000794413 -0.00142977 -0.000793586 0.999999 0.000290135 0.00142923 -0.000288865 0.999999 0.132586 0.11699 0.143923
FixedParameters: 0 0 0

#Transform 26
Transform: AffineTransform_float_3_3
Parameters: 0.999999 0.000282193 -0.00142996 -0.000281807 1 0.000135403 0.00143004 -0.000134597 0.999999 0.132339 0.110738 0.161808
FixedParameters: 0 0 0

#Transform 27
Transform: AffineTransform_float_3_3
Parameters: 0.999999 0.00020589 -0.00121002 -0.00020611 1 -9.07507e-05 0.00120998 9.12492e-05 1 0.122385 0.125255 0.153559
FixedParameters: 0 0 0

#Transform 28
Transform: AffineTransform_float_3_3
Parameters: 0.999999 -6.85509e-05 -0.000833036 6.94489e-05 1 0.000538942 0.000832962 -0.000539057 0.999999 0.115975 0.129134 0.119587
FixedParameters: 0 0 0

#Transform 29
Transform: AffineTransform_float_3_3
Parameters: 0.999999 5.81988e-05 -0.00146491 -5.68009e-05 0.999999 0.00150108 0.00146509 -0.00150092 0.999998 0.122674 0.0953126 0.111658
FixedParameters: 0 0 0

#Transform 30
Transform: AffineTransform_float_3_3
Parameters: 1 -0.000244066 -0.0011442 0.000244934 0.999999 0.00081672 0.0011438 -0.000816279 0.999999 0.111609 0.123145 0.0791571
FixedParameters: 0 0 0

#Transform 31
Transform: AffineTransform_float_3_3
Parameters: 0.999998 0.000290691 -0.00166753 -0.000288307 0.999998 0.00161448 0.00166847 -0.00161352 0.999998 0.120519 0.0948411 0.0662915
FixedParameters: 0 0 0

#Transform 32
Transform: AffineTransform_float_3_3
Parameters: 0.999999 -5.38828e-05 -0.000954063 5.51171e-05 1 0.00117095 0.000953936 -0.00117105 0.999999 0.0896963 0.104185 0.0772779
FixedParameters: 0 0 0

#Transform 33
Transform: AffineTransform_float_3_3
Parameters: 0.999999 -0.000140964 -0.000801183 0.000142036 0.999999 0.00129389 0.000800817 -0.00129311 0.999999 0.0831053 0.0902343 0.133267
FixedParameters: 0 0 0

#Transform 34
Transform: AffineTransform_float_3_3
Parameters: 0.999999 -0.000259952 -0.000712383 0.000261048 0.999999 0.00147081 0.000712616 -0.00147119 0.999998 0.0792865 0.0856836 0.106626
FixedParameters: 0 0 0

#Transform 35
Transform: AffineTransform_float_3_3
Parameters: 1 0.000318563 -0.000963486 -0.000317438 0.999998 0.00162131 0.000963517 -0.00162169 0.999998 0.0901948 0.0907886 0.133662
FixedParameters: 0 0 0

#Transform 36
Transform: AffineTransform_float_3_3
Parameters: 0.999999 1.33423e-05 -0.000953981 -1.16577e-05 0.999999 0.00140701 0.000954016 -0.00140699 0.999998 0.0895685 0.117484 0.0611014
FixedParameters: 0 0 0

#Transform 37
Transform: AffineTransform_float_3_3
Parameters: 1 -3.75331e-05 -0.00116605 3.84668e-05 0.999999 0.00125796 0.00116595 -0.00125804 0.999998 0.0987411 0.115816 0.0206785
FixedParameters: 0 0 0

#Transform 38
Transform: AffineTransform_float_3_3
Parameters: 0.999999 -8.40887e-05 -0.000985078 8.4911e-05 0.999999 0.000924916 0.000984921 -0.000925083 0.999999 0.0909033 0.137545 0.0337917
FixedParameters: 0 0 0

#Transform 39
Transform: AffineTransform_float_3_3
Parameters: 1 -0.000138788 -0.00109915 0.000140213 1 0.00110385 0.00109885 -0.00110315 0.999999 0.0774893 0.116847 0.0599532
FixedParameters: 0 0 0

#Transform 40
Transform: AffineTransform_float_3_3
Parameters: 0.999999 -0.000604795 -0.00080091 0.000606204 0.999998 0.00150451 0.000800088 -0.00150448 0.999998 0.0575555 0.0851409 0.0638497
FixedParameters: 0 0 0

#Transform 41
Transform: AffineTransform_float_3_3
Parameters: 0.999999 -0.000540044 -0.000595866 0.000540955 0.999998 0.00160368 0.000595133 -0.00160432 0.999998 0.0484632 0.0938564 0.0546491
FixedParameters: 0 0 0

#Transform 42
Transform: AffineTransform_float_3_3
Parameters: 0.999999 -0.000228113 -0.00135332 0.000229886 0.999999 0.00139369 0.00135268 -0.00139431 0.999998 0.0892569 0.0975938 0.0861846
FixedParameters: 0 0 0

#Transform 43
Transform: AffineTransform_float_3_3
Parameters: 1 -0.000248227 -0.00116738 0.000250772 0.999999 0.00151871 0.00116662 -0.00151929 0.999998 0.0824056 0.0999776 0.0748987
FixedParameters: 0 0 0

#Transform 44
Transform: AffineTransform_float_3_3
Parameters: 0.999999 -0.000370083 -0.000839404 0.000370916 1 0.00109169 0.000838595 -0.00109231 0.999999 0.0545905 0.122367 0.0880424
FixedParameters: 0 0 0

#Transform 45
Transform: AffineTransform_float_3_3
Parameters: 1 -0.000330691 -0.000298343 0.000331309 1 0.0010379 0.000297656 -0.0010381 1 0.0313517 0.11805 0.0682433
FixedParameters: 0 0 0

#Transform 46
Transform: AffineTransform_float_3_3
Parameters: 1 -0.000489763 0.000455255 0.000490237 0.999999 -0.000520777 -0.000455745 0.000520223 1 -0.00105405 0.213491 0.0695726
FixedParameters: 0 0 0

#Transform 47
Transform: AffineTransform_float_3_3
Parameters: 1 -0.000600951 -0.00010129 0.000601048 0.999999 0.000481939 0.00010071 -0.00048206 1 0.0115936 0.128069 0.111812
FixedParameters: 0 0 0

#Transform 48
Transform: AffineTransform_float_3_3
Parameters: 1 -7.61973e-05 -0.000588974 7.58026e-05 1 -0.000335045 0.000589025 0.000334955 1 0.0439554 0.142062 0.155637
FixedParameters: 0 0 0

#Transform 49
Transform: AffineTransform_float_3_3
Parameters: 0.999999 -0.000756005 0.00020898 0.000755994 0.999999 2.6158e-05 -0.00020902 -2.5842e-05 1 0.00937579 0.12262 0.232514
FixedParameters: 0 0 0

#Transform 50
Transform: AffineTransform_float_3_3
Parameters: 0.999999 -0.000476168 0.000528848 0.000475831 1 0.000319252 -0.000529152 -0.000318748 1 -0.00837466 0.101669 0.209447
FixedParameters: 0 0 0

#Transform 51
Transform: AffineTransform_float_3_3
Parameters: 0.999999 -7.56665e-05 0.000763033 7.53334e-05 1 -0.000436942 -0.000762967 0.000437058 0.999999 -0.0142029 0.14427 0.199405
FixedParameters: 0 0 0

#Transform 52
Transform: AffineTransform_float_3_3
Parameters: 1 -0.000441854 0.000542119 0.000442146 1 -0.00026876 -0.000541881 0.000269239 1 -0.00472903 0.128812 0.255893
FixedParameters: 0 0 0

#Transform 53
Transform: AffineTransform_float_3_3
Parameters: 1 -0.000328076 0.000560956 0.000327925 1 0.000134184 -0.000561044 -0.000134816 1 -0.00550346 0.139871 0.184392
FixedParameters: 0 0 0

#Transform 54
Transform: AffineTransform_float_3_3
Parameters: 1 -0.000513765 0.00101261 0.000513234 0.999999 0.00075652 -0.00101339 -0.00075548 0.999999 -0.01169 0.112166 0.187799
FixedParameters: 0 0 0

#Transform 55
Transform: AffineTransform_float_3_3
Parameters: 1 -7.61078e-05 0.000194958 7.58921e-05 1 0.000553015 -0.000195042 -0.000552985 1 0.0366652 0.137608 0.135167
FixedParameters: 0 0 0

#Transform 56
Transform: AffineTransform_float_3_3
Parameters: 1 -7.60352e-05 -0.00028199 7.59647e-05 1 -0.000125021 0.000282009 0.000124979 1 0.058655 0.178178 0.101778
FixedParameters: 0 0 0

#Transform 57
Transform: AffineTransform_float_3_3
Parameters: 1 -0.000304819 -0.000897062 0.000305181 1 0.000201726 0.000896938 -0.000202273 0.999999 0.0851465 0.162292 0.0482779
FixedParameters: 0 0 0

#Transform 58
Transform: AffineTransform_float_3_3
Parameters: 1 -0.000533789 -0.000417269 0.000533211 0.999999 0.000504777 0.000417731 -0.000505223 1 0.0516712 0.153169 0.0966101
FixedParameters: 0 0 0

#Transform 59
Transform: AffineTransform_float_3_3
Parameters: 0.999999 -7.54563e-05 -0.000815051 7.55435e-05 1 0.000666939 0.00081495 -0.000667062 1 0.0696642 0.160285 0.0581056
FixedParameters: 0 0 0

#Transform 60
Transform: AffineTransform_float_3_3
Parameters: 1 -7.53883e-05 -0.000605077 7.56116e-05 1 0.00101096 0.000604924 -0.00101105 1 0.0701285 0.147163 0.0616219
FixedParameters: 0 0 0

#Transform 61
Transform: AffineTransform_float_3_3
Parameters: 1 -0.000188319 -0.00111812 0.000189681 1 0.000608788 0.00111789 -0.000609211 0.999999 0.0940665 0.170292 0.0111428
FixedParameters: 0 0 0

#Transform 62
Transform: AffineTransform_float_3_3
Parameters: 0.999999 -7.48238e-05 -0.00142906 7.61759e-05 0.999999 0.000822891 0.00142894 -0.000823107 0.999998 0.0923903 0.188702 -0.0130577
FixedParameters: 0 0 0

#Transform 63
Transform: AffineTransform_float_3_3
Parameters: 0.999999 -0.000499073 -0.00124237 0.000499926 0.999999 0.000745379 0.00124163 -0.00074662 0.999999 0.0721731 0.185726 -0.0237771
FixedParameters: 0 0 0

#Transform 64
Transform: AffineTransform_float_3_3
Parameters: 0.999998 -0.000358933 -0.00169523 0.000360065 0.999999 0.000628391 0.00169477 -0.000629609 0.999999 0.0922713 0.202147 -0.00957952
FixedParameters: 0 0 0

#Transform 65
Transform: AffineTransform_float_3_3
Parameters: 0.999999 -0.000302047 -0.0014192 0.000302953 0.999999 0.00067157 0.0014188 -0.000671429 0.999999 0.0842359 0.197383 -0.00691769
FixedParameters: 0 0 0

#Transform 66
Transform: AffineTransform_float_3_3
Parameters: 0.999998 -0.000269165 -0.0016573 0.000270835 1 0.00110655 0.0016577 -0.00110745 0.999998 0.0912681 0.175212 0.00928674
FixedParameters: 0 0 0

#Transform 67
Transform: AffineTransform_float_3_3
Parameters: 0.999998 -0.000322672 -0.00165545 0.000325328 0.999999 0.00140646 0.00165454 -0.00140654 0.999997 0.0922029 0.166567 -0.0269236
FixedParameters: 0 0 0

#Transform 68
Transform: AffineTransform_float_3_3
Parameters: 0.999998 -0.000130971 -0.0020182 0.000134029 0.999999 0.00150073 0.0020178 -0.00150127 0.999997 0.100787 0.16914 -0.0358378
FixedParameters: 0 0 0

#Transform 69
Transform: AffineTransform_float_3_3
Parameters: 0.999997 -4.76604e-05 -0.00212708 5.13392e-05 0.999999 0.00156989 0.00212692 -0.00157011 0.999997 0.0982225 0.163585 -0.0570237
FixedParameters: 0 0 0

#Transform 70
Transform: AffineTransform_float_3_3
Parameters: 0.999997 -0.000152804 -0.00212131 0.000157195 0.999998 0.00197767 0.00212069 -0.00197833 0.999996 0.107969 0.122326 -0.0444564
FixedParameters: 0 0 0

#Transform 71
Transform: AffineTransform_float_3_3
Parameters: 0.999997 -7.63655e-05 -0.0021331 7.86353e-05 0.999999 0.00123484 0.0021339 -0.00123517 0.999997 0.108554 0.173215 -0.0133163
FixedParameters: 0 0 0

#Transform 72
Transform: AffineTransform_float_3_3
Parameters: 0.999998 -0.000193754 -0.00205831 0.000196248 0.999998 0.0015776 0.00205869 -0.0015774 0.999996 0.105298 0.165189 -0.0332877
FixedParameters: 0 0 0

#Transform 73
Transform: AffineTransform_float_3_3
Parameters: 0.999998 -0.000419189 -0.00226571 0.000422811 0.999999 0.00168205 0.00226429 -0.00168295 0.999996 0.0817005 0.144417 -0.0153393
FixedParameters: 0 0 0

#Transform 74
Transform: AffineTransform_float_3_3
Parameters: 0.999997 -0.000743779 -0.00253295 0.000746222 0.999999 0.00127111 0.00253205 -0.00127289 0.999996 0.120238 0.154169 0.0386311
FixedParameters: 0 0 0

#Transform 75
Transform: AffineTransform_float_3_3
Parameters: 0.999998 -0.000707194 -0.0022069 0.000709807 0.999999 0.00127144 0.0022061 -0.00127256 0.999997 0.106397 0.167824 0.0274117
FixedParameters: 0 0 0

#Transform 76
Transform: AffineTransform_float_3_3
Parameters: 0.999997 -0.000826365 -0.00205546 0.000829632 0.999998 0.0017673 0.00205354 -0.0017697 0.999997 0.0789269 0.15742 0.0103231
FixedParameters: 0 0 0

#Transform 77
Transform: AffineTransform_float_3_3
Parameters: 0.999998 -0.000718514 -0.00159712 0.000721486 0.999998 0.00155685 0.00159588 -0.00155715 0.999997 0.08017 0.149914 0.024466
FixedParameters: 0 0 0

#Transform 78
Transform: AffineTransform_float_3_3
Parameters: 0.999998 -0.000852788 -0.00211911 0.000858212 0.999996 0.00246019 0.00211689 -0.00246181 0.999994 0.0886661 0.123876 0.00758142
FixedParameters: 0 0 0

#Transform 79
Transform: AffineTransform_float_3_3
Parameters: 0.999998 -0.000736716 -0.00216712 0.000740285 0.999998 0.0015154 0.00216588 -0.0015166 0.999996 0.104784 0.142368 0.0125264
FixedParameters: 0 0 0

#Transform 80
Transform: AffineTransform_float_3_3
Parameters: 0.999999 -0.000699496 -0.00133574 0.000699503 0.999999 -0.000371935 0.00133626 0.000371066 0.999999 0.0187475 0.219061 0.0616832
FixedParameters: 0 0 0

#Transform 81
Transform: AffineTransform_float_3_3
Parameters: 0.999999 -0.00102317 -0.000863804 0.00102284 1 -0.000191884 0.000864196 0.000191116 0.999999 0.0414173 0.198306 0.0864477
FixedParameters: 0 0 0

#Transform 82
Transform: AffineTransform_float_3_3
Parameters: 0.999999 -0.00112978 -0.000822297 0.00112922 1 0.000263072 0.000821702 -0.000263929 0.999999 0.0294406 0.179739 0.0734911
FixedParameters: 0 0 0

#Transform 83
Transform: AffineTransform_float_3_3
Parameters: 0.999999 -0.000707738 -0.000479386 0.000708261 0.999999 0.00054566 0.000478613 -0.000546339 0.999999 0.0474729 0.146362 0.173587
FixedParameters: 0 0 0

#Transform 84
Transform: AffineTransform_float_3_3
Parameters: 0.999999 -0.00131475 -0.00119937 0.00131625 0.999998 0.00103842 0.00119763 -0.00103958 0.999998 0.0784474 0.111735 0.175991
FixedParameters: 0 0 0

#Transform 85
Transform: AffineTransform_float_3_3
Parameters: 0.999999 -0.000932585 -0.00153425 0.000933416 0.999999 0.000270568 0.00153375 -0.000271431 0.999999 0.0752915 0.148562 0.183126
FixedParameters: 0 0 0

#Transform 86
Transform: AffineTransform_float_3_3
Parameters: 0.999998 -0.000863612 -0.00171619 0.00086039 0.999998 -0.00210348 0.00171781 0.00210252 0.999997 0.0446873 0.243248 0.132116
FixedParameters: 0 0 0

#Transform 87
Transform: AffineTransform_float_3_3
Parameters: 0.999996 -0.00122009 -0.00254696 0.00121991 1 -3.51072e-05 0.00254704 3.28925e-05 0.999997 0.109799 0.179379 0.138913
FixedParameters: 0 0 0

#Transform 88
Transform: AffineTransform_float_3_3
Parameters: 0.999994 -0.00114494 -0.00324521 0.00115407 0.999996 0.00279327 0.00324279 -0.00279673 0.999991 0.162495 0.0886712 0.130804
FixedParameters: 0 0 0

#Transform 89
Transform: AffineTransform_float_3_3
Parameters: 0.999995 -0.00140376 -0.00288955 0.00140924 0.999998 0.00181394 0.00288645 -0.00181806 0.999994 0.141304 0.11657 0.112155
FixedParameters: 0 0 0

#Transform 90
Transform: AffineTransform_float_3_3
Parameters: 0.999997 -0.00120051 -0.00244423 0.00120249 0.999999 0.00101906 0.00244278 -0.00102194 0.999997 0.117654 0.149111 0.117576
FixedParameters: 0 0 0

#Transform 91
Transform: AffineTransform_float_3_3
Parameters: 0.999997 -0.00127525 -0.00230808 0.00127875 0.999998 0.00162305 0.00230593 -0.00162595 0.999996 0.100562 0.121372 0.125927
FixedParameters: 0 0 0

#Transform 92
Transform: AffineTransform_float_3_3
Parameters: 0.999997 -0.00117914 -0.00245538 0.00118186 0.999998 0.0011651 0.00245362 -0.0011679 0.999997 0.114952 0.142299 0.127815
FixedParameters: 0 0 0

#Transform 93
Transform: AffineTransform_float_3_3
Parameters: 0.999996 -0.00116944 -0.00229133 0.00117356 0.999998 0.00199032 0.00228967 -0.00199268 0.999995 0.103308 0.115441 0.130516
FixedParameters: 0 0 0

#Transform 94
Transform: AffineTransform_float_3_3
Parameters: 0.999996 -0.000878509 -0.00277106 0.000885492 0.999997 0.00234255 0.00276893 -0.00234444 0.999993 0.12019 0.109474 0.142765
FixedParameters: 0 0 0

#Transform 95
Transform: AffineTransform_float_3_3
Parameters: 0.999996 -0.00119555 -0.00248115 0.00120045 0.999997 0.00179103 0.00247885 -0.00179397 0.999996 0.0926927 0.0906146 0.145234
FixedParameters: 0 0 0

#Transform 96
Transform: AffineTransform_float_3_3
Parameters: 0.999996 -0.00107162 -0.00267776 0.00107638 0.999998 0.00163312 0.00267624 -0.00163588 0.999995 0.123683 0.123306 0.118105
FixedParameters: 0 0 0

#Transform 97
Transform: AffineTransform_float_3_3
Parameters: 0.999996 -0.0013702 -0.00256296 0.0013718 0.999999 0.000701487 0.00256203 -0.000704513 0.999996 0.0961187 0.161731 0.141086
FixedParameters: 0 0 0

#Transform 98
Transform: AffineTransform_float_3_3
Parameters: 0.999997 -0.00153609 -0.00182525 0.00153391 0.999998 -0.0011438 0.00182675 0.0011412 0.999997 0.0705056 0.214699 0.103643
FixedParameters: 0 0 0

#Transform 99
Transform: AffineTransform_float_3_3
Parameters: 0.999997 -0.00114205 -0.00241598 0.00114195 1 -2.0759e-05 0.00241602 1.82409e-05 0.999997 0.121974 0.19065 0.0840699
FixedParameters: 0 0 0

#Transform 100
Transform: AffineTransform_float_3_3
Parameters: 0.999997 -0.001293 -0.002399 0.001293 0.999999 -2.10191e-06 0.002399 -1.10192e-06 0.999997 0.0990892 0.176364 0.0962113
FixedParameters: 0 0 0

#Transform 101
Transform: AffineTransform_float_3_3
Parameters: 0.999997 -0.00124558 -0.00182797 0.00124642 0.999999 0.000777723 0.00182703 -0.000780278 0.999998 0.0766388 0.134454 0.166728
FixedParameters: 0 0 0

#Transform 102
Transform: AffineTransform_float_3_3
Parameters: 0.999994 -0.00149441 -0.0031027 0.00149959 0.999998 0.00179936 0.0031003 -0.00180465 0.999994 0.101029 0.0873988 0.187594
FixedParameters: 0 0 0

#Transform 103
Transform: AffineTransform_float_3_3
Parameters: 0.999998 -0.00136396 -0.00181729 0.00136704 0.999997 0.00167252 0.00181471 -0.00167548 0.999997 0.0409125 0.0960471 0.175126
FixedParameters: 0 0 0

#Transform 104
Transform: AffineTransform_float_3_3
Parameters: 0.999997 -0.00112894 -0.00223755 0.00113206 0.999999 0.00136747 0.00223545 -0.00136953 0.999996 0.0724035 0.129468 0.18085
FixedParameters: 0 0 0

#Transform 105
Transform: AffineTransform_float_3_3
Parameters: 0.999996 -0.00103859 -0.00237849 0.00104241 0.999999 0.00143253 0.00237651 -0.00143447 0.999996 0.0886888 0.124481 0.182984
FixedParameters: 0 0 0

#Transform 106
Transform: AffineTransform_float_3_3
Parameters: 0.999996 -0.00104489 -0.00261564 0.0010491 0.999998 0.00156826 0.00261336 -0.00157174 0.999996 0.0941101 0.113207 0.184817
FixedParameters: 0 0 0

#Transform 107
Transform: AffineTransform_float_3_3
Parameters: 0.999996 -0.00103611 -0.00259456 0.00103989 0.999999 0.00149931 0.00259344 -0.00150169 0.999995 0.099869 0.131865 0.18074
FixedParameters: 0 0 0

#Transform 108
Transform: AffineTransform_float_3_3
Parameters: 0.999996 -0.00111136 -0.00258001 0.00111664 0.999998 0.00179913 0.00257799 -0.00180187 0.999995 0.0889556 0.124047 0.197791
FixedParameters: 0 0 0

#Transform 109
Transform: AffineTransform_float_3_3
Parameters: 0.999994 -0.000888801 -0.00316246 0.000894201 0.999999 0.00164318 0.00316153 -0.00164582 0.999993 0.122485 0.115369 0.175626
FixedParameters: 0 0 0

#Transform 110
Transform: AffineTransform_float_3_3
Parameters: 0.999996 -0.000919766 -0.00287968 0.000925235 0.999998 0.00181734 0.00287732 -0.00181966 0.999994 0.114584 0.114174 0.136687
FixedParameters: 0 0 0

#Transform 111
Transform: AffineTransform_float_3_3
Parameters: 0.999996 -0.000922442 -0.00292208 0.00092856 0.999997 0.0022443 0.00291992 -0.0022467 0.999993 0.137241 0.090291 0.146559
FixedParameters: 0 0 0

#Transform 112
Transform: AffineTransform_float_3_3
Parameters: 0.999995 -0.00100517 -0.00295999 0.00101083 0.999998 0.00196902 0.00295801 -0.00197198 0.999993 0.12207 0.109099 0.145314
FixedParameters: 0 0 0

#Transform 113
Transform: AffineTransform_float_3_3
Parameters: 0.999994 -0.00102012 -0.00310361 0.00102488 0.999998 0.00157083 0.00310239 -0.00157417 0.999994 0.126796 0.140385 0.104765
FixedParameters: 0 0 0

#Transform 114
Transform: AffineTransform_float_3_3
Parameters: 0.999995 -0.000847767 -0.00303475 0.000854231 0.999997 0.00205242 0.00303325 -0.00205558 0.999994 0.104312 0.11389 0.0882465
FixedParameters: 0 0 0

#Transform 115
Transform: AffineTransform_float_3_3
Parameters: 0.999996 -0.000999553 -0.00271301 0.00100445 0.999997 0.00200728 0.00271099 -0.00200972 0.999995 0.101643 0.117756 0.0708727
FixedParameters: 0 0 0

#Transform 116
Transform: AffineTransform_float_3_3
Parameters: 0.999996 -0.0010558 -0.00283132 0.0010612 0.999997 0.00219 0.00282868 -0.002193 0.999993 0.128174 0.131257 0.0790358
FixedParameters: 0 0 0

#Transform 117
Transform: AffineTransform_float_3_3
Parameters: 0.999996 -0.00114206 -0.00279743 0.00114794 0.999997 0.0021218 0.00279457 -0.0021252 0.999994 0.129091 0.115252 0.0773034
FixedParameters: 0 0 0

#Transform 118
Transform: AffineTransform_float_3_3
Parameters: 0.999995 -0.00130581 -0.00296374 0.00131119 0.999997 0.00208813 0.00296027 -0.00209188 0.999994 0.123669 0.125145 0.107405
FixedParameters: 0 0 0

#Transform 119
Transform: AffineTransform_float_3_3
Parameters: 0.999995 -0.000900677 -0.00295394 0.000906325 0.999998 0.00214033 0.00295207 -0.00214267 0.999994 0.112073 0.112177 0.1069
FixedParameters: 0 0 0

#Transform 120
Transform: AffineTransform_float_3_3
Parameters: 0.999995 -0.000830537 -0.00303623 0.000835464 0.999998 0.00146947 0.00303478 -0.00147153 0.999995 0.125272 0.137396 0.0727447
FixedParameters: 0 0 0

#Transform 121
Transform: AffineTransform_float_3_3
Parameters: 0.999995 -0.000766789 -0.00324152 0.000768209 0.999999 0.000680513 0.00324048 -0.000683488 0.999994 0.130389 0.203002 0.0397054
FixedParameters: 0 0 0

#Transform 122
Transform: AffineTransform_float_3_3
Parameters: 0.999995 -0.000743621 -0.00304934 0.000744378 0.999999 0.000450732 0.00304966 -0.00045327 0.999995 0.118504 0.207022 0.0782301
FixedParameters: 0 0 0

#Transform 123
Transform: AffineTransform_float_3_3
Parameters: 0.999995 -0.000893015 -0.00298029 0.000893982 0.999999 0.000328337 0.0029797 -0.000331662 0.999995 0.113641 0.199518 0.0862462
FixedParameters: 0 0 0

#Transform 124
Transform: AffineTransform_float_3_3
Parameters: 0.999994 -0.00048326 -0.00338625 0.000485741 1 0.000513358 0.00338575 -0.000514639 0.999994 0.146402 0.176257 0.142368
FixedParameters: 0 0 0

#Transform 125
Transform: AffineTransform_float_3_3
Parameters: 0.999994 -0.000721798 -0.00318573 0.000725201 0.999999 0.0010037 0.00318527 -0.00100631 0.999995 0.121461 0.154925 0.168763
FixedParameters: 0 0 0

#Transform 126
Transform: AffineTransform_float_3_3
Parameters: 0.999994 0.000101188 -0.00330899 -0.000100814 1 5.63339e-05 0.003309 -5.66655e-05 0.999994 0.0841749 0.209584 0.0826752
FixedParameters: 0 0 0

#Transform 127
Transform: AffineTransform_float_3_3
Parameters: 0.999993 -1.9827e-05 -0.00368198 1.51727e-05 0.999999 -0.00131107 0.00368203 0.00131094 0.999993 0.0989324 0.229743 0.179103
FixedParameters: 0 0 0

#Transform 128
Transform: AffineTransform_float_3_3
Parameters: 0.999992 -0.00100441 -0.00403415 0.00100559 0.999999 0.000143944 0.00403385 -0.000148053 0.999992 0.173711 0.196403 0.171073
FixedParameters: 0 0 0

#Transform 129
Transform: AffineTransform_float_3_3
Parameters: 0.999995 -0.00139038 -0.00290222 0.00139562 0.999998 0.00159096 0.00290078 -0.00159504 0.999994 0.133198 0.127791 0.148328
FixedParameters: 0 0 0

#Transform 130
Transform: AffineTransform_float_3_3
Parameters: 0.999993 -0.0017774 -0.00328004 0.0017826 0.999997 0.00170417 0.00327696 -0.00170984 0.999993 0.162195 0.122558 0.121048
FixedParameters: 0 0 0

#Transform 131
Transform: AffineTransform_float_3_3
Parameters: 0.999994 -0.00175654 -0.00290549 0.00175846 0.999998 0.000842896 0.00290352 -0.000848105 0.999996 0.140475 0.183675 0.10097
FixedParameters: 0 0 0

#Transform 132
Transform: AffineTransform_float_3_3
Parameters: 0.999994 -0.00141495 -0.00298702 0.00141505 0.999999 1.47733e-05 0.00298697 -1.82265e-05 0.999995 0.144001 0.217415 0.0846375
FixedParameters: 0 0 0

#Transform 133
Transform: AffineTransform_float_3_3
Parameters: 0.999995 -0.00125627 -0.00287388 0.00125573 0.999999 -9.66093e-05 0.00287412 9.33898e-05 0.999996 0.154466 0.229934 0.0712603
FixedParameters: 0 0 0

#Transform 134
Transform: AffineTransform_float_3_3
Parameters: 0.999995 -0.00134291 -0.00291958 0.00134209 0.999999 -0.00031492 0.00291942 0.000311081 0.999995 0.155583 0.238095 0.0574772
FixedParameters: 0 0 0

#Transform 135
Transform: AffineTransform_float_3_3
Parameters: 0.999995 -0.00103932 -0.00277513 0.00103667 0.999999 -0.000838881 0.00277687 0.000835118 0.999996 0.108742 0.261822 0.0690691
FixedParameters: 0 0 0

#Transform 136
Transform: AffineTransform_float_3_3
Parameters: 0.999997 -0.00108367 -0.00216016 0.00107832 0.999996 -0.00262634 0.00216384 0.00262366 0.999994 0.060013 0.346673 0.0484023
FixedParameters: 0 0 0

#Transform 137
Transform: AffineTransform_float_3_3
Parameters: 0.999994 -0.00101363 -0.00333599 0.00100737 0.999997 -0.00198937 0.00333801 0.00198663 0.999993 0.128597 0.312126 0.0761151
FixedParameters: 0 0 0

#Transform 138
Transform: AffineTransform_float_3_3
Parameters: 0.999996 -0.000892569 -0.00273822 0.00088443 0.999994 -0.00312943 0.00274078 0.00312657 0.999992 0.0849294 0.334889 0.0500762
FixedParameters: 0 0 0

#Transform 139
Transform: AffineTransform_float_3_3
Parameters: 0.999995 -2.53089e-05 -0.00297998 -2.33092e-05 0.999868 -0.01621 0.00298001 0.01621 0.999864 0.0336856 0.930506 -0.244822
FixedParameters: 0 0 0

#Transform 140
Transform: AffineTransform_float_3_3
Parameters: 0.999992 0.000319069 -0.00381581 -0.000339931 0.999985 -0.00548574 0.00381419 0.00548725 0.999977 0.0601741 0.44437 0.0158453
FixedParameters: 0 0 0

#Transform 141
Transform: AffineTransform_float_3_3
Parameters: 0.999994 0.00023679 -0.00324184 -0.000248211 0.999994 -0.00345821 0.00324116 0.00345878 0.999989 0.0595496 0.389618 -0.00670401
FixedParameters: 0 0 0

#Transform 142
Transform: AffineTransform_float_3_3
Parameters: 0.999995 -0.000784398 -0.00325893 0.000762604 0.999978 -0.00656152 0.00326408 0.00655948 0.999973 0.074002 0.55362 -0.0473044
FixedParameters: 0 0 0

#Transform 143
Transform: AffineTransform_float_3_3
Parameters: 0.999994 -0.000624552 -0.00345322 0.000608451 0.999989 -0.00450213 0.00345577 0.00450087 0.999984 0.0960909 0.453769 0.00999628
FixedParameters: 0 0 0

#Transform 144
Transform: AffineTransform_float_3_3
Parameters: 0.999993 -0.000872446 -0.00346014 0.000856554 0.999989 -0.00446299 0.00346385 0.00446001 0.999984 0.11458 0.458187 -0.00674433
FixedParameters: 0 0 0

#Transform 145
Transform: AffineTransform_float_3_3
Parameters: 0.999994 -0.000709707 -0.00356991 0.000694292 0.99999 -0.00439951 0.00357309 0.00439649 0.999984 0.12829 0.457956 -2.85073e-06
FixedParameters: 0 0 0

#Transform 146
Transform: AffineTransform_float_3_3
Parameters: 0.999994 -0.000912638 -0.00332602 0.000898362 0.99999 -0.00440001 0.00332998 0.00439699 0.999985 0.124517 0.449145 -0.00577841
FixedParameters: 0 0 0

#Transform 147
Transform: AffineTransform_float_3_3
Parameters: 0.999995 -0.00104912 -0.00315735 0.00103588 0.999989 -0.00446929 0.00316266 0.0044657 0.999985 0.1172 0.441025 -0.00441221
FixedParameters: 0 0 0

#Transform 148
Transform: AffineTransform_float_3_3
Parameters: 0.999995 -0.00181723 -0.00263096 0.00180677 0.999991 -0.00388477 0.00263803 0.00388023 0.999989 0.0854936 0.402257 0.0373975
FixedParameters: 0 0 0

#Transform 149
Transform: AffineTransform_float_3_3
Parameters: 0.999995 -0.00171178 -0.00263131 0.00170322 0.999993 -0.0033345 0.00263769 0.0033305 0.999991 0.0878266 0.395496 0.0339678
FixedParameters: 0 0 0

#Transform 150
Transform: AffineTransform_float_3_3
Parameters: 0.999994 -0.00193704 -0.00261401 0.00193296 0.999997 -0.00154706 0.00261699 0.00154194 0.999996 0.0936885 0.319071 0.0675706
FixedParameters: 0 0 0

#Transform 151
Transform: AffineTransform_float_3_3
Parameters: 0.999996 -0.00142466 -0.0025138 0.00141934 0.999997 -0.00225258 0.0025162 0.00224843 0.999995 0.0892893 0.327125 0.127195
FixedParameters: 0 0 0

#Transform 152
Transform: AffineTransform_float_3_3
Parameters: 0.999993 -0.00235887 -0.00268485 0.00235313 0.999995 -0.00218833 0.00269015 0.00218167 0.999994 0.101676 0.313272 0.141828
FixedParameters: 0 0 0

#Transform 153
Transform: AffineTransform_float_3_3
Parameters: 0.999995 -0.00194653 -0.00276702 0.00193848 0.999994 -0.00308038 0.00277298 0.00307462 0.999992 0.0568804 0.373191 0.185415
FixedParameters: 0 0 0

#Transform 154
Transform: AffineTransform_float_3_3
Parameters: 0.999993 -0.00185019 -0.00346311 0.00184081 0.999995 -0.0026544 0.0034679 0.0026486 0.999991 0.154788 0.362295 0.0750656
FixedParameters: 0 0 0

#Transform 155
Transform: AffineTransform_float_3_3
Parameters: 0.999993 -0.0020018 -0.00313604 0.0019942 0.999995 -0.00248827 0.00314097 0.00248173 0.999992 0.173385 0.352215 0.144471
FixedParameters: 0 0 0

#Transform 156
Transform: AffineTransform_float_3_3
Parameters: 0.999993 -0.00201341 -0.00334596 0.00200459 0.999995 -0.00251373 0.00335105 0.00250727 0.999991 0.182437 0.355009 0.117897
FixedParameters: 0 0 0

#Transform 157
Transform: AffineTransform_float_3_3
Parameters: 0.999992 -0.00180051 -0.00371445 0.00178849 0.999993 -0.00309967 0.00372056 0.00309233 0.999989 0.19847 0.37204 0.0833876
FixedParameters: 0 0 0

#Transform 158
Transform: AffineTransform_float_3_3
Parameters: 0.999993 -0.00157438 -0.00352238 0.00156362 0.999995 -0.00294753 0.00352662 0.00294247 0.99999 0.1903 0.38814 0.0624111
FixedParameters: 0 0 0

#Transform 159
Transform: AffineTransform_float_3_3
Parameters: 0.999993 -0.00154037 -0.00336273 0.00153063 0.999995 -0.00278717 0.00336628 0.00278183 0.999991 0.152015 0.392807 0.0459916
FixedParameters: 0 0 0

#Transform 160
Transform: AffineTransform_float_3_3
Parameters: 0.999994 -0.00177893 -0.00318403 0.00177007 0.999994 -0.00280365 0.00318897 0.00279834 0.999991 0.139087 0.386823 0.0563853
FixedParameters: 0 0 0

#Transform 161
Transform: AffineTransform_float_3_3
Parameters: 0.999994 -0.00179644 -0.00314105 0.00178556 0.999993 -0.00332363 0.00314695 0.00331737 0.999989 0.144331 0.409931 0.0352647
FixedParameters: 0 0 0

#Transform 162
Transform: AffineTransform_float_3_3
Parameters: 0.999993 -0.00162115 -0.00331257 0.00160985 0.999993 -0.00336436 0.00331843 0.00335964 0.999989 0.136508 0.436373 0.0262041
FixedParameters: 0 0 0

#Transform 163
Transform: AffineTransform_float_3_3
Parameters: 0.999993 -0.00149728 -0.0035617 0.00148773 0.999994 -0.00288632 0.00356531 0.00288068 0.99999 0.148681 0.416134 0.0309986
FixedParameters: 0 0 0

#Transform 164
Transform: AffineTransform_float_3_3
Parameters: 0.999994 -0.00146207 -0.00311476 0.00145293 0.999994 -0.00291154 0.00311924 0.00290746 0.999991 0.136733 0.403086 0.0363008
FixedParameters: 0 0 0

#Transform 165
Transform: AffineTransform_float_3_3
Parameters: 0.999995 -0.00150418 -0.0029894 0.00149482 0.999994 -0.00307149 0.0029936 0.00306751 0.999991 0.146817 0.403242 0.0388945
FixedParameters: 0 0 0

#Transform 166
Transform: AffineTransform_float_3_3
Parameters: 0.999994 -0.00124159 -0.00342654 0.00123141 0.999996 -0.00279924 0.00342946 0.00279476 0.99999 0.16822 0.399981 0.0371329
FixedParameters: 0 0 0

#Transform 167
Transform: AffineTransform_float_3_3
Parameters: 0.999995 -0.00152772 -0.00297753 0.00151728 0.999993 -0.00359854 0.00298348 0.00359346 0.999989 0.156526 0.421624 0.0206156
FixedParameters: 0 0 0

#Transform 168
Transform: AffineTransform_float_3_3
Parameters: 0.999996 -0.00163269 -0.00205921 0.0016183 0.999976 -0.00663435 0.00207078 0.00663064 0.999976 0.056525 0.570211 -0.0442124
FixedParameters: 0 0 0

#Transform 169
Transform: AffineTransform_float_3_3
Parameters: 0.999995 -0.00164323 -0.00241003 0.00162977 0.999983 -0.00548195 0.00241897 0.00547805 0.999982 0.0917294 0.479452 0.0595682
FixedParameters: 0 0 0

#Transform 170
Transform: AffineTransform_float_3_3
Parameters: 0.999994 -0.00171317 -0.00321455 0.00170084 0.999992 -0.00378349 0.00322045 0.00377751 0.999987 0.162239 0.411766 0.0688643
FixedParameters: 0 0 0

#Transform 171
Transform: AffineTransform_float_3_3
Parameters: 0.999989 -0.00210882 -0.00419059 0.00210718 0.999998 -0.000199833 0.00419141 0.000191163 0.999991 0.231546 0.252891 0.0913256
FixedParameters: 0 0 0

#Transform 172
Transform: AffineTransform_float_3_3
Parameters: 0.99999 -0.00259492 -0.00357643 0.00259007 0.999995 -0.00138128 0.00358057 0.00137172 0.999992 0.235088 0.305874 0.0697008
FixedParameters: 0 0 0

#Transform 173
Transform: AffineTransform_float_3_3
Parameters: 0.999992 -0.00323175 -0.00237426 0.00322825 0.999994 -0.00115967 0.00237773 0.00115232 0.999996 0.167879 0.299625 0.0638464
FixedParameters: 0 0 0

#Transform 174
Transform: AffineTransform_float_3_3
Parameters: 0.999992 -0.0026447 -0.0028284 0.00264329 0.999997 -0.000606481 0.00282959 0.000598521 0.999996 0.164946 0.30121 0.0303385
FixedParameters: 0 0 0

#Transform 175
Transform: AffineTransform_float_3_3
Parameters: 0.999993 -0.00229807 -0.00269594 0.00229793 0.999998 -2.81953e-05 0.00269606 2.18044e-05 0.999997 0.149674 0.285596 0.00600103
FixedParameters: 0 0 0

#Transform 176
Transform: AffineTransform_float_3_3
Parameters: 0.999993 -0.00237544 -0.0028538 0.00237356 0.999997 -0.000506777 0.0028552 0.000500221 0.999996 0.168283 0.284041 0.039911
FixedParameters: 0 0 0

#Transform 177
Transform: AffineTransform_float_3_3
Parameters: 0.999992 -0.00242941 -0.00298385 0.00242759 0.999997 -0.000476247 0.00298515 0.000468752 0.999996 0.17379 0.285081 0.0584597
FixedParameters: 0 0 0

#Transform 178
Transform: AffineTransform_float_3_3
Parameters: 0.999992 -0.00266231 -0.0029198 0.00266169 0.999997 -0.000452775 0.0029212 0.000445226 0.999995 0.170988 0.27926 0.0794894
FixedParameters: 0 0 0

#Transform 179
Transform: AffineTransform_float_3_3
Parameters: 0.999992 -0.00252613 -0.00288914 0.00252387 0.999996 -0.000740297 0.00289086 0.000732702 0.999995 0.181359 0.301036 0.0765032
FixedParameters: 0 0 0
