#Insight Transform File V1.0
#Transform 0
Transform: AffineTransform_float_3_3
Parameters: 1 0.000131238 0.000316901 -0.000130762 0.999999 -0.000751041 -0.000317098 0.000750958 0.999999 -0.0635897 0.075225 0.345306
FixedParameters: 0 0 0

#Transform 1
Transform: AffineTransform_float_3_3
Parameters: 1 0.000380975 0.000119079 -0.000381025 1 0.000207955 -0.000118921 -0.000208045 1 0.0477847 0.0378394 -0.00240782
FixedParameters: 0 0 0

#Transform 2
Transform: AffineTransform_float_3_3
Parameters: 1 0.000565927 0.00025816 -0.000566073 1 0.000282854 -0.00025784 -0.000283146 1 0.0733676 0.0828926 -0.0105949
FixedParameters: 0 0 0

#Transform 3
Transform: AffineTransform_float_3_3
Parameters: 1 0.00051492 0.000292141 -0.00051508 1 0.00027385 -0.000291859 -0.00027415 1 0.0892984 0.0964405 -0.0230598
FixedParameters: 0 0 0

#Transform 4
Transform: AffineTransform_float_3_3
Parameters: 0.999999 0.000565813 0.000641164 -0.000566186 1 0.000290637 -0.000640835 -0.000291363 1 0.0690584 0.0952473 -0.0272676
FixedParameters: 0 0 0

#Transform 5
Transform: AffineTransform_float_3_3
Parameters: 1 0.000208882 0.000302082 -0.000209118 1 0.000390937 -0.000301918 -0.000391063 1 0.0701257 0.103233 -0.0562327
FixedParameters: 0 0 0

#Transform 6
Transform: AffineTransform_float_3_3
Parameters: 0.999999 -0.000263314 0.000803896 0.000263685 1 0.000391212 -0.000804103 -0.000390788 0.999999 0.0222672 0.123354 -0.053432
FixedParameters: 0 0 0

#Transform 7
Transform: AffineTransform_float_3_3
Parameters: 0.999999 3.75738e-05 0.000804019 -3.74261e-05 1 0.00052997 -0.00080398 -0.00053003 0.999999 0.0713294 0.0986305 -0.0376118
FixedParameters: 0 0 0

#Transform 8
Transform: AffineTransform_float_3_3
Parameters: 0.999999 6.88182e-05 0.000804015 -6.91817e-05 1 0.000225944 -0.000803984 -0.000226055 0.999999 0.0867183 0.0965073 -0.0250857
FixedParameters: 0 0 0

#Transform 9
Transform: AffineTransform_float_3_3
Parameters: 1 0.000190007 0.000611998 -0.000189993 1 -1.11163e-05 -0.000612002 1.08837e-05 1 0.120289 0.126938 -0.0529694
FixedParameters: 0 0 0

#Transform 10
Transform: AffineTransform_float_3_3
Parameters: 1 0.000298921 0.000600039 -0.000299078 1 0.000130821 -0.000599961 -0.000131179 1 0.125114 0.110421 -0.0646534
FixedParameters: 0 0 0

#Transform 11
Transform: AffineTransform_float_3_3
Parameters: 1 0.000213856 0.000463066 -0.000214143 1 0.000309901 -0.000462933 -0.000310099 1 0.11451 0.106257 -0.0446944
FixedParameters: 0 0 0

#Transform 12
Transform: AffineTransform_float_3_3
Parameters: 1 -0.000160752 0.000365109 0.000161248 1 -0.000678941 -0.00036589 0.000679059 0.999999 0.0985833 0.115972 -0.0326774
FixedParameters: 0 0 0

#Transform 13
Transform: AffineTransform_float_3_3
Parameters: 1 7.37008e-05 0.00039587 -7.2299e-05 0.999999 -0.00177003 -0.000396129 0.00176997 0.999999 0.105824 0.189753 -0.0802901
FixedParameters: 0 0 0

#Transform 14
Transform: AffineTransform_float_3_3
Parameters: 1 2.14982e-05 0.000285963 -2.05017e-05 0.999998 -0.00174201 -0.000286036 0.00174199 0.999999 0.0836071 0.204261 -0.065018
FixedParameters: 0 0 0

#Transform 15
Transform: AffineTransform_float_3_3
Parameters: 1 -0.000361507 0.000501356 0.000361492 0.999999 -0.000982819 -0.000500645 0.000983181 1 0.0651919 0.170386 -0.0496031
FixedParameters: 0 0 0

#Transform 16
Transform: AffineTransform_float_3_3
Parameters: 1 -3.77846e-05 0.000286028 3.82153e-05 0.999999 -0.000752989 -0.000285971 0.00075301 0.999999 0.0784117 0.162975 -0.0327849
FixedParameters: 0 0 0

#Transform 17
Transform: AffineTransform_float_3_3
Parameters: 1 1.18047e-06 0.000285999 -8.19534e-07 1 -0.000631 -0.000286 0.000630999 1 0.0857071 0.156602 -0.0433729
FixedParameters: 0 0 0

#Transform 18
Transform: AffineTransform_float_3_3
Parameters: 1 -0.000159909 0.000286051 0.000160091 1 -0.000316954 -0.000285949 0.000317046 1 0.0810206 0.135299 -0.0385314
FixedParameters: 0 0 0

#Transform 19
Transform: AffineTransform_float_3_3
Parameters: 1 -0.000572462 0.000285074 0.000571538 0.999998 0.00161816 -0.000285925 -0.00161784 0.999998 0.0882752 0.0293044 -0.00387125
FixedParameters: 0 0 0

#Transform 20
Transform: AffineTransform_float_3_3
Parameters: 1 -0.000674048 6.95322e-05 0.000673951 0.999999 0.000694047 -7.04677e-05 -0.000693952 1 0.0923156 0.0897703 -0.0100199
FixedParameters: 0 0 0

#Transform 21
Transform: AffineTransform_float_3_3
Parameters: 0.999999 -0.000410526 0.000647667 0.000410474 0.999999 0.000812266 -0.000647334 -0.000811735 1 0.0512227 0.0825663 -0.0416398
FixedParameters: 0 0 0

#Transform 22
Transform: AffineTransform_float_3_3
Parameters: 0.999999 -0.000495087 0.00073094 0.000494912 1 0.000120362 -0.000731059 -0.000119638 0.999999 0.0307622 0.121289 -0.0284041
FixedParameters: 0 0 0

#Transform 23
Transform: AffineTransform_float_3_3
Parameters: 1 -0.000510144 0.00030776 0.000509855 1 0.000470157 -0.00030824 -0.000469843 1 0.082715 0.0932462 -0.0244263
FixedParameters: 0 0 0

#Transform 24
Transform: AffineTransform_float_3_3
Parameters: 1 -0.000447191 0.000170499 0.000446809 1 0.00112108 -0.000170501 -0.00112092 1 0.100056 0.0445512 -0.00372971
FixedParameters: 0 0 0

#Transform 25
Transform: AffineTransform_float_3_3
Parameters: 1 -0.000314068 4.95735e-05 0.000313932 0.999999 0.00135802 -5.04264e-05 -0.00135798 0.999999 0.0691346 0.0211384 0.0189413
FixedParameters: 0 0 0

#Transform 26
Transform: AffineTransform_float_3_3
Parameters: 1 -0.000153268 0.000245833 0.000152733 1 0.00109004 -0.000245167 -0.00108996 1 0.0425586 0.0395906 -0.000693883
FixedParameters: 0 0 0

#Transform 27
Transform: AffineTransform_float_3_3
Parameters: 1 -0.000325002 4.84302e-06 0.000324997 1 0.000483001 -5.15697e-06 -0.000482998 1 0.0601194 0.0816513 0.00464533
FixedParameters: 0 0 0

#Transform 28
Transform: AffineTransform_float_3_3
Parameters: 1 -0.000569098 0.000221747 0.000569901 0.999999 0.000444126 -0.000222253 -0.000443873 1 0.0667225 0.0933864 -0.00840299
FixedParameters: 0 0 0

#Transform 29
Transform: AffineTransform_float_3_3
Parameters: 0.999999 -0.00043929 0.000652805 0.00043871 1 0.000444286 -0.000652194 -0.000443713 0.999999 0.0693761 0.0811584 -0.00217408
FixedParameters: 0 0 0

#Transform 30
Transform: AffineTransform_float_3_3
Parameters: 0.999999 -0.00041465 0.000855169 0.000415349 1 -0.000408645 -0.000854829 0.000409354 0.999999 0.0588533 0.118576 -0.0275048
FixedParameters: 0 0 0

#Transform 31
Transform: AffineTransform_float_3_3
Parameters: 1 -2.6272e-05 0.000387982 2.6728e-05 1 0.00070101 -0.000388019 -0.000700989 0.999999 0.0705676 0.0540151 0.00299046
FixedParameters: 0 0 0

#Transform 32
Transform: AffineTransform_float_3_3
Parameters: 1 -8.42028e-05 0.000437961 8.47972e-05 1 0.000463037 -0.000438039 -0.000462963 1 0.0649772 0.0717279 0.000823506
FixedParameters: 0 0 0

#Transform 33
Transform: AffineTransform_float_3_3
Parameters: 1 -0.000500144 0.000422829 0.000499855 1 0.000342211 -0.000423171 -0.000341788 1 0.0587155 0.0806338 -3.10682e-06
FixedParameters: 0 0 0

#Transform 34
Transform: AffineTransform_float_3_3
Parameters: 1 -0.000500039 8.77765e-05 0.00049996 1 0.000447044 -8.82235e-05 -0.000446956 1 0.0718151 0.0869432 0.00361532
FixedParameters: 0 0 0

#Transform 35
Transform: AffineTransform_float_3_3
Parameters: 1 -0.000500084 7.94755e-05 0.000499916 1 0.00104904 -8.05245e-05 -0.00104896 1 0.0561277 0.0354638 0.01784
FixedParameters: 0 0 0

#Transform 36
Transform: AffineTransform_float_3_3
Parameters: 1 8.72481e-05 -0.000236909 -8.77518e-05 1 0.00104702 0.000237092 -0.00104698 1 0.12282 0.0354002 0.0142415
FixedParameters: 0 0 0

#Transform 37
Transform: AffineTransform_float_3_3
Parameters: 1 8.64606e-05 -0.000326878 -8.55392e-05 0.999999 0.00140903 0.000327121 -0.00140897 0.999999 0.0760527 0.0239097 0.038127
FixedParameters: 0 0 0

#Transform 38
Transform: AffineTransform_float_3_3
Parameters: 1 -0.000499575 -0.00033763 0.000500426 0.999999 0.00126083 0.000337369 -0.00126117 0.999999 0.103371 0.0204047 0.0248057
FixedParameters: 0 0 0

#Transform 39
Transform: AffineTransform_float_3_3
Parameters: 1 -0.000552525 -0.000307854 0.000552475 0.999998 0.00154483 0.000307147 -0.00154517 0.999999 0.103888 0.00265673 0.0360053
FixedParameters: 0 0 0

#Transform 40
Transform: AffineTransform_float_3_3
Parameters: 1 -0.000499311 -0.000238448 0.00049969 0.999995 0.00289788 0.000237553 -0.00289812 0.999996 0.077665 -0.043111 0.0829966
FixedParameters: 0 0 0

#Transform 41
Transform: AffineTransform_float_3_3
Parameters: 1 -0.00049925 -0.000422887 0.00049975 0.999999 0.00177579 0.000422113 -0.00177621 0.999999 0.107765 -0.00902294 0.0472701
FixedParameters: 0 0 0

#Transform 42
Transform: AffineTransform_float_3_3
Parameters: 1 -0.000398802 -0.0001316 0.000399198 0.999999 0.00150495 0.000131399 -0.00150505 0.999999 0.0944104 -0.0056752 0.0405091
FixedParameters: 0 0 0

#Transform 43
Transform: AffineTransform_float_3_3
Parameters: 1 -0.000497446 -0.000484635 0.000500556 0.999986 0.00528376 0.000482362 -0.00528324 0.999986 0.0802745 -0.213987 0.215738
FixedParameters: 0 0 0

#Transform 44
Transform: AffineTransform_float_3_3
Parameters: 1 -0.000563726 -7.80017e-05 0.000564273 0.999993 0.00354995 7.59973e-05 -0.00355004 0.999993 0.0848195 -0.104517 0.134341
FixedParameters: 0 0 0

#Transform 45
Transform: AffineTransform_float_3_3
Parameters: 0.999999 -0.000901887 -0.000362777 0.000902112 0.999995 0.00307667 0.000360226 -0.00307733 0.999995 0.0844406 -0.0743333 0.104477
FixedParameters: 0 0 0

#Transform 46
Transform: AffineTransform_float_3_3
Parameters: 1 -0.000809805 -0.000654726 0.000811194 0.999994 0.00336047 0.000651278 -0.00336053 0.999994 0.121154 -0.0832282 0.116943
FixedParameters: 0 0 0

#Transform 47
Transform: AffineTransform_float_3_3
Parameters: 0.999999 -0.00103633 -0.00088812 0.00103867 0.999995 0.00300608 0.000884881 -0.00300692 0.999995 0.129366 -0.0460034 0.0912921
FixedParameters: 0 0 0

#Transform 48
Transform: AffineTransform_float_3_3
Parameters: 1 -0.000620968 -0.000881435 0.000623031 0.999997 0.00230645 0.000879565 -0.00230755 0.999997 0.116499 -0.00994489 0.0718983
FixedParameters: 0 0 0

#Transform 49
Transform: AffineTransform_float_3_3
Parameters: 1 -0.00109146 -0.00022759 0.00109154 0.999996 0.00237175 0.000224413 -0.00237125 0.999997 0.0841293 -0.019 0.0570155
FixedParameters: 0 0 0

#Transform 50
Transform: AffineTransform_float_3_3
Parameters: 0.999998 -0.00159922 7.44472e-05 0.00159978 0.999994 0.00284712 -7.85548e-05 -0.00284688 0.999996 0.084945 -0.0211405 0.0202546
FixedParameters: 0 0 0

#Transform 51
Transform: AffineTransform_float_3_3
Parameters: 0.999999 -0.00172073 0.000286657 0.00172027 0.999996 0.0025245 -0.000290343 -0.0025235 0.999997 0.0401877 0.0348368 -0.0124512
FixedParameters: 0 0 0

#Transform 52
Transform: AffineTransform_float_3_3
Parameters: 0.999999 -0.00132445 0.00083671 0.00132355 0.999997 0.00173011 -0.00083929 -0.00172889 0.999998 -0.0294422 0.119981 -0.0237602
FixedParameters: 0 0 0

#Transform 53
Transform: AffineTransform_float_3_3
Parameters: 0.999996 -0.00209243 0.00180874 0.00208657 0.999994 0.00299679 -0.00181526 -0.00299221 0.999994 -0.0445677 0.0628669 -0.0279598
FixedParameters: 0 0 0

#Transform 54
Transform: AffineTransform_float_3_3
Parameters: 0.999996 -0.00197677 0.00236285 0.00197323 0.999997 0.00159567 -0.00236615 -0.00159133 0.999996 -0.0296362 0.137934 -0.0726586
FixedParameters: 0 0 0

#Transform 55
Transform: AffineTransform_float_3_3
Parameters: 0.999999 -0.00172241 0.000225888 0.00172259 0.999997 0.00180739 -0.000228113 -0.00180661 0.999999 0.0673164 0.0357382 0.0238409
FixedParameters: 0 0 0

#Transform 56
Transform: AffineTransform_float_3_3
Parameters: 0.999999 -0.00172194 -0.000379253 0.00172206 0.999998 0.000146347 0.000378746 -0.000147652 1 0.115775 0.107127 0.00487283
FixedParameters: 0 0 0

#Transform 57
Transform: AffineTransform_float_3_3
Parameters: 0.999999 -0.000792015 3.26269e-05 0.000791984 0.999999 0.000471026 -3.2373e-05 -0.000470974 1 0.0915508 0.0842759 0.0122939
FixedParameters: 0 0 0

#Transform 58
Transform: AffineTransform_float_3_3
Parameters: 0.999999 -0.000905816 -0.000166997 0.000906183 0.999999 0.00110085 0.000166002 -0.00110115 1 0.0689218 0.0366207 0.0274002
FixedParameters: 0 0 0

#Transform 59
Transform: AffineTransform_float_3_3
Parameters: 1 -0.00101367 -0.000192722 0.00101333 0.999998 0.00169781 0.00019128 -0.0016982 0.999999 0.0594472 0.00298165 0.0543871
FixedParameters: 0 0 0

#Transform 60
Transform: AffineTransform_float_3_3
Parameters: 0.999998 -0.00149701 -0.000638326 0.00149799 0.999997 0.00155304 0.000636673 -0.00155395 0.999998 0.104701 0.0321459 0.0534553
FixedParameters: 0 0 0

#Transform 61
Transform: AffineTransform_float_3_3
Parameters: 0.999999 -0.0014274 -0.000303845 0.0014276 0.999997 0.00199257 0.000301155 -0.00199343 0.999998 0.123149 0.0305657 0.0487107
FixedParameters: 0 0 0

#Transform 62
Transform: AffineTransform_float_3_3
Parameters: 0.999999 -0.00122638 -0.000303503 0.00122662 0.999997 0.00204063 0.000301497 -0.00204137 0.999998 0.144816 0.0244353 0.0518091
FixedParameters: 0 0 0

#Transform 63
Transform: AffineTransform_float_3_3
Parameters: 0.999999 -0.00129003 2.01333e-05 0.00128997 0.999998 0.00144703 -2.18666e-05 -0.00144697 0.999999 0.0702654 0.055155 0.0368453
FixedParameters: 0 0 0

#Transform 64
Transform: AffineTransform_float_3_3
Parameters: 0.999998 -0.00134661 -0.0011057 0.00134839 0.999999 0.00126151 0.0011043 -0.00126249 0.999998 0.111797 0.0395079 0.0612451
FixedParameters: 0 0 0

#Transform 65
Transform: AffineTransform_float_3_3
Parameters: 0.999999 -0.00122652 -0.00135743 0.00122648 0.999999 0.000352336 0.00135757 -0.000353666 0.999999 0.142176 0.127016 0.0333795
FixedParameters: 0 0 0

#Transform 66
Transform: AffineTransform_float_3_3
Parameters: 0.999997 -0.00208416 -0.00108739 0.00208784 0.999991 0.00353974 0.00108061 -0.00354226 0.999993 0.12142 -0.00808097 0.103508
FixedParameters: 0 0 0

#Transform 67
Transform: AffineTransform_float_3_3
Parameters: 0.999998 -0.00159891 -0.000599607 0.00160009 0.999992 0.00350404 0.000593396 -0.00350495 0.999993 0.0896636 0.0127633 0.0626137
FixedParameters: 0 0 0

#Transform 68
Transform: AffineTransform_float_3_3
Parameters: 0.999997 -0.00193129 -0.00146957 0.00193371 0.999997 0.00184516 0.00146643 -0.00184784 0.999997 0.126423 0.0889722 0.0543052
FixedParameters: 0 0 0

#Transform 69
Transform: AffineTransform_float_3_3
Parameters: 0.999998 -0.00167987 -0.00127844 0.00168413 0.999994 0.00323386 0.00127256 -0.00323515 0.999994 0.0990869 0.00921634 0.0758109
FixedParameters: 0 0 0

#Transform 70
Transform: AffineTransform_float_3_3
Parameters: 0.999998 -0.00158672 -0.00127834 0.00159128 0.999993 0.00335797 0.00127266 -0.00336003 0.999993 0.112297 0.0231912 0.0880241
FixedParameters: 0 0 0

#Transform 71
Transform: AffineTransform_float_3_3
Parameters: 0.999992 -0.000143097 -0.00417043 0.000154904 0.999996 0.00285438 0.00416958 -0.00285462 0.999987 0.173256 0.00389265 0.132309
FixedParameters: 0 0 0

#Transform 72
Transform: AffineTransform_float_3_3
Parameters: 0.999997 -0.00117441 -0.002199 0.00117959 0.999996 0.00254342 0.00219601 -0.00254659 0.999995 0.115739 -0.00465408 0.110324
FixedParameters: 0 0 0

#Transform 73
Transform: AffineTransform_float_3_3
Parameters: 0.999999 -0.00171584 -0.000716785 0.00171716 0.999997 0.00162177 0.000714215 -0.00162323 0.999999 0.056495 0.0771483 0.0347289
FixedParameters: 0 0 0

#Transform 74
Transform: AffineTransform_float_3_3
Parameters: 0.999999 -0.00166462 -0.00061773 0.00166638 0.999996 0.00223898 0.000614272 -0.00223903 0.999998 0.0289202 0.0280089 0.0680379
FixedParameters: 0 0 0

#Transform 75
Transform: AffineTransform_float_3_3
Parameters: 0.999999 -0.00141483 -0.000616693 0.00141617 0.999997 0.00190213 0.000614307 -0.00190287 0.999998 0.0556085 0.0209668 0.0859488
FixedParameters: 0 0 0

#Transform 76
Transform: AffineTransform_float_3_3
Parameters: 0.999998 -0.00150108 -0.00114484 0.00150392 0.999995 0.00255728 0.00114116 -0.00255872 0.999996 0.0684729 -0.0317585 0.135025
FixedParameters: 0 0 0

#Transform 77
Transform: AffineTransform_float_3_3
Parameters: 0.999998 -0.00159497 -0.0013159 0.00159903 0.999994 0.0030659 0.0013111 -0.0030681 0.999995 0.09241 -0.0710135 0.165972
FixedParameters: 0 0 0

#Transform 78
Transform: AffineTransform_float_3_3
Parameters: 1 -0.000775506 -0.000753576 0.000778496 0.999994 0.00331542 0.000751424 -0.00331559 0.999994 0.110399 -0.0902708 0.190707
FixedParameters: 0 0 0

#Transform 79
Transform: AffineTransform_float_3_3
Parameters: 0.999999 -0.000686521 -0.00134878 0.00069048 0.999997 0.00258107 0.00134722 -0.00258193 0.999996 0.170627 -0.0268811 0.150302
FixedParameters: 0 0 0

#Transform 80
Transform: AffineTransform_float_3_3
Parameters: 1 -0.000379971 -0.00050178 0.000381029 0.999998 0.00205081 0.000501219 -0.00205119 0.999998 0.111014 -0.0069199 0.105567
FixedParameters: 0 0 0

#Transform 81
Transform: AffineTransform_float_3_3
Parameters: 1 -0.000462015 -0.000501909 0.000462985 0.999998 0.00196477 0.000501091 -0.00196423 0.999998 0.125103 0.00246572 0.108866
FixedParameters: 0 0 0

#Transform 82
Transform: AffineTransform_float_3_3
Parameters: 0.999999 -0.000673486 -0.00110254 0.000676516 0.999997 0.00228226 0.00110146 -0.00228274 0.999997 0.183095 -0.0114975 0.111633
FixedParameters: 0 0 0

#Transform 83
Transform: AffineTransform_float_3_3
Parameters: 0.999998 -0.000979593 -0.00138242 0.000983408 0.999997 0.00246565 0.00138058 -0.00246736 0.999996 0.22803 -0.0558304 0.175909
FixedParameters: 0 0 0

#Transform 84
Transform: AffineTransform_float_3_3
Parameters: 0.999999 -0.000915587 -0.00122755 0.00091941 0.999995 0.00278187 0.00122445 -0.00278312 0.999996 0.254542 -0.0402067 0.118992
FixedParameters: 0 0 0

#Transform 85
Transform: AffineTransform_float_3_3
Parameters: 0.999998 -0.000977422 -0.00134407 0.000982576 0.999991 0.00415469 0.00133993 -0.00415632 0.999991 0.174907 -0.131994 0.194215
FixedParameters: 0 0 0

#Transform 86
Transform: AffineTransform_float_3_3
Parameters: 0.999999 -0.000979659 -0.00104614 0.000983341 0.999995 0.00319798 0.00104286 -0.00319903 0.999995 0.115283 -0.0658759 0.140402
FixedParameters: 0 0 0

#Transform 87
Transform: AffineTransform_float_3_3
Parameters: 0.999999 -0.000979299 -0.00107937 0.000982702 0.999993 0.00343294 0.00107663 -0.00343406 0.999993 0.118508 -0.0711791 0.137376
FixedParameters: 0 0 0

#Transform 88
Transform: AffineTransform_float_3_3
Parameters: 0.999999 -0.000977074 -0.00153579 0.000982927 0.999992 0.0038625 0.00153221 -0.00386451 0.999992 0.138062 -0.0929816 0.162641
FixedParameters: 0 0 0

#Transform 89
Transform: AffineTransform_float_3_3
Parameters: 0.999999 -0.00083939 -0.00105887 0.00084261 0.999994 0.00341311 0.00105613 -0.00341389 0.999993 0.112856 -0.0404954 0.106348
FixedParameters: 0 0 0

#Transform 90
Transform: AffineTransform_float_3_3
Parameters: 0.999999 -0.00103327 -0.00110743 0.00103873 0.999991 0.00428086 0.00110256 -0.00428215 0.99999 0.152016 -0.0890503 0.136982
FixedParameters: 0 0 0

#Transform 91
Transform: AffineTransform_float_3_3
Parameters: 0.999997 -0.00187338 -0.00111084 0.00187862 0.99999 0.00417692 0.00110216 -0.00417908 0.99999 0.130641 -0.0907333 0.145899
FixedParameters: 0 0 0

#Transform 92
Transform: AffineTransform_float_3_3
Parameters: 0.999998 -0.00192348 -0.000867852 0.00192652 0.99999 0.00407734 0.000860149 -0.00407966 0.999992 0.119431 -0.0888726 0.188469
FixedParameters: 0 0 0

#Transform 93
Transform: AffineTransform_float_3_3
Parameters: 0.999999 -0.000838121 -0.000199721 0.000838879 0.99999 0.00443783 0.000196279 -0.00443817 0.99999 0.0958639 -0.156482 0.254805
FixedParameters: 0 0 0

#Transform 94
Transform: AffineTransform_float_3_3
Parameters: 0.999998 -0.00155727 -0.00138833 0.00156173 0.999993 0.00341484 0.00138267 -0.00341716 0.999993 0.145804 -0.0890698 0.198021
FixedParameters: 0 0 0

#Transform 95
Transform: AffineTransform_float_3_3
Parameters: 0.999998 -0.00155002 -0.00127408 0.00155498 0.999991 0.00391603 0.00126792 -0.00391798 0.999992 0.144002 -0.0938022 0.19101
FixedParameters: 0 0 0

#Transform 96
Transform: AffineTransform_float_3_3
Parameters: 0.999998 -0.0013477 -0.00133037 0.00135231 0.999994 0.00323921 0.00132663 -0.00324079 0.999994 0.127317 -0.0604581 0.212988
FixedParameters: 0 0 0

#Transform 97
Transform: AffineTransform_float_3_3
Parameters: 0.999999 -0.00142797 -0.00120062 0.00143103 0.999996 0.00252829 0.00119738 -0.00253071 0.999996 0.138483 -0.0290206 0.168085
FixedParameters: 0 0 0

#Transform 98
Transform: AffineTransform_float_3_3
Parameters: 0.999998 -0.00167946 -0.000546734 0.00168053 0.999994 0.00281708 0.000542267 -0.00281791 0.999996 0.103761 -0.0367301 0.18017
FixedParameters: 0 0 0

#Transform 99
Transform: AffineTransform_float_3_3
Parameters: 0.999999 -0.00178421 -0.00029677 0.00178479 0.999995 0.00267248 0.00029223 -0.00267353 0.999997 0.0997203 -0.0484536 0.182955
FixedParameters: 0 0 0

#Transform 100
Transform: AffineTransform_float_3_3
Parameters: 0.999997 -0.00195607 0.000928648 0.00195393 0.999995 0.00222682 -0.000933352 -0.00222518 0.999997 0.0436561 -0.0361963 0.173477
FixedParameters: 0 0 0

#Transform 101
Transform: AffineTransform_float_3_3
Parameters: 0.999998 -0.00195377 -0.000111201 0.00195423 0.999996 0.00214979 0.000106798 -0.00215021 0.999997 0.0976056 -0.0191792 0.183933
FixedParameters: 0 0 0

#Transform 102
Transform: AffineTransform_float_3_3
Parameters: 0.999998 -0.0020697 -0.000114512 0.0020693 0.999995 0.00266277 0.00010949 -0.00266323 0.999997 0.0887593 -0.0368885 0.183658
FixedParameters: 0 0 0

#Transform 103
Transform: AffineTransform_float_3_3
Parameters: 0.999999 -0.001727 -0.000708886 0.001729 0.999994 0.00282678 0.000704116 -0.00282722 0.999996 0.0993666 -0.0706636 0.208075
FixedParameters: 0 0 0

#Transform 104
Transform: AffineTransform_float_3_3
Parameters: 0.999998 -0.0015461 0.000559967 0.0015459 0.999997 0.00196287 -0.000563035 -0.00196213 0.999998 0.00679718 -0.030077 0.130221
FixedParameters: 0 0 0

#Transform 105
Transform: AffineTransform_float_3_3
Parameters: 0.999997 -0.00141969 0.00199065 0.00142231 0.999999 -0.00115917 -0.00198935 0.00116183 0.999998 -0.0427554 0.136215 0.121884
FixedParameters: 0 0 0

#Transform 106
Transform: AffineTransform_float_3_3
Parameters: 0.999998 -0.0014483 0.000807458 0.0014487 0.999999 0.00037417 -0.000807542 -0.000373831 0.999999 0.0093855 0.0648085 0.123752
FixedParameters: 0 0 0

#Transform 107
Transform: AffineTransform_float_3_3
Parameters: 0.999999 -0.00146017 0.000508501 0.00145983 0.999999 0.000341743 -0.000508499 -0.000341258 1 0.0102606 0.0600423 0.108171
FixedParameters: 0 0 0

#Transform 108
Transform: AffineTransform_float_3_3
Parameters: 0.999999 -0.00146002 2.6867e-05 0.00145998 0.999998 0.00077604 -2.81329e-05 -0.000775959 0.999999 0.0390095 0.0279273 0.137631
FixedParameters: 0 0 0

#Transform 109
Transform: AffineTransform_float_3_3
Parameters: 0.999999 -0.00145993 -0.000219454 0.00146007 0.999999 0.00031068 0.000218546 -0.000311319 1 0.0563826 0.0423702 0.137586
FixedParameters: 0 0 0

#Transform 110
Transform: AffineTransform_float_3_3
Parameters: 0.999999 -0.00145986 -0.000149365 0.00146014 0.999998 0.000934782 0.000147635 -0.000935216 0.999999 0.048704 0.0270743 0.131165
FixedParameters: 0 0 0

#Transform 111
Transform: AffineTransform_float_3_3
Parameters: 0.999999 -0.00146014 8.36521e-05 0.00145986 0.999997 0.00160812 -8.53475e-05 -0.00160788 0.999998 0.0148114 -0.0125486 0.189497
FixedParameters: 0 0 0

#Transform 112
Transform: AffineTransform_float_3_3
Parameters: 0.999999 -0.00139393 -4.89724e-05 0.00139407 0.999998 0.00141493 4.70274e-05 -0.00141507 0.999999 0.0291051 -0.00873212 0.171914
FixedParameters: 0 0 0

#Transform 113
Transform: AffineTransform_float_3_3
Parameters: 0.999999 -0.00146031 0.000262303 0.00145969 0.999999 0.00116238 -0.000263696 -0.00116162 1 0.0653428 0.0218889 0.121438
FixedParameters: 0 0 0

#Transform 114
Transform: AffineTransform_float_3_3
Parameters: 0.999999 -0.00105256 -0.000717648 0.00105344 1 0.000615244 0.000716352 -0.000615754 0.999999 0.16853 0.0377785 0.110763
FixedParameters: 0 0 0

#Transform 115
Transform: AffineTransform_float_3_3
Parameters: 0.999999 -0.00161481 0.000909558 0.00161419 0.999999 0.00089447 -0.000910443 -0.000892532 0.999999 -0.00770886 0.0520002 0.0509869
FixedParameters: 0 0 0

#Transform 116
Transform: AffineTransform_float_3_3
Parameters: 0.999998 -0.00146185 0.00138806 0.00146015 0.999998 0.00133103 -0.00138994 -0.00132897 0.999998 -0.0217521 0.042463 0.0468263
FixedParameters: 0 0 0

#Transform 117
Transform: AffineTransform_float_3_3
Parameters: 1 -0.00105141 -0.000409519 0.00105159 0.999999 0.00144357 0.000407483 -0.00144343 0.999999 0.228984 0.136852 -0.117957
FixedParameters: 0 0 0

#Transform 118
Transform: AffineTransform_float_3_3
Parameters: 1 -0.000916463 -0.000745131 0.000919536 0.999994 0.00341132 0.000741868 -0.00341168 0.999994 0.135756 -0.0489184 0.153667
FixedParameters: 0 0 0

#Transform 119
Transform: AffineTransform_float_3_3
Parameters: 0.999998 -0.00194455 -0.00118202 0.00195345 0.999972 0.00719171 0.00116798 -0.00719329 0.999974 0.315624 -0.173736 0.0582458
FixedParameters: 0 0 0

#Transform 120
Transform: AffineTransform_float_3_3
Parameters: 0.999998 -0.00194735 -0.00103372 0.00195366 0.999983 0.005496 0.00102328 -0.00549801 0.999985 0.16772 -0.109029 0.109917
FixedParameters: 0 0 0

#Transform 121
Transform: AffineTransform_float_3_3
Parameters: 0.999998 -0.00185775 -0.00078356 0.00186324 0.999975 0.00675055 0.000770439 -0.00675144 0.999977 0.251387 -0.115177 -0.0263586
FixedParameters: 0 0 0

#Transform 122
Transform: AffineTransform_float_3_3
Parameters: 0.999994 -0.00283627 -0.00165354 0.00285473 0.99993 0.0114333 0.00162146 -0.0114377 0.999934 0.276182 -0.205912 -0.189973
FixedParameters: 0 0 0

#Transform 123
Transform: AffineTransform_float_3_3
Parameters: 0.999996 -0.00258555 0.000178868 0.00258345 0.999963 0.00817549 -0.000200126 -0.00817451 0.999966 0.151904 -0.0613286 -0.280167
FixedParameters: 0 0 0

#Transform 124
Transform: AffineTransform_float_3_3
Parameters: 0.999993 -0.00388833 8.7602e-05 0.00388668 0.999921 0.0119344 -0.000134396 -0.0119346 0.999929 0.191568 -0.100488 -0.639821
FixedParameters: 0 0 0

#Transform 125
Transform: AffineTransform_float_3_3
Parameters: 0.999997 -0.00241234 -0.000113123 0.00241266 0.999978 0.00626775 9.78791e-05 -0.00626826 0.999981 0.126536 -0.0927297 0.0412613
FixedParameters: 0 0 0

#Transform 126
Transform: AffineTransform_float_3_3
Parameters: 0.999995 -0.00314527 0.00036813 0.00314273 0.999977 0.00600219 -0.000386871 -0.00600181 0.999982 0.121448 0.0264407 -0.233221
FixedParameters: 0 0 0

#Transform 127
Transform: AffineTransform_float_3_3
Parameters: 0.999994 -0.00325383 8.95877e-05 0.00325316 0.999962 0.00811833 -0.000116412 -0.00811766 0.999967 0.11847 -0.0799585 -0.10061
FixedParameters: 0 0 0

#Transform 128
Transform: AffineTransform_float_3_3
Parameters: 0.999992 -0.00392921 0.000275108 0.0039268 0.999964 0.00761014 -0.00030489 -0.00760886 0.999971 0.115641 -0.076846 -0.0888202
FixedParameters: 0 0 0

#Transform 129
Transform: AffineTransform_float_3_3
Parameters: 0.999994 -0.00362146 0.000514197 0.00361754 0.999972 0.0065769 -0.000537801 -0.0065751 0.999978 0.0983693 -0.0410222 -0.0673837
FixedParameters: 0 0 0

#Transform 130
Transform: AffineTransform_float_3_3
Parameters: 0.999993 -0.0035626 9.59042e-05 0.0035614 0.999977 0.00564138 -0.000116091 -0.00564062 0.999984 0.153612 -0.0389848 -0.00542796
FixedParameters: 0 0 0

#Transform 131
Transform: AffineTransform_float_3_3
Parameters: 0.999991 -0.00377857 -0.00186211 0.00378543 0.999987 0.00346198 0.00184989 -0.00346902 0.999993 0.293401 0.00961435 0.0701162
FixedParameters: 0 0 0

#Transform 132
Transform: AffineTransform_float_3_3
Parameters: 0.999995 -0.00287482 0.000764465 0.00287218 0.999989 0.00366721 -0.000774534 -0.00366479 0.999993 0.0855544 0.0354034 -0.0470168
FixedParameters: 0 0 0

#Transform 133
Transform: AffineTransform_float_3_3
Parameters: 0.999996 -0.00255589 -2.69817e-05 0.0025561 0.999984 0.00507895 1.40176e-05 -0.00507905 0.999987 0.115826 -0.0646457 0.078777
FixedParameters: 0 0 0

#Transform 134
Transform: AffineTransform_float_3_3
Parameters: 0.999997 -0.00252551 -0.000108005 0.00252548 0.999985 0.00475274 9.59971e-05 -0.00475325 0.999988 0.0994897 -0.0739691 0.0950575
FixedParameters: 0 0 0

#Transform 135
Transform: AffineTransform_float_3_3
Parameters: 0.999997 -0.00252523 5.28766e-05 0.00252477 0.999989 0.00400915 -6.21246e-05 -0.00400985 0.999992 0.0897894 -0.0454246 0.0915031
FixedParameters: 0 0 0

#Transform 136
Transform: AffineTransform_float_3_3
Parameters: 0.999997 -0.00263231 0.000306962 0.00263069 0.999987 0.00419482 -0.000318038 -0.00419418 0.999991 0.0800687 -0.0537347 0.119366
FixedParameters: 0 0 0

#Transform 137
Transform: AffineTransform_float_3_3
Parameters: 0.999996 -0.00263073 -8.38474e-05 0.00263127 0.999991 0.00336279 7.51512e-05 -0.00336321 0.999995 0.130959 0.0167585 0.0456013
FixedParameters: 0 0 0

#Transform 138
Transform: AffineTransform_float_3_3
Parameters: 0.999995 -0.00307773 0.000226259 0.00307627 0.999991 0.00316571 -0.00023574 -0.00316529 0.999995 0.131468 0.0163135 0.0442743
FixedParameters: 0 0 0

#Transform 139
Transform: AffineTransform_float_3_3
Parameters: 0.999993 -0.00370765 0.000203495 0.00370735 0.999989 0.00310378 -0.000214507 -0.00310323 0.999995 0.173283 0.0354363 0.051839
FixedParameters: 0 0 0

#Transform 140
Transform: AffineTransform_float_3_3
Parameters: 0.999995 -0.0032338 -6.98566e-05 0.0032342 0.99999 0.00304779 6.01421e-05 -0.00304821 0.999996 0.150954 0.0309021 0.0450635
FixedParameters: 0 0 0

#Transform 141
Transform: AffineTransform_float_3_3
Parameters: 0.999995 -0.00308694 -3.93588e-05 0.00308706 0.999993 0.00173589 3.36438e-05 -0.00173511 0.999999 0.167649 0.10893 0.0131691
FixedParameters: 0 0 0

#Transform 142
Transform: AffineTransform_float_3_3
Parameters: 0.999994 -0.00324914 0.00048137 0.00324786 0.999992 0.00234958 -0.000489631 -0.00234842 0.999997 0.110617 0.0709637 0.00711981
FixedParameters: 0 0 0

#Transform 143
Transform: AffineTransform_float_3_3
Parameters: 0.999995 -0.00330113 0.00061599 0.00329987 0.999993 0.00182204 -0.00062201 -0.00181996 0.999998 0.101188 0.114124 -0.0279777
FixedParameters: 0 0 0

#Transform 144
Transform: AffineTransform_float_3_3
Parameters: 0.999994 -0.00324834 0.000426389 0.00324766 0.999995 0.000804389 -0.000428612 -0.000803612 0.999999 0.144547 0.210884 -0.0971191
FixedParameters: 0 0 0

#Transform 145
Transform: AffineTransform_float_3_3
Parameters: 0.999995 -0.00324859 0.000792596 0.00324742 0.999995 0.000741579 -0.000794406 -0.000739424 1 0.0727982 0.182864 -0.0193801
FixedParameters: 0 0 0

#Transform 146
Transform: AffineTransform_float_3_3
Parameters: 0.999994 -0.00324828 0.000365523 0.00324772 0.999995 0.000763191 -0.000368476 -0.000761807 0.999999 0.0978495 0.166308 -0.0220692
FixedParameters: 0 0 0

#Transform 147
Transform: AffineTransform_float_3_3
Parameters: 0.999995 -0.00324865 0.000572314 0.00324735 0.999994 0.00113586 -0.000576687 -0.00113413 0.999999 0.0745114 0.162707 -0.0312196
FixedParameters: 0 0 0

#Transform 148
Transform: AffineTransform_float_3_3
Parameters: 0.999994 -0.00324864 0.000531067 0.00324735 0.999994 0.00121173 -0.000534933 -0.00121027 0.999999 0.0766152 0.149475 -0.0134099
FixedParameters: 0 0 0

#Transform 149
Transform: AffineTransform_float_3_3
Parameters: 0.999994 -0.00324911 0.000544418 0.00324789 0.999992 0.00202678 -0.000550581 -0.00202522 0.999998 0.095146 0.117468 0.00231266
FixedParameters: 0 0 0

#Transform 150
Transform: AffineTransform_float_3_3
Parameters: 0.999994 -0.00324914 0.000480327 0.00324785 0.999992 0.00236257 -0.000488673 -0.00236143 0.999997 0.0877373 0.112219 0.0280558
FixedParameters: 0 0 0

#Transform 151
Transform: AffineTransform_float_3_3
Parameters: 0.999994 -0.00339007 0.000480486 0.00338893 0.999992 0.00221764 -0.000488515 -0.00221636 0.999998 0.090906 0.127722 0.00768277
FixedParameters: 0 0 0

#Transform 152
Transform: AffineTransform_float_3_3
Parameters: 0.999995 -0.00333342 0.000595105 0.00333258 0.999991 0.00237 -0.000602897 -0.002368 0.999997 0.0819047 0.12484 0.00266006
FixedParameters: 0 0 0

#Transform 153
Transform: AffineTransform_float_3_3
Parameters: 0.999994 -0.00349817 5.15298e-05 0.00349783 0.99999 0.0029932 -6.24724e-05 -0.0029938 0.999995 0.122591 0.0821642 0.0431536
FixedParameters: 0 0 0

#Transform 154
Transform: AffineTransform_float_3_3
Parameters: 0.999994 -0.00324752 -0.000176989 0.00324748 0.999991 0.00276744 0.000168014 -0.00276756 0.999996 0.124939 0.104736 0.033727
FixedParameters: 0 0 0

#Transform 155
Transform: AffineTransform_float_3_3
Parameters: 0.999994 -0.00324856 0.000224966 0.00324743 0.999991 0.00247374 -0.000233034 -0.00247326 0.999997 0.113262 0.128338 0.0156297
FixedParameters: 0 0 0

#Transform 156
Transform: AffineTransform_float_3_3
Parameters: 0.999994 -0.00324849 0.000165543 0.0032475 0.99999 0.00291155 -0.000175453 -0.00291044 0.999995 0.126193 0.108473 0.0120128
FixedParameters: 0 0 0

#Transform 157
Transform: AffineTransform_float_3_3
Parameters: 0.999994 -0.00324841 0.000130258 0.0032476 0.99999 0.00299944 -0.000139739 -0.00299856 0.999995 0.12412 0.0990638 0.0141298
FixedParameters: 0 0 0

#Transform 158
Transform: AffineTransform_float_3_3
Parameters: 0.999994 -0.0032463 -0.000517749 0.0032477 0.99999 0.00330934 0.000507253 -0.00331067 0.999995 0.179924 0.0714021 0.0449051
FixedParameters: 0 0 0

#Transform 159
Transform: AffineTransform_float_3_3
Parameters: 0.999994 -0.00302811 -0.00120535 0.00303289 0.999987 0.00407337 0.00119365 -0.00407664 0.999991 0.249816 0.0291861 0.0717755
FixedParameters: 0 0 0

#Transform 160
Transform: AffineTransform_float_3_3
Parameters: 0.999995 -0.00285136 -0.00063299 0.00285463 0.999987 0.00420221 0.000621008 -0.00420379 0.999991 0.197747 -0.00203558 0.0979513
FixedParameters: 0 0 0

#Transform 161
Transform: AffineTransform_float_3_3
Parameters: 0.999995 -0.00303967 -0.000682039 0.00304334 0.999983 0.00494395 0.000666959 -0.00494605 0.999987 0.161632 -0.0544061 0.159083
FixedParameters: 0 0 0

#Transform 162
Transform: AffineTransform_float_3_3
Parameters: 0.999996 -0.00279163 -0.000298112 0.00279337 0.999985 0.00469519 0.000284884 -0.00469681 0.999989 0.116143 -0.0576983 0.141567
FixedParameters: 0 0 0

#Transform 163
Transform: AffineTransform_float_3_3
Parameters: 0.999996 -0.00279275 -6.49198e-05 0.00279325 0.999987 0.00426783 5.30786e-05 -0.00426816 0.999991 0.110462 -0.0235902 0.141299
FixedParameters: 0 0 0

#Transform 164
Transform: AffineTransform_float_3_3
Parameters: 0.999995 -0.00290488 -0.000268399 0.00290612 0.999986 0.00426724 0.000256601 -0.00426776 0.999991 0.100655 -0.033612 0.145568
FixedParameters: 0 0 0

#Transform 165
Transform: AffineTransform_float_3_3
Parameters: 0.999996 -0.00304148 -0.000368782 0.00304352 0.999986 0.0042009 0.000356216 -0.0042021 0.999991 0.142014 -0.0305014 0.13327
FixedParameters: 0 0 0

#Transform 166
Transform: AffineTransform_float_3_3
Parameters: 0.999995 -0.00313784 -4.50756e-05 0.00313816 0.999987 0.00416688 3.19265e-05 -0.00416612 0.999992 0.118078 -0.0577473 0.135594
FixedParameters: 0 0 0

#Transform 167
Transform: AffineTransform_float_3_3
Parameters: 0.999994 -0.00325357 0.000515157 0.00325243 0.99999 0.00302669 -0.000524845 -0.00302531 0.999996 0.0893504 0.00813745 0.0931829
FixedParameters: 0 0 0

#Transform 168
Transform: AffineTransform_float_3_3
Parameters: 0.999996 -0.00256122 6.48656e-05 0.00256078 0.999991 0.00317618 -7.31332e-05 -0.00317582 0.999995 0.125138 -0.00397904 0.109543
FixedParameters: 0 0 0

#Transform 169
Transform: AffineTransform_float_3_3
Parameters: 0.999996 -0.00303285 -5.36112e-05 0.00303216 0.999991 0.00316885 4.33911e-05 -0.00316915 0.999995 0.150501 0.0186564 0.0883052
FixedParameters: 0 0 0

#Transform 170
Transform: AffineTransform_float_3_3
Parameters: 0.999995 -0.00325368 0.000554216 0.00325232 0.99999 0.00300882 -0.000563786 -0.00300718 0.999996 0.0876473 0.0281883 0.0680656
FixedParameters: 0 0 0

#Transform 171
Transform: AffineTransform_float_3_3
Parameters: 0.999995 -0.00325342 0.000555738 0.00325258 0.999992 0.00254082 -0.000564261 -0.00253818 0.999996 0.118392 0.0314955 0.0821705
FixedParameters: 0 0 0

#Transform 172
Transform: AffineTransform_float_3_3
Parameters: 0.999996 -0.00299403 0.000370745 0.00299297 0.999991 0.00275812 -0.000378258 -0.00275788 0.999996 0.122626 0.0217737 0.0756746
FixedParameters: 0 0 0

#Transform 173
Transform: AffineTransform_float_3_3
Parameters: 0.999995 -0.00307621 0.000449805 0.00307479 0.999991 0.0026654 -0.000458194 -0.0026636 0.999997 0.0933269 0.0369878 0.0675979
FixedParameters: 0 0 0

#Transform 174
Transform: AffineTransform_float_3_3
Parameters: 0.999995 -0.00290793 0.000384044 0.00290707 0.999993 0.00239313 -0.000390956 -0.00239187 0.999997 0.0960218 0.0443271 0.0620865
FixedParameters: 0 0 0

#Transform 175
Transform: AffineTransform_float_3_3
Parameters: 0.999995 -0.00336387 -7.44685e-05 0.00336414 0.999993 0.00192276 6.85305e-05 -0.00192324 0.999998 0.145435 0.0850106 0.0422465
FixedParameters: 0 0 0

#Transform 176
Transform: AffineTransform_float_3_3
Parameters: 0.999994 -0.00363679 0.000400881 0.00363621 0.999992 0.00195847 -0.000408122 -0.00195753 0.999998 0.0873232 0.0848736 0.055914
FixedParameters: 0 0 0

#Transform 177
Transform: AffineTransform_float_3_3
Parameters: 0.999992 -0.00402515 5.96089e-05 0.00402485 0.999989 0.00233326 -6.83937e-05 -0.00233374 0.999998 0.119404 0.0683915 0.0674173
FixedParameters: 0 0 0

#Transform 178
Transform: AffineTransform_float_3_3
Parameters: 0.999991 -0.00403011 0.000675398 0.00402988 0.99999 0.00163974 -0.0006826 -0.00163626 0.999999 0.099569 0.139319 -0.0122676
FixedParameters: 0 0 0

#Transform 179
Transform: AffineTransform_float_3_3
Parameters: 0.99999 -0.00430157 0.000720604 0.00430143 0.999991 0.000791108 -0.000724396 -0.000787892 1 0.102253 0.208879 -0.0506722
FixedParameters: 0 0 0
