#Insight Transform File V1.0
#Transform 0
Transform: AffineTransform_float_3_3
Parameters: 1 -0.000291859 -0.000148278 0.000292141 1 0.000952958 0.000147722 -0.000953044 1 0.051877 -0.0917627 -0.31461
FixedParameters: 0 0 0

#Transform 1
Transform: AffineTransform_float_3_3
Parameters: 1 0.000491002 0.000469998 -0.000490998 1 -3.23077e-06 -0.000470002 3.76923e-06 1 0.000346111 0.0333904 0.019585
FixedParameters: 0 0 0

#Transform 2
Transform: AffineTransform_float_3_3
Parameters: 0.999999 0.000344151 0.000732928 -0.000343848 1 -0.000207252 -0.000733071 0.000206748 0.999999 -0.0158345 0.0772343 0.0195666
FixedParameters: 0 0 0

#Transform 3
Transform: AffineTransform_float_3_3
Parameters: 1 0.000390232 0.000386766 -0.000389768 0.999999 -0.000600151 -0.000386234 0.000600849 0.999999 0.00739376 0.124327 0.0227272
FixedParameters: 0 0 0

#Transform 4
Transform: AffineTransform_float_3_3
Parameters: 1 8.40398e-05 5.39381e-05 -8.39602e-05 0.999999 -0.000737004 -5.40619e-05 0.000736995 0.999999 0.0990683 0.141223 0.0236703
FixedParameters: 0 0 0

#Transform 5
Transform: AffineTransform_float_3_3
Parameters: 0.999999 0.00076281 -0.000237612 -0.000763191 1 -0.000801819 0.000237388 0.000802181 0.999999 0.0851951 0.136893 0.0255007
FixedParameters: 0 0 0

#Transform 6
Transform: AffineTransform_float_3_3
Parameters: 1 0.000932421 0.000610838 -0.000931579 0.999997 -0.00232157 -0.000613165 0.00232143 0.999997 0.0512284 0.229853 -0.0287781
FixedParameters: 0 0 0

#Transform 7
Transform: AffineTransform_float_3_3
Parameters: 0.999999 0.000918881 -4.92523e-05 -0.000919117 0.999996 -0.00245095 4.67473e-05 0.00245104 0.999997 0.0830904 0.234737 -0.0308279
FixedParameters: 0 0 0

#Transform 8
Transform: AffineTransform_float_3_3
Parameters: 1 0.00101344 0.000249207 -0.00101256 0.999998 -0.00177025 -0.000251794 0.00177075 0.999999 0.0526751 0.185434 -0.0187138
FixedParameters: 0 0 0

#Transform 9
Transform: AffineTransform_float_3_3
Parameters: 1 0.000738598 0.000818562 -0.000737404 0.999998 -0.0019496 -0.000819439 0.0019494 0.999998 0.026207 0.222631 -0.00644022
FixedParameters: 0 0 0

#Transform 10
Transform: AffineTransform_float_3_3
Parameters: 0.999999 0.000653378 0.000606519 -0.000652621 0.999997 -0.0022694 -0.000608483 0.0022696 0.999997 0.0480698 0.208716 0.0076417
FixedParameters: 0 0 0

#Transform 11
Transform: AffineTransform_float_3_3
Parameters: 0.999999 0.000653445 0.000656566 -0.000652555 0.999998 -0.00219743 -0.000658436 0.00219757 0.999998 0.0304856 0.21018 0.0136282
FixedParameters: 0 0 0

#Transform 12
Transform: AffineTransform_float_3_3
Parameters: 0.999999 0.000652771 0.000302341 -0.00065223 0.999997 -0.0025422 -0.000303659 0.0025418 0.999996 0.0400436 0.236941 0.0394955
FixedParameters: 0 0 0

#Transform 13
Transform: AffineTransform_float_3_3
Parameters: 0.999999 0.000336988 0.000794159 -0.000335013 0.999997 -0.00250127 -0.00079484 0.00250173 0.999996 -0.00230246 0.206928 0.0766115
FixedParameters: 0 0 0

#Transform 14
Transform: AffineTransform_float_3_3
Parameters: 0.999999 0.000490259 0.000837681 -0.000487742 0.999996 -0.00269541 -0.000838317 0.00269459 0.999996 0.00551326 0.212429 0.0731415
FixedParameters: 0 0 0

#Transform 15
Transform: AffineTransform_float_3_3
Parameters: 0.999999 0.000653313 0.000571502 -0.000652685 0.999997 -0.00229537 -0.000573499 0.00229463 0.999997 0.0170833 0.195433 0.0569993
FixedParameters: 0 0 0

#Transform 16
Transform: AffineTransform_float_3_3
Parameters: 1 0.000653718 0.000724454 -0.000652281 0.999997 -0.00236947 -0.000726547 0.00236853 0.999997 0.00981984 0.210725 0.0586971
FixedParameters: 0 0 0

#Transform 17
Transform: AffineTransform_float_3_3
Parameters: 1 0.000169785 0.000658542 -0.000168216 0.999997 -0.00271011 -0.000658458 0.00270989 0.999996 0.0166927 0.238515 0.0556478
FixedParameters: 0 0 0

#Transform 18
Transform: AffineTransform_float_3_3
Parameters: 1 0.000215713 0.000636422 -0.000214288 0.999997 -0.00269114 -0.000636579 0.00269086 0.999996 0.0174147 0.212491 0.0492354
FixedParameters: 0 0 0

#Transform 19
Transform: AffineTransform_float_3_3
Parameters: 0.999999 0.000653675 0.000633276 -0.000652326 0.999997 -0.00264142 -0.000634725 0.00264059 0.999997 0.00585301 0.220614 0.0370595
FixedParameters: 0 0 0

#Transform 20
Transform: AffineTransform_float_3_3
Parameters: 0.999999 0.000653919 0.000671134 -0.00065208 0.999995 -0.00285644 -0.000672865 0.00285656 0.999995 0.00749848 0.241184 0.0458434
FixedParameters: 0 0 0

#Transform 21
Transform: AffineTransform_float_3_3
Parameters: 1 0.000903722 0.000768981 -0.000902278 0.999997 -0.0022367 -0.000771019 0.00223531 0.999997 -0.00877186 0.197003 0.0269501
FixedParameters: 0 0 0

#Transform 22
Transform: AffineTransform_float_3_3
Parameters: 1 0.000564671 0.00103955 -0.000562328 0.999996 -0.00256759 -0.00104145 0.00256741 0.999996 -0.0192186 0.230846 0.0257758
FixedParameters: 0 0 0

#Transform 23
Transform: AffineTransform_float_3_3
Parameters: 0.999999 0.000653995 0.000704152 -0.000652005 0.999996 -0.00282946 -0.000705847 0.00282954 0.999995 -0.000168775 0.245433 0.0104011
FixedParameters: 0 0 0

#Transform 24
Transform: AffineTransform_float_3_3
Parameters: 0.999999 0.000655098 0.00113822 -0.000652903 0.999996 -0.00271974 -0.00113978 0.00271925 0.999995 -0.0200864 0.239803 0.0315292
FixedParameters: 0 0 0

#Transform 25
Transform: AffineTransform_float_3_3
Parameters: 1 0.000603507 0.000797108 -0.000601491 0.999995 -0.00314148 -0.000799893 0.00314052 0.999994 0.0111881 0.266005 0.0174118
FixedParameters: 0 0 0

#Transform 26
Transform: AffineTransform_float_3_3
Parameters: 1 0.000169739 0.0011476 -0.00016726 0.999997 -0.0023862 -0.0011484 0.00238581 0.999997 -0.00233458 0.211561 0.0260886
FixedParameters: 0 0 0

#Transform 27
Transform: AffineTransform_float_3_3
Parameters: 1 0.000420095 0.00110783 -0.000416905 0.999996 -0.00279247 -0.00110917 0.00279154 0.999996 -0.0023367 0.260011 0.0329743
FixedParameters: 0 0 0

#Transform 28
Transform: AffineTransform_float_3_3
Parameters: 1 0.000169668 0.00115761 -0.000167333 0.999998 -0.0023032 -0.00115839 0.00230381 0.999996 -0.00283136 0.212178 0.00393248
FixedParameters: 0 0 0

#Transform 29
Transform: AffineTransform_float_3_3
Parameters: 0.999999 0.000344786 0.00126798 -0.000341215 0.999996 -0.00298444 -0.00126902 0.00298457 0.999994 -0.00458294 0.280116 0.0264867
FixedParameters: 0 0 0

#Transform 30
Transform: AffineTransform_float_3_3
Parameters: 0.999999 0.000397982 0.0013111 -0.000395019 0.999998 -0.00227352 -0.0013119 0.00227348 0.999996 -0.0119532 0.229949 0.0163418
FixedParameters: 0 0 0

#Transform 31
Transform: AffineTransform_float_3_3
Parameters: 1 7.28499e-05 0.00119477 -6.81493e-05 0.999995 -0.00322208 -0.00119523 0.00322191 0.999994 -0.0163321 0.28892 0.0390458
FixedParameters: 0 0 0

#Transform 32
Transform: AffineTransform_float_3_3
Parameters: 1 0.00039743 0.00102606 -0.000395571 0.999997 -0.00236641 -0.00102694 0.00236659 0.999996 -0.0232032 0.216109 0.021832
FixedParameters: 0 0 0

#Transform 33
Transform: AffineTransform_float_3_3
Parameters: 1 -0.000152633 0.00109547 0.000156368 0.999996 -0.00307383 -0.00109552 0.00307417 0.999994 -0.0111456 0.264409 0.0571934
FixedParameters: 0 0 0

#Transform 34
Transform: AffineTransform_float_3_3
Parameters: 0.999999 -0.000161302 0.00128834 0.000163699 0.999998 -0.00209379 -0.00128866 0.00209421 0.999997 -0.00565848 0.201645 0.0343884
FixedParameters: 0 0 0

#Transform 35
Transform: AffineTransform_float_3_3
Parameters: 1 -0.000210594 0.00114963 0.000213403 0.999995 -0.00296276 -0.00114837 0.00296324 0.999995 -0.0164296 0.255021 0.0696984
FixedParameters: 0 0 0

#Transform 36
Transform: AffineTransform_float_3_3
Parameters: 1 -0.000429334 0.00113301 0.000432667 0.999997 -0.00235451 -0.00113198 0.00235449 0.999996 -0.0138815 0.214201 0.0681159
FixedParameters: 0 0 0

#Transform 37
Transform: AffineTransform_float_3_3
Parameters: 0.999999 -0.000414317 0.00130218 0.000417683 0.999996 -0.00282946 -0.00130082 0.00282954 0.999995 -0.022106 0.2641 0.0629821
FixedParameters: 0 0 0

#Transform 38
Transform: AffineTransform_float_3_3
Parameters: 0.999999 -0.000597083 0.00111956 0.000599918 0.999996 -0.00260733 -0.00111844 0.00260767 0.999996 0.00209367 0.237249 0.037655
FixedParameters: 0 0 0

#Transform 39
Transform: AffineTransform_float_3_3
Parameters: 0.999999 -0.000614573 0.00169861 0.000619426 0.999997 -0.00260695 -0.00169639 0.00260805 0.999995 -0.0344227 0.236987 0.0934899
FixedParameters: 0 0 0

#Transform 40
Transform: AffineTransform_float_3_3
Parameters: 1 -0.000480759 0.001083 0.000483242 0.999997 -0.00207048 -0.001082 0.00207052 0.999998 -0.0110808 0.211303 0.0646427
FixedParameters: 0 0 0

#Transform 41
Transform: AffineTransform_float_3_3
Parameters: 0.999998 -0.000548874 0.00153148 0.000553125 0.999996 -0.00269516 -0.00152951 0.00269584 0.999995 -0.0425325 0.24128 0.100908
FixedParameters: 0 0 0

#Transform 42
Transform: AffineTransform_float_3_3
Parameters: 0.999999 -0.000551666 0.00121906 0.000554334 0.999998 -0.00191533 -0.00121794 0.00191567 0.999998 -0.0283036 0.183183 0.0653922
FixedParameters: 0 0 0

#Transform 43
Transform: AffineTransform_float_3_3
Parameters: 0.999999 -0.000627384 0.00108352 0.000630615 0.999997 -0.00241632 -0.00108148 0.00241668 0.999996 -0.00996987 0.217835 0.0852561
FixedParameters: 0 0 0

#Transform 44
Transform: AffineTransform_float_3_3
Parameters: 0.999998 -0.000737048 0.00141454 0.00073995 0.999997 -0.00208695 -0.00141246 0.00208804 0.999997 -0.0301632 0.192892 0.0768075
FixedParameters: 0 0 0

#Transform 45
Transform: AffineTransform_float_3_3
Parameters: 0.999999 -0.000802328 0.00109197 0.000804672 0.999996 -0.00244912 -0.00109003 0.00244988 0.999997 -0.0169926 0.237871 0.0731282
FixedParameters: 0 0 0

#Transform 46
Transform: AffineTransform_float_3_3
Parameters: 0.999998 -0.000935245 0.00132595 0.000937755 0.999998 -0.00207876 -0.00132405 0.00208024 0.999997 -0.0357556 0.187072 0.0808889
FixedParameters: 0 0 0

#Transform 47
Transform: AffineTransform_float_3_3
Parameters: 0.999999 -0.00085057 0.00118475 0.00085343 0.999997 -0.00205199 -0.00118325 0.00205301 0.999997 -0.0376575 0.196014 0.0883882
FixedParameters: 0 0 0

#Transform 48
Transform: AffineTransform_float_3_3
Parameters: 0.999999 -0.000786738 0.00104571 0.000789264 0.999998 -0.00216518 -0.00104429 0.00216582 0.999997 -0.0320758 0.215179 0.0918765
FixedParameters: 0 0 0

#Transform 49
Transform: AffineTransform_float_3_3
Parameters: 0.999999 -0.00108322 0.000845291 0.00108479 0.999997 -0.00211209 -0.000843711 0.00211292 0.999998 -0.00260661 0.204833 0.0844544
FixedParameters: 0 0 0

#Transform 50
Transform: AffineTransform_float_3_3
Parameters: 0.999998 -0.000894595 0.00134727 0.000897404 0.999997 -0.0025288 -0.00134473 0.00253021 0.999996 -0.0444996 0.228397 0.0988734
FixedParameters: 0 0 0

#Transform 51
Transform: AffineTransform_float_3_3
Parameters: 0.999999 -0.000963617 0.00120491 0.000966383 0.999997 -0.00197884 -0.00120309 0.00197916 0.999998 -0.0270152 0.192478 0.0795996
FixedParameters: 0 0 0

#Transform 52
Transform: AffineTransform_float_3_3
Parameters: 0.999998 -0.000967714 0.00133639 0.000971285 0.999996 -0.0024607 -0.00133361 0.00246129 0.999996 -0.0385663 0.232038 0.0986602
FixedParameters: 0 0 0

#Transform 53
Transform: AffineTransform_float_3_3
Parameters: 0.999999 -0.000994625 0.00110414 0.000997375 0.999997 -0.0021529 -0.00110185 0.0021541 0.999997 -0.02189 0.194903 0.0967462
FixedParameters: 0 0 0

#Transform 54
Transform: AffineTransform_float_3_3
Parameters: 0.999999 -0.000908731 0.00128731 0.000912269 0.999997 -0.00254183 -0.00128469 0.00254217 0.999996 -0.0385513 0.231658 0.110452
FixedParameters: 0 0 0

#Transform 55
Transform: AffineTransform_float_3_3
Parameters: 0.999999 -0.000956038 0.00102883 0.000957962 0.999997 -0.00190802 -0.00102717 0.00190898 0.999997 -0.00464019 0.183195 0.0822208
FixedParameters: 0 0 0

#Transform 56
Transform: AffineTransform_float_3_3
Parameters: 0.999999 -0.00103963 0.00118795 0.00104236 0.999995 -0.00283576 -0.00118405 0.00283723 0.999996 -0.0374711 0.264107 0.104468
FixedParameters: 0 0 0

#Transform 57
Transform: AffineTransform_float_3_3
Parameters: 0.999999 -0.000967657 0.00105116 0.000970345 0.999997 -0.00223098 -0.00104984 0.00223202 0.999997 -0.0227737 0.208819 0.10085
FixedParameters: 0 0 0

#Transform 58
Transform: AffineTransform_float_3_3
Parameters: 0.999999 -0.000981383 0.00101953 0.000983619 0.999996 -0.00257 -0.00101748 0.002571 0.999996 -0.0204788 0.229339 0.111259
FixedParameters: 0 0 0

#Transform 59
Transform: AffineTransform_float_3_3
Parameters: 0.999999 -0.000924237 0.000825978 0.000925764 0.999998 -0.00213724 -0.000824024 0.00213776 0.999998 -0.0121865 0.206329 0.102135
FixedParameters: 0 0 0

#Transform 60
Transform: AffineTransform_float_3_3
Parameters: 0.999999 -0.000765185 0.00112991 0.000767815 0.999996 -0.00249313 -0.00112809 0.00249387 0.999997 -0.0395541 0.225831 0.112461
FixedParameters: 0 0 0

#Transform 61
Transform: AffineTransform_float_3_3
Parameters: 0.999999 -0.000857983 0.00108739 0.000861018 0.999996 -0.00277706 -0.00108561 0.00277793 0.999995 -0.0368404 0.237066 0.12154
FixedParameters: 0 0 0

#Transform 62
Transform: AffineTransform_float_3_3
Parameters: 0.999999 -0.000832715 0.00126816 0.000836286 0.999997 -0.00259294 -0.00126584 0.00259306 0.999996 -0.0580517 0.233834 0.115806
FixedParameters: 0 0 0

#Transform 63
Transform: AffineTransform_float_3_3
Parameters: 0.999999 -0.000847491 0.00111292 0.000849507 0.999997 -0.00225606 -0.00111009 0.00225694 0.999997 -0.03802 0.207527 0.116687
FixedParameters: 0 0 0

#Transform 64
Transform: AffineTransform_float_3_3
Parameters: 0.999999 -0.000836507 0.000983128 0.000838494 0.999997 -0.00253918 -0.000980874 0.00253982 0.999997 -0.0384336 0.233744 0.108486
FixedParameters: 0 0 0

#Transform 65
Transform: AffineTransform_float_3_3
Parameters: 0.999999 -0.000723458 0.00102081 0.000726543 0.999996 -0.00249226 -0.00101919 0.00249274 0.999997 -0.0531578 0.246644 0.115113
FixedParameters: 0 0 0

#Transform 66
Transform: AffineTransform_float_3_3
Parameters: 0.999999 -0.000629341 0.00113947 0.000631658 0.999997 -0.00233428 -0.00113753 0.00233572 0.999996 -0.0649262 0.221303 0.103216
FixedParameters: 0 0 0

#Transform 67
Transform: AffineTransform_float_3_3
Parameters: 0.999996 -0.00300942 2.25956e-05 0.00300858 0.999938 0.0107681 -5.53995e-05 -0.0107679 0.999942 0.240412 -0.0112982 -0.947689
FixedParameters: 0 0 0

#Transform 68
Transform: AffineTransform_float_3_3
Parameters: 0.999992 -0.00259129 0.00298527 0.0025597 0.999938 0.0107697 -0.00301373 -0.0107623 0.999937 0.00514093 -0.376238 -0.674105
FixedParameters: 0 0 0

#Transform 69
Transform: AffineTransform_float_3_3
Parameters: 0.999986 -0.00254441 0.00467098 0.00255959 0.999992 -0.00312109 -0.00466302 0.00313291 0.999984 -0.0855395 0.136552 0.541283
FixedParameters: 0 0 0

#Transform 70
Transform: AffineTransform_float_3_3
Parameters: 0.999989 -0.00372078 0.00291211 0.00373122 0.999987 -0.00351317 -0.00289889 0.00352382 0.999989 0.0952895 0.143551 0.606131
FixedParameters: 0 0 0

#Transform 71
Transform: AffineTransform_float_3_3
Parameters: 0.999988 -0.00260519 0.00410286 0.00262981 0.999978 -0.00605328 -0.00408714 0.00606372 0.999974 -0.0805235 0.214103 0.579394
FixedParameters: 0 0 0

#Transform 72
Transform: AffineTransform_float_3_3
Parameters: 0.999983 -0.00222574 0.00536697 0.00225226 0.999986 -0.004893 -0.00535503 0.004905 0.999973 -0.15756 0.218432 0.486449
FixedParameters: 0 0 0

#Transform 73
Transform: AffineTransform_float_3_3
Parameters: 0.999989 -0.00150788 0.00457968 0.00153113 0.999986 -0.00505005 -0.00457232 0.00505695 0.999977 -0.12267 0.253968 0.45763
FixedParameters: 0 0 0

#Transform 74
Transform: AffineTransform_float_3_3
Parameters: 0.999987 -0.00153056 0.00481918 0.00155344 0.999988 -0.00465557 -0.00481181 0.00466342 0.999977 -0.134915 0.224666 0.520217
FixedParameters: 0 0 0

#Transform 75
Transform: AffineTransform_float_3_3
Parameters: 0.999986 -0.00170412 0.00491 0.00172687 0.999987 -0.00465858 -0.004902 0.00466742 0.999977 -0.167731 0.20234 0.594621
FixedParameters: 0 0 0

#Transform 76
Transform: AffineTransform_float_3_3
Parameters: 0.999989 -0.00210012 0.00423841 0.00211789 0.99999 -0.00398307 -0.00423059 0.00399193 0.999983 -0.137072 0.16567 0.663398
FixedParameters: 0 0 0

#Transform 77
Transform: AffineTransform_float_3_3
Parameters: 0.999991 -0.00174125 0.00391659 0.00175675 0.999992 -0.00376616 -0.00390941 0.00377284 0.999985 -0.0948909 0.139552 0.657985
FixedParameters: 0 0 0

#Transform 78
Transform: AffineTransform_float_3_3
Parameters: 0.999992 -0.00189928 0.00356841 0.00191472 0.999989 -0.00440621 -0.00356059 0.0044128 0.999984 -0.0748588 0.169392 0.62642
FixedParameters: 0 0 0

#Transform 79
Transform: AffineTransform_float_3_3
Parameters: 0.999993 -0.00192634 0.00316635 0.00193966 0.999989 -0.00431689 -0.00315765 0.00432311 0.999985 -0.0346536 0.170419 0.626429
FixedParameters: 0 0 0

#Transform 80
Transform: AffineTransform_float_3_3
Parameters: 0.999992 -0.00172868 0.00356649 0.00174232 0.999991 -0.00373581 -0.00356051 0.00374218 0.999986 -0.135412 0.153667 0.664314
FixedParameters: 0 0 0

#Transform 81
Transform: AffineTransform_float_3_3
Parameters: 0.999992 -0.00148414 0.00377808 0.00149686 0.999993 -0.00340437 -0.00377292 0.00340963 0.999987 -0.160496 0.137542 0.684623
FixedParameters: 0 0 0

#Transform 82
Transform: AffineTransform_float_3_3
Parameters: 0.999992 -0.00144043 0.00370491 0.00145357 0.999993 -0.00339164 -0.00370009 0.00339736 0.999988 -0.160899 0.104769 0.776325
FixedParameters: 0 0 0

#Transform 83
Transform: AffineTransform_float_3_3
Parameters: 0.999991 -0.00119072 0.00390377 0.00120328 0.999995 -0.00314533 -0.00389923 0.00314967 0.999988 -0.163968 0.0969373 0.749978
FixedParameters: 0 0 0

#Transform 84
Transform: AffineTransform_float_3_3
Parameters: 0.999992 -0.00123569 0.00397985 0.00124731 0.999995 -0.00309207 -0.00397616 0.00309794 0.999988 -0.193311 0.100593 0.743884
FixedParameters: 0 0 0

#Transform 85
Transform: AffineTransform_float_3_3
Parameters: 0.999992 -0.00114093 0.0036621 0.00115408 0.999993 -0.0035698 -0.0036589 0.0035742 0.999987 -0.162729 0.177024 0.66005
FixedParameters: 0 0 0

#Transform 86
Transform: AffineTransform_float_3_3
Parameters: 0.99999 -0.00114332 0.00417976 0.00115668 0.999994 -0.0032712 -0.00417623 0.00327581 0.999986 -0.198295 0.152719 0.669173
FixedParameters: 0 0 0

#Transform 87
Transform: AffineTransform_float_3_3
Parameters: 0.999991 -0.00121669 0.00389423 0.0012263 0.999995 -0.00264525 -0.00389076 0.00265076 0.999989 -0.183913 0.108505 0.682037
FixedParameters: 0 0 0

#Transform 88
Transform: AffineTransform_float_3_3
Parameters: 0.999991 -0.00127638 0.00404069 0.00128862 0.999995 -0.00287482 -0.00403731 0.00287918 0.999987 -0.190475 0.112138 0.699531
FixedParameters: 0 0 0

#Transform 89
Transform: AffineTransform_float_3_3
Parameters: 0.99999 -0.00135883 0.00429387 0.00137117 0.999995 -0.00283214 -0.00429013 0.00283786 0.999987 -0.210719 0.122679 0.745444
FixedParameters: 0 0 0

#Transform 90
Transform: AffineTransform_float_3_3
Parameters: 0.99999 -0.00130773 0.00429384 0.00131727 0.999997 -0.00215737 -0.00429017 0.00216263 0.999989 -0.224078 0.0787002 0.734822
FixedParameters: 0 0 0

#Transform 91
Transform: AffineTransform_float_3_3
Parameters: 0.999991 -0.0014743 0.00409523 0.0014867 0.999995 -0.00285494 -0.00409077 0.00286106 0.999988 -0.21317 0.122401 0.745368
FixedParameters: 0 0 0

#Transform 92
Transform: AffineTransform_float_3_3
Parameters: 0.999989 -0.00156023 0.00427331 0.00157177 0.999995 -0.00275231 -0.00426868 0.00275969 0.999987 -0.227327 0.127711 0.757742
FixedParameters: 0 0 0

#Transform 93
Transform: AffineTransform_float_3_3
Parameters: 0.999991 -0.00132102 0.00407525 0.00133098 0.999996 -0.0024476 -0.00407175 0.0024524 0.999988 -0.210218 0.0818187 0.756191
FixedParameters: 0 0 0

#Transform 94
Transform: AffineTransform_float_3_3
Parameters: 0.999991 -0.00163146 0.00396335 0.00164154 0.999995 -0.00265852 -0.00395864 0.00266448 0.999988 -0.199751 0.117361 0.73275
FixedParameters: 0 0 0

#Transform 95
Transform: AffineTransform_float_3_3
Parameters: 0.999991 -0.00148909 0.00397035 0.00149791 0.999997 -0.00224107 -0.00396665 0.00224693 0.999989 -0.198333 0.0855172 0.715543
FixedParameters: 0 0 0

#Transform 96
Transform: AffineTransform_float_3_3
Parameters: 0.99999 -0.00162405 0.00417667 0.00163595 0.999994 -0.0028582 -0.00417234 0.0028648 0.999987 -0.210025 0.137047 0.759194
FixedParameters: 0 0 0

#Transform 97
Transform: AffineTransform_float_3_3
Parameters: 0.99999 -0.00167082 0.00420506 0.00168118 0.999995 -0.00241796 -0.00420094 0.00242504 0.999988 -0.222425 0.107086 0.761453
FixedParameters: 0 0 0

#Transform 98
Transform: AffineTransform_float_3_3
Parameters: 0.999988 -0.00186885 0.00441673 0.00188015 0.999995 -0.00252273 -0.00441126 0.00253027 0.999987 -0.209116 0.102147 0.736514
FixedParameters: 0 0 0

#Transform 99
Transform: AffineTransform_float_3_3
Parameters: 0.999989 -0.00195683 0.00427168 0.00196718 0.999995 -0.00237962 -0.00426732 0.00238738 0.999988 -0.19525 0.0952986 0.731994
FixedParameters: 0 0 0

#Transform 100
Transform: AffineTransform_float_3_3
Parameters: 0.999988 -0.00190936 0.00438165 0.00191964 0.999995 -0.00242462 -0.00437735 0.00243339 0.999988 -0.206025 0.0941418 0.770736
FixedParameters: 0 0 0

#Transform 101
Transform: AffineTransform_float_3_3
Parameters: 0.999988 -0.00175139 0.00444359 0.00176361 0.999995 -0.00260919 -0.0044394 0.0026168 0.999986 -0.218885 0.113658 0.747249
FixedParameters: 0 0 0

#Transform 102
Transform: AffineTransform_float_3_3
Parameters: 0.999986 -0.00196154 0.00478571 0.00197246 0.999995 -0.00239059 -0.00478128 0.00240041 0.999985 -0.217435 0.109196 0.741875
FixedParameters: 0 0 0

#Transform 103
Transform: AffineTransform_float_3_3
Parameters: 0.999989 -0.00174031 0.00435489 0.00174969 0.999996 -0.0022224 -0.00435112 0.0022296 0.999988 -0.214796 0.10113 0.72164
FixedParameters: 0 0 0

#Transform 104
Transform: AffineTransform_float_3_3
Parameters: 0.999989 -0.00148097 0.00433843 0.00149103 0.999996 -0.00230856 -0.00433556 0.00231545 0.999988 -0.216199 0.105244 0.700847
FixedParameters: 0 0 0

#Transform 105
Transform: AffineTransform_float_3_3
Parameters: 0.999987 -0.00188516 0.00459188 0.00189684 0.999995 -0.00257532 -0.00458712 0.00258468 0.999986 -0.224878 0.114542 0.751851
FixedParameters: 0 0 0

#Transform 106
Transform: AffineTransform_float_3_3
Parameters: 0.999986 -0.00166709 0.0048744 0.00167691 0.999996 -0.00202985 -0.0048706 0.00203815 0.999986 -0.240242 0.0871138 0.732664
FixedParameters: 0 0 0

#Transform 107
Transform: AffineTransform_float_3_3
Parameters: 0.999989 -0.00185011 0.00435721 0.00185988 0.999995 -0.00226592 -0.00435279 0.00227408 0.999988 -0.211426 0.0940388 0.715101
FixedParameters: 0 0 0

#Transform 108
Transform: AffineTransform_float_3_3
Parameters: 0.999989 -0.00188474 0.00441126 0.00189727 0.999995 -0.00277766 -0.00440574 0.00278534 0.999987 -0.221419 0.122284 0.744322
FixedParameters: 0 0 0

#Transform 109
Transform: AffineTransform_float_3_3
Parameters: 0.999986 -0.00197945 0.00478538 0.00198955 0.999995 -0.00220151 -0.00478062 0.00221049 0.999986 -0.238403 0.099833 0.705825
FixedParameters: 0 0 0

#Transform 110
Transform: AffineTransform_float_3_3
Parameters: 0.999987 -0.00203179 0.00478578 0.00204321 0.999995 -0.00233925 -0.00478123 0.00234875 0.999986 -0.24558 0.094589 0.719244
FixedParameters: 0 0 0

#Transform 111
Transform: AffineTransform_float_3_3
Parameters: 0.999986 -0.0020306 0.0047867 0.0020444 0.999994 -0.00279725 -0.00478129 0.00280675 0.999984 -0.243382 0.133991 0.738698
FixedParameters: 0 0 0

#Transform 112
Transform: AffineTransform_float_3_3
Parameters: 0.999988 -0.00180703 0.0045222 0.00181997 0.999994 -0.0028648 -0.0045168 0.0028732 0.999985 -0.231208 0.117156 0.719273
FixedParameters: 0 0 0

#Transform 113
Transform: AffineTransform_float_3_3
Parameters: 0.999989 -0.00177681 0.00436334 0.00178519 0.999996 -0.00187323 -0.00435966 0.00188077 0.999988 -0.236801 0.0694428 0.737076
FixedParameters: 0 0 0

#Transform 114
Transform: AffineTransform_float_3_3
Parameters: 0.999986 -0.00171828 0.0048628 0.00172972 0.999996 -0.00220162 -0.00485819 0.00221038 0.999986 -0.276075 0.0834152 0.789498
FixedParameters: 0 0 0

#Transform 115
Transform: AffineTransform_float_3_3
Parameters: 0.999987 -0.00176307 0.0049123 0.00177493 0.999996 -0.00242532 -0.0049077 0.00243469 0.999985 -0.277665 0.0961179 0.76993
FixedParameters: 0 0 0

#Transform 116
Transform: AffineTransform_float_3_3
Parameters: 0.999985 -0.00196967 0.00499548 0.00198133 0.999995 -0.00226413 -0.00499052 0.00227386 0.999985 -0.278732 0.082549 0.798002
FixedParameters: 0 0 0

#Transform 117
Transform: AffineTransform_float_3_3
Parameters: 0.999985 -0.00193287 0.00515343 0.00194213 0.999996 -0.00176702 -0.00514957 0.00177698 0.999985 -0.30814 0.0520647 0.839039
FixedParameters: 0 0 0

#Transform 118
Transform: AffineTransform_float_3_3
Parameters: 0.999987 -0.00169899 0.00495613 0.00171101 0.999995 -0.00241955 -0.00495187 0.00242845 0.999985 -0.278741 0.0881275 0.815826
FixedParameters: 0 0 0

#Transform 119
Transform: AffineTransform_float_3_3
Parameters: 0.999987 -0.00190805 0.0047678 0.00191995 0.999995 -0.00250288 -0.0047632 0.00251112 0.999985 -0.262097 0.0873992 0.825075
FixedParameters: 0 0 0

#Transform 120
Transform: AffineTransform_float_3_3
Parameters: 0.999987 -0.00193033 0.004685 0.00194067 0.999996 -0.00205993 -0.004681 0.00206906 0.999987 -0.256012 0.0848836 0.798759
FixedParameters: 0 0 0

#Transform 121
Transform: AffineTransform_float_3_3
Parameters: 0.999986 -0.00193674 0.00480074 0.00194625 0.999997 -0.00192368 -0.00479725 0.00193332 0.999986 -0.25517 0.0767385 0.763051
FixedParameters: 0 0 0

#Transform 122
Transform: AffineTransform_float_3_3
Parameters: 0.999987 -0.00197687 0.00485232 0.00198513 0.999996 -0.00167139 -0.00484868 0.00168161 0.999987 -0.25713 0.0606934 0.792031
FixedParameters: 0 0 0

#Transform 123
Transform: AffineTransform_float_3_3
Parameters: 0.999985 -0.00204812 0.00494769 0.00205688 0.999997 -0.00179085 -0.00494431 0.00180115 0.999986 -0.282163 0.0765888 0.769235
FixedParameters: 0 0 0

#Transform 124
Transform: AffineTransform_float_3_3
Parameters: 0.999984 -0.00211003 0.00520505 0.00211997 0.999996 -0.00190999 -0.00520095 0.001921 0.999984 -0.290652 0.0971082 0.771334
FixedParameters: 0 0 0

#Transform 125
Transform: AffineTransform_float_3_3
Parameters: 0.999986 -0.00202976 0.00500935 0.00203725 0.999997 -0.00164182 -0.00500566 0.00165119 0.999986 -0.269425 0.0664058 0.757662
FixedParameters: 0 0 0

#Transform 126
Transform: AffineTransform_float_3_3
Parameters: 0.999984 -0.00210829 0.00520875 0.00212071 0.999995 -0.00224299 -0.00520325 0.00225401 0.999984 -0.269729 0.0986142 0.786474
FixedParameters: 0 0 0

#Transform 127
Transform: AffineTransform_float_3_3
Parameters: 0.999984 -0.00200124 0.00538601 0.00201176 0.999996 -0.0019932 -0.00538199 0.0020048 0.999983 -0.276503 0.0900477 0.804294
FixedParameters: 0 0 0

#Transform 128
Transform: AffineTransform_float_3_3
Parameters: 0.999983 -0.0022198 0.00538621 0.0022302 0.999995 -0.00188802 -0.00538178 0.00189998 0.999983 -0.28313 0.0819826 0.786348
FixedParameters: 0 0 0

#Transform 129
Transform: AffineTransform_float_3_3
Parameters: 0.999982 -0.00230176 0.00564519 0.00231224 0.999995 -0.00180798 -0.00564182 0.00182102 0.999983 -0.300838 0.0688185 0.831229
FixedParameters: 0 0 0

#Transform 130
Transform: AffineTransform_float_3_3
Parameters: 0.999981 -0.00216478 0.00574448 0.00217422 0.999997 -0.00159854 -0.00574052 0.00161146 0.999982 -0.307404 0.0603105 0.785596
FixedParameters: 0 0 0

#Transform 131
Transform: AffineTransform_float_3_3
Parameters: 0.999984 -0.00210784 0.0053856 0.00211717 0.999997 -0.00169663 -0.00538241 0.00170737 0.999984 -0.282154 0.0792146 0.776084
FixedParameters: 0 0 0

#Transform 132
Transform: AffineTransform_float_3_3
Parameters: 0.999983 -0.00213504 0.00538517 0.00214396 0.999996 -0.00147248 -0.00538184 0.00148452 0.999985 -0.278543 0.062963 0.770821
FixedParameters: 0 0 0

#Transform 133
Transform: AffineTransform_float_3_3
Parameters: 0.999984 -0.00209439 0.00538575 0.00210361 0.999996 -0.0017787 -0.00538226 0.0017903 0.999984 -0.283301 0.0906771 0.802317
FixedParameters: 0 0 0

#Transform 134
Transform: AffineTransform_float_3_3
Parameters: 0.999982 -0.00220194 0.0056727 0.00221406 0.999996 -0.00212048 -0.0056683 0.00213352 0.999981 -0.297511 0.107191 0.784756
FixedParameters: 0 0 0

#Transform 135
Transform: AffineTransform_float_3_3
Parameters: 0.999979 -0.00216252 0.00599915 0.00217348 0.999996 -0.001908 -0.00599485 0.001921 0.99998 -0.310253 0.096918 0.815359
FixedParameters: 0 0 0

#Transform 136
Transform: AffineTransform_float_3_3
Parameters: 0.99998 -0.00219651 0.00588993 0.0022065 0.999996 -0.00177604 -0.00588608 0.00178896 0.999981 -0.286331 0.0763879 0.822387
FixedParameters: 0 0 0

#Transform 137
Transform: AffineTransform_float_3_3
Parameters: 0.99998 -0.00236803 0.0057527 0.00237697 0.999996 -0.00155236 -0.0057493 0.00156565 0.999982 -0.274214 0.0645793 0.819343
FixedParameters: 0 0 0

#Transform 138
Transform: AffineTransform_float_3_3
Parameters: 0.99998 -0.00266637 0.00577638 0.00267863 0.999995 -0.00200657 -0.00577162 0.00202243 0.999982 -0.273744 0.0823747 0.845992
FixedParameters: 0 0 0

#Transform 139
Transform: AffineTransform_float_3_3
Parameters: 0.999978 -0.00267284 0.00610502 0.00268216 0.999996 -0.00149266 -0.00610098 0.00150934 0.99998 -0.299774 0.0585965 0.851449
FixedParameters: 0 0 0

#Transform 140
Transform: AffineTransform_float_3_3
Parameters: 0.999977 -0.00252796 0.00626766 0.00253703 0.999996 -0.00143413 -0.00626335 0.00144987 0.99998 -0.306783 0.0585702 0.810196
FixedParameters: 0 0 0

#Transform 141
Transform: AffineTransform_float_3_3
Parameters: 0.999977 -0.00252039 0.0063998 0.00252962 0.999995 -0.00149485 -0.00639621 0.00151016 0.999979 -0.312742 0.0771847 0.866699
FixedParameters: 0 0 0

#Transform 142
Transform: AffineTransform_float_3_3
Parameters: 0.999978 -0.00246172 0.00607317 0.00247127 0.999995 -0.00168503 -0.00606882 0.00169998 0.99998 -0.311035 0.0673723 0.856558
FixedParameters: 0 0 0

#Transform 143
Transform: AffineTransform_float_3_3
Parameters: 0.999977 -0.0024188 0.00632652 0.0024282 0.999996 -0.00144667 -0.00632347 0.00146233 0.999979 -0.335246 0.0442263 0.870028
FixedParameters: 0 0 0

#Transform 144
Transform: AffineTransform_float_3_3
Parameters: 0.99998 -0.00215114 0.00607243 0.00215786 0.999997 -0.00112292 -0.00606957 0.00113608 0.999981 -0.325253 0.0407955 0.857679
FixedParameters: 0 0 0

#Transform 145
Transform: AffineTransform_float_3_3
Parameters: 0.99998 -0.00212001 0.00598455 0.00213099 0.999997 -0.00166328 -0.00598045 0.00167671 0.99998 -0.321368 0.0851048 0.860732
FixedParameters: 0 0 0

#Transform 146
Transform: AffineTransform_float_3_3
Parameters: 0.999977 -0.00219499 0.00639909 0.00220401 0.999996 -0.00140093 -0.0063959 0.00141507 0.999978 -0.340502 0.0725352 0.880328
FixedParameters: 0 0 0

#Transform 147
Transform: AffineTransform_float_3_3
Parameters: 0.999976 -0.0021647 0.00646612 0.0021743 0.999996 -0.00143197 -0.00646388 0.00144603 0.999978 -0.343948 0.0510549 0.889485
FixedParameters: 0 0 0

#Transform 148
Transform: AffineTransform_float_3_3
Parameters: 0.999977 -0.00218007 0.00639871 0.00218793 0.999997 -0.00123203 -0.00639629 0.00124597 0.999979 -0.340658 0.0432418 0.860071
FixedParameters: 0 0 0

#Transform 149
Transform: AffineTransform_float_3_3
Parameters: 0.999976 -0.00237997 0.00639899 0.00238803 0.999997 -0.00124775 -0.006396 0.00126325 0.999978 -0.338899 0.0533869 0.898482
FixedParameters: 0 0 0

#Transform 150
Transform: AffineTransform_float_3_3
Parameters: 0.999977 -0.00231096 0.00639927 0.00232004 0.999997 -0.00140519 -0.00639573 0.00141981 0.999978 -0.322718 0.0612383 0.87189
FixedParameters: 0 0 0

#Transform 151
Transform: AffineTransform_float_3_3
Parameters: 0.999977 -0.00228358 0.00639865 0.00229142 0.999996 -0.00115236 -0.00639635 0.00116663 0.999979 -0.320298 0.0502824 0.86834
FixedParameters: 0 0 0

#Transform 152
Transform: AffineTransform_float_3_3
Parameters: 0.999961 -0.00616964 0.00643351 0.00610736 0.999934 0.00971068 -0.00649349 -0.00967033 0.999932 -0.0652816 -0.194802 0.437656
FixedParameters: 0 0 0

#Transform 153
Transform: AffineTransform_float_3_3
Parameters: 0.999982 -0.00228767 0.00550507 0.00230734 0.999991 -0.00350836 -0.00549692 0.00352064 0.999978 -0.205407 0.0928478 1.59708
FixedParameters: 0 0 0

#Transform 154
Transform: AffineTransform_float_3_3
Parameters: 0.999961 -0.00302087 0.00830135 0.00304113 0.999993 -0.00241385 -0.00829364 0.00243915 0.999962 -0.33583 0.0982897 0.988117
FixedParameters: 0 0 0

#Transform 155
Transform: AffineTransform_float_3_3
Parameters: 0.999968 -0.00323334 0.0073175 0.00323967 0.999995 -0.000762318 -0.00731449 0.000785676 0.999973 -0.284834 0.000465939 1.15698
FixedParameters: 0 0 0

#Transform 156
Transform: AffineTransform_float_3_3
Parameters: 0.999979 -0.00442684 0.00469193 0.00443116 0.99999 -0.000876227 -0.00468807 0.000896771 0.999988 -0.0799679 -0.00954504 1.10476
FixedParameters: 0 0 0

#Transform 157
Transform: AffineTransform_float_3_3
Parameters: 0.999974 -0.00286159 0.00659748 0.00286541 0.999996 -0.000507109 -0.00659552 0.000525887 0.999978 -0.312398 0.000617908 1.14415
FixedParameters: 0 0 0

#Transform 158
Transform: AffineTransform_float_3_3
Parameters: 0.999973 -0.00288278 0.00683979 0.00288722 0.999995 -0.000607269 -0.00683723 0.000626728 0.999977 -0.336423 0.0331053 1.14304
FixedParameters: 0 0 0

#Transform 159
Transform: AffineTransform_float_3_3
Parameters: 0.999971 -0.00280088 0.0071544 0.00280712 0.999995 -0.000844941 -0.00715261 0.000865059 0.999974 -0.325189 0.0433248 1.08353
FixedParameters: 0 0 0

#Transform 160
Transform: AffineTransform_float_3_3
Parameters: 0.999962 -0.00288597 0.00824646 0.00289303 0.999996 -0.000841175 -0.00824353 0.000864824 0.999965 -0.381894 0.0529063 1.01688
FixedParameters: 0 0 0

#Transform 161
Transform: AffineTransform_float_3_3
Parameters: 0.999966 -0.0027874 0.00785364 0.0027916 0.999996 -0.000575096 -0.00785137 0.000596906 0.999969 -0.371967 0.0321386 1.10381
FixedParameters: 0 0 0

#Transform 162
Transform: AffineTransform_float_3_3
Parameters: 0.999969 -0.00275319 0.00728757 0.0027598 0.999996 -0.000923916 -0.00728442 0.000944084 0.999973 -0.361298 0.026894 1.12991
FixedParameters: 0 0 0

#Transform 163
Transform: AffineTransform_float_3_3
Parameters: 0.999968 -0.0026514 0.00761556 0.0026526 0.999997 -0.000199806 -0.00761545 0.000220199 0.999971 -0.40618 -0.00638318 1.20057
FixedParameters: 0 0 0

#Transform 164
Transform: AffineTransform_float_3_3
Parameters: 0.999969 -0.00251949 0.00746017 0.0025195 0.999997 -5.82059e-05 -0.00746083 7.77999e-05 0.999972 -0.407529 -0.0234503 1.15997
FixedParameters: 0 0 0

#Transform 165
Transform: AffineTransform_float_3_3
Parameters: 0.999966 -0.00262714 0.00772897 0.00263086 0.999996 -0.000360678 -0.00772802 0.000380315 0.99997 -0.427951 0.00488767 1.19115
FixedParameters: 0 0 0

#Transform 166
Transform: AffineTransform_float_3_3
Parameters: 0.999966 -0.00267069 0.00783247 0.00267531 0.999997 -0.000540064 -0.00783153 0.000560935 0.999969 -0.42198 0.00467214 1.14849
FixedParameters: 0 0 0

#Transform 167
Transform: AffineTransform_float_3_3
Parameters: 0.999966 -0.00278934 0.00783124 0.00278967 0.999996 -7.4156e-05 -0.00783177 9.58488e-05 0.99997 -0.431632 -0.0322716 1.17572
FixedParameters: 0 0 0

#Transform 168
Transform: AffineTransform_float_3_3
Parameters: 0.999964 -0.00274357 0.00809915 0.00274343 0.999996 -4.17821e-05 -0.00809886 6.42222e-05 0.999967 -0.445611 -0.0242181 1.21036
FixedParameters: 0 0 0

#Transform 169
Transform: AffineTransform_float_3_3
Parameters: 0.999958 -0.00288843 0.00862685 0.00288457 0.999996 0.000409901 -0.00862814 -0.000385094 0.999962 -0.47542 -0.0457301 1.23038
FixedParameters: 0 0 0

#Transform 170
Transform: AffineTransform_float_3_3
Parameters: 0.99996 -0.00288691 0.00843801 0.00288409 0.999996 0.00035735 -0.008439 -0.000332651 0.999965 -0.477191 -0.0520072 1.25253
FixedParameters: 0 0 0

#Transform 171
Transform: AffineTransform_float_3_3
Parameters: 0.999959 -0.00263039 0.00874668 0.00262562 0.999997 0.000512987 -0.00874732 -0.000490012 0.999961 -0.49942 -0.0625514 1.37762
FixedParameters: 0 0 0

#Transform 172
Transform: AffineTransform_float_3_3
Parameters: 0.999955 -0.00270269 0.00901359 0.0026983 0.999996 0.000533345 -0.00901541 -0.000508657 0.999959 -0.511941 -0.0681796 1.36374
FixedParameters: 0 0 0

#Transform 173
Transform: AffineTransform_float_3_3
Parameters: 0.999959 -0.00250908 0.00870553 0.00250491 0.999996 0.000595831 -0.00870646 -0.000573178 0.999962 -0.492478 -0.0691665 1.33767
FixedParameters: 0 0 0

#Transform 174
Transform: AffineTransform_float_3_3
Parameters: 0.999958 -0.00260193 0.00870672 0.00260106 0.999996 0.000118652 -0.00870628 -9.53508e-05 0.999962 -0.480162 -0.0547688 1.35937
FixedParameters: 0 0 0

#Transform 175
Transform: AffineTransform_float_3_3
Parameters: 0.999956 -0.00274391 0.0089942 0.00273809 0.999996 0.000669657 -0.0089958 -0.000644345 0.99996 -0.508114 -0.0713729 1.32612
FixedParameters: 0 0 0

#Transform 176
Transform: AffineTransform_float_3_3
Parameters: 0.999953 -0.00258543 0.00933123 0.00257858 0.999997 0.000700095 -0.00933278 -0.000676903 0.999956 -0.533214 -0.0747172 1.33341
FixedParameters: 0 0 0

#Transform 177
Transform: AffineTransform_float_3_3
Parameters: 0.999953 -0.00262347 0.00933147 0.00261854 0.999997 0.000597463 -0.00933354 -0.000573541 0.999957 -0.520519 -0.0631135 1.30002
FixedParameters: 0 0 0

#Transform 178
Transform: AffineTransform_float_3_3
Parameters: 0.999953 -0.00265088 0.00933048 0.00264211 0.999996 0.000964698 -0.00933352 -0.000939302 0.999956 -0.509845 -0.0803589 1.34787
FixedParameters: 0 0 0

#Transform 179
Transform: AffineTransform_float_3_3
Parameters: 0.999956 -0.00258084 0.00900376 0.00257217 0.999997 0.000881198 -0.00900624 -0.000858794 0.999959 -0.489635 -0.0802684 1.38146
FixedParameters: 0 0 0
