#Insight Transform File V1.0
#Transform 0
Transform: AffineTransform_float_3_3
Parameters: 0.999999 -0.000980867 -0.000135959 0.000981132 0.999999 0.000977867 0.00013504 -0.000978132 0.999999 -0.0407515 -0.0840644 -0.356173
FixedParameters: 0 0 0

#Transform 1
Transform: AffineTransform_float_3_3
Parameters: 0.999999 0.000810005 -5.25236e-06 -0.000809995 0.999999 0.000923004 5.74762e-06 -0.000922995 0.999999 0.0303601 0.0857286 -0.0592884
FixedParameters: 0 0 0

#Transform 2
Transform: AffineTransform_float_3_3
Parameters: 1 0.000957104 -9.09195e-05 -0.000956897 0.999999 0.00112909 9.20804e-05 -0.00112891 1 0.0248978 0.14677 -0.160335
FixedParameters: 0 0 0

#Transform 3
Transform: AffineTransform_float_3_3
Parameters: 0.999999 0.000912027 -0.000239892 -0.000911971 0.999999 0.000118219 0.000240107 -0.000117781 1 0.0326763 0.255209 -0.296761
FixedParameters: 0 0 0

#Transform 4
Transform: AffineTransform_float_3_3
Parameters: 0.999995 0.00320214 0.000434986 -0.00320186 0.999995 -0.000317394 -0.000436016 0.000316605 1 -0.0550927 0.285147 -0.390406
FixedParameters: 0 0 0

#Transform 5
Transform: AffineTransform_float_3_3
Parameters: 0.999989 0.00471656 -0.000906278 -0.00471644 0.999989 -0.000480731 0.000903722 0.000485268 1 -0.0246179 0.273251 -0.420133
FixedParameters: 0 0 0

#Transform 6
Transform: AffineTransform_float_3_3
Parameters: 0.999994 0.00332146 -0.00148944 -0.00332254 0.999994 -0.00103406 0.00148555 0.00103994 0.999999 0.0381887 0.322136 -0.408729
FixedParameters: 0 0 0

#Transform 7
Transform: AffineTransform_float_3_3
Parameters: 0.999994 0.0033783 -0.00129845 -0.00337971 0.999994 -0.00131462 0.00129355 0.00131938 0.999999 0.0183828 0.349957 -0.481738
FixedParameters: 0 0 0

#Transform 8
Transform: AffineTransform_float_3_3
Parameters: 0.999994 0.00332198 -0.00113499 -0.00332202 0.999994 -0.000898235 0.00113201 0.000901766 0.999999 0.00625544 0.306745 -0.490495
FixedParameters: 0 0 0

#Transform 9
Transform: AffineTransform_float_3_3
Parameters: 0.999993 0.00332118 -0.00173549 -0.00332282 0.999994 -0.00104624 0.00173252 0.00105176 0.999998 0.0371984 0.312286 -0.460916
FixedParameters: 0 0 0

#Transform 10
Transform: AffineTransform_float_3_3
Parameters: 0.999995 0.00287503 -0.00148388 -0.00287597 0.999995 -0.000651735 0.00148212 0.000656264 0.999998 0.0359617 0.333168 -0.484455
FixedParameters: 0 0 0

#Transform 11
Transform: AffineTransform_float_3_3
Parameters: 0.999996 0.0024819 -0.00172214 -0.0024821 0.999997 -5.57257e-05 0.00172186 5.92737e-05 0.999998 0.0324853 0.306459 -0.470377
FixedParameters: 0 0 0

#Transform 12
Transform: AffineTransform_float_3_3
Parameters: 0.999993 0.00293282 -0.00228952 -0.00293418 0.999995 -0.000513286 0.00228849 0.000519715 0.999997 0.0564766 0.329018 -0.519195
FixedParameters: 0 0 0

#Transform 13
Transform: AffineTransform_float_3_3
Parameters: 0.999993 0.0029497 -0.00234038 -0.0029503 0.999995 -0.000125096 0.00234062 0.000131905 0.999998 0.084579 0.360381 -0.691384
FixedParameters: 0 0 0

#Transform 14
Transform: AffineTransform_float_3_3
Parameters: 0.999991 0.00276293 -0.00322763 -0.00276607 0.999995 -0.000948081 0.00322437 0.000956917 0.999995 0.129895 0.445124 -0.821547
FixedParameters: 0 0 0

#Transform 15
Transform: AffineTransform_float_3_3
Parameters: 0.999993 0.00257149 -0.0029382 -0.00257451 0.999997 -0.000850443 0.00293581 0.000857556 0.999996 0.136391 0.419518 -0.754021
FixedParameters: 0 0 0

#Transform 16
Transform: AffineTransform_float_3_3
Parameters: 0.999993 0.00219285 -0.00324046 -0.00219515 0.999998 -0.000660892 0.00323854 0.000668107 0.999994 0.141282 0.360547 -0.544951
FixedParameters: 0 0 0

#Transform 17
Transform: AffineTransform_float_3_3
Parameters: 0.999994 0.00205049 -0.00278238 -0.00205052 0.999998 -0.000182296 0.00278262 0.000187707 0.999996 0.0998504 0.340872 -0.612166
FixedParameters: 0 0 0

#Transform 18
Transform: AffineTransform_float_3_3
Parameters: 0.999996 0.00164111 -0.00234203 -0.00164389 0.999998 -0.00123216 0.00233997 0.00123585 0.999997 0.0809914 0.401853 -0.667034
FixedParameters: 0 0 0

#Transform 19
Transform: AffineTransform_float_3_3
Parameters: 0.999996 0.00206561 -0.00227126 -0.00206739 0.999997 -0.000608307 0.00226974 0.000613691 0.999997 0.0733163 0.378166 -0.652201
FixedParameters: 0 0 0

#Transform 20
Transform: AffineTransform_float_3_3
Parameters: 0.999993 0.00223664 -0.00301726 -0.00223736 0.999998 -0.00011425 0.00301674 0.000121748 0.999996 0.132858 0.379019 -0.725204
FixedParameters: 0 0 0

#Transform 21
Transform: AffineTransform_float_3_3
Parameters: 0.999993 0.00218954 -0.00283058 -0.00218846 0.999997 0.000193196 0.00283141 -0.000186802 0.999996 0.113731 0.344656 -0.683758
FixedParameters: 0 0 0

#Transform 22
Transform: AffineTransform_float_3_3
Parameters: 0.999994 0.00198304 -0.00276497 -0.00198396 0.999998 1.84857e-05 0.00276503 -1.25169e-05 0.999996 0.106576 0.345529 -0.664696
FixedParameters: 0 0 0

#Transform 23
Transform: AffineTransform_float_3_3
Parameters: 0.999995 0.00171247 -0.00257835 -0.00171253 0.999999 -0.000202586 0.00257765 0.000207415 0.999996 0.0990897 0.351291 -0.645367
FixedParameters: 0 0 0

#Transform 24
Transform: AffineTransform_float_3_3
Parameters: 0.999994 0.00189448 -0.00281968 -0.00189452 0.999998 0.000173343 0.00282033 -0.000168658 0.999996 0.113274 0.349638 -0.623484
FixedParameters: 0 0 0

#Transform 25
Transform: AffineTransform_float_3_3
Parameters: 0.999995 0.00174967 -0.00256423 -0.00175034 0.999999 -0.000128512 0.00256377 0.000132486 0.999996 0.101017 0.353091 -0.585211
FixedParameters: 0 0 0

#Transform 26
Transform: AffineTransform_float_3_3
Parameters: 0.999995 0.00189297 -0.00258875 -0.00189403 0.999998 -0.000396099 0.00258824 0.000400901 0.999996 0.103163 0.356446 -0.566606
FixedParameters: 0 0 0

#Transform 27
Transform: AffineTransform_float_3_3
Parameters: 0.999996 0.0013801 -0.00266847 -0.0013809 0.999999 -0.000334317 0.00266854 0.000337685 0.999997 0.10298 0.332218 -0.541366
FixedParameters: 0 0 0

#Transform 28
Transform: AffineTransform_float_3_3
Parameters: 0.999994 0.00190416 -0.00294384 -0.00190684 0.999997 -0.000962392 0.00294216 0.000968608 0.999995 0.118723 0.32777 -0.400329
FixedParameters: 0 0 0

#Transform 29
Transform: AffineTransform_float_3_3
Parameters: 0.999994 0.00129792 -0.00339841 -0.00129908 0.999999 -0.000314587 0.00339759 0.000319412 0.999994 0.13489 0.272664 -0.336013
FixedParameters: 0 0 0

#Transform 30
Transform: AffineTransform_float_3_3
Parameters: 0.999994 0.000944433 -0.00339816 -0.000944565 0.999999 -0.000164791 0.00339784 0.00016821 0.999994 0.125368 0.286143 -0.3617
FixedParameters: 0 0 0

#Transform 31
Transform: AffineTransform_float_3_3
Parameters: 0.999994 0.00138431 -0.00339869 -0.00138568 0.999999 -0.000493294 0.00339831 0.000498708 0.999994 0.139493 0.301893 -0.360582
FixedParameters: 0 0 0

#Transform 32
Transform: AffineTransform_float_3_3
Parameters: 0.999994 0.00148276 -0.00332866 -0.00148224 0.999999 0.000230935 0.00332834 -0.000225066 0.999995 0.106279 0.244218 -0.3343
FixedParameters: 0 0 0

#Transform 33
Transform: AffineTransform_float_3_3
Parameters: 0.999994 0.00148122 -0.00307238 -0.00148178 0.999999 -0.000252449 0.00307262 0.000256553 0.999995 0.120902 0.272917 -0.375438
FixedParameters: 0 0 0

#Transform 34
Transform: AffineTransform_float_3_3
Parameters: 0.999993 0.00132205 -0.00354235 -0.00132295 0.999999 -0.000265315 0.00354164 0.000269684 0.999993 0.135516 0.29005 -0.382184
FixedParameters: 0 0 0

#Transform 35
Transform: AffineTransform_float_3_3
Parameters: 0.999994 0.00148052 -0.00320068 -0.00148248 0.999999 -0.000459258 0.00320031 0.000463741 0.999995 0.119031 0.299746 -0.377984
FixedParameters: 0 0 0

#Transform 36
Transform: AffineTransform_float_3_3
Parameters: 0.999994 0.00148047 -0.00319671 -0.00148253 0.999999 -0.000476264 0.00319529 0.000480733 0.999995 0.12942 0.300594 -0.345328
FixedParameters: 0 0 0

#Transform 37
Transform: AffineTransform_float_3_3
Parameters: 0.999993 0.00136931 -0.00353865 -0.00137069 0.999999 -0.000476153 0.00353834 0.000480848 0.999993 0.145701 0.300954 -0.361928
FixedParameters: 0 0 0

#Transform 38
Transform: AffineTransform_float_3_3
Parameters: 0.999992 0.00147982 -0.00370087 -0.00148218 0.999998 -0.000587519 0.00370013 0.00059248 0.999993 0.144893 0.294788 -0.354978
FixedParameters: 0 0 0

#Transform 39
Transform: AffineTransform_float_3_3
Parameters: 0.999992 0.00130485 -0.00361414 -0.00130815 0.999999 -0.000869278 0.00361286 0.000874721 0.999993 0.147608 0.304195 -0.392151
FixedParameters: 0 0 0

#Transform 40
Transform: AffineTransform_float_3_3
Parameters: 0.999993 0.00148001 -0.00358882 -0.00148199 0.999998 -0.000551686 0.00358818 0.000557315 0.999994 0.133595 0.28713 -0.383149
FixedParameters: 0 0 0

#Transform 41
Transform: AffineTransform_float_3_3
Parameters: 0.999992 0.0013916 -0.0037269 -0.0013934 0.999999 -0.000640812 0.0037261 0.00064619 0.999993 0.138368 0.284012 -0.369712
FixedParameters: 0 0 0

#Transform 42
Transform: AffineTransform_float_3_3
Parameters: 0.999991 0.0012791 -0.00391927 -0.0012829 0.999998 -0.00099298 0.00391772 0.000998019 0.999992 0.15183 0.306631 -0.361026
FixedParameters: 0 0 0

#Transform 43
Transform: AffineTransform_float_3_3
Parameters: 0.999992 0.0012894 -0.00379922 -0.00129359 0.999998 -0.000944093 0.00379778 0.000948905 0.999993 0.145138 0.274377 -0.31771
FixedParameters: 0 0 0

#Transform 44
Transform: AffineTransform_float_3_3
Parameters: 0.999992 0.00117616 -0.00380119 -0.00117984 0.999999 -0.00100852 0.00379981 0.00101348 0.999993 0.147803 0.288166 -0.310182
FixedParameters: 0 0 0

#Transform 45
Transform: AffineTransform_float_3_3
Parameters: 0.999992 0.00106572 -0.0038002 -0.00107028 0.999999 -0.00112494 0.0037988 0.00112906 0.999992 0.138517 0.294498 -0.29313
FixedParameters: 0 0 0

#Transform 46
Transform: AffineTransform_float_3_3
Parameters: 0.999993 0.00106731 -0.00372577 -0.00106969 0.999999 -0.00071902 0.00372523 0.000722981 0.999993 0.128145 0.295499 -0.314348
FixedParameters: 0 0 0

#Transform 47
Transform: AffineTransform_float_3_3
Parameters: 0.999987 0.00125746 -0.00481631 -0.00125054 0.999999 0.00134404 0.00481868 -0.00133796 0.999987 0.166405 0.201853 -0.336275
FixedParameters: 0 0 0

#Transform 48
Transform: AffineTransform_float_3_3
Parameters: 0.999995 0.00106914 -0.00298731 -0.00106986 1 -0.000286806 0.00298769 0.000290196 0.999996 0.028741 0.268159 -0.271208
FixedParameters: 0 0 0

#Transform 49
Transform: AffineTransform_float_3_3
Parameters: 0.999992 0.000513944 -0.00400965 -0.000519056 0.999999 -0.00125993 0.00400935 0.00126207 0.999991 0.147779 0.304006 -0.28504
FixedParameters: 0 0 0

#Transform 50
Transform: AffineTransform_float_3_3
Parameters: 0.999991 0.000881483 -0.00410076 -0.000884515 0.999999 -0.000855381 0.00410024 0.000859622 0.999991 0.134932 0.276439 -0.244104
FixedParameters: 0 0 0

#Transform 51
Transform: AffineTransform_float_3_3
Parameters: 0.999991 0.0009881 -0.00410118 -0.000992901 0.999999 -0.00119294 0.00410082 0.00119706 0.999991 0.142108 0.287839 -0.218089
FixedParameters: 0 0 0

#Transform 52
Transform: AffineTransform_float_3_3
Parameters: 0.999989 0.00107337 -0.00442867 -0.00107263 1 0.000310754 0.00442933 -0.000306249 0.99999 0.141102 0.218124 -0.252119
FixedParameters: 0 0 0

#Transform 53
Transform: AffineTransform_float_3_3
Parameters: 0.999989 0.00126619 -0.00435649 -0.00126081 0.999998 0.0011945 0.0043585 -0.00118849 0.99999 0.135757 0.189933 -0.270883
FixedParameters: 0 0 0

#Transform 54
Transform: AffineTransform_float_3_3
Parameters: 0.999987 0.00126479 -0.0050743 -0.00126921 0.999998 -0.00102257 0.0050737 0.00102943 0.999986 0.165655 0.280163 -0.281579
FixedParameters: 0 0 0

#Transform 55
Transform: AffineTransform_float_3_3
Parameters: 0.99999 0.000519985 -0.00439789 -0.000519014 1 0.000225285 0.00439812 -0.000222715 0.999991 0.142293 0.242851 -0.208057
FixedParameters: 0 0 0

#Transform 56
Transform: AffineTransform_float_3_3
Parameters: 0.999991 0.000825137 -0.00399876 -0.000823865 0.999999 0.000285297 0.00399923 -0.000282702 0.999992 0.119289 0.228787 -0.180872
FixedParameters: 0 0 0

#Transform 57
Transform: AffineTransform_float_3_3
Parameters: 0.99999 0.000521376 -0.00442572 -0.000518627 0.999999 0.000537301 0.00442528 -0.000535698 0.99999 0.139065 0.222533 -0.239553
FixedParameters: 0 0 0

#Transform 58
Transform: AffineTransform_float_3_3
Parameters: 0.99999 0.000522409 -0.00432159 -0.000518589 0.999999 0.000790249 0.00432241 -0.000787749 0.999991 0.131669 0.210412 -0.282374
FixedParameters: 0 0 0

#Transform 59
Transform: AffineTransform_float_3_3
Parameters: 0.999993 0.00134026 -0.00365118 -0.00133775 0.999999 0.000619889 0.00365183 -0.00061511 0.999993 0.0677312 0.209755 -0.288764
FixedParameters: 0 0 0

#Transform 60
Transform: AffineTransform_float_3_3
Parameters: 0.999993 0.00202722 -0.00298953 -0.00202778 0.999998 -0.00025694 0.00298947 0.000262062 0.999996 0.00251794 0.220315 -0.319491
FixedParameters: 0 0 0

#Transform 61
Transform: AffineTransform_float_3_3
Parameters: 0.999989 0.000810327 -0.00467077 -0.000809669 0.999999 0.000286785 0.00467023 -0.000282219 0.999989 0.12707 0.222686 -0.286389
FixedParameters: 0 0 0

#Transform 62
Transform: AffineTransform_float_3_3
Parameters: 0.99998 -9.36431e-05 -0.00631981 7.93593e-05 0.999997 -0.00215854 0.00632018 0.00215845 0.999977 0.258869 0.333393 -0.235717
FixedParameters: 0 0 0

#Transform 63
Transform: AffineTransform_float_3_3
Parameters: 0.999973 -0.000174438 -0.00736438 0.000146561 0.999992 -0.00386218 0.00736462 0.00386082 0.999966 0.308373 0.398315 -0.209869
FixedParameters: 0 0 0

#Transform 64
Transform: AffineTransform_float_3_3
Parameters: 0.999986 -3.94801e-05 -0.00531992 2.85188e-05 0.999997 -0.00215818 0.00532007 0.00215782 0.999983 0.200525 0.308974 -0.130902
FixedParameters: 0 0 0

#Transform 65
Transform: AffineTransform_float_3_3
Parameters: 0.999988 0.000815583 -0.00480564 -0.000831415 0.999994 -0.00320704 0.00480236 0.00321095 0.999984 0.159545 0.339256 -0.12873
FixedParameters: 0 0 0

#Transform 66
Transform: AffineTransform_float_3_3
Parameters: 0.999992 0.000546129 -0.00394324 -0.000554874 0.999998 -0.00224983 0.00394176 0.00225117 0.999989 0.124994 0.216022 0.0290155
FixedParameters: 0 0 0

#Transform 67
Transform: AffineTransform_float_3_3
Parameters: 0.999989 -0.000177519 -0.00480256 0.000165483 0.999996 -0.00260682 0.00480245 0.00260618 0.999985 0.186185 0.259829 0.0159933
FixedParameters: 0 0 0

#Transform 68
Transform: AffineTransform_float_3_3
Parameters: 0.999989 4.46804e-05 -0.00480314 -5.83181e-05 0.999996 -0.00277275 0.00480286 0.00277325 0.999984 0.200799 0.286937 -0.0351396
FixedParameters: 0 0 0

#Transform 69
Transform: AffineTransform_float_3_3
Parameters: 0.999989 4.37187e-05 -0.00453412 -5.528e-05 0.999997 -0.00248777 0.00453387 0.00248822 0.999986 0.175362 0.280964 -0.0323275
FixedParameters: 0 0 0

#Transform 70
Transform: AffineTransform_float_3_3
Parameters: 0.999991 0.000510926 -0.00419624 -0.000521075 0.999997 -0.00239984 0.00419576 0.00240217 0.999989 0.141266 0.291506 -0.050013
FixedParameters: 0 0 0

#Transform 71
Transform: AffineTransform_float_3_3
Parameters: 0.999989 0.000283497 -0.00480363 -0.0002945 0.999997 -0.00218561 0.00480237 0.00218739 0.999986 0.190298 0.299865 -0.0997286
FixedParameters: 0 0 0

#Transform 72
Transform: AffineTransform_float_3_3
Parameters: 0.999989 0.000280636 -0.00468182 -0.000294368 0.999996 -0.00285465 0.00468118 0.00285534 0.999985 0.183694 0.318736 -0.0555676
FixedParameters: 0 0 0

#Transform 73
Transform: AffineTransform_float_3_3
Parameters: 0.999988 0.000279128 -0.00501185 -0.000293876 0.999996 -0.00296757 0.00501115 0.00296844 0.999983 0.212331 0.33419 -0.063424
FixedParameters: 0 0 0

#Transform 74
Transform: AffineTransform_float_3_3
Parameters: 0.999993 0.000715217 -0.00366833 -0.000722785 0.999998 -0.00184836 0.00366767 0.00185064 0.999991 0.10852 0.219438 -0.000230914
FixedParameters: 0 0 0

#Transform 75
Transform: AffineTransform_float_3_3
Parameters: 0.999992 0.000655015 -0.00410528 -0.000662986 0.999998 -0.00194429 0.00410372 0.0019467 0.999989 0.127092 0.234649 0.0190299
FixedParameters: 0 0 0

#Transform 76
Transform: AffineTransform_float_3_3
Parameters: 0.999989 0.000750344 -0.00448862 -0.000759656 0.999998 -0.00214961 0.00448737 0.00215339 0.999987 0.151552 0.245172 -0.0295263
FixedParameters: 0 0 0

#Transform 77
Transform: AffineTransform_float_3_3
Parameters: 0.999992 0.000501354 -0.00411994 -0.000509646 0.999998 -0.00185492 0.00411906 0.00185708 0.99999 0.144322 0.241268 -0.0219194
FixedParameters: 0 0 0

#Transform 78
Transform: AffineTransform_float_3_3
Parameters: 0.99999 0.000282124 -0.00448776 -0.000293876 0.999997 -0.00264571 0.00448724 0.0026473 0.999987 0.160046 0.299626 -0.0567281
FixedParameters: 0 0 0

#Transform 79
Transform: AffineTransform_float_3_3
Parameters: 0.99999 0.000283676 -0.00448767 -0.000294323 0.999998 -0.0022997 0.00448734 0.0023013 0.999988 0.167691 0.302026 -0.0722377
FixedParameters: 0 0 0

#Transform 80
Transform: AffineTransform_float_3_3
Parameters: 0.99999 0.000113674 -0.00448727 -0.000123323 0.999998 -0.00230047 0.00448673 0.00230153 0.999988 0.165278 0.29943 -0.0723429
FixedParameters: 0 0 0

#Transform 81
Transform: AffineTransform_float_3_3
Parameters: 0.999989 0.000113946 -0.00465531 -0.000126055 0.999996 -0.00258944 0.00465469 0.00258956 0.999986 0.171401 0.314879 -0.0792068
FixedParameters: 0 0 0

#Transform 82
Transform: AffineTransform_float_3_3
Parameters: 0.999991 6.82734e-05 -0.00423021 -8.07247e-05 0.999996 -0.00277168 0.00422979 0.00277231 0.999987 0.156417 0.313192 -0.0820308
FixedParameters: 0 0 0

#Transform 83
Transform: AffineTransform_float_3_3
Parameters: 0.999991 0.000103165 -0.0042923 -0.000114839 0.999996 -0.00275753 0.0042927 0.00275747 0.999987 0.169925 0.305169 -0.0719107
FixedParameters: 0 0 0

#Transform 84
Transform: AffineTransform_float_3_3
Parameters: 0.999992 0.000875734 -0.00384236 -0.000885267 0.999996 -0.00267062 0.00384065 0.00267438 0.999989 0.16079 0.290285 -0.0735553
FixedParameters: 0 0 0

#Transform 85
Transform: AffineTransform_float_3_3
Parameters: 0.999996 9.32614e-06 -0.00260001 -1.26738e-05 0.999999 -0.00141297 0.00259998 0.00141303 0.999995 0.122822 0.250366 -0.0704252
FixedParameters: 0 0 0

#Transform 86
Transform: AffineTransform_float_3_3
Parameters: 0.999997 1.88682e-05 -0.00250202 -2.01316e-05 0.999999 -0.000851952 0.00250198 0.00085205 0.999997 0.121577 0.224527 -0.062352
FixedParameters: 0 0 0

#Transform 87
Transform: AffineTransform_float_3_3
Parameters: 0.999997 -0.000167635 -0.00236989 0.000165367 0.999999 -0.000689394 0.00237011 0.000689604 0.999997 0.0907134 0.21457 -0.0477087
FixedParameters: 0 0 0

#Transform 88
Transform: AffineTransform_float_3_3
Parameters: 0.999997 -0.000357838 -0.00270476 0.000356162 0.999999 -0.000679966 0.00270524 0.000679034 0.999996 0.0890807 0.212766 -0.0649895
FixedParameters: 0 0 0

#Transform 89
Transform: AffineTransform_float_3_3
Parameters: 0.999994 -0.00035895 -0.00323367 0.000356048 0.999999 -0.000913156 0.00323433 0.000911844 0.999995 0.125481 0.250752 -0.0939078
FixedParameters: 0 0 0

#Transform 90
Transform: AffineTransform_float_3_3
Parameters: 0.999995 -0.0003616 -0.00296032 0.0003554 0.999998 -0.00189206 0.00296068 0.00189094 0.999994 0.125871 0.301133 -0.0914229
FixedParameters: 0 0 0

#Transform 91
Transform: AffineTransform_float_3_3
Parameters: 0.999996 -0.00051756 -0.00251407 0.00051344 0.999998 -0.0018143 0.00251493 0.00181271 0.999995 0.098041 0.295139 -0.0741908
FixedParameters: 0 0 0

#Transform 92
Transform: AffineTransform_float_3_3
Parameters: 0.999997 -0.000655279 -0.00245913 0.000651719 0.999999 -0.00133461 0.00245987 0.00133239 0.999996 0.108735 0.262915 -0.0695317
FixedParameters: 0 0 0

#Transform 93
Transform: AffineTransform_float_3_3
Parameters: 0.999997 -0.000436497 -0.00236336 0.000433503 0.999999 -0.00148003 0.00236364 0.00147897 0.999996 0.10679 0.259815 -0.0547505
FixedParameters: 0 0 0

#Transform 94
Transform: AffineTransform_float_3_3
Parameters: 0.999997 -0.000749284 -0.00241567 0.000745715 0.999998 -0.00177381 0.00241732 0.00177219 0.999995 0.111629 0.266782 -0.0514849
FixedParameters: 0 0 0

#Transform 95
Transform: AffineTransform_float_3_3
Parameters: 0.999997 -0.000748026 -0.002269 0.000744973 0.999999 -0.00133469 0.00226999 0.0013323 0.999996 0.102817 0.25569 -0.0435302
FixedParameters: 0 0 0

#Transform 96
Transform: AffineTransform_float_3_3
Parameters: 0.999997 -0.000857047 -0.00228386 0.000853952 0.999998 -0.00133495 0.00228514 0.00133305 0.999997 0.095468 0.263065 -0.0527488
FixedParameters: 0 0 0

#Transform 97
Transform: AffineTransform_float_3_3
Parameters: 0.999997 -0.000771804 -0.00236609 0.000769195 0.999999 -0.00118582 0.00236791 0.00118418 0.999997 0.103376 0.244035 -0.0667744
FixedParameters: 0 0 0

#Transform 98
Transform: AffineTransform_float_3_3
Parameters: 0.999998 -0.000940371 -0.00208994 0.00093763 0.999999 -0.00113496 0.00209107 0.00113304 0.999997 0.102812 0.234283 -0.0243285
FixedParameters: 0 0 0

#Transform 99
Transform: AffineTransform_float_3_3
Parameters: 0.999994 -0.00095962 -0.00333796 0.000955379 0.999999 -0.0010862 0.00333904 0.0010828 0.999994 0.173316 0.255974 -0.108433
FixedParameters: 0 0 0

#Transform 100
Transform: AffineTransform_float_3_3
Parameters: 0.999996 -0.000888495 -0.00292764 0.000884504 0.999999 -0.0015366 0.00292936 0.0015334 0.999994 0.148897 0.280253 -0.0783463
FixedParameters: 0 0 0

#Transform 101
Transform: AffineTransform_float_3_3
Parameters: 0.999997 -0.00116345 -0.00243888 0.00115955 0.999997 -0.00182583 0.00244112 0.00182317 0.999996 0.13093 0.284534 -0.0699861
FixedParameters: 0 0 0

#Transform 102
Transform: AffineTransform_float_3_3
Parameters: 0.999996 -0.00144516 -0.00222866 0.00143984 0.999997 -0.00231522 0.00223234 0.00231178 0.999995 0.120772 0.293631 -0.0428843
FixedParameters: 0 0 0

#Transform 103
Transform: AffineTransform_float_3_3
Parameters: 0.999997 -0.00132692 -0.002171 0.00132208 0.999996 -0.00226588 0.002174 0.00226312 0.999995 0.112724 0.317084 -0.0736015
FixedParameters: 0 0 0

#Transform 104
Transform: AffineTransform_float_3_3
Parameters: 0.999991 0.000667852 -0.00418663 -0.00067815 0.999997 -0.00242318 0.00418537 0.00242582 0.999989 0.167776 0.355433 -0.204256
FixedParameters: 0 0 0

#Transform 105
Transform: AffineTransform_float_3_3
Parameters: 0.999991 0.00146795 -0.00385346 -0.00147704 0.999996 -0.00234533 0.00384954 0.00235167 0.99999 0.0960737 0.380108 -0.269456
FixedParameters: 0 0 0

#Transform 106
Transform: AffineTransform_float_3_3
Parameters: 0.999999 0.000905417 -0.000909955 -0.000925584 0.999738 -0.0228802 0.000889055 0.0228808 0.999738 -0.203759 1.59504 -0.995114
FixedParameters: 0 0 0

#Transform 107
Transform: AffineTransform_float_3_3
Parameters: 0.999997 -0.00151219 -0.00154094 0.00148181 0.99981 -0.0194073 0.00157005 0.0194057 0.999811 0.0743948 1.22727 -0.467977
FixedParameters: 0 0 0

#Transform 108
Transform: AffineTransform_float_3_3
Parameters: 0.999993 -0.00214588 -0.0032475 0.00209912 0.999894 -0.0143719 0.0032775 0.0143651 0.999892 0.165693 0.986552 -0.266773
FixedParameters: 0 0 0

#Transform 109
Transform: AffineTransform_float_3_3
Parameters: 0.999995 -0.00176149 -0.00256868 0.0017275 0.999909 -0.0133695 0.00259232 0.0133645 0.999908 0.134839 0.937233 -0.280249
FixedParameters: 0 0 0

#Transform 110
Transform: AffineTransform_float_3_3
Parameters: 0.999995 -0.00175892 -0.00236964 0.00172708 0.999908 -0.0134052 0.00239336 0.0134008 0.999908 0.129706 0.938819 -0.260083
FixedParameters: 0 0 0

#Transform 111
Transform: AffineTransform_float_3_3
Parameters: 0.999995 -0.00175703 -0.00237306 0.00172698 0.999919 -0.0125952 0.00239494 0.0125918 0.999918 0.132392 0.896417 -0.25994
FixedParameters: 0 0 0

#Transform 112
Transform: AffineTransform_float_3_3
Parameters: 0.999995 -0.00213454 -0.00230389 0.00210646 0.999922 -0.0123179 0.00233012 0.0123131 0.999922 0.114344 0.877687 -0.270761
FixedParameters: 0 0 0

#Transform 113
Transform: AffineTransform_float_3_3
Parameters: 0.999996 -0.00218251 -0.00212208 0.0021565 0.999927 -0.0119486 0.00214792 0.0119444 0.999927 0.100734 0.864058 -0.280305
FixedParameters: 0 0 0

#Transform 114
Transform: AffineTransform_float_3_3
Parameters: 0.999995 -0.00224759 -0.00186678 0.00222241 0.999912 -0.0130712 0.00189621 0.0130668 0.999913 0.0741873 0.922707 -0.264165
FixedParameters: 0 0 0

#Transform 115
Transform: AffineTransform_float_3_3
Parameters: 0.999995 -0.00266843 -0.00206632 0.00264258 0.999916 -0.0126865 0.00209969 0.0126815 0.999918 0.0837438 0.903939 -0.261677
FixedParameters: 0 0 0

#Transform 116
Transform: AffineTransform_float_3_3
Parameters: 0.999993 -0.00275566 -0.00226151 0.00272733 0.999917 -0.0125823 0.00229649 0.0125758 0.999919 0.0981082 0.898906 -0.27695
FixedParameters: 0 0 0

#Transform 117
Transform: AffineTransform_float_3_3
Parameters: 0.999995 -0.00275707 -0.00189606 0.00273194 0.999911 -0.0130963 0.00193194 0.0130918 0.999913 0.0682637 0.907915 -0.257695
FixedParameters: 0 0 0

#Transform 118
Transform: AffineTransform_float_3_3
Parameters: 0.999993 -0.00290524 -0.00240116 0.00287176 0.999896 -0.014142 0.00244185 0.014135 0.999897 0.114633 0.980802 -0.264871
FixedParameters: 0 0 0

#Transform 119
Transform: AffineTransform_float_3_3
Parameters: 0.999996 -0.00234703 -0.00152923 0.00232396 0.999887 -0.0148886 0.00156477 0.0148844 0.999888 0.0782435 1.03599 -0.353225
FixedParameters: 0 0 0

#Transform 120
Transform: AffineTransform_float_3_3
Parameters: 0.999996 -0.0025894 -0.00125369 0.0025716 0.999903 -0.0136843 0.00128931 0.0136807 0.999905 0.0646115 0.95654 -0.322289
FixedParameters: 0 0 0

#Transform 121
Transform: AffineTransform_float_3_3
Parameters: 0.999996 -0.00259208 -0.00153764 0.00257192 0.999913 -0.01292 0.00157136 0.012916 0.999916 0.0797731 0.930764 -0.288773
FixedParameters: 0 0 0

#Transform 122
Transform: AffineTransform_float_3_3
Parameters: 0.999997 -0.00206641 -0.00127494 0.00205259 0.999935 -0.0112017 0.00129807 0.0111994 0.999937 0.0422064 0.803271 -0.166928
FixedParameters: 0 0 0

#Transform 123
Transform: AffineTransform_float_3_3
Parameters: 0.999996 -0.00248176 -0.00120199 0.00246724 0.999924 -0.012131 0.00123202 0.012128 0.999925 0.0423096 0.864244 -0.226394
FixedParameters: 0 0 0

#Transform 124
Transform: AffineTransform_float_3_3
Parameters: 0.999996 -0.00259308 -0.0016177 0.00257194 0.999914 -0.0128972 0.00165031 0.0128938 0.999916 0.0837837 0.935955 -0.315561
FixedParameters: 0 0 0

#Transform 125
Transform: AffineTransform_float_3_3
Parameters: 0.999994 -0.00259901 -0.00226132 0.00257199 0.999927 -0.0118669 0.00229167 0.0118601 0.999927 0.148863 0.900273 -0.356796
FixedParameters: 0 0 0

#Transform 126
Transform: AffineTransform_float_3_3
Parameters: 0.999993 -0.00275175 -0.00258663 0.00271924 0.999922 -0.0122011 0.00262036 0.0121939 0.999922 0.170927 0.904758 -0.30486
FixedParameters: 0 0 0

#Transform 127
Transform: AffineTransform_float_3_3
Parameters: 0.999993 -0.00278138 -0.00223231 0.00275362 0.999922 -0.0121752 0.00226568 0.0121688 0.999924 0.151259 0.902055 -0.301757
FixedParameters: 0 0 0

#Transform 128
Transform: AffineTransform_float_3_3
Parameters: 0.999989 -0.0030106 -0.00346165 0.00297339 0.999937 -0.0108174 0.00349435 0.0108066 0.999935 0.236233 0.835666 -0.266343
FixedParameters: 0 0 0

#Transform 129
Transform: AffineTransform_float_3_3
Parameters: 0.99999 -0.00278516 -0.00346726 0.00274985 0.999942 -0.0103896 0.00349574 0.0103794 0.99994 0.21981 0.805387 -0.229379
FixedParameters: 0 0 0

#Transform 130
Transform: AffineTransform_float_3_3
Parameters: 0.999994 -0.00340331 -0.00136133 0.00338868 0.999932 -0.0110947 0.00139967 0.0110893 0.999937 0.130734 0.859725 -0.282472
FixedParameters: 0 0 0

#Transform 131
Transform: AffineTransform_float_3_3
Parameters: 0.999995 -0.00298694 -0.00114012 0.00297306 0.999923 -0.0120425 0.00117588 0.0120385 0.999927 0.0954336 0.916855 -0.347267
FixedParameters: 0 0 0

#Transform 132
Transform: AffineTransform_float_3_3
Parameters: 0.999995 -0.00312452 -0.0012184 0.00310949 0.999926 -0.0117419 0.00125459 0.0117382 0.999931 0.101181 0.922037 -0.366776
FixedParameters: 0 0 0

#Transform 133
Transform: AffineTransform_float_3_3
Parameters: 0.999995 -0.00303306 -0.000978334 0.00302193 0.999933 -0.011121 0.00101266 0.011118 0.999937 0.0768441 0.870864 -0.334236
FixedParameters: 0 0 0

#Transform 134
Transform: AffineTransform_float_3_3
Parameters: 0.999996 -0.00287626 -0.00103009 0.00286474 0.999938 -0.01077 0.00106091 0.010767 0.999941 0.066788 0.840837 -0.251244
FixedParameters: 0 0 0

#Transform 135
Transform: AffineTransform_float_3_3
Parameters: 0.999996 -0.00287526 -0.0010041 0.00286475 0.999945 -0.0100689 0.00103289 0.0100661 0.999949 0.0630774 0.775348 -0.170791
FixedParameters: 0 0 0

#Transform 136
Transform: AffineTransform_float_3_3
Parameters: 0.999996 -0.00287257 -0.000777582 0.00286545 0.99995 -0.00955827 0.000804425 0.00955673 0.999954 0.0513949 0.766295 -0.187702
FixedParameters: 0 0 0

#Transform 137
Transform: AffineTransform_float_3_3
Parameters: 0.999995 -0.00261158 -0.00130926 0.00259841 0.999944 -0.0102684 0.00133675 0.0102656 0.999947 0.103556 0.785115 -0.1618
FixedParameters: 0 0 0

#Transform 138
Transform: AffineTransform_float_3_3
Parameters: 0.999995 -0.00287017 -0.00062368 0.00286484 0.999963 -0.00813282 0.000646318 0.00813118 0.999966 0.0365479 0.641345 -0.108162
FixedParameters: 0 0 0

#Transform 139
Transform: AffineTransform_float_3_3
Parameters: 0.999996 -0.00287034 -0.000499239 0.00286566 0.999942 -0.0103785 0.000529769 0.0103775 0.999946 0.0285453 0.810609 -0.247274
FixedParameters: 0 0 0

#Transform 140
Transform: AffineTransform_float_3_3
Parameters: 0.999991 -0.00384479 -0.00151664 0.0038272 0.999926 -0.0115669 0.00156136 0.0115611 0.999932 0.11147 0.875239 -0.205513
FixedParameters: 0 0 0

#Transform 141
Transform: AffineTransform_float_3_3
Parameters: 0.999992 -0.0039029 -0.00101739 0.0038911 0.999927 -0.01145 0.00106161 0.0114459 0.999934 0.0652139 0.885708 -0.221125
FixedParameters: 0 0 0

#Transform 142
Transform: AffineTransform_float_3_3
Parameters: 0.999994 -0.00335808 -0.000874134 0.00334891 0.99993 -0.011294 0.000911876 0.011291 0.999936 0.0397775 0.847356 -0.20841
FixedParameters: 0 0 0

#Transform 143
Transform: AffineTransform_float_3_3
Parameters: 0.999993 -0.00358435 -0.0008411 0.00357465 0.999934 -0.0108681 0.000879896 0.0108649 0.99994 0.0444892 0.842612 -0.214137
FixedParameters: 0 0 0

#Transform 144
Transform: AffineTransform_float_3_3
Parameters: 0.999993 -0.00351235 -0.00110966 0.00349965 0.999934 -0.010937 0.00114834 0.010933 0.999939 0.0755421 0.851066 -0.223393
FixedParameters: 0 0 0

#Transform 145
Transform: AffineTransform_float_3_3
Parameters: 0.999996 -0.00260957 -4.41411e-05 0.00260944 0.999948 -0.00991015 6.98628e-05 0.00990986 0.999951 0.0103972 0.794424 -0.189008
FixedParameters: 0 0 0

#Transform 146
Transform: AffineTransform_float_3_3
Parameters: 0.999991 -0.00400762 -0.000753543 0.00400039 0.999944 -0.0098561 0.00079246 0.00985291 0.999951 0.0805249 0.816912 -0.225682
FixedParameters: 0 0 0

#Transform 147
Transform: AffineTransform_float_3_3
Parameters: 0.999991 -0.00429213 -0.000771065 0.00428388 0.999939 -0.0102474 0.000814933 0.0102436 0.999947 0.0748155 0.837991 -0.20864
FixedParameters: 0 0 0

#Transform 148
Transform: AffineTransform_float_3_3
Parameters: 0.999989 -0.00434486 -0.00131071 0.00433013 0.999928 -0.0111368 0.0013593 0.0111312 0.999937 0.106981 0.88055 -0.223075
FixedParameters: 0 0 0

#Transform 149
Transform: AffineTransform_float_3_3
Parameters: 0.999991 -0.00410396 -0.000906337 0.00409503 0.999945 -0.00967679 0.00094666 0.0096722 0.999953 0.105509 0.82437 -0.220086
FixedParameters: 0 0 0

#Transform 150
Transform: AffineTransform_float_3_3
Parameters: 0.999993 -0.00343303 -0.00104545 0.00342296 0.999941 -0.0103746 0.00108156 0.0103704 0.999945 0.0741856 0.814287 -0.239066
FixedParameters: 0 0 0

#Transform 151
Transform: AffineTransform_float_3_3
Parameters: 0.999992 -0.00380965 -0.000561567 0.00380234 0.999927 -0.0114112 0.000605423 0.0114088 0.999934 0.0543805 0.877083 -0.249329
FixedParameters: 0 0 0

#Transform 152
Transform: AffineTransform_float_3_3
Parameters: 0.999992 -0.00402259 -0.0010326 0.00401241 0.999942 -0.0100572 0.0010734 0.0100528 0.999949 0.101178 0.796445 -0.193865
FixedParameters: 0 0 0

#Transform 153
Transform: AffineTransform_float_3_3
Parameters: 0.999992 -0.00415646 -0.000284359 0.00415254 0.999929 -0.0112263 0.000331635 0.0112247 0.999937 0.0427816 0.927363 -0.361238
FixedParameters: 0 0 0

#Transform 154
Transform: AffineTransform_float_3_3
Parameters: 0.999993 -0.00371437 -6.87793e-05 0.00371363 0.999891 -0.0143304 0.000122228 0.0143297 0.999898 0.0139963 1.13001 -0.496229
FixedParameters: 0 0 0

#Transform 155
Transform: AffineTransform_float_3_3
Parameters: 0.999982 -0.00519589 -0.00292422 0.0051551 0.999895 -0.0134883 0.00299477 0.0134727 0.999905 0.20591 1.03366 -0.363736
FixedParameters: 0 0 0

#Transform 156
Transform: AffineTransform_float_3_3
Parameters: 0.999988 -0.0046823 -0.0010011 0.00467069 0.999917 -0.0119568 0.00105691 0.0119522 0.999928 0.0910406 0.931782 -0.275416
FixedParameters: 0 0 0

#Transform 157
Transform: AffineTransform_float_3_3
Parameters: 0.999987 -0.0048915 -0.00125854 0.00487451 0.999907 -0.0127933 0.00132045 0.0127867 0.999918 0.0968463 0.98715 -0.297225
FixedParameters: 0 0 0

#Transform 158
Transform: AffineTransform_float_3_3
Parameters: 0.999986 -0.00501688 -0.00132762 0.00499813 0.999892 -0.0138588 0.00139639 0.0138522 0.999903 0.0993668 1.04808 -0.317823
FixedParameters: 0 0 0

#Transform 159
Transform: AffineTransform_float_3_3
Parameters: 0.999987 -0.00501044 -0.00082904 0.00499756 0.999884 -0.0143813 0.000900953 0.0143767 0.999896 0.0528461 1.065 -0.331026
FixedParameters: 0 0 0

#Transform 160
Transform: AffineTransform_float_3_3
Parameters: 0.999987 -0.00483182 -0.00131524 0.00481218 0.99988 -0.0146775 0.00138576 0.0146705 0.999892 0.131601 1.10457 -0.387812
FixedParameters: 0 0 0

#Transform 161
Transform: AffineTransform_float_3_3
Parameters: 0.999991 -0.0041873 -0.00136734 0.0041677 0.999886 -0.0145228 0.00142867 0.0145172 0.999893 0.116631 1.0917 -0.367969
FixedParameters: 0 0 0

#Transform 162
Transform: AffineTransform_float_3_3
Parameters: 0.999986 -0.00506086 -0.00158473 0.00503714 0.999879 -0.0147132 0.00165927 0.0147048 0.99989 0.144057 1.10675 -0.363641
FixedParameters: 0 0 0

#Transform 163
Transform: AffineTransform_float_3_3
Parameters: 0.999991 -0.00420323 -0.000681313 0.00419376 0.999907 -0.013026 0.000736684 0.013023 0.999915 0.0354497 0.962606 -0.253159
FixedParameters: 0 0 0

#Transform 164
Transform: AffineTransform_float_3_3
Parameters: 0.999991 -0.00424676 -0.000206408 0.00424325 0.999868 -0.015687 0.000272595 0.015686 0.999877 0.0263667 1.19838 -0.559342
FixedParameters: 0 0 0

#Transform 165
Transform: AffineTransform_float_3_3
Parameters: 0.99999 -0.00442176 -0.000242128 0.00441825 0.999896 -0.0137722 0.000302875 0.0137708 0.999905 0.045117 1.0872 -0.471325
FixedParameters: 0 0 0

#Transform 166
Transform: AffineTransform_float_3_3
Parameters: 0.999991 -0.00436258 -0.000513199 0.00435442 0.999893 -0.0139494 0.000573791 0.0139466 0.999902 0.0640143 1.0968 -0.506318
FixedParameters: 0 0 0

#Transform 167
Transform: AffineTransform_float_3_3
Parameters: 0.99999 -0.00458626 0.000231833 0.00458875 0.999895 -0.0136951 -0.000169171 0.0136959 0.999906 0.0184638 1.10295 -0.509008
FixedParameters: 0 0 0

#Transform 168
Transform: AffineTransform_float_3_3
Parameters: 0.999991 -0.00426453 0.0002086 0.00426647 0.999896 -0.0137362 -0.000150408 0.0137368 0.999905 0.012901 1.08505 -0.476535
FixedParameters: 0 0 0

#Transform 169
Transform: AffineTransform_float_3_3
Parameters: 0.999993 -0.00364806 0.00074708 0.00365694 0.999917 -0.0123404 -0.000701922 0.0123426 0.999923 -0.0137676 1.00992 -0.454127
FixedParameters: 0 0 0

#Transform 170
Transform: AffineTransform_float_3_3
Parameters: 0.999993 -0.00349113 0.000810341 0.00350186 0.999899 -0.0138233 -0.000761658 0.0138268 0.999904 -0.0314852 1.08786 -0.526163
FixedParameters: 0 0 0

#Transform 171
Transform: AffineTransform_float_3_3
Parameters: 0.99999 -0.0044636 -0.000204732 0.0044594 0.999877 -0.0150761 0.000272259 0.0150749 0.999887 0.0643789 1.17537 -0.576846
FixedParameters: 0 0 0

#Transform 172
Transform: AffineTransform_float_3_3
Parameters: 0.999993 -0.00357007 0.000401525 0.00357493 0.999909 -0.0130216 -0.000355478 0.0130224 0.999915 0.00800627 1.04279 -0.561504
FixedParameters: 0 0 0

#Transform 173
Transform: AffineTransform_float_3_3
Parameters: 0.999991 -0.00419165 -0.000492864 0.00418234 0.999826 -0.0181842 0.000569142 0.0181818 0.999835 0.0866755 1.36546 -0.851224
FixedParameters: 0 0 0

#Transform 174
Transform: AffineTransform_float_3_3
Parameters: 0.999995 -0.0028175 0.00140926 0.0028295 0.999956 -0.00894506 -0.00138474 0.00894895 0.999959 -0.0280966 0.903251 -0.649706
FixedParameters: 0 0 0

#Transform 175
Transform: AffineTransform_float_3_3
Parameters: 0.999994 -0.00351112 0.00088468 0.00351689 0.999971 -0.00673693 -0.000861325 0.00673907 0.999977 0.0543525 0.760362 -0.513806
FixedParameters: 0 0 0

#Transform 176
Transform: AffineTransform_float_3_3
Parameters: 0.999994 -0.00342093 0.000198558 0.00342306 0.999928 -0.0115594 -0.000158442 0.0115596 0.999933 0.0474508 0.956033 -0.45342
FixedParameters: 0 0 0

#Transform 177
Transform: AffineTransform_float_3_3
Parameters: 0.999996 -0.00300091 -0.000327311 0.00299808 0.999959 -0.00856502 0.00035369 0.00856398 0.999964 0.0891344 0.806131 -0.454004
FixedParameters: 0 0 0

#Transform 178
Transform: AffineTransform_float_3_3
Parameters: 0.999987 -0.00506517 -0.000144634 0.00506383 0.999962 -0.00718083 0.000181366 0.00718018 0.999974 0.045628 0.728652 -0.358435
FixedParameters: 0 0 0

#Transform 179
Transform: AffineTransform_float_3_3
Parameters: 0.99999 -0.00440311 -0.000509649 0.00439889 0.99996 -0.00780632 0.00054435 0.00780368 0.99997 0.0859403 0.783413 -0.355324
FixedParameters: 0 0 0
