#Insight Transform File V1.0
#Transform 0
Transform: AffineTransform_float_3_3
Parameters: 1 0.00055295 9.22964e-05 -0.00055305 0.999999 0.000535949 -9.27035e-05 -0.000536051 1 0.0598712 -0.0907103 -0.36887
FixedParameters: 0 0 0

#Transform 1
Transform: AffineTransform_float_3_3
Parameters: 0.999999 0.000801013 7.38542e-05 -0.000800986 0.999999 -0.000182059 -7.41457e-05 0.000181941 1 0.0175584 0.100514 0.00137982
FixedParameters: 0 0 0

#Transform 2
Transform: AffineTransform_float_3_3
Parameters: 1 0.000636921 -0.000290173 -0.000637079 1 -0.000271815 0.000290827 0.000272185 1 0.0396607 0.140694 -0.00157718
FixedParameters: 0 0 0

#Transform 3
Transform: AffineTransform_float_3_3
Parameters: 1 0.00069496 -0.000127217 -0.000695039 0.999999 -0.000312912 0.000126782 0.000313088 1 0.0410039 0.182265 -0.00448813
FixedParameters: 0 0 0

#Transform 4
Transform: AffineTransform_float_3_3
Parameters: 1 0.000517942 -0.00017617 -0.000518058 1 -0.000327909 0.00017583 0.000328091 1 0.0278268 0.176108 -0.00377279
FixedParameters: 0 0 0

#Transform 5
Transform: AffineTransform_float_3_3
Parameters: 0.999999 0.000677945 -0.000374098 -0.000678054 1 -0.000144746 0.000374901 0.000145254 1 0.0409845 0.159472 -0.00361601
FixedParameters: 0 0 0

#Transform 6
Transform: AffineTransform_float_3_3
Parameters: 0.999999 0.000517673 -0.000555305 -0.000517326 0.999999 -0.000588713 0.000554695 0.000589287 0.999999 0.0739031 0.211196 -0.023022
FixedParameters: 0 0 0

#Transform 7
Transform: AffineTransform_float_3_3
Parameters: 1 0.000571891 -0.00036717 -0.000572109 1 -0.00029779 0.00036683 0.00029721 1 0.0602857 0.201011 -0.0114688
FixedParameters: 0 0 0

#Transform 8
Transform: AffineTransform_float_3_3
Parameters: 1 0.000517968 -0.000211078 -0.000518032 1 -0.000150891 0.000210922 0.000151109 1 0.033847 0.179933 -0.00452265
FixedParameters: 0 0 0

#Transform 9
Transform: AffineTransform_float_3_3
Parameters: 0.999999 0.000786855 -0.000452252 -0.000787144 0.999999 -0.000320644 0.000451748 0.000320355 1 0.0650457 0.20499 -0.00638644
FixedParameters: 0 0 0

#Transform 10
Transform: AffineTransform_float_3_3
Parameters: 0.999999 0.000517803 -0.000680149 -0.000518196 1 -0.000288648 0.00067985 0.000289352 0.999999 0.0848229 0.211274 -0.0134315
FixedParameters: 0 0 0

#Transform 11
Transform: AffineTransform_float_3_3
Parameters: 0.999999 0.000517778 -0.000651176 -0.000518222 1 -0.000340663 0.000650823 0.000341337 0.999999 0.0697282 0.193417 -0.00901026
FixedParameters: 0 0 0

#Transform 12
Transform: AffineTransform_float_3_3
Parameters: 0.999999 0.000517649 -0.00079023 -0.000517351 1 -0.000444591 0.00079077 0.000444409 0.999999 0.0960327 0.213016 -0.0172773
FixedParameters: 0 0 0

#Transform 13
Transform: AffineTransform_float_3_3
Parameters: 0.999999 0.00060283 -0.000439234 -0.00060317 0.999999 -0.000387735 0.000438766 0.000387264 1 0.0754839 0.197407 -0.0128395
FixedParameters: 0 0 0

#Transform 14
Transform: AffineTransform_float_3_3
Parameters: 1 0.000582864 -0.000346228 -0.000583135 1 -0.000390798 0.000345772 0.000391201 1 0.0640035 0.197488 -0.0125
FixedParameters: 0 0 0

#Transform 15
Transform: AffineTransform_float_3_3
Parameters: 1 0.000571058 -0.000317895 -0.000570941 1 0.000184181 0.000318105 -0.000183818 1 0.0433704 0.157463 -0.00548767
FixedParameters: 0 0 0

#Transform 16
Transform: AffineTransform_float_3_3
Parameters: 1 0.000658861 -0.000928099 -0.00065914 1 -0.000150388 0.000927901 0.000150611 0.999999 0.084492 0.172493 -0.0107485
FixedParameters: 0 0 0

#Transform 17
Transform: AffineTransform_float_3_3
Parameters: 0.999999 0.000570766 -0.000710188 -0.000571234 1 -0.000329594 0.000709811 0.000329405 0.999999 0.0836773 0.211656 -0.0132754
FixedParameters: 0 0 0

#Transform 18
Transform: AffineTransform_float_3_3
Parameters: 1 0.000414925 -0.000572054 -0.000415074 1 -0.000129763 0.000571946 0.000130237 1 0.0629766 0.185292 -0.0112804
FixedParameters: 0 0 0

#Transform 19
Transform: AffineTransform_float_3_3
Parameters: 0.999999 0.000558821 -0.000662151 -0.000559179 1 -0.00027063 0.000661849 0.00027037 0.999999 0.0584251 0.183857 -0.0126568
FixedParameters: 0 0 0

#Transform 20
Transform: AffineTransform_float_3_3
Parameters: 0.999999 0.000572844 -0.000670133 -0.000573156 1 -0.000232616 0.000670867 0.000232384 0.999999 0.0801355 0.201151 -0.0123956
FixedParameters: 0 0 0

#Transform 21
Transform: AffineTransform_float_3_3
Parameters: 0.999999 0.000354899 -0.000615058 -0.000355101 1 -0.000163782 0.000615941 0.000164219 1 0.0867825 0.195589 -0.0116371
FixedParameters: 0 0 0

#Transform 22
Transform: AffineTransform_float_3_3
Parameters: 1 0.000280969 -0.00014606 -0.000281031 1 -0.000213959 0.00014594 0.000214041 1 0.0312699 0.18241 -0.00864081
FixedParameters: 0 0 0

#Transform 23
Transform: AffineTransform_float_3_3
Parameters: 0.999999 0.000104918 -0.000724011 -0.000105082 1 -0.000112924 0.000723988 0.000113076 0.999999 0.0780223 0.173978 -0.0121806
FixedParameters: 0 0 0

#Transform 24
Transform: AffineTransform_float_3_3
Parameters: 1 -5.0018e-05 -6.39859e-05 4.99819e-05 1 -0.000282003 6.40141e-05 0.000281997 1 0.0354342 0.184916 -0.00858333
FixedParameters: 0 0 0

#Transform 25
Transform: AffineTransform_float_3_3
Parameters: 1 6.29912e-05 -6.40086e-05 -6.30088e-05 1 -0.000136996 6.39914e-05 0.000137004 1 0.0312991 0.171057 -0.00467326
FixedParameters: 0 0 0

#Transform 26
Transform: AffineTransform_float_3_3
Parameters: 1 3.09601e-05 -0.000539002 -3.10399e-05 1 -7.39833e-05 0.000538998 7.40167e-05 1 0.0504424 0.161162 -0.00748232
FixedParameters: 0 0 0

#Transform 27
Transform: AffineTransform_float_3_3
Parameters: 0.999999 -0.00031203 -0.000678986 0.000311969 1 -4.52118e-05 0.000678014 4.47884e-05 1 0.0771546 0.181425 -0.0114125
FixedParameters: 0 0 0

#Transform 28
Transform: AffineTransform_float_3_3
Parameters: 1 -0.000312286 -0.000570843 0.000312714 1 -0.000501178 0.000571156 0.000500822 0.999999 0.0694728 0.198361 -0.0133583
FixedParameters: 0 0 0

#Transform 29
Transform: AffineTransform_float_3_3
Parameters: 1 7.99175e-05 -0.000529012 -8.00825e-05 1 -0.000155958 0.000528987 0.000156042 1 0.0612474 0.180326 -0.00471722
FixedParameters: 0 0 0

#Transform 30
Transform: AffineTransform_float_3_3
Parameters: 0.999999 0.000167806 -0.000948034 -0.000168194 1 -0.000204841 0.000947965 0.000204159 0.999999 0.0861372 0.184186 -0.0103116
FixedParameters: 0 0 0

#Transform 31
Transform: AffineTransform_float_3_3
Parameters: 1 -0.000312314 -0.00061384 0.000312687 1 -0.000510192 0.000613159 0.000510808 0.999999 0.0786384 0.213904 -0.00927791
FixedParameters: 0 0 0

#Transform 32
Transform: AffineTransform_float_3_3
Parameters: 0.999999 -0.000406987 -0.000675007 0.000407013 1 1.87253e-05 0.000674992 -1.92747e-05 1 0.0816951 0.172563 -0.0138729
FixedParameters: 0 0 0

#Transform 33
Transform: AffineTransform_float_3_3
Parameters: 1 -0.000211941 -0.000468027 0.000212059 1 0.000126901 0.000467973 -0.000127099 1 0.0612711 0.160741 -0.00726138
FixedParameters: 0 0 0

#Transform 34
Transform: AffineTransform_float_3_3
Parameters: 1 -0.000225083 -0.000220915 0.000224917 1 -0.00037605 0.000221085 0.00037595 1 0.0433347 0.189864 -0.00162713
FixedParameters: 0 0 0

#Transform 35
Transform: AffineTransform_float_3_3
Parameters: 1 -0.000265022 -0.000392985 0.000264978 1 -5.71041e-05 0.000393015 5.68958e-05 1 0.0690439 0.188396 -0.00504049
FixedParameters: 0 0 0

#Transform 36
Transform: AffineTransform_float_3_3
Parameters: 0.999999 -0.0005961 -0.000800924 0.000595898 1 -0.000126477 0.000801074 0.000125522 0.999999 0.104668 0.191069 -0.0182223
FixedParameters: 0 0 0

#Transform 37
Transform: AffineTransform_float_3_3
Parameters: 0.999999 -0.000737064 -0.000513907 0.000736935 0.999999 -0.000126379 0.000514092 0.000125621 1 0.0686651 0.182079 -0.00622739
FixedParameters: 0 0 0

#Transform 38
Transform: AffineTransform_float_3_3
Parameters: 0.999999 -0.000737017 -0.000513975 0.000736982 0.999999 -3.33788e-05 0.000514025 3.36212e-05 1 0.0686829 0.161704 -0.0115743
FixedParameters: 0 0 0

#Transform 39
Transform: AffineTransform_float_3_3
Parameters: 1 -0.000737049 -0.000716951 0.000736952 0.999999 -6.75284e-05 0.00071705 6.74715e-05 0.999999 0.0832672 0.164137 -0.0088026
FixedParameters: 0 0 0

#Transform 40
Transform: AffineTransform_float_3_3
Parameters: 0.999999 -0.000737118 -0.000314723 0.000736881 0.999999 -0.000376232 0.000314277 0.000375768 1 0.0544646 0.193345 -0.00910293
FixedParameters: 0 0 0

#Transform 41
Transform: AffineTransform_float_3_3
Parameters: 1 -0.000530971 -0.000126123 0.000531029 1 0.000230933 0.000126877 -0.000231067 1 0.0304953 0.144181 0.00107118
FixedParameters: 0 0 0

#Transform 42
Transform: AffineTransform_float_3_3
Parameters: 1 -0.000414998 -0.000505001 0.000415001 1 2.79042e-06 0.000504999 -3.20957e-06 1 0.0557902 0.160389 -0.00678129
FixedParameters: 0 0 0

#Transform 43
Transform: AffineTransform_float_3_3
Parameters: 0.999999 -0.000737079 -0.000336827 0.000736921 0.999999 -0.000234248 0.000337173 0.000234751 1 0.0637536 0.191116 -0.00487047
FixedParameters: 0 0 0

#Transform 44
Transform: AffineTransform_float_3_3
Parameters: 1 -0.000594986 -0.000337024 0.000595014 1 4.07995e-05 0.000336975 -4.12005e-05 1 0.0520352 0.187341 -0.00319449
FixedParameters: 0 0 0

#Transform 45
Transform: AffineTransform_float_3_3
Parameters: 1 -0.000542015 -0.000336976 0.000541985 1 -4.41826e-05 0.000337024 4.38173e-05 1 0.0430689 0.170467 -0.00360405
FixedParameters: 0 0 0

#Transform 46
Transform: AffineTransform_float_3_3
Parameters: 1 -0.000552008 -0.000257983 0.000551992 1 -3.01424e-05 0.000258017 3.08576e-05 1 0.0434031 0.168648 -0.00306917
FixedParameters: 0 0 0

#Transform 47
Transform: AffineTransform_float_3_3
Parameters: 0.999999 -0.00071298 -0.000561024 0.000713019 0.999999 3.46e-05 0.000560975 -3.44e-05 1 0.0779431 0.179106 -0.00476041
FixedParameters: 0 0 0

#Transform 48
Transform: AffineTransform_float_3_3
Parameters: 0.999999 -0.000803062 -0.000396874 0.000802937 0.999999 -0.000157319 0.000397126 0.000156681 1 0.0593712 0.190248 -0.00470533
FixedParameters: 0 0 0

#Transform 49
Transform: AffineTransform_float_3_3
Parameters: 0.999999 -0.000802992 -0.000367016 0.000803007 0.999999 1.97053e-05 0.000366984 -1.92947e-05 1 0.06049 0.162082 -0.00352976
FixedParameters: 0 0 0

#Transform 50
Transform: AffineTransform_float_3_3
Parameters: 1 -0.000538013 -0.000418983 0.000537987 1 -3.12254e-05 0.000419016 3.07746e-05 1 0.0605516 0.150911 -0.00413373
FixedParameters: 0 0 0

#Transform 51
Transform: AffineTransform_float_3_3
Parameters: 0.999999 -0.00085806 -0.000481891 0.000857938 0.999999 -0.000126413 0.000482108 0.000126586 1 0.0846878 0.176753 -0.00515477
FixedParameters: 0 0 0

#Transform 52
Transform: AffineTransform_float_3_3
Parameters: 0.999999 -0.000626044 -0.000354921 0.000625955 1 -0.000126222 0.000354079 0.000125778 1 0.0639666 0.189018 -0.00419294
FixedParameters: 0 0 0

#Transform 53
Transform: AffineTransform_float_3_3
Parameters: 0.999999 -0.000623986 -0.000346025 0.000624014 1 3.97841e-05 0.000345975 -4.02159e-05 1 0.0617518 0.15981 -0.0031743
FixedParameters: 0 0 0

#Transform 54
Transform: AffineTransform_float_3_3
Parameters: 0.999999 -0.000561075 -0.000589929 0.000560925 1 -0.000126331 0.000590071 0.000126669 1 0.0779507 0.155652 -0.00588237
FixedParameters: 0 0 0

#Transform 55
Transform: AffineTransform_float_3_3
Parameters: 0.999999 -0.000858068 -0.000543891 0.000857931 0.999999 -0.000126467 0.000544108 0.000126533 1 0.0821108 0.17063 -0.00557546
FixedParameters: 0 0 0

#Transform 56
Transform: AffineTransform_float_3_3
Parameters: 0.999999 -0.000766061 -0.000484903 0.000765938 0.999999 -0.000126371 0.000485097 0.000126628 1 0.0699069 0.169882 -0.00360945
FixedParameters: 0 0 0

#Transform 57
Transform: AffineTransform_float_3_3
Parameters: 0.999999 -0.000669977 -0.000641023 0.000670022 1 3.45705e-05 0.000640976 -3.54294e-05 1 0.0751813 0.150497 -0.00286697
FixedParameters: 0 0 0

#Transform 58
Transform: AffineTransform_float_3_3
Parameters: 0.999999 -0.000734952 -0.000430081 0.000735047 0.999999 0.000109684 0.000429919 -0.000110316 1 0.0661265 0.154831 -0.00378495
FixedParameters: 0 0 0

#Transform 59
Transform: AffineTransform_float_3_3
Parameters: 0.999999 -0.000810977 -0.000484037 0.000810022 0.999999 4.56079e-05 0.000483962 -4.63925e-05 1 0.0681338 0.172772 -0.0104177
FixedParameters: 0 0 0

#Transform 60
Transform: AffineTransform_float_3_3
Parameters: 0.999999 -0.000766955 -0.000432079 0.000767044 0.999999 0.000102669 0.000431921 -0.000102331 1 0.0494371 0.152353 -0.00977351
FixedParameters: 0 0 0

#Transform 61
Transform: AffineTransform_float_3_3
Parameters: 1 -0.000733112 -0.000806899 0.000732888 0.999999 -0.000138591 0.000807102 0.000138408 0.999999 0.0893226 0.161887 -0.00594377
FixedParameters: 0 0 0

#Transform 62
Transform: AffineTransform_float_3_3
Parameters: 0.999999 -0.000981258 -0.000806686 0.000981743 1 -0.000319792 0.000807313 0.000318208 0.999999 0.102666 0.194296 -0.00821052
FixedParameters: 0 0 0

#Transform 63
Transform: AffineTransform_float_3_3
Parameters: 1 -0.000934977 -0.000638033 0.000935023 0.999999 3.54034e-05 0.000637967 -3.55965e-05 1 0.0919565 0.167042 -0.00694118
FixedParameters: 0 0 0

#Transform 64
Transform: AffineTransform_float_3_3
Parameters: 0.999999 -0.000874993 -0.000351015 0.000875006 0.999999 1.76929e-05 0.000350984 -1.83071e-05 1 0.0661709 0.153914 -0.00358326
FixedParameters: 0 0 0

#Transform 65
Transform: AffineTransform_float_3_3
Parameters: 1 -0.000829111 -0.000667863 0.00082889 0.999999 -0.000165554 0.000668138 0.000165446 1 0.0894475 0.166559 -0.00630088
FixedParameters: 0 0 0

#Transform 66
Transform: AffineTransform_float_3_3
Parameters: 0.999999 -0.00107494 -0.000637104 0.00107506 1 9.63152e-05 0.000636895 -9.76847e-05 1 0.0954579 0.153244 -0.000779256
FixedParameters: 0 0 0

#Transform 67
Transform: AffineTransform_float_3_3
Parameters: 1 -0.000988879 -0.00070617 0.000989121 0.999999 0.000171302 0.000705831 -0.000171698 0.999999 0.0919215 0.150761 -0.0122287
FixedParameters: 0 0 0

#Transform 68
Transform: AffineTransform_float_3_3
Parameters: 1 -0.000963004 -0.000354993 0.000962998 1 -7.34186e-06 0.000355008 7.65813e-06 1 0.0689602 0.161703 -0.00645144
FixedParameters: 0 0 0

#Transform 69
Transform: AffineTransform_float_3_3
Parameters: 1 -0.000847962 -0.00065105 0.000848038 0.999999 5.84479e-05 0.000650951 -5.8552e-05 1 0.0761543 0.142257 -0.00556133
FixedParameters: 0 0 0

#Transform 70
Transform: AffineTransform_float_3_3
Parameters: 0.999999 -0.001154 -0.000565996 0.001154 1 -3.65316e-06 0.000566003 2.34683e-06 1 0.0802233 0.166666 -0.00527941
FixedParameters: 0 0 0

#Transform 71
Transform: AffineTransform_float_3_3
Parameters: 0.999999 -0.00120092 -0.000278354 0.00120108 0.999999 0.000294666 0.000278647 -0.000294335 1 0.0600036 0.133154 -0.0015552
FixedParameters: 0 0 0

#Transform 72
Transform: AffineTransform_float_3_3
Parameters: 0.999999 -0.00120402 -0.000277935 0.00120399 1 -5.43347e-05 0.000278066 5.46653e-05 1 0.0586446 0.153936 -0.00368524
FixedParameters: 0 0 0

#Transform 73
Transform: AffineTransform_float_3_3
Parameters: 1 -0.00117693 -0.00027828 0.00117707 1 0.000237673 0.00027872 -0.000238328 1 0.0429311 0.131181 -0.00183135
FixedParameters: 0 0 0

#Transform 74
Transform: AffineTransform_float_3_3
Parameters: 0.999999 -0.00125394 -0.000493165 0.00125407 0.999999 0.000131382 0.000493835 -0.000131619 1 0.0756817 0.145824 -0.00398639
FixedParameters: 0 0 0

#Transform 75
Transform: AffineTransform_float_3_3
Parameters: 0.999999 -0.00140892 -0.000715151 0.00140908 0.999999 0.000106992 0.000715848 -0.000108009 0.999999 0.0903056 0.148457 -0.00561201
FixedParameters: 0 0 0

#Transform 76
Transform: AffineTransform_float_3_3
Parameters: 0.999999 -0.00108998 -0.00071503 0.00109002 1 2.72206e-05 0.00071497 -2.77793e-05 0.999999 0.09071 0.147389 -0.00624539
FixedParameters: 0 0 0

#Transform 77
Transform: AffineTransform_float_3_3
Parameters: 0.999999 -0.00116011 -0.000819838 0.00115989 1 -0.000139951 0.000820162 0.000139049 0.999999 0.0820502 0.14383 0.000809273
FixedParameters: 0 0 0

#Transform 78
Transform: AffineTransform_float_3_3
Parameters: 0.999998 -0.00147194 -0.000715112 0.00147205 0.999999 7.59474e-05 0.000715887 -7.70538e-05 0.999999 0.0789808 0.127627 0.00163314
FixedParameters: 0 0 0

#Transform 79
Transform: AffineTransform_float_3_3
Parameters: 0.999999 -0.00145995 -0.000487161 0.00146005 0.999999 0.000110289 0.000487839 -0.000110712 1 0.0894536 0.150651 -0.00406018
FixedParameters: 0 0 0

#Transform 80
Transform: AffineTransform_float_3_3
Parameters: 0.999999 -0.00119092 -0.00071513 0.00119108 1 0.000109148 0.00071587 -0.000109853 0.999999 0.0959888 0.140653 -0.00600988
FixedParameters: 0 0 0

#Transform 81
Transform: AffineTransform_float_3_3
Parameters: 0.999999 -0.00129412 -0.000714782 0.00129388 0.999999 -0.000168925 0.000715218 0.000168075 0.999999 0.0942796 0.15911 -0.000231049
FixedParameters: 0 0 0

#Transform 82
Transform: AffineTransform_float_3_3
Parameters: 0.999999 -0.00132743 -0.00117352 0.00132657 0.999999 -0.000366557 0.00117449 0.000364442 0.999999 0.127929 0.167356 0.0018184
FixedParameters: 0 0 0

#Transform 83
Transform: AffineTransform_float_3_3
Parameters: 0.999998 -0.00141605 -0.000749905 0.00141595 0.999999 -6.70619e-05 0.000750094 6.59379e-05 0.999999 0.10939 0.143917 -0.000350336
FixedParameters: 0 0 0

#Transform 84
Transform: AffineTransform_float_3_3
Parameters: 0.999999 -0.0016149 -0.000725217 0.0016151 0.999998 0.000133829 0.000724783 -0.000135171 0.999999 0.113585 0.157407 -0.00387831
FixedParameters: 0 0 0

#Transform 85
Transform: AffineTransform_float_3_3
Parameters: 0.999998 -0.00141112 -0.000742782 0.00141088 0.999999 -0.000155048 0.000743219 0.000154951 0.999999 0.0977077 0.158053 -0.00154776
FixedParameters: 0 0 0

#Transform 86
Transform: AffineTransform_float_3_3
Parameters: 0.999998 -0.001475 -0.000741003 0.001475 0.999999 1.90702e-06 0.000740996 -3.09297e-06 0.999999 0.0979205 0.135659 -0.00212643
FixedParameters: 0 0 0

#Transform 87
Transform: AffineTransform_float_3_3
Parameters: 0.999998 -0.00138112 -0.000781792 0.00138088 0.999999 -0.00015108 0.000782207 0.00014992 0.999999 0.107014 0.164377 -0.00214682
FixedParameters: 0 0 0

#Transform 88
Transform: AffineTransform_float_3_3
Parameters: 0.999998 -0.00149712 -0.000838784 0.00149688 0.999999 -0.000144256 0.000839215 0.000143744 0.999999 0.113765 0.161581 -0.00293686
FixedParameters: 0 0 0

#Transform 89
Transform: AffineTransform_float_3_3
Parameters: 0.999998 -0.00146585 -0.000621349 0.00146615 0.999999 0.000238089 0.00062065 -0.00023891 1 0.0924342 0.148281 -0.00417364
FixedParameters: 0 0 0

#Transform 90
Transform: AffineTransform_float_3_3
Parameters: 0.999999 -0.00119269 -0.00090241 0.00119331 0.999999 0.000343923 0.00090159 -0.000344076 0.999999 0.101624 0.126123 -0.00508536
FixedParameters: 0 0 0

#Transform 91
Transform: AffineTransform_float_3_3
Parameters: 0.999998 -0.00140003 -0.00083795 0.00139997 0.999999 -3.61731e-05 0.000838049 3.48267e-05 0.999999 0.110582 0.159431 -0.00398251
FixedParameters: 0 0 0

#Transform 92
Transform: AffineTransform_float_3_3
Parameters: 0.999999 -0.00149805 -0.00100493 0.00149796 0.999999 -4.55054e-05 0.00100507 4.44945e-05 1 0.132102 0.179323 -0.00931338
FixedParameters: 0 0 0

#Transform 93
Transform: AffineTransform_float_3_3
Parameters: 0.999998 -0.00160299 -0.000548017 0.001603 0.999998 1.01215e-05 0.000547983 -1.08784e-05 1 0.0984798 0.174573 -0.00581142
FixedParameters: 0 0 0

#Transform 94
Transform: AffineTransform_float_3_3
Parameters: 0.999998 -0.00157897 -0.000514103 0.00157903 0.999999 6.51883e-05 0.000514896 -6.58131e-05 1 0.0883852 0.149227 -0.000916964
FixedParameters: 0 0 0

#Transform 95
Transform: AffineTransform_float_3_3
Parameters: 0.999998 -0.00146064 -0.000751706 0.00146136 0.999999 0.000482902 0.000751293 -0.000484098 0.999999 0.0826904 0.113344 0.011833
FixedParameters: 0 0 0

#Transform 96
Transform: AffineTransform_float_3_3
Parameters: 0.999998 -0.00147627 -0.00091757 0.00147573 0.999999 -0.000291354 0.000918428 0.000289644 0.999999 0.120965 0.157174 0.0032866
FixedParameters: 0 0 0

#Transform 97
Transform: AffineTransform_float_3_3
Parameters: 0.999999 -0.00133882 -0.000652361 0.00133918 0.999999 0.000269127 0.000652639 -0.000269874 1 0.0918212 0.136491 -0.00346043
FixedParameters: 0 0 0

#Transform 98
Transform: AffineTransform_float_3_3
Parameters: 0.999998 -0.00155983 -0.000561467 0.00156017 0.999998 0.000299124 0.000561533 -0.000299876 1 0.0784061 0.129684 -0.003142
FixedParameters: 0 0 0

#Transform 99
Transform: AffineTransform_float_3_3
Parameters: 0.999999 -0.00134473 -0.000773464 0.00134527 0.999999 0.00034496 0.000772535 -0.000346039 0.999999 0.0853935 0.116156 0.011801
FixedParameters: 0 0 0

#Transform 100
Transform: AffineTransform_float_3_3
Parameters: 0.999999 -0.00151127 -0.000968574 0.00151173 0.999999 -0.000282464 0.000969427 0.000281535 0.999999 0.107744 0.155949 0.00413924
FixedParameters: 0 0 0

#Transform 101
Transform: AffineTransform_float_3_3
Parameters: 0.999998 -0.00162081 -0.000969311 0.00162119 0.999998 0.000190429 0.000968691 -0.00019157 1 0.115526 0.128777 -0.0039529
FixedParameters: 0 0 0

#Transform 102
Transform: AffineTransform_float_3_3
Parameters: 0.999999 -0.00148378 -0.000969332 0.00148422 0.999999 0.000222562 0.000968669 -0.000224438 1 0.114213 0.127593 0.00755728
FixedParameters: 0 0 0

#Transform 103
Transform: AffineTransform_float_3_3
Parameters: 0.999998 -0.00170182 -0.000785385 0.00170218 0.999998 0.000225663 0.000784614 -0.000227335 0.999999 0.0891637 0.106377 0.00478806
FixedParameters: 0 0 0

#Transform 104
Transform: AffineTransform_float_3_3
Parameters: 0.999998 -0.00196975 -0.00117875 0.00196925 0.999998 -0.000638323 0.00118026 0.000636677 0.999999 0.15102 0.180105 0.00261752
FixedParameters: 0 0 0

#Transform 105
Transform: AffineTransform_float_3_3
Parameters: 0.999998 -0.00190181 -0.000730506 0.00190219 0.999998 0.000265611 0.000730492 -0.00026739 0.999999 0.100009 0.124758 0.0025693
FixedParameters: 0 0 0

#Transform 106
Transform: AffineTransform_float_3_3
Parameters: 0.999998 -0.00191775 -0.00037128 0.00191725 0.999998 0.000667289 0.000370719 -0.000668712 0.999999 0.0557575 0.0928579 0.0112548
FixedParameters: 0 0 0

#Transform 107
Transform: AffineTransform_float_3_3
Parameters: 0.999998 -0.0016643 -0.000974497 0.0016637 0.999998 -0.000303622 0.000974505 0.000302379 1 0.119644 0.162483 0.00669651
FixedParameters: 0 0 0

#Transform 108
Transform: AffineTransform_float_3_3
Parameters: 0.999998 -0.00180608 -0.00102587 0.00180592 0.999999 -7.58529e-05 0.00102614 7.41469e-05 1 0.133279 0.153018 -0.00234292
FixedParameters: 0 0 0

#Transform 109
Transform: AffineTransform_float_3_3
Parameters: 0.999998 -0.00163513 -0.000605639 0.00163487 0.999998 -0.00022099 0.00060536 0.00022001 1 0.0932156 0.16117 0.0065954
FixedParameters: 0 0 0

#Transform 110
Transform: AffineTransform_float_3_3
Parameters: 0.999998 -0.00171036 -0.00147058 0.00170964 0.999998 -0.000244515 0.00147142 0.000242484 0.999999 0.15163 0.150443 0.0124055
FixedParameters: 0 0 0

#Transform 111
Transform: AffineTransform_float_3_3
Parameters: 0.999998 -0.00193414 -0.000650598 0.00193387 0.999998 -0.000208259 0.000650403 0.000207742 1 0.110266 0.151866 -0.000828505
FixedParameters: 0 0 0

#Transform 112
Transform: AffineTransform_float_3_3
Parameters: 0.999997 -0.00206859 -0.000652304 0.00206941 0.999997 0.000629651 0.000650695 -0.000631347 0.999999 0.102108 0.0878963 0.0116277
FixedParameters: 0 0 0

#Transform 113
Transform: AffineTransform_float_3_3
Parameters: 0.999999 -0.00153026 -0.000902267 0.00153075 0.999999 0.000826621 0.000900734 -0.00082838 1 0.0957227 0.0958112 0.0259731
FixedParameters: 0 0 0

#Transform 114
Transform: AffineTransform_float_3_3
Parameters: 0.999998 -0.00161535 -0.000652602 0.00161565 0.999998 0.000990948 0.000650398 -0.000992053 1 0.0844304 0.063628 0.0357339
FixedParameters: 0 0 0

#Transform 115
Transform: AffineTransform_float_3_3
Parameters: 0.999998 -0.00191973 -0.000651786 0.00192027 0.999998 0.000408749 0.000651213 -0.000410251 0.999999 0.104594 0.120134 0.0124581
FixedParameters: 0 0 0

#Transform 116
Transform: AffineTransform_float_3_3
Parameters: 0.999997 -0.00213934 -0.00130244 0.00213966 0.999997 -0.000264788 0.00130356 0.000262212 0.999999 0.173773 0.166594 0.002184
FixedParameters: 0 0 0

#Transform 117
Transform: AffineTransform_float_3_3
Parameters: 0.999997 -0.00234497 -0.000651104 0.00234503 0.999997 4.34733e-05 0.000650895 -4.55265e-05 1 0.11289 0.118915 0.018393
FixedParameters: 0 0 0

#Transform 118
Transform: AffineTransform_float_3_3
Parameters: 0.999996 -0.00237162 -0.00106384 0.00237137 0.999997 0.000351478 0.00106316 -0.000354522 0.999999 0.132365 0.0876677 0.0119354
FixedParameters: 0 0 0

#Transform 119
Transform: AffineTransform_float_3_3
Parameters: 0.999998 -0.00200593 -0.000651205 0.00200607 0.999998 0.000101694 0.000650794 -0.000103306 1 0.114034 0.143973 0.00481814
FixedParameters: 0 0 0

#Transform 120
Transform: AffineTransform_float_3_3
Parameters: 0.999998 -0.00214672 -0.000719821 0.00214728 0.999997 0.000381455 0.000719178 -0.000383545 0.999999 0.115965 0.115367 0.0137511
FixedParameters: 0 0 0

#Transform 121
Transform: AffineTransform_float_3_3
Parameters: 0.999997 -0.00212426 -0.00133318 0.00212474 0.999997 0.000553169 0.00133182 -0.000555831 0.999999 0.153461 0.0967272 0.0252786
FixedParameters: 0 0 0

#Transform 122
Transform: AffineTransform_float_3_3
Parameters: 0.999998 -0.0018111 -0.000823988 0.0018119 0.999998 0.00109651 0.000822013 -0.00109749 0.999999 0.100507 0.0577627 0.0290984
FixedParameters: 0 0 0

#Transform 123
Transform: AffineTransform_float_3_3
Parameters: 0.999997 -0.00216059 -0.00112587 0.00216041 0.999997 -0.000526434 0.00112613 0.000523568 0.999999 0.150789 0.160848 0.0122546
FixedParameters: 0 0 0

#Transform 124
Transform: AffineTransform_float_3_3
Parameters: 0.999998 -0.00209653 -0.000903099 0.00209747 0.999997 0.000523107 0.000901901 -0.000524892 0.999999 0.123964 0.108949 0.00810623
FixedParameters: 0 0 0

#Transform 125
Transform: AffineTransform_float_3_3
Parameters: 0.999997 -0.00217088 -0.00121421 0.00217112 0.999997 9.63641e-05 0.00121479 -9.86375e-05 1 0.147184 0.106588 0.0219451
FixedParameters: 0 0 0

#Transform 126
Transform: AffineTransform_float_3_3
Parameters: 0.999997 -0.00207741 -0.000756621 0.00207859 0.999998 0.00077943 0.000755379 -0.000780572 1 0.0962515 0.0751744 0.0287248
FixedParameters: 0 0 0

#Transform 127
Transform: AffineTransform_float_3_3
Parameters: 0.999997 -0.00221871 -0.000898728 0.0022193 0.999998 0.000327006 0.000898272 -0.000328994 0.999999 0.117031 0.113129 0.0111093
FixedParameters: 0 0 0

#Transform 128
Transform: AffineTransform_float_3_3
Parameters: 0.999997 -0.00195182 -0.000836419 0.00195218 0.999998 0.000214368 0.00083558 -0.000215631 0.999999 0.105222 0.122017 0.00602774
FixedParameters: 0 0 0

#Transform 129
Transform: AffineTransform_float_3_3
Parameters: 0.999996 -0.00246978 -0.000813661 0.00246922 0.999997 0.000266992 0.000813338 -0.00026901 0.999999 0.108864 0.0921516 0.00657965
FixedParameters: 0 0 0

#Transform 130
Transform: AffineTransform_float_3_3
Parameters: 0.999997 -0.00224063 -0.000983831 0.00224036 0.999997 0.000369797 0.000983168 -0.000372204 0.999999 0.126285 0.0864973 0.00863636
FixedParameters: 0 0 0

#Transform 131
Transform: AffineTransform_float_3_3
Parameters: 0.999997 -0.00222296 -0.00111107 0.00222303 0.999997 3.05301e-05 0.00111093 -3.34697e-05 1 0.128007 0.119471 0.0115656
FixedParameters: 0 0 0

#Transform 132
Transform: AffineTransform_float_3_3
Parameters: 0.999997 -0.00204737 -0.000927396 0.00204763 0.999997 0.000681103 0.000926604 -0.000682899 1 0.0976935 0.0976209 0.0377128
FixedParameters: 0 0 0

#Transform 133
Transform: AffineTransform_float_3_3
Parameters: 0.999996 -0.00238933 -0.000980636 0.00238967 0.999997 0.000683659 0.000978363 -0.00068634 1 0.110594 0.0809035 0.0289063
FixedParameters: 0 0 0

#Transform 134
Transform: AffineTransform_float_3_3
Parameters: 0.999997 -0.00238758 -0.000842189 0.00238742 0.999997 0.000496991 0.000840811 -0.000499009 0.999999 0.122685 0.107825 0.0132961
FixedParameters: 0 0 0

#Transform 135
Transform: AffineTransform_float_3_3
Parameters: 0.999997 -0.0022439 -0.00110822 0.0022451 0.999997 0.000989515 0.00110578 -0.000991484 0.999999 0.13033 0.0803972 0.0230977
FixedParameters: 0 0 0

#Transform 136
Transform: AffineTransform_float_3_3
Parameters: 0.999998 -0.00202023 -0.0010405 0.00202077 0.999997 0.000739899 0.0010395 -0.000742102 0.999999 0.113736 0.0789122 0.0253568
FixedParameters: 0 0 0

#Transform 137
Transform: AffineTransform_float_3_3
Parameters: 0.999996 -0.00246919 -0.000893242 0.00246981 0.999996 0.000906797 0.000891757 -0.000909205 0.999999 0.100354 0.0465766 0.0495876
FixedParameters: 0 0 0

#Transform 138
Transform: AffineTransform_float_3_3
Parameters: 0.999996 -0.00271182 -0.000891547 0.00271218 0.999997 0.000200583 0.000891454 -0.000202418 0.999999 0.119421 0.110421 0.0169328
FixedParameters: 0 0 0

#Transform 139
Transform: AffineTransform_float_3_3
Parameters: 0.999996 -0.00260854 -0.00117902 0.00260946 0.999997 0.000387925 0.00117798 -0.000391075 0.999999 0.141101 0.107704 0.0207004
FixedParameters: 0 0 0

#Transform 140
Transform: AffineTransform_float_3_3
Parameters: 0.999996 -0.00259024 -0.00107784 0.00259077 0.999997 0.000708211 0.00107616 -0.000710791 0.999999 0.127874 0.0733022 0.0351059
FixedParameters: 0 0 0

#Transform 141
Transform: AffineTransform_float_3_3
Parameters: 0.999997 -0.00241805 -0.00112304 0.00241895 0.999996 0.000843286 0.00112096 -0.000846713 0.999999 0.135339 0.0514984 0.0213178
FixedParameters: 0 0 0

#Transform 142
Transform: AffineTransform_float_3_3
Parameters: 0.999996 -0.00229803 -0.00111599 0.00229896 0.999997 0.000864437 0.00111401 -0.000866563 0.999999 0.142853 0.0812534 0.00807339
FixedParameters: 0 0 0

#Transform 143
Transform: AffineTransform_float_3_3
Parameters: 0.999997 -0.00240355 -0.000748432 0.00240444 0.999997 0.000595202 0.000746567 -0.000596796 0.999999 0.113472 0.0980919 0.0175876
FixedParameters: 0 0 0

#Transform 144
Transform: AffineTransform_float_3_3
Parameters: 0.999996 -0.00229194 -0.00129986 0.00229306 0.999997 0.000812022 0.00129813 -0.000814978 0.999999 0.146408 0.0802025 0.0235317
FixedParameters: 0 0 0

#Transform 145
Transform: AffineTransform_float_3_3
Parameters: 0.999996 -0.00219255 -0.00167359 0.00219245 0.999997 0.000267332 0.00167241 -0.000270668 0.999998 0.172952 0.110379 0.0352346
FixedParameters: 0 0 0

#Transform 146
Transform: AffineTransform_float_3_3
Parameters: 0.999997 -0.00225678 -0.00149533 0.00225722 0.999998 0.000144625 0.00149467 -0.000148374 0.999999 0.178433 0.125654 0.0127377
FixedParameters: 0 0 0

#Transform 147
Transform: AffineTransform_float_3_3
Parameters: 0.999997 -0.00225162 -0.0014156 0.00225238 0.999998 0.000264813 0.0014154 -0.000268188 0.999999 0.171778 0.111877 0.0163905
FixedParameters: 0 0 0

#Transform 148
Transform: AffineTransform_float_3_3
Parameters: 0.999997 -0.00245507 -0.00105318 0.00245593 0.999997 0.000884417 0.00105083 -0.000886584 0.999999 0.128501 0.0576468 0.0457644
FixedParameters: 0 0 0

#Transform 149
Transform: AffineTransform_float_3_3
Parameters: 0.999997 -0.00221715 -0.00152024 0.00221785 0.999998 0.00055663 0.00151876 -0.000559369 0.999998 0.160984 0.0802077 0.0217402
FixedParameters: 0 0 0

#Transform 150
Transform: AffineTransform_float_3_3
Parameters: 0.999997 -0.00228977 -0.00105649 0.00228923 0.999998 0.000214582 0.00105551 -0.000216418 0.999999 0.142981 0.130145 0.00266297
FixedParameters: 0 0 0

#Transform 151
Transform: AffineTransform_float_3_3
Parameters: 0.999997 -0.00237925 -0.00129738 0.00237975 0.999997 0.000578915 0.00129662 -0.000582087 0.999999 0.156205 0.101404 0.018328
FixedParameters: 0 0 0

#Transform 152
Transform: AffineTransform_float_3_3
Parameters: 0.999997 -0.00221868 -0.00114462 0.00221832 0.999998 0.000278462 0.00114338 -0.000280538 1 0.142429 0.108645 0.0316932
FixedParameters: 0 0 0

#Transform 153
Transform: AffineTransform_float_3_3
Parameters: 0.999996 -0.00252944 -0.001395 0.00252955 0.999996 0.000395473 0.00139399 -0.000399528 0.999999 0.155376 0.0866329 0.0321291
FixedParameters: 0 0 0

#Transform 154
Transform: AffineTransform_float_3_3
Parameters: 0.999995 -0.00251893 -0.0015747 0.00252006 0.999996 0.000674034 0.0015723 -0.000677963 0.999998 0.173798 0.0843732 0.0246719
FixedParameters: 0 0 0

#Transform 155
Transform: AffineTransform_float_3_3
Parameters: 0.999996 -0.00245338 -0.00147003 0.00245362 0.999997 0.000417395 0.00146897 -0.000420606 0.999999 0.161432 0.0788862 0.0370262
FixedParameters: 0 0 0

#Transform 156
Transform: AffineTransform_float_3_3
Parameters: 0.999996 -0.00233171 -0.00107679 0.00233328 0.999996 0.00119349 0.00107421 -0.00119551 0.999998 0.115993 0.0312848 0.0619785
FixedParameters: 0 0 0

#Transform 157
Transform: AffineTransform_float_3_3
Parameters: 0.999996 -0.00246754 -0.00151838 0.00246946 0.999997 0.000963255 0.00151562 -0.000967745 0.999999 0.141842 0.0438943 0.0653944
FixedParameters: 0 0 0

#Transform 158
Transform: AffineTransform_float_3_3
Parameters: 0.999996 -0.00271616 -0.00138865 0.00271684 0.999996 0.00060423 0.00138735 -0.000607771 0.999999 0.165882 0.087125 0.0329794
FixedParameters: 0 0 0

#Transform 159
Transform: AffineTransform_float_3_3
Parameters: 0.999996 -0.00261024 -0.00120066 0.00261076 0.999997 0.000634868 0.00119934 -0.000638133 0.999999 0.139391 0.0778984 0.00983267
FixedParameters: 0 0 0

#Transform 160
Transform: AffineTransform_float_3_3
Parameters: 0.999996 -0.00274319 -0.000972276 0.0027438 0.999996 0.000828336 0.000969722 -0.000831664 0.999999 0.135866 0.0591785 0.02767
FixedParameters: 0 0 0

#Transform 161
Transform: AffineTransform_float_3_3
Parameters: 0.999996 -0.00263762 -0.00123095 0.00263938 0.999996 0.00111776 0.00122805 -0.00112024 0.999999 0.132797 0.0370181 0.0439952
FixedParameters: 0 0 0

#Transform 162
Transform: AffineTransform_float_3_3
Parameters: 0.999996 -0.00245687 -0.00142994 0.00245813 0.999996 0.000788488 0.00142806 -0.000792511 0.999998 0.153427 0.0584756 0.0547447
FixedParameters: 0 0 0

#Transform 163
Transform: AffineTransform_float_3_3
Parameters: 0.999996 -0.00255993 -0.00133006 0.00256107 0.999997 0.000803597 0.00132794 -0.000807403 0.999999 0.156207 0.0849398 0.022377
FixedParameters: 0 0 0

#Transform 164
Transform: AffineTransform_float_3_3
Parameters: 0.999996 -0.00266983 -0.0014302 0.00267118 0.999996 0.000821183 0.0014278 -0.000824816 0.999998 0.163139 0.0723855 0.0388604
FixedParameters: 0 0 0

#Transform 165
Transform: AffineTransform_float_3_3
Parameters: 0.999995 -0.00268452 -0.00125715 0.00268547 0.999995 0.00117363 0.00125384 -0.00117737 0.999998 0.139594 0.0420429 0.0582836
FixedParameters: 0 0 0

#Transform 166
Transform: AffineTransform_float_3_3
Parameters: 0.999996 -0.00268327 -0.00142938 0.00268374 0.999997 0.000511166 0.00142862 -0.000514836 0.999999 0.16151 0.0917849 0.0251764
FixedParameters: 0 0 0

#Transform 167
Transform: AffineTransform_float_3_3
Parameters: 0.999995 -0.00258052 -0.00147984 0.00258048 0.999996 0.000323183 0.00147916 -0.000326818 0.999999 0.173401 0.121076 0.0140566
FixedParameters: 0 0 0

#Transform 168
Transform: AffineTransform_float_3_3
Parameters: 0.999996 -0.00264448 -0.00149992 0.00264452 0.999997 0.000345035 0.00149908 -0.000348966 0.999999 0.176363 0.120928 0.0278443
FixedParameters: 0 0 0

#Transform 169
Transform: AffineTransform_float_3_3
Parameters: 0.999996 -0.00246131 -0.00142919 0.00246169 0.999997 0.000480484 0.00142781 -0.000483516 0.999999 0.147314 0.101486 0.0226192
FixedParameters: 0 0 0

#Transform 170
Transform: AffineTransform_float_3_3
Parameters: 0.999996 -0.00253392 -0.00142813 0.00253407 0.999997 4.93812e-05 0.00142787 -5.36183e-05 0.999999 0.175272 0.145586 0.000532444
FixedParameters: 0 0 0

#Transform 171
Transform: AffineTransform_float_3_3
Parameters: 0.999996 -0.00251813 -0.00141354 0.00251886 0.999996 0.000609442 0.00141146 -0.000613556 0.999999 0.179262 0.11448 -0.00417955
FixedParameters: 0 0 0

#Transform 172
Transform: AffineTransform_float_3_3
Parameters: 0.999996 -0.00265893 -0.0011844 0.00266007 0.999996 0.000899853 0.0011826 -0.000903148 0.999999 0.160952 0.0746199 0.0273934
FixedParameters: 0 0 0

#Transform 173
Transform: AffineTransform_float_3_3
Parameters: 0.999997 -0.00231082 -0.00131108 0.00231118 0.999997 0.000899973 0.00130892 -0.000903028 0.999998 0.15426 0.0752848 0.0329109
FixedParameters: 0 0 0

#Transform 174
Transform: AffineTransform_float_3_3
Parameters: 0.999997 -0.00246642 -0.00113825 0.00246758 0.999997 0.000506193 0.00113675 -0.000508806 0.999999 0.145365 0.107621 0.00846745
FixedParameters: 0 0 0

#Transform 175
Transform: AffineTransform_float_3_3
Parameters: 0.999996 -0.00248758 -0.00126084 0.00248742 0.999997 0.000334865 0.00126016 -0.000338136 0.999999 0.15427 0.120627 0.00468435
FixedParameters: 0 0 0

#Transform 176
Transform: AffineTransform_float_3_3
Parameters: 0.999995 -0.00263168 -0.00140249 0.00263332 0.999996 0.000943311 0.00139951 -0.000946687 0.999998 0.159859 0.0876545 0.0177582
FixedParameters: 0 0 0

#Transform 177
Transform: AffineTransform_float_3_3
Parameters: 0.999996 -0.00245826 -0.00140429 0.00245974 0.999997 0.000524548 0.0014027 -0.00052845 0.999999 0.141892 0.125559 -0.000531762
FixedParameters: 0 0 0

#Transform 178
Transform: AffineTransform_float_3_3
Parameters: 0.999995 -0.00264069 -0.00129864 0.00264131 0.999997 0.000239571 0.00129836 -0.00024243 0.999999 0.140703 0.14256 0.00065577
FixedParameters: 0 0 0

#Transform 179
Transform: AffineTransform_float_3_3
Parameters: 0.999995 -0.00251866 -0.00153056 0.00251834 0.999997 0.000219146 0.00152944 -0.000222853 0.999999 0.154128 0.161365 -0.00836223
FixedParameters: 0 0 0
