# transform file /out/sourcedata/freesurfer/sub-v2s8x29230_ses-1/mri/transforms/cc_up.lta
# created by oesteban on Sat Mar 14 03:34:55 2026

type      = 0 # LINEAR_VOX_TO_VOX
nxforms   = 1
mean      = 134.0000 140.0000 110.0000
sigma     = 10000.0000
1 4 4
9.926032423973083e-01 1.199733912944794e-01 -1.858405396342278e-02 -1.983772850036621e+01 
-1.199523657560349e-01 9.927771687507629e-01 2.245812909677625e-03 2.209160804748535e+01 
1.871926151216030e-02 0.000000000000000e+00 9.998248219490051e-01 1.245159721374512e+01 
0.000000000000000e+00 0.000000000000000e+00 0.000000000000000e+00 1.000000000000000e+00 
src volume info
valid = 1  # volume info valid
filename = /out/sourcedata/freesurfer/sub-v2s8x29230_ses-1/mri/norm.mgz
volume = 256 256 256
voxelsize = 1.000000000000000e+00 1.000000000000000e+00 1.000000000000000e+00
xras   = -1.000000000000000e+00 0.000000000000000e+00 0.000000000000000e+00
yras   = 0.000000000000000e+00 0.000000000000000e+00 -1.000000000000000e+00
zras   = 0.000000000000000e+00 1.000000000000000e+00 0.000000000000000e+00
cras   = 6.651229858398438e-01 1.000000000000000e+00 1.000000000000000e+00
dst volume info
valid = 1  # volume info valid
filename = /out/sourcedata/freesurfer/sub-v2s8x29230_ses-1/mri/norm.mgz
volume = 256 256 256
voxelsize = 1.000000000000000e+00 1.000000000000000e+00 1.000000000000000e+00
xras   = -1.000000000000000e+00 0.000000000000000e+00 0.000000000000000e+00
yras   = 0.000000000000000e+00 0.000000000000000e+00 -1.000000000000000e+00
zras   = 0.000000000000000e+00 1.000000000000000e+00 0.000000000000000e+00
cras   = 6.651229858398438e-01 1.000000000000000e+00 1.000000000000000e+00
