#Insight Transform File V1.0
#Transform 0
Transform: AffineTransform_float_3_3
Parameters: 1 -9.36245e-05 0.000155227 9.3375e-05 0.999997 -0.00242099 -0.000154774 0.00242101 0.999997 0.111771 0.0158651 0.791308
FixedParameters: 0 0 0

#Transform 1
Transform: AffineTransform_float_3_3
Parameters: 1 0.000528055 -4.02898e-05 -0.000527944 0.999999 0.00134502 4.17101e-05 -0.00134498 0.999999 0.0693769 0.0477838 -0.191074
FixedParameters: 0 0 0

#Transform 2
Transform: AffineTransform_float_3_3
Parameters: 1 -0.000146933 -4.12404e-05 0.000147068 0.999998 0.00163599 4.17594e-05 -0.00163601 0.999998 0.0646466 0.04067 -0.122461
FixedParameters: 0 0 0

#Transform 3
Transform: AffineTransform_float_3_3
Parameters: 1 -0.000362397 0.000188237 0.000361603 0.999997 0.00210707 -0.000188762 -0.00210693 0.999998 0.0808006 0.0449933 -0.141076
FixedParameters: 0 0 0

#Transform 4
Transform: AffineTransform_float_3_3
Parameters: 1 0.000139746 0.000542848 -0.000143254 0.999982 0.00599792 -0.00054215 -0.00599808 0.999982 0.125813 -0.0302376 -0.333004
FixedParameters: 0 0 0

#Transform 5
Transform: AffineTransform_float_3_3
Parameters: 1 -0.000158122 -0.000207671 0.000159875 0.999991 0.00423397 0.000206325 -0.00423403 0.999991 0.174665 -0.0161095 -0.216255
FixedParameters: 0 0 0

#Transform 6
Transform: AffineTransform_float_3_3
Parameters: 1 -0.000362954 0.000203307 0.000362048 0.999989 0.00467107 -0.000204694 -0.00467193 0.999989 0.119081 0.0128336 -0.360391
FixedParameters: 0 0 0

#Transform 7
Transform: AffineTransform_float_3_3
Parameters: 1 9.14713e-05 0.000306159 -9.25283e-05 0.999998 0.00172697 -0.000305841 -0.00172703 0.999999 0.0770938 0.100558 -0.270838
FixedParameters: 0 0 0

#Transform 8
Transform: AffineTransform_float_3_3
Parameters: 0.999999 0.000102704 0.000873273 -0.000104295 0.999996 0.00262891 -0.000872729 -0.00262909 0.999996 0.120979 0.016435 -0.0545031
FixedParameters: 0 0 0

#Transform 9
Transform: AffineTransform_float_3_3
Parameters: 1 -0.000362752 0.000203667 0.000361247 0.999993 0.00367908 -0.000205331 -0.00367993 0.999993 0.133904 -0.0279123 -0.0715467
FixedParameters: 0 0 0

#Transform 10
Transform: AffineTransform_float_3_3
Parameters: 0.999997 0.0016496 -0.00190703 -0.0016384 0.99998 0.00606914 0.00191698 -0.00606586 0.99998 0.154035 -0.0278603 -0.311086
FixedParameters: 0 0 0

#Transform 11
Transform: AffineTransform_float_3_3
Parameters: 0.999998 0.00164824 -0.00152401 -0.00163877 0.999977 0.00669252 0.001535 -0.00669049 0.999977 0.102008 -0.070483 -0.207164
FixedParameters: 0 0 0

#Transform 12
Transform: AffineTransform_float_3_3
Parameters: 0.999996 0.00203251 -0.00199431 -0.00201749 0.999968 0.00774905 0.00200969 -0.00774495 0.999968 0.18733 -0.0408516 -0.437271
FixedParameters: 0 0 0

#Transform 13
Transform: AffineTransform_float_3_3
Parameters: 0.999997 0.00164673 -0.00134235 -0.00163826 0.999977 0.00648321 0.00135365 -0.00648078 0.999978 0.140184 -0.0556284 -0.232826
FixedParameters: 0 0 0

#Transform 14
Transform: AffineTransform_float_3_3
Parameters: 0.999995 0.00176933 -0.00238296 -0.00175267 0.999975 0.00683721 0.00239503 -0.00683279 0.999974 0.210731 -0.0280464 -0.371474
FixedParameters: 0 0 0

#Transform 15
Transform: AffineTransform_float_3_3
Parameters: 0.999998 0.00150967 -0.00116917 -0.00150133 0.999977 0.00653076 0.00117883 -0.00652823 0.999978 0.116082 -0.0728606 -0.165541
FixedParameters: 0 0 0

#Transform 16
Transform: AffineTransform_float_3_3
Parameters: 0.999997 0.00196695 -0.001835 -0.00195005 0.999956 0.00919361 0.001853 -0.00919039 0.999956 0.166833 -0.0970108 -0.368454
FixedParameters: 0 0 0

#Transform 17
Transform: AffineTransform_float_3_3
Parameters: 0.999997 0.00207993 -0.00137922 -0.00206607 0.999947 0.0100269 0.00139978 -0.0100241 0.999949 0.127642 -0.141611 -0.270698
FixedParameters: 0 0 0

#Transform 18
Transform: AffineTransform_float_3_3
Parameters: 0.999995 0.00136593 -0.00258751 -0.00134207 0.999957 0.00922752 0.00260049 -0.00922449 0.999954 0.244122 -0.0817694 -0.392184
FixedParameters: 0 0 0

#Transform 19
Transform: AffineTransform_float_3_3
Parameters: 0.999998 0.00148463 -0.00118379 -0.00147437 0.999959 0.00893277 0.00119722 -0.00893024 0.99996 0.146109 -0.138357 -0.107236
FixedParameters: 0 0 0

#Transform 20
Transform: AffineTransform_float_3_3
Parameters: 1 0.000772598 -0.000676538 -0.000766397 0.999952 0.00969952 0.000684465 -0.00969847 0.999952 0.202952 -0.165696 -0.129743
FixedParameters: 0 0 0

#Transform 21
Transform: AffineTransform_float_3_3
Parameters: 0.999999 0.000768505 -0.000315974 -0.000766494 0.999969 0.00785424 0.000322031 -0.00785475 0.999969 0.0998603 -0.106853 -0.144609
FixedParameters: 0 0 0

#Transform 22
Transform: AffineTransform_float_3_3
Parameters: 0.999997 0.00139966 -0.0016072 -0.00138534 0.999963 0.00847025 0.00161879 -0.00846775 0.999963 0.175889 -0.0642216 -0.385189
FixedParameters: 0 0 0

#Transform 23
Transform: AffineTransform_float_3_3
Parameters: 0.999998 0.00132713 -0.00101113 -0.00131787 0.999959 0.00897535 0.00102287 -0.00897366 0.999959 0.109126 -0.123409 -0.182986
FixedParameters: 0 0 0

#Transform 24
Transform: AffineTransform_float_3_3
Parameters: 0.999998 0.00120989 -0.00158122 -0.00119711 0.999967 0.00812791 0.00159078 -0.00812609 0.999965 0.180878 -0.0752292 -0.234447
FixedParameters: 0 0 0

#Transform 25
Transform: AffineTransform_float_3_3
Parameters: 0.999998 0.0013167 -0.00115985 -0.00130429 0.999949 0.0100335 0.00117314 -0.0100325 0.999949 0.165795 -0.200382 -0.0476082
FixedParameters: 0 0 0

#Transform 26
Transform: AffineTransform_float_3_3
Parameters: 0.999998 0.00135968 -0.00140792 -0.00134632 0.999953 0.00967192 0.00142109 -0.00967009 0.999952 0.152009 -0.160883 -0.0988944
FixedParameters: 0 0 0

#Transform 27
Transform: AffineTransform_float_3_3
Parameters: 0.999999 0.0011768 -0.000797606 -0.0011692 0.999952 0.00971394 0.000808395 -0.00971305 0.999952 0.105371 -0.151871 -0.157467
FixedParameters: 0 0 0

#Transform 28
Transform: AffineTransform_float_3_3
Parameters: 0.999998 0.00122291 -0.00115051 -0.00121109 0.999954 0.0094364 0.00116148 -0.00943459 0.999955 0.126531 -0.13818 -0.137273
FixedParameters: 0 0 0

#Transform 29
Transform: AffineTransform_float_3_3
Parameters: 0.999999 0.000987677 -0.000888449 -0.000979319 0.999953 0.00971389 0.000898556 -0.00971313 0.999953 0.118429 -0.153718 -0.115916
FixedParameters: 0 0 0

#Transform 30
Transform: AffineTransform_float_3_3
Parameters: 0.999999 0.000907044 -0.00105545 -0.00089696 0.999954 0.00947795 0.00106355 -0.00947704 0.999954 0.15641 -0.136473 -0.138908
FixedParameters: 0 0 0

#Transform 31
Transform: AffineTransform_float_3_3
Parameters: 0.999998 0.00105902 -0.00164342 -0.00104399 0.999958 0.00911073 0.00165258 -0.00910927 0.999957 0.198126 -0.0945772 -0.297281
FixedParameters: 0 0 0

#Transform 32
Transform: AffineTransform_float_3_3
Parameters: 0.999998 0.000783541 -0.00187978 -0.000766466 0.999957 0.00931446 0.00188622 -0.00931254 0.999955 0.197144 -0.0527849 -0.421496
FixedParameters: 0 0 0

#Transform 33
Transform: AffineTransform_float_3_3
Parameters: 0.999997 0.00104347 -0.00215822 -0.00102253 0.999954 0.00946523 0.00216777 -0.00946276 0.999953 0.236011 -0.0417337 -0.398911
FixedParameters: 0 0 0

#Transform 34
Transform: AffineTransform_float_3_3
Parameters: 0.999999 0.000781003 -0.00165199 -0.000765996 0.999958 0.00906327 0.00165901 -0.00906171 0.999957 0.181931 -0.0932934 -0.216534
FixedParameters: 0 0 0

#Transform 35
Transform: AffineTransform_float_3_3
Parameters: 0.999997 0.00158224 -0.00183758 -0.00154477 0.999797 0.0200919 0.00186841 -0.0200891 0.999797 0.215057 -0.467298 0.0181798
FixedParameters: 0 0 0

#Transform 36
Transform: AffineTransform_float_3_3
Parameters: 0.999999 0.0013446 -0.00125638 -0.0013254 0.999891 0.0146927 0.00127561 -0.0146903 0.999892 0.134015 -0.306826 0.0572954
FixedParameters: 0 0 0

#Transform 37
Transform: AffineTransform_float_3_3
Parameters: 0.999998 0.00118445 -0.00160164 -0.00116155 0.999902 0.0139439 0.00161835 -0.0139421 0.999901 0.182591 -0.257242 -0.143108
FixedParameters: 0 0 0

#Transform 38
Transform: AffineTransform_float_3_3
Parameters: 0.999998 0.000680757 -0.00190732 -0.000653235 0.999895 0.0145153 0.00191768 -0.0145147 0.999893 0.210963 -0.256366 -0.176511
FixedParameters: 0 0 0

#Transform 39
Transform: AffineTransform_float_3_3
Parameters: 0.999998 0.0010475 -0.00177765 -0.00102149 0.99989 0.0148439 0.00179336 -0.0148422 0.999888 0.178052 -0.308203 -0.0520674
FixedParameters: 0 0 0

#Transform 40
Transform: AffineTransform_float_3_3
Parameters: 0.999996 0.000770824 -0.00268717 -0.000731179 0.999896 0.014419 0.00269782 -0.014417 0.999893 0.282541 -0.223181 -0.324141
FixedParameters: 0 0 0

#Transform 41
Transform: AffineTransform_float_3_3
Parameters: 0.999998 0.000344106 -0.00155928 -0.000321885 0.9999 0.0141545 0.00156471 -0.0141545 0.999898 0.187314 -0.257846 -0.0841107
FixedParameters: 0 0 0

#Transform 42
Transform: AffineTransform_float_3_3
Parameters: 0.999999 0.000347557 -0.00179023 -0.000321448 0.999899 0.0142556 0.00179477 -0.0142554 0.999897 0.189602 -0.283179 -0.0262602
FixedParameters: 0 0 0

#Transform 43
Transform: AffineTransform_float_3_3
Parameters: 0.999999 0.000340277 -0.0013435 -0.000321715 0.999907 0.0135814 0.00134849 -0.0135805 0.999907 0.19086 -0.242708 -0.060211
FixedParameters: 0 0 0

#Transform 44
Transform: AffineTransform_float_3_3
Parameters: 0.999999 0.000343936 -0.00153726 -0.000322067 0.999899 0.0142475 0.00154175 -0.0142465 0.999898 0.193882 -0.252749 -0.133961
FixedParameters: 0 0 0

#Transform 45
Transform: AffineTransform_float_3_3
Parameters: 0.999999 0.000341505 -0.00135824 -0.000321499 0.999897 0.0143345 0.00136275 -0.0143346 0.999897 0.170349 -0.264215 -0.0584379
FixedParameters: 0 0 0

#Transform 46
Transform: AffineTransform_float_3_3
Parameters: 0.999999 0.000340299 -0.00145785 -0.000321698 0.999922 0.0125345 0.00146215 -0.0125335 0.999921 0.192775 -0.206178 -0.0782407
FixedParameters: 0 0 0

#Transform 47
Transform: AffineTransform_float_3_3
Parameters: 0.999999 0.00034715 -0.00174318 -0.000321854 0.999896 0.0144066 0.00174782 -0.0144064 0.999894 0.221332 -0.246818 -0.140402
FixedParameters: 0 0 0

#Transform 48
Transform: AffineTransform_float_3_3
Parameters: 0.999998 0.000248051 -0.00206851 -0.000216943 0.999888 0.0149975 0.00207249 -0.0149975 0.999886 0.217563 -0.281414 -0.0701338
FixedParameters: 0 0 0

#Transform 49
Transform: AffineTransform_float_3_3
Parameters: 0.999998 0.000351038 -0.00186577 -0.000321975 0.999879 0.0155406 0.00187023 -0.0155404 0.999877 0.233079 -0.267195 -0.119905
FixedParameters: 0 0 0

#Transform 50
Transform: AffineTransform_float_3_3
Parameters: 0.999999 0.000270444 -0.00134104 -0.000250542 0.999884 0.0152214 0.00134597 -0.0152217 0.999883 0.179195 -0.308478 0.0761582
FixedParameters: 0 0 0

#Transform 51
Transform: AffineTransform_float_3_3
Parameters: 0.999999 0.00011748 -0.00153839 -9.45102e-05 0.999883 0.0152542 0.00154062 -0.0152538 0.999883 0.18372 -0.303999 0.00830368
FixedParameters: 0 0 0

#Transform 52
Transform: AffineTransform_float_3_3
Parameters: 0.999998 0.00023029 -0.00157063 -0.000205719 0.99988 0.0154483 0.00157337 -0.0154477 0.99988 0.187145 -0.306567 -0.0284026
FixedParameters: 0 0 0

#Transform 53
Transform: AffineTransform_float_3_3
Parameters: 0.999999 0.000200333 -0.00150696 -0.000175666 0.99987 0.0161303 0.00151003 -0.0161297 0.999869 0.166685 -0.343476 0.045313
FixedParameters: 0 0 0

#Transform 54
Transform: AffineTransform_float_3_3
Parameters: 0.999999 0.000348184 -0.00172091 -0.000321814 0.999884 0.0151926 0.00172609 -0.0151914 0.999883 0.195896 -0.303164 0.00459498
FixedParameters: 0 0 0

#Transform 55
Transform: AffineTransform_float_3_3
Parameters: 0.999999 0.00034912 -0.00179093 -0.000321878 0.999885 0.0151216 0.00179607 -0.0151204 0.999884 0.203763 -0.282711 -0.0684241
FixedParameters: 0 0 0

#Transform 56
Transform: AffineTransform_float_3_3
Parameters: 0.999998 0.000352486 -0.0019387 -0.00032151 0.999876 0.0157026 0.00194429 -0.0157023 0.999875 0.2035 -0.304435 -0.0431951
FixedParameters: 0 0 0

#Transform 57
Transform: AffineTransform_float_3_3
Parameters: 0.999999 9.26063e-05 -0.0018549 -6.63921e-05 0.999905 0.0138001 0.00185609 -0.0137998 0.999903 0.207681 -0.220747 -0.107416
FixedParameters: 0 0 0

#Transform 58
Transform: AffineTransform_float_3_3
Parameters: 0.999998 -6.07253e-05 -0.00161504 8.32739e-05 0.999896 0.0144149 0.00161397 -0.0144151 0.999895 0.190738 -0.248096 -0.0842401
FixedParameters: 0 0 0

#Transform 59
Transform: AffineTransform_float_3_3
Parameters: 0.999999 -6.28199e-05 -0.00139711 8.31783e-05 0.999885 0.0151649 0.0013959 -0.0151651 0.999884 0.16548 -0.287385 0.0237475
FixedParameters: 0 0 0

#Transform 60
Transform: AffineTransform_float_3_3
Parameters: 0.999997 -5.39113e-05 -0.00212498 8.30888e-05 0.999899 0.0141619 0.00212404 -0.0141621 0.999898 0.223543 -0.238695 -0.0743987
FixedParameters: 0 0 0

#Transform 61
Transform: AffineTransform_float_3_3
Parameters: 0.999998 9.13235e-05 -0.00207289 -6.16744e-05 0.999893 0.0146242 0.00207412 -0.0146238 0.999891 0.227628 -0.25935 -0.0424504
FixedParameters: 0 0 0

#Transform 62
Transform: AffineTransform_float_3_3
Parameters: 0.999997 -5.30338e-05 -0.00217298 8.39663e-05 0.999899 0.0142529 0.00217202 -0.0142532 0.999896 0.238973 -0.251948 -0.0190326
FixedParameters: 0 0 0

#Transform 63
Transform: AffineTransform_float_3_3
Parameters: 0.999998 -5.32192e-05 -0.00202704 8.37798e-05 0.999884 0.0151879 0.00202596 -0.0151881 0.999882 0.231991 -0.263168 -0.0726795
FixedParameters: 0 0 0

#Transform 64
Transform: AffineTransform_float_3_3
Parameters: 0.999998 -6.11993e-05 -0.00166299 8.38005e-05 0.999906 0.0137139 0.00166201 -0.0137141 0.999904 0.214382 -0.253838 0.0109568
FixedParameters: 0 0 0

#Transform 65
Transform: AffineTransform_float_3_3
Parameters: 0.999998 -0.000112362 -0.00202765 0.000139642 0.999913 0.0131417 0.00202634 -0.0131422 0.999911 0.270298 -0.218612 -0.070406
FixedParameters: 0 0 0

#Transform 66
Transform: AffineTransform_float_3_3
Parameters: 0.999999 -0.000196818 -0.00140283 0.000215186 0.999907 0.0136877 0.00140019 -0.0136873 0.999906 0.20278 -0.242646 0.044418
FixedParameters: 0 0 0

#Transform 67
Transform: AffineTransform_float_3_3
Parameters: 0.999998 -5.84752e-05 -0.00202702 8.7524e-05 0.999901 0.0140748 0.00202597 -0.0140751 0.999899 0.240003 -0.252729 0.0229162
FixedParameters: 0 0 0

#Transform 68
Transform: AffineTransform_float_3_3
Parameters: 0.999999 0.000156245 -0.00137937 -0.000131743 0.999833 0.0182832 0.00138264 -0.0182828 0.999832 0.21853 -0.359803 0.00300848
FixedParameters: 0 0 0

#Transform 69
Transform: AffineTransform_float_3_3
Parameters: 1 4.8382e-05 -0.00100228 -2.96233e-05 0.999832 0.018332 0.00100271 -0.018332 0.999832 0.135656 -0.39893 0.153109
FixedParameters: 0 0 0

#Transform 70
Transform: AffineTransform_float_3_3
Parameters: 1 0.000194028 -0.00110499 -0.000175972 0.999868 0.0162922 0.00110801 -0.0162918 0.999866 0.155892 -0.331724 0.0878461
FixedParameters: 0 0 0

#Transform 71
Transform: AffineTransform_float_3_3
Parameters: 0.999999 -7.60258e-05 -0.000894399 9.09673e-05 0.999859 0.0167539 0.000892601 -0.0167541 0.999859 0.126219 -0.362478 0.15338
FixedParameters: 0 0 0

#Transform 72
Transform: AffineTransform_float_3_3
Parameters: 0.999998 -0.000201007 -0.00160247 0.000226985 0.999868 0.0162367 0.00159852 -0.0162373 0.999867 0.190811 -0.337521 0.124975
FixedParameters: 0 0 0

#Transform 73
Transform: AffineTransform_float_3_3
Parameters: 0.999998 -0.000223758 -0.00197631 0.000259237 0.99984 0.0178505 0.00197169 -0.0178505 0.999838 0.226971 -0.361528 0.0290959
FixedParameters: 0 0 0

#Transform 74
Transform: AffineTransform_float_3_3
Parameters: 0.999998 0.000108626 -0.00165337 -8.038e-05 0.999851 0.0173042 0.00165464 -0.0173038 0.999849 0.162427 -0.33765 0.0915806
FixedParameters: 0 0 0

#Transform 75
Transform: AffineTransform_float_3_3
Parameters: 0.999997 0.00024951 -0.00243828 -0.000209479 0.999869 0.0161906 0.00244271 -0.0161904 0.999866 0.243352 -0.280517 -0.0230201
FixedParameters: 0 0 0

#Transform 76
Transform: AffineTransform_float_3_3
Parameters: 0.999998 3.63865e-05 -0.00195566 -3.62463e-06 0.999855 0.0170691 0.00195535 -0.017069 0.999853 0.192359 -0.330968 0.0692261
FixedParameters: 0 0 0

#Transform 77
Transform: AffineTransform_float_3_3
Parameters: 0.999997 9.93822e-05 -0.00245567 -5.76119e-05 0.999858 0.0168462 0.00245732 -0.0168458 0.999855 0.253188 -0.335642 0.0987701
FixedParameters: 0 0 0

#Transform 78
Transform: AffineTransform_float_3_3
Parameters: 0.999997 4.42008e-05 -0.00235059 -2.79186e-06 0.999847 0.0175251 0.00235141 -0.0175249 0.999843 0.249682 -0.36704 0.191158
FixedParameters: 0 0 0

#Transform 79
Transform: AffineTransform_float_3_3
Parameters: 0.999997 -0.000122778 -0.00250856 0.000167229 0.999845 0.0176357 0.00250644 -0.0176364 0.999842 0.256697 -0.38155 0.196963
FixedParameters: 0 0 0

#Transform 80
Transform: AffineTransform_float_3_3
Parameters: 0.999997 4.99521e-05 -0.00242749 -3.03784e-06 0.999813 0.0193381 0.00242851 -0.0193379 0.99981 0.242786 -0.411202 0.123578
FixedParameters: 0 0 0

#Transform 81
Transform: AffineTransform_float_3_3
Parameters: 0.999997 4.59146e-05 -0.00217652 -3.09545e-06 0.999805 0.0197131 0.00217648 -0.0197129 0.999804 0.20762 -0.437692 0.20652
FixedParameters: 0 0 0

#Transform 82
Transform: AffineTransform_float_3_3
Parameters: 0.999997 4.61707e-05 -0.00219352 -2.83932e-06 0.999806 0.019677 0.00219348 -0.0196769 0.999804 0.207252 -0.422874 0.155724
FixedParameters: 0 0 0

#Transform 83
Transform: AffineTransform_float_3_3
Parameters: 0.999999 0.00010021 -0.00183338 -6.37772e-05 0.999805 0.0197401 0.00183562 -0.0197398 0.999803 0.179954 -0.428023 0.198734
FixedParameters: 0 0 0

#Transform 84
Transform: AffineTransform_float_3_3
Parameters: 0.999999 3.91478e-05 -0.00180258 -2.84374e-06 0.999799 0.020049 0.00180342 -0.020049 0.999798 0.171146 -0.437889 0.197704
FixedParameters: 0 0 0

#Transform 85
Transform: AffineTransform_float_3_3
Parameters: 0.999999 -9.14588e-05 -0.00186116 0.000128557 0.999807 0.0196428 0.00185983 -0.0196432 0.999806 0.182598 -0.409144 0.161374
FixedParameters: 0 0 0

#Transform 86
Transform: AffineTransform_float_3_3
Parameters: 0.999999 -0.000193036 -0.00180122 0.00022896 0.9998 0.0199876 0.00179678 -0.0199884 0.999798 0.190535 -0.429288 0.245923
FixedParameters: 0 0 0

#Transform 87
Transform: AffineTransform_float_3_3
Parameters: 0.999998 5.45469e-05 -0.00201531 -1.44591e-05 0.999797 0.0201141 0.0020157 -0.0201139 0.999795 0.194913 -0.437727 0.250207
FixedParameters: 0 0 0

#Transform 88
Transform: AffineTransform_float_3_3
Parameters: 0.999998 -3.44174e-05 -0.00209213 7.75795e-05 0.999793 0.0203569 0.00209085 -0.0203571 0.99979 0.208304 -0.418189 0.228187
FixedParameters: 0 0 0

#Transform 89
Transform: AffineTransform_float_3_3
Parameters: 0.999998 -0.0001388 -0.0020512 0.000179195 0.999798 0.0200987 0.00204781 -0.0200993 0.999796 0.199021 -0.42647 0.247013
FixedParameters: 0 0 0

#Transform 90
Transform: AffineTransform_float_3_3
Parameters: 0.999999 -5.63594e-05 -0.00177549 9.26305e-05 0.999799 0.0200799 0.0017735 -0.0200801 0.999797 0.180499 -0.442585 0.326788
FixedParameters: 0 0 0

#Transform 91
Transform: AffineTransform_float_3_3
Parameters: 0.999998 -0.000113424 -0.00228165 0.000158562 0.999809 0.0195457 0.00227834 -0.0195463 0.999807 0.217022 -0.427444 0.265724
FixedParameters: 0 0 0

#Transform 92
Transform: AffineTransform_float_3_3
Parameters: 0.999998 -0.000366364 -0.00228678 0.000411621 0.9998 0.0199881 0.00227823 -0.0199889 0.999797 0.216805 -0.42208 0.241202
FixedParameters: 0 0 0

#Transform 93
Transform: AffineTransform_float_3_3
Parameters: 0.999998 -0.00032346 -0.00188402 0.00036154 0.99979 0.0204924 0.00187699 -0.0204926 0.999788 0.181822 -0.450182 0.350499
FixedParameters: 0 0 0

#Transform 94
Transform: AffineTransform_float_3_3
Parameters: 0.999998 -0.000200271 -0.00208355 0.00024274 0.999789 0.0205285 0.00207945 -0.0205285 0.999787 0.186179 -0.465873 0.318466
FixedParameters: 0 0 0

#Transform 95
Transform: AffineTransform_float_3_3
Parameters: 0.999998 -0.000365891 -0.00228686 0.00041209 0.999796 0.0201941 0.00227814 -0.0201959 0.999794 0.210941 -0.441174 0.263476
FixedParameters: 0 0 0

#Transform 96
Transform: AffineTransform_float_3_3
Parameters: 0.999999 -0.000374758 -0.00182405 0.000412242 0.99979 0.0204603 0.00181595 -0.0204607 0.999789 0.192359 -0.437948 0.237899
FixedParameters: 0 0 0

#Transform 97
Transform: AffineTransform_float_3_3
Parameters: 0.999998 -0.000364992 -0.00228401 0.000412009 0.999788 0.0206151 0.00227599 -0.0206159 0.999785 0.201178 -0.457465 0.28717
FixedParameters: 0 0 0

#Transform 98
Transform: AffineTransform_float_3_3
Parameters: 0.999996 -0.000352669 -0.00303249 0.000412322 0.999808 0.0195868 0.0030245 -0.0195882 0.999803 0.278507 -0.387456 0.145026
FixedParameters: 0 0 0

#Transform 99
Transform: AffineTransform_float_3_3
Parameters: 0.999997 -0.000364149 -0.00233995 0.000411853 0.99979 0.0204821 0.00233206 -0.0204829 0.999788 0.219596 -0.426215 0.189945
FixedParameters: 0 0 0

#Transform 100
Transform: AffineTransform_float_3_3
Parameters: 0.999997 -0.000770273 -0.00229351 0.000815737 0.999809 0.0195652 0.00227848 -0.0195668 0.999806 0.19676 -0.381 0.11858
FixedParameters: 0 0 0

#Transform 101
Transform: AffineTransform_float_3_3
Parameters: 0.999998 -0.000800193 -0.00171169 0.000836794 0.999766 0.0216126 0.00169331 -0.0216134 0.999765 0.172047 -0.480089 0.265499
FixedParameters: 0 0 0

#Transform 102
Transform: AffineTransform_float_3_3
Parameters: 0.999998 -0.000658111 -0.00216283 0.000704873 0.999763 0.0217515 0.00214718 -0.0217525 0.999761 0.196465 -0.488832 0.276293
FixedParameters: 0 0 0

#Transform 103
Transform: AffineTransform_float_3_3
Parameters: 0.999998 -0.000247572 -0.00201509 0.000286427 0.999817 0.0190925 0.0020099 -0.0190925 0.999815 0.214243 -0.362577 0.0339217
FixedParameters: 0 0 0

#Transform 104
Transform: AffineTransform_float_3_3
Parameters: 0.999997 -0.00061689 -0.00246383 0.000677112 0.999701 0.0244704 0.00244816 -0.0244726 0.999697 0.208884 -0.560709 0.295003
FixedParameters: 0 0 0

#Transform 105
Transform: AffineTransform_float_3_3
Parameters: 0.999998 -0.000891717 -0.00185047 0.000932272 0.999748 0.0224293 0.00182955 -0.0224317 0.999746 0.167927 -0.49666 0.338275
FixedParameters: 0 0 0

#Transform 106
Transform: AffineTransform_float_3_3
Parameters: 0.999996 -0.000879327 -0.00266531 0.000932667 0.999796 0.0202036 0.0026467 -0.0202064 0.999793 0.271726 -0.395482 0.0878613
FixedParameters: 0 0 0

#Transform 107
Transform: AffineTransform_float_3_3
Parameters: 0.999997 -0.000586861 -0.002123 0.000631141 0.999773 0.0213247 0.00211002 -0.0213253 0.999771 0.199466 -0.453319 0.333036
FixedParameters: 0 0 0

#Transform 108
Transform: AffineTransform_float_3_3
Parameters: 0.999997 -0.000584018 -0.00241265 0.000633988 0.999784 0.0207675 0.00240035 -0.0207695 0.999782 0.233264 -0.426196 0.221195
FixedParameters: 0 0 0

#Transform 109
Transform: AffineTransform_float_3_3
Parameters: 0.999997 -0.00067059 -0.00225465 0.000718397 0.999778 0.0210934 0.00223934 -0.0210946 0.999775 0.214216 -0.422241 0.202746
FixedParameters: 0 0 0

#Transform 110
Transform: AffineTransform_float_3_3
Parameters: 0.999998 -0.000670247 -0.00222594 0.000717754 0.999768 0.0215215 0.00221106 -0.0215235 0.999766 0.192658 -0.445321 0.266964
FixedParameters: 0 0 0

#Transform 111
Transform: AffineTransform_float_3_3
Parameters: 0.999995 -0.000987567 -0.00280997 0.00104843 0.999767 0.0215862 0.00278801 -0.0215899 0.999763 0.280358 -0.421369 0.0135712
FixedParameters: 0 0 0

#Transform 112
Transform: AffineTransform_float_3_3
Parameters: 0.999999 -0.000123089 -0.000756945 0.000139913 0.99975 0.0223829 0.000754057 -0.0223821 0.999749 0.131481 -0.511304 0.453717
FixedParameters: 0 0 0

#Transform 113
Transform: AffineTransform_float_3_3
Parameters: 0.999998 -0.000506297 -0.0021948 0.000550706 0.999791 0.0204148 0.00218421 -0.0204162 0.999789 0.24714 -0.403719 0.143675
FixedParameters: 0 0 0

#Transform 114
Transform: AffineTransform_float_3_3
Parameters: 0.999995 -0.000363047 -0.00330054 0.000426945 0.999817 0.0190937 0.00329245 -0.0190943 0.999813 0.267985 -0.333906 0.106377
FixedParameters: 0 0 0

#Transform 115
Transform: AffineTransform_float_3_3
Parameters: 0.999997 -0.000762879 -0.00226117 0.000812118 0.999762 0.0218032 0.00224383 -0.0218048 0.999759 0.253428 -0.428211 0.261119
FixedParameters: 0 0 0

#Transform 116
Transform: AffineTransform_float_3_3
Parameters: 0.999998 -0.000511374 -0.00225484 0.00055663 0.999794 0.0202808 0.00224417 -0.0202822 0.999792 0.214723 -0.396853 0.312954
FixedParameters: 0 0 0

#Transform 117
Transform: AffineTransform_float_3_3
Parameters: 0.999997 -0.000505729 -0.0023967 0.000554256 0.999796 0.0201827 0.0023853 -0.0201843 0.999794 0.247285 -0.386264 0.279221
FixedParameters: 0 0 0

#Transform 118
Transform: AffineTransform_float_3_3
Parameters: 0.999997 -0.000571558 -0.00209434 0.000615457 0.999784 0.0208018 0.00208265 -0.0208023 0.999782 0.180379 -0.420407 0.360371
FixedParameters: 0 0 0

#Transform 119
Transform: AffineTransform_float_3_3
Parameters: 0.999998 -0.000507396 -0.002255 0.000553605 0.999786 0.0207148 0.00224401 -0.0207162 0.999783 0.214527 -0.400761 0.220571
FixedParameters: 0 0 0

#Transform 120
Transform: AffineTransform_float_3_3
Parameters: 0.999998 -0.000436958 -0.00200586 0.000480045 0.999768 0.0215081 0.00199614 -0.0215089 0.999766 0.16922 -0.434386 0.347274
FixedParameters: 0 0 0

#Transform 121
Transform: AffineTransform_float_3_3
Parameters: 0.999997 -0.000506831 -0.0022999 0.00055417 0.999788 0.0205548 0.00228909 -0.0205562 0.999786 0.198283 -0.389466 0.247033
FixedParameters: 0 0 0

#Transform 122
Transform: AffineTransform_float_3_3
Parameters: 0.999997 -0.000507879 -0.00211859 0.000554131 0.999761 0.0218269 0.00210741 -0.0218271 0.999759 0.203566 -0.434076 0.292473
FixedParameters: 0 0 0

#Transform 123
Transform: AffineTransform_float_3_3
Parameters: 0.999997 -0.000932599 -0.00227816 0.000985398 0.999733 0.0231098 0.00225583 -0.0231122 0.999731 0.22289 -0.468744 0.218651
FixedParameters: 0 0 0

#Transform 124
Transform: AffineTransform_float_3_3
Parameters: 0.999998 -0.000474631 -0.00204631 0.000520362 0.999742 0.022719 0.0020347 -0.02272 0.99974 0.183861 -0.468163 0.30008
FixedParameters: 0 0 0

#Transform 125
Transform: AffineTransform_float_3_3
Parameters: 0.999997 -0.000622293 -0.00203521 0.000667703 0.999757 0.0220407 0.00202077 -0.0220413 0.999755 0.172526 -0.438301 0.228332
FixedParameters: 0 0 0

#Transform 126
Transform: AffineTransform_float_3_3
Parameters: 0.999997 -0.00073831 -0.00199809 0.00078269 0.999748 0.0224595 0.00198092 -0.0224605 0.999746 0.185676 -0.443493 0.190615
FixedParameters: 0 0 0

#Transform 127
Transform: AffineTransform_float_3_3
Parameters: 0.999998 -0.00093705 -0.00210501 0.000984951 0.999738 0.022895 0.00208299 -0.022897 0.999735 0.176959 -0.471051 0.292835
FixedParameters: 0 0 0

#Transform 128
Transform: AffineTransform_float_3_3
Parameters: 0.999997 -0.000934987 -0.00224053 0.000985024 0.999748 0.0224259 0.00221947 -0.0224281 0.999746 0.218213 -0.428825 0.0814522
FixedParameters: 0 0 0

#Transform 129
Transform: AffineTransform_float_3_3
Parameters: 0.999997 -0.000935328 -0.00216019 0.000984669 0.999733 0.0231089 0.00213781 -0.0231111 0.99973 0.190954 -0.483033 0.237973
FixedParameters: 0 0 0

#Transform 130
Transform: AffineTransform_float_3_3
Parameters: 0.999995 -0.00092259 -0.00277652 0.000985399 0.999745 0.0225614 0.00275447 -0.0225636 0.999741 0.231733 -0.452672 0.18613
FixedParameters: 0 0 0

#Transform 131
Transform: AffineTransform_float_3_3
Parameters: 0.999997 -0.000927555 -0.00248322 0.000985442 0.999729 0.0232336 0.00246077 -0.0232354 0.999727 0.217798 -0.474957 0.177637
FixedParameters: 0 0 0

#Transform 132
Transform: AffineTransform_float_3_3
Parameters: 0.999996 -0.000929525 -0.00238933 0.000985465 0.999727 0.0233217 0.00236666 -0.0233243 0.999725 0.204404 -0.500894 0.268407
FixedParameters: 0 0 0

#Transform 133
Transform: AffineTransform_float_3_3
Parameters: 0.999995 -0.000918549 -0.00294456 0.000985439 0.999743 0.0226462 0.00292243 -0.0226488 0.999739 0.281153 -0.43105 0.0484574
FixedParameters: 0 0 0

#Transform 134
Transform: AffineTransform_float_3_3
Parameters: 0.999996 -0.000976505 -0.00255932 0.00103849 0.999708 0.0241384 0.00253467 -0.0241406 0.999706 0.263851 -0.489499 0.272988
FixedParameters: 0 0 0

#Transform 135
Transform: AffineTransform_float_3_3
Parameters: 0.999994 -0.000897701 -0.0035244 0.000985289 0.999691 0.0248467 0.0035006 -0.0248503 0.999685 0.302714 -0.517944 0.268226
FixedParameters: 0 0 0

#Transform 136
Transform: AffineTransform_float_3_3
Parameters: 0.999994 -0.00188718 -0.00298464 0.0019618 0.999679 0.0252673 0.00293536 -0.0252727 0.999677 0.307904 -0.533779 0.02645
FixedParameters: 0 0 0

#Transform 137
Transform: AffineTransform_float_3_3
Parameters: 0.999998 -0.000739894 -0.00189876 0.000762107 0.999931 0.0116676 0.00189024 -0.0116694 0.99993 0.148192 -0.173731 0.0906476
FixedParameters: 0 0 0

#Transform 138
Transform: AffineTransform_float_3_3
Parameters: 0.999997 -0.000812011 -0.00237298 0.000848988 0.999877 0.015628 0.00236002 -0.01563 0.999875 0.18738 -0.25567 -0.00363887
FixedParameters: 0 0 0

#Transform 139
Transform: AffineTransform_float_3_3
Parameters: 0.999996 -0.000796115 -0.00272799 0.000849884 0.99981 0.0194398 0.00271199 -0.0194422 0.999808 0.207365 -0.334226 -0.0807062
FixedParameters: 0 0 0

#Transform 140
Transform: AffineTransform_float_3_3
Parameters: 0.999995 -0.000783574 -0.00310823 0.000849419 0.999777 0.0211035 0.00309076 -0.0211065 0.999773 0.204281 -0.334289 -0.174597
FixedParameters: 0 0 0

#Transform 141
Transform: AffineTransform_float_3_3
Parameters: 0.999996 -0.000799509 -0.00248348 0.0008495 0.9998 0.019991 0.00246751 -0.019993 0.999797 0.197444 -0.360033 0.0679738
FixedParameters: 0 0 0

#Transform 142
Transform: AffineTransform_float_3_3
Parameters: 0.999995 -0.000668342 -0.00285094 0.000732659 0.999741 0.022739 0.00283507 -0.022741 0.999738 0.266452 -0.420663 0.0261033
FixedParameters: 0 0 0

#Transform 143
Transform: AffineTransform_float_3_3
Parameters: 0.999995 -0.0008045 -0.00289711 0.000876495 0.999685 0.0251106 0.00287589 -0.0251134 0.99968 0.240936 -0.500897 0.174105
FixedParameters: 0 0 0

#Transform 144
Transform: AffineTransform_float_3_3
Parameters: 0.999994 -0.000701396 -0.00344477 0.000787611 0.999682 0.0252045 0.00342624 -0.0252066 0.999677 0.298092 -0.463946 -0.0328839
FixedParameters: 0 0 0

#Transform 145
Transform: AffineTransform_float_3_3
Parameters: 0.999997 -0.000798284 -0.00222226 0.00084971 0.999726 0.0233692 0.00220275 -0.0233708 0.999725 0.175465 -0.431927 0.0128439
FixedParameters: 0 0 0

#Transform 146
Transform: AffineTransform_float_3_3
Parameters: 0.999997 -0.000662648 -0.00232313 0.000720349 0.999693 0.0247744 0.00230586 -0.0247756 0.999691 0.179664 -0.502411 0.234881
FixedParameters: 0 0 0

#Transform 147
Transform: AffineTransform_float_3_3
Parameters: 0.999997 -0.000914462 -0.00227357 0.000971523 0.999687 0.0249919 0.00224942 -0.0249941 0.999685 0.223366 -0.484836 0.0893975
FixedParameters: 0 0 0

#Transform 148
Transform: AffineTransform_float_3_3
Parameters: 0.999996 -0.000584244 -0.0027095 0.000651745 0.999686 0.0250743 0.0026935 -0.0250757 0.999682 0.217884 -0.469128 0.131051
FixedParameters: 0 0 0

#Transform 149
Transform: AffineTransform_float_3_3
Parameters: 0.999996 -0.000658618 -0.00252766 0.000723363 0.999673 0.0255543 0.00250933 -0.0255568 0.99967 0.217334 -0.528463 0.259481
FixedParameters: 0 0 0

#Transform 150
Transform: AffineTransform_float_3_3
Parameters: 0.999996 -0.000233515 -0.00276187 0.000303489 0.999673 0.0255482 0.00275515 -0.0255487 0.99967 0.199248 -0.511056 0.251548
FixedParameters: 0 0 0

#Transform 151
Transform: AffineTransform_float_3_3
Parameters: 0.999998 -0.000397423 -0.00228935 0.000457568 0.999648 0.026521 0.00227767 -0.026522 0.999645 0.175357 -0.538162 0.27335
FixedParameters: 0 0 0

#Transform 152
Transform: AffineTransform_float_3_3
Parameters: 0.999995 -0.00118743 -0.00294079 0.00126055 0.999683 0.0251434 0.00290922 -0.0251466 0.999679 0.272938 -0.486242 0.0802604
FixedParameters: 0 0 0

#Transform 153
Transform: AffineTransform_float_3_3
Parameters: 0.999997 -0.00104244 -0.00197015 0.00109358 0.999652 0.0263509 0.00194286 -0.0263531 0.999651 0.206226 -0.52197 0.34866
FixedParameters: 0 0 0

#Transform 154
Transform: AffineTransform_float_3_3
Parameters: 0.999996 -0.000233455 -0.00272907 0.000296544 0.999737 0.0229403 0.00272291 -0.0229407 0.999733 0.186381 -0.38046 0.189861
FixedParameters: 0 0 0

#Transform 155
Transform: AffineTransform_float_3_3
Parameters: 0.999997 -0.000266642 -0.00253122 0.000327375 0.999706 0.0242703 0.0025248 -0.0242718 0.999702 0.217766 -0.443305 0.243826
FixedParameters: 0 0 0

#Transform 156
Transform: AffineTransform_float_3_3
Parameters: 0.999997 -0.000262619 -0.0026483 0.000327375 0.999695 0.0247182 0.00264072 -0.0247188 0.999691 0.180017 -0.476026 0.378619
FixedParameters: 0 0 0

#Transform 157
Transform: AffineTransform_float_3_3
Parameters: 0.999998 -0.000272265 -0.00224746 0.000327722 0.999691 0.0248353 0.00223955 -0.0248367 0.999689 0.168486 -0.476855 0.377153
FixedParameters: 0 0 0

#Transform 158
Transform: AffineTransform_float_3_3
Parameters: 0.999997 -8.54707e-05 -0.00216996 0.000142529 0.999661 0.0260638 0.00216702 -0.0260643 0.999658 0.146431 -0.520387 0.372849
FixedParameters: 0 0 0

#Transform 159
Transform: AffineTransform_float_3_3
Parameters: 0.999998 -3.11569e-05 -0.00188249 8.18298e-05 0.99965 0.0264829 0.00188049 -0.0264831 0.999648 0.139693 -0.530004 0.355802
FixedParameters: 0 0 0

#Transform 160
Transform: AffineTransform_float_3_3
Parameters: 0.999998 -0.000679367 -0.00217616 0.000735631 0.999671 0.0256675 0.00215783 -0.0256685 0.999668 0.166008 -0.500715 0.303532
FixedParameters: 0 0 0

#Transform 161
Transform: AffineTransform_float_3_3
Parameters: 0.999998 -0.000269819 -0.00201221 0.000319199 0.999701 0.0244804 0.00200579 -0.0244816 0.999699 0.17725 -0.449364 0.249406
FixedParameters: 0 0 0

#Transform 162
Transform: AffineTransform_float_3_3
Parameters: 0.999994 -0.000489654 -0.00344969 0.000572353 0.999714 0.0239102 0.0034373 -0.0239118 0.999708 0.268433 -0.400786 0.150685
FixedParameters: 0 0 0

#Transform 163
Transform: AffineTransform_float_3_3
Parameters: 0.999995 -0.000149764 -0.00334477 0.000233215 0.99969 0.0248984 0.00333923 -0.0248996 0.999685 0.290021 -0.428633 0.0640238
FixedParameters: 0 0 0

#Transform 164
Transform: AffineTransform_float_3_3
Parameters: 0.999997 -0.000382381 -0.00238577 0.000439625 0.999717 0.023777 0.00237622 -0.023778 0.999715 0.205769 -0.435981 0.289205
FixedParameters: 0 0 0

#Transform 165
Transform: AffineTransform_float_3_3
Parameters: 0.999996 -0.000422572 -0.00277628 0.00049142 0.999695 0.0246927 0.00276471 -0.0246943 0.999691 0.227444 -0.428706 0.197687
FixedParameters: 0 0 0

#Transform 166
Transform: AffineTransform_float_3_3
Parameters: 0.999995 -0.000306582 -0.00313491 0.00038742 0.99967 0.0256839 0.00312608 -0.0256851 0.999665 0.277426 -0.461994 0.38037
FixedParameters: 0 0 0

#Transform 167
Transform: AffineTransform_float_3_3
Parameters: 0.999992 -6.11099e-05 -0.00415183 0.000164897 0.999687 0.0250275 0.00414917 -0.0250275 0.999678 0.302947 -0.400036 -0.047472
FixedParameters: 0 0 0

#Transform 168
Transform: AffineTransform_float_3_3
Parameters: 0.999993 -0.000206396 -0.00356249 0.000298591 0.999669 0.0257321 0.00355549 -0.0257329 0.999662 0.261068 -0.425798 0.0340999
FixedParameters: 0 0 0

#Transform 169
Transform: AffineTransform_float_3_3
Parameters: 0.999994 -0.000287173 -0.00348468 0.000377808 0.999659 0.0260918 0.00347532 -0.0260931 0.999653 0.236878 -0.425081 0.0472064
FixedParameters: 0 0 0

#Transform 170
Transform: AffineTransform_float_3_3
Parameters: 0.999995 -0.000288803 -0.00311173 0.000371204 0.99965 0.026447 0.00310327 -0.026448 0.999646 0.216115 -0.427031 0.0578841
FixedParameters: 0 0 0

#Transform 171
Transform: AffineTransform_float_3_3
Parameters: 0.999993 -0.00020345 -0.00358687 0.000300554 0.99963 0.0272171 0.00358014 -0.0272179 0.999623 0.242361 -0.424199 0.0616573
FixedParameters: 0 0 0

#Transform 172
Transform: AffineTransform_float_3_3
Parameters: 0.999996 -1.82561e-05 -0.00302064 0.000100753 0.999624 0.0273948 0.00301937 -0.0273952 0.99962 0.250028 -0.440962 0.0808822
FixedParameters: 0 0 0

#Transform 173
Transform: AffineTransform_float_3_3
Parameters: 0.999993 -2.70298e-05 -0.00358704 0.000123968 0.999635 0.0270357 0.00358496 -0.0270363 0.999628 0.251801 -0.455448 0.161364
FixedParameters: 0 0 0

#Transform 174
Transform: AffineTransform_float_3_3
Parameters: 0.999992 5.85558e-05 -0.00381079 4.25616e-05 0.999645 0.026644 0.00381122 -0.026644 0.999637 0.295484 -0.442629 0.112389
FixedParameters: 0 0 0

#Transform 175
Transform: AffineTransform_float_3_3
Parameters: 0.999994 -0.000276127 -0.00345358 0.000368884 0.999646 0.0266299 0.0034454 -0.0266311 0.99964 0.258688 -0.464779 0.188816
FixedParameters: 0 0 0

#Transform 176
Transform: AffineTransform_float_3_3
Parameters: 0.999991 8.764e-05 -0.00413011 1.86378e-05 0.999667 0.0258131 0.00413089 -0.0258129 0.999659 0.327721 -0.422026 0.122819
FixedParameters: 0 0 0

#Transform 177
Transform: AffineTransform_float_3_3
Parameters: 0.999992 -4.47116e-05 -0.00382256 0.000146303 0.999642 0.0267636 0.00382045 -0.0267633 0.999634 0.301618 -0.41504 -0.0251662
FixedParameters: 0 0 0

#Transform 178
Transform: AffineTransform_float_3_3
Parameters: 0.999993 -9.70049e-05 -0.00354876 0.000190003 0.999657 0.0262145 0.00354524 -0.0262145 0.99965 0.244568 -0.360564 -0.155253
FixedParameters: 0 0 0

#Transform 179
Transform: AffineTransform_float_3_3
Parameters: 0.999996 -0.000175635 -0.00301077 0.000255373 0.999643 0.0267133 0.00300525 -0.0267136 0.999638 0.235422 -0.373269 -0.0985488
FixedParameters: 0 0 0
