#Insight Transform File V1.0
#Transform 0
Transform: AffineTransform_float_3_3
Parameters: 0.999999 -0.000618124 0.000424819 0.000617875 1 0.000293262 -0.000425181 -0.000292737 1 0.0935991 -0.161447 -0.684684
FixedParameters: 0 0 0

#Transform 1
Transform: AffineTransform_float_3_3
Parameters: 0.999999 0.00121989 0.000692442 -0.00121912 0.999999 -0.00127785 -0.000693558 0.00127716 0.999999 -0.113314 0.115745 0.0439075
FixedParameters: 0 0 0

#Transform 2
Transform: AffineTransform_float_3_3
Parameters: 0.999998 0.00147632 0.000624236 -0.00147668 0.999999 -0.000517922 -0.000625764 0.000517077 0.999999 -0.105035 0.0905374 0.0191451
FixedParameters: 0 0 0

#Transform 3
Transform: AffineTransform_float_3_3
Parameters: 0.999998 0.0014986 0.000565425 -0.0014984 0.999999 -0.00105185 -0.000567576 0.00105115 1 -0.0475188 0.144469 -0.0213309
FixedParameters: 0 0 0

#Transform 4
Transform: AffineTransform_float_3_3
Parameters: 0.999998 0.00185202 -0.00069264 -0.00185299 0.999998 -0.00142472 0.000689361 0.00142528 0.999998 0.0191899 0.135617 0.00180106
FixedParameters: 0 0 0

#Transform 5
Transform: AffineTransform_float_3_3
Parameters: 0.999996 0.0025325 0.000497451 -0.0025315 0.999997 -0.00100726 -0.00049955 0.00100674 1 -0.155693 0.119571 0.00137403
FixedParameters: 0 0 0

#Transform 6
Transform: AffineTransform_float_3_3
Parameters: 0.999997 0.00234537 0.000243472 -0.00234463 0.999996 -0.00150457 -0.000246528 0.00150443 0.999999 -0.0680844 0.163248 -0.00601646
FixedParameters: 0 0 0

#Transform 7
Transform: AffineTransform_float_3_3
Parameters: 0.999997 0.00246019 0.000245122 -0.00245981 0.999996 -0.000763605 -0.000246879 0.000763394 0.999999 -0.107838 0.104877 0.0203161
FixedParameters: 0 0 0

#Transform 8
Transform: AffineTransform_float_3_3
Parameters: 0.999998 0.00227018 0.00024534 -0.00227082 0.999997 -0.000731559 -0.000246662 0.000731442 0.999999 -0.0776096 0.129854 -0.0032325
FixedParameters: 0 0 0

#Transform 9
Transform: AffineTransform_float_3_3
Parameters: 0.999996 0.00246046 0.000856678 -0.00246054 0.999997 -0.000538109 -0.000858321 0.00053589 0.999999 -0.152979 0.109221 -0.00519964
FixedParameters: 0 0 0

#Transform 10
Transform: AffineTransform_float_3_3
Parameters: 0.999997 0.00237785 0.000655535 -0.00237815 0.999997 0.000224442 -0.000654463 -0.000226557 1 -0.14095 0.0614889 -0.00849594
FixedParameters: 0 0 0

#Transform 11
Transform: AffineTransform_float_3_3
Parameters: 0.999998 0.00195905 0.000667842 -0.00195895 0.999998 -8.13084e-05 -0.000668157 7.96912e-05 1 -0.102517 0.0789121 0.0215352
FixedParameters: 0 0 0

#Transform 12
Transform: AffineTransform_float_3_3
Parameters: 0.999998 0.00196668 0.00114083 -0.00196632 0.999998 -0.000595245 -0.00114217 0.000593755 0.999999 -0.175985 0.100737 0.0383177
FixedParameters: 0 0 0

#Transform 13
Transform: AffineTransform_float_3_3
Parameters: 0.999997 0.00201473 0.00134992 -0.00201427 0.999998 -0.000539721 -0.00135109 0.000537279 0.999999 -0.18926 0.0838485 0.0516769
FixedParameters: 0 0 0

#Transform 14
Transform: AffineTransform_float_3_3
Parameters: 0.999997 0.00193419 0.00106665 -0.00193381 0.999998 -0.000183063 -0.00106635 0.000180938 1 -0.148118 0.0883797 0.0173047
FixedParameters: 0 0 0

#Transform 15
Transform: AffineTransform_float_3_3
Parameters: 0.999997 0.00216154 0.00125006 -0.00216146 0.999997 -0.000434703 -0.00125094 0.000432297 0.999999 -0.186766 0.10281 0.039129
FixedParameters: 0 0 0

#Transform 16
Transform: AffineTransform_float_3_3
Parameters: 0.999997 0.00225547 0.000683442 -0.00225553 0.999997 -0.000691543 -0.000684559 0.000690458 0.999999 -0.142989 0.132979 0.0353547
FixedParameters: 0 0 0

#Transform 17
Transform: AffineTransform_float_3_3
Parameters: 0.999999 0.00143526 0.000652419 -0.00143474 0.999999 -0.000404936 -0.00065258 0.000404064 0.999999 -0.0870389 0.113725 0.0152802
FixedParameters: 0 0 0

#Transform 18
Transform: AffineTransform_float_3_3
Parameters: 0.999998 0.00168977 0.00150513 -0.00168823 0.999999 -0.000514542 -0.00150587 0.000512457 0.999998 -0.242351 0.0910124 0.0538009
FixedParameters: 0 0 0

#Transform 19
Transform: AffineTransform_float_3_3
Parameters: 0.999997 0.00203879 0.00150894 -0.00203821 0.999998 -0.000523077 -0.00151006 0.000519923 0.999998 -0.204341 0.103285 0.0421015
FixedParameters: 0 0 0

#Transform 20
Transform: AffineTransform_float_3_3
Parameters: 0.999996 0.00203739 0.00183668 -0.00203762 0.999998 0.000333259 -0.00183532 -0.000336741 0.999999 -0.233276 0.0519737 0.0574492
FixedParameters: 0 0 0

#Transform 21
Transform: AffineTransform_float_3_3
Parameters: 0.999997 0.00203843 0.00117725 -0.00203757 0.999998 -0.0003684 -0.00117775 0.0003666 0.999999 -0.172869 0.100181 0.0292585
FixedParameters: 0 0 0

#Transform 22
Transform: AffineTransform_float_3_3
Parameters: 0.999996 0.00203711 0.0016501 -0.00203789 0.999998 0.000539639 -0.0016489 -0.00054236 0.999998 -0.239046 0.0493043 0.0409897
FixedParameters: 0 0 0

#Transform 23
Transform: AffineTransform_float_3_3
Parameters: 0.999997 0.00203816 0.00124274 -0.00203784 0.999998 -0.000130533 -0.00124326 0.000128466 0.999999 -0.168668 0.0914789 0.0327301
FixedParameters: 0 0 0

#Transform 24
Transform: AffineTransform_float_3_3
Parameters: 0.999996 0.00211929 0.00155159 -0.0021187 0.999997 -0.000192288 -0.0015524 0.000188711 0.999999 -0.238355 0.110504 0.0274187
FixedParameters: 0 0 0

#Transform 25
Transform: AffineTransform_float_3_3
Parameters: 0.999997 0.00210391 0.00139864 -0.00210509 0.999998 0.000777058 -0.00139736 -0.000779943 0.999998 -0.223984 0.0331667 0.0409991
FixedParameters: 0 0 0

#Transform 26
Transform: AffineTransform_float_3_3
Parameters: 0.999997 0.00203843 0.00143338 -0.00203756 0.999998 -0.000304921 -0.00143462 0.000302077 0.999999 -0.205108 0.118253 0.0345564
FixedParameters: 0 0 0

#Transform 27
Transform: AffineTransform_float_3_3
Parameters: 0.999996 0.00171144 0.00198234 -0.00171355 0.999998 0.000782606 -0.00198065 -0.000786392 0.999997 -0.272452 0.0331629 0.069866
FixedParameters: 0 0 0

#Transform 28
Transform: AffineTransform_float_3_3
Parameters: 0.999998 0.0016269 0.00127213 -0.0016271 0.999998 7.79303e-05 -0.00127187 -8.00694e-05 0.999999 -0.195886 0.104346 0.0173262
FixedParameters: 0 0 0

#Transform 29
Transform: AffineTransform_float_3_3
Parameters: 0.999997 0.00162665 0.00190102 -0.00162835 0.999998 0.00123691 -0.00189899 -0.00124009 0.999998 -0.277231 0.013513 0.0656834
FixedParameters: 0 0 0

#Transform 30
Transform: AffineTransform_float_3_3
Parameters: 0.999998 0.00176584 0.00105727 -0.00176516 0.999999 0.000150134 -0.00105773 -0.000151868 0.999999 -0.178683 0.0925119 0.0154053
FixedParameters: 0 0 0

#Transform 31
Transform: AffineTransform_float_3_3
Parameters: 0.999998 0.00146263 0.00128856 -0.00146437 0.999999 0.00106212 -0.00128644 -0.00106388 0.999998 -0.21803 0.0309451 0.00359516
FixedParameters: 0 0 0

#Transform 32
Transform: AffineTransform_float_3_3
Parameters: 0.999998 0.00161644 0.00156361 -0.00161856 0.999998 0.000994472 -0.00156239 -0.000997529 0.999999 -0.220685 0.0208148 0.0561198
FixedParameters: 0 0 0

#Transform 33
Transform: AffineTransform_float_3_3
Parameters: 0.999998 0.00117253 0.00155835 -0.00117347 1 0.000300172 -0.00155765 -0.000301827 0.999998 -0.252525 0.0620994 0.0487166
FixedParameters: 0 0 0

#Transform 34
Transform: AffineTransform_float_3_3
Parameters: 0.999998 0.00160816 0.00162184 -0.00160784 0.999998 -0.000100608 -0.00162216 9.83915e-05 0.999998 -0.226545 0.096728 0.0464801
FixedParameters: 0 0 0

#Transform 35
Transform: AffineTransform_float_3_3
Parameters: 0.999998 0.00131397 0.00143503 -0.00131403 0.999999 1.91144e-05 -0.00143497 -2.08856e-05 0.999999 -0.206311 0.081249 0.0308833
FixedParameters: 0 0 0

#Transform 36
Transform: AffineTransform_float_3_3
Parameters: 0.999999 0.00061818 0.00120142 -0.00061982 0.999999 0.000682256 -0.00120158 -0.000682743 0.999999 -0.177027 0.028141 0.100734
FixedParameters: 0 0 0

#Transform 37
Transform: AffineTransform_float_3_3
Parameters: 0.999999 0.00112749 0.00143661 -0.00112751 1 -0.00034362 -0.00143639 0.000341381 0.999999 -0.204103 0.0964592 0.0446227
FixedParameters: 0 0 0

#Transform 38
Transform: AffineTransform_float_3_3
Parameters: 0.999998 0.00112609 0.00168761 -0.00112691 0.999999 0.0005381 -0.00168639 -0.0005399 0.999999 -0.222044 0.045404 0.0515934
FixedParameters: 0 0 0

#Transform 39
Transform: AffineTransform_float_3_3
Parameters: 0.999999 0.000426017 0.001695 -0.000425983 1 -1.0722e-05 -0.001695 9.27791e-06 0.999998 -0.210795 0.0719959 0.0958022
FixedParameters: 0 0 0

#Transform 40
Transform: AffineTransform_float_3_3
Parameters: 0.999998 0.00091851 0.00128764 -0.000918488 0.999999 -0.000397183 -0.00128836 0.000395817 0.999999 -0.166872 0.0980458 0.0498038
FixedParameters: 0 0 0

#Transform 41
Transform: AffineTransform_float_3_3
Parameters: 0.999998 0.00112723 0.00179386 -0.00112777 1 -0.000129023 -0.00179414 0.000126978 0.999999 -0.24651 0.061712 0.0864557
FixedParameters: 0 0 0

#Transform 42
Transform: AffineTransform_float_3_3
Parameters: 0.999999 0.00112812 0.0013921 -0.00112688 0.999999 -0.00080257 -0.0013929 0.00080143 0.999998 -0.187711 0.106107 0.115043
FixedParameters: 0 0 0

#Transform 43
Transform: AffineTransform_float_3_3
Parameters: 0.999999 0.00112819 0.00136401 -0.00112681 0.999999 -0.000874538 -0.00136498 0.000872461 0.999998 -0.211252 0.124532 0.0915022
FixedParameters: 0 0 0

#Transform 44
Transform: AffineTransform_float_3_3
Parameters: 0.999998 0.00112779 0.00199955 -0.00112721 1 -0.000398255 -0.00200045 0.000395745 0.999998 -0.261293 0.0995256 0.113617
FixedParameters: 0 0 0

#Transform 45
Transform: AffineTransform_float_3_3
Parameters: 0.999999 0.00112822 0.00141503 -0.00112778 0.999999 -0.000864597 -0.00141598 0.000863404 0.999998 -0.211583 0.128814 0.0786479
FixedParameters: 0 0 0

#Transform 46
Transform: AffineTransform_float_3_3
Parameters: 0.999998 0.000957635 0.00141557 -0.000957365 1 -0.000449356 -0.00141643 0.000447644 0.999999 -0.238509 0.0966649 0.0778858
FixedParameters: 0 0 0

#Transform 47
Transform: AffineTransform_float_3_3
Parameters: 0.999999 0.00112777 0.000886027 -0.00112723 0.999999 -0.000864 -0.000886974 0.000863001 0.999999 -0.173802 0.126102 0.0867996
FixedParameters: 0 0 0

#Transform 48
Transform: AffineTransform_float_3_3
Parameters: 0.999999 0.000961168 0.0015429 -0.000960832 0.999999 -0.000109483 -0.00154311 0.000108517 0.999999 -0.254497 0.0732865 0.0491735
FixedParameters: 0 0 0

#Transform 49
Transform: AffineTransform_float_3_3
Parameters: 0.999998 0.00112771 0.00151547 -0.00112729 1 -0.000466709 -0.00151553 0.000465292 0.999998 -0.225744 0.0874953 0.0960679
FixedParameters: 0 0 0

#Transform 50
Transform: AffineTransform_float_3_3
Parameters: 0.999999 0.000906853 0.00127639 -0.000906147 1 -0.000669158 -0.00127661 0.000667843 0.999999 -0.218353 0.10788 0.0690229
FixedParameters: 0 0 0

#Transform 51
Transform: AffineTransform_float_3_3
Parameters: 0.999999 0.000844078 0.000997933 -0.000843921 0.999999 -7.98422e-05 -0.000998066 7.81576e-05 0.999999 -0.229865 0.0618065 0.115201
FixedParameters: 0 0 0

#Transform 52
Transform: AffineTransform_float_3_3
Parameters: 0.999999 0.00072301 0.00116838 -0.000721991 1 -0.000863845 -0.00116962 0.000863155 0.999999 -0.204599 0.117977 0.0604331
FixedParameters: 0 0 0

#Transform 53
Transform: AffineTransform_float_3_3
Parameters: 0.999998 0.00112804 0.00179435 -0.00112696 0.999999 -0.000580024 -0.00179465 0.000577977 0.999998 -0.28248 0.0826102 0.126848
FixedParameters: 0 0 0

#Transform 54
Transform: AffineTransform_float_3_3
Parameters: 1 0.000547746 0.000862528 -0.000547255 1 -0.000863473 -0.000863474 0.000863528 1 -0.19078 0.121012 0.063634
FixedParameters: 0 0 0

#Transform 55
Transform: AffineTransform_float_3_3
Parameters: 1 0.00112732 0.000242541 -0.00112769 0.999999 -0.00129428 -0.000244461 0.00129473 0.999999 -0.0224011 0.199329 0.0247846
FixedParameters: 0 0 0

#Transform 56
Transform: AffineTransform_float_3_3
Parameters: 0.999999 0.000368252 0.000818886 -0.000367747 1 -0.000308301 -0.000819113 0.000307698 0.999999 -0.124961 0.0877423 0.0329529
FixedParameters: 0 0 0

#Transform 57
Transform: AffineTransform_float_3_3
Parameters: 0.999998 0.000515823 0.00166736 -0.000517176 0.999999 0.000705139 -0.00166664 -0.000705861 0.999999 -0.195198 -0.0131593 0.158496
FixedParameters: 0 0 0

#Transform 58
Transform: AffineTransform_float_3_3
Parameters: 0.999998 0.000994584 0.00178868 -0.000993418 1 -0.000326778 -0.00178832 0.000325222 0.999999 -0.242988 0.0761449 0.115533
FixedParameters: 0 0 0

#Transform 59
Transform: AffineTransform_float_3_3
Parameters: 0.999999 0.000809708 0.00133618 -0.000810291 0.999999 0.000217918 -0.00133582 -0.000219082 0.999999 -0.193904 0.0447338 0.13124
FixedParameters: 0 0 0

#Transform 60
Transform: AffineTransform_float_3_3
Parameters: 0.999999 0.00035715 0.00182578 -0.000355851 0.999999 -0.000629651 -0.00182623 0.000629349 0.999998 -0.252693 0.0766107 0.123284
FixedParameters: 0 0 0

#Transform 61
Transform: AffineTransform_float_3_3
Parameters: 0.999998 0.000502406 0.00188389 -0.000502594 1 -0.000215947 -0.00188411 0.000215054 0.999998 -0.243093 0.0772998 0.0941893
FixedParameters: 0 0 0

#Transform 62
Transform: AffineTransform_float_3_3
Parameters: 0.999999 0.000906495 0.00103044 -0.000907505 1 0.000489066 -0.00102956 -0.000490934 1 -0.204413 0.0139008 0.171693
FixedParameters: 0 0 0

#Transform 63
Transform: AffineTransform_float_3_3
Parameters: 1 0.000635667 0.000989573 -0.000635333 0.999999 -0.000673629 -0.000990429 0.000673371 1 -0.18888 0.0959491 0.07698
FixedParameters: 0 0 0

#Transform 64
Transform: AffineTransform_float_3_3
Parameters: 0.999997 0.000416812 0.00221822 -0.000418187 1 0.000535074 -0.00221778 -0.000535926 0.999998 -0.291927 0.014422 0.145902
FixedParameters: 0 0 0

#Transform 65
Transform: AffineTransform_float_3_3
Parameters: 0.999999 0.000569108 0.00145635 -0.000569892 0.999999 0.00061217 -0.00145665 -0.000612829 0.999999 -0.208364 0.0268918 0.111382
FixedParameters: 0 0 0

#Transform 66
Transform: AffineTransform_float_3_3
Parameters: 0.999999 0.000370882 0.00183243 -0.000373119 1 0.00115632 -0.00183157 -0.00115668 0.999997 -0.23337 -0.00550634 0.106615
FixedParameters: 0 0 0

#Transform 67
Transform: AffineTransform_float_3_3
Parameters: 0.999998 0.000371353 0.00161638 -0.000372647 1 0.0010184 -0.00161662 -0.0010196 0.999998 -0.234195 -0.0279573 0.166104
FixedParameters: 0 0 0

#Transform 68
Transform: AffineTransform_float_3_3
Parameters: 0.999999 0.000372624 0.00147409 -0.000373377 1 0.00025545 -0.0014739 -0.000255549 0.999999 -0.195376 0.0397465 0.105746
FixedParameters: 0 0 0

#Transform 69
Transform: AffineTransform_float_3_3
Parameters: 0.999998 0.000158398 0.00225126 -0.000161603 0.999998 0.00160064 -0.00225075 -0.00160036 0.999996 -0.298201 -0.0467561 0.168359
FixedParameters: 0 0 0

#Transform 70
Transform: AffineTransform_float_3_3
Parameters: 0.999998 0.000369555 0.00199964 -0.000373447 0.999999 0.00172326 -0.00199936 -0.00172374 0.999997 -0.241281 -0.0404481 0.143083
FixedParameters: 0 0 0

#Transform 71
Transform: AffineTransform_float_3_3
Parameters: 0.999997 0.000102631 0.00216911 -0.000104368 1 0.00109178 -0.00216889 -0.00109223 0.999997 -0.279864 -0.00757744 0.114113
FixedParameters: 0 0 0

#Transform 72
Transform: AffineTransform_float_3_3
Parameters: 0.999999 0.000370657 0.00153557 -0.000373344 0.999999 0.00152643 -0.00153543 -0.00152657 0.999997 -0.238532 -0.0387434 0.15774
FixedParameters: 0 0 0

#Transform 73
Transform: AffineTransform_float_3_3
Parameters: 0.999997 0.000250818 0.00213626 -0.000253181 1 0.00102046 -0.00213674 -0.00102154 0.999997 -0.273619 0.0193248 0.114005
FixedParameters: 0 0 0

#Transform 74
Transform: AffineTransform_float_3_3
Parameters: 0.999997 0.000370006 0.00213652 -0.000372995 0.999999 0.00140121 -0.00213648 -0.00140179 0.999996 -0.299485 -0.0142879 0.174829
FixedParameters: 0 0 0

#Transform 75
Transform: AffineTransform_float_3_3
Parameters: 0.999999 0.000114892 0.00147509 -0.000116109 0.999999 0.000751829 -0.00147491 -0.00075117 0.999998 -0.235636 0.0368517 0.080468
FixedParameters: 0 0 0

#Transform 76
Transform: AffineTransform_float_3_3
Parameters: 0.999997 6.11616e-05 0.00213614 -6.58378e-05 0.999998 0.00226487 -0.00213586 -0.00226514 0.999995 -0.307139 -0.069308 0.128098
FixedParameters: 0 0 0

#Transform 77
Transform: AffineTransform_float_3_3
Parameters: 0.999999 0.000240674 0.00133124 -0.000241328 0.999999 0.000996679 -0.00133176 -0.000996321 0.999998 -0.218842 0.0259359 0.0995998
FixedParameters: 0 0 0

#Transform 78
Transform: AffineTransform_float_3_3
Parameters: 0.999998 -4.76256e-05 0.00162895 4.63741e-05 0.999999 0.000998077 -0.00162905 -0.000997923 0.999998 -0.266507 0.00866572 0.121756
FixedParameters: 0 0 0

#Transform 79
Transform: AffineTransform_float_3_3
Parameters: 0.999999 0.000370219 0.00182557 -0.000372778 0.999999 0.00152232 -0.00182444 -0.00152368 0.999997 -0.25194 0.00791683 0.127375
FixedParameters: 0 0 0

#Transform 80
Transform: AffineTransform_float_3_3
Parameters: 0.999998 0.000218629 0.00166031 -0.000221372 0.999999 0.00142863 -0.00165968 -0.00142836 0.999997 -0.259187 0.010736 0.0787789
FixedParameters: 0 0 0

#Transform 81
Transform: AffineTransform_float_3_3
Parameters: 0.999998 0.000146871 0.00189832 -0.000151132 0.999997 0.00217572 -0.00189868 -0.00217528 0.999996 -0.283373 -0.0617245 0.12835
FixedParameters: 0 0 0

#Transform 82
Transform: AffineTransform_float_3_3
Parameters: 0.999998 7.39729e-05 0.00169113 -7.70267e-05 0.999999 0.00178987 -0.00169086 -0.00179013 0.999997 -0.238367 -0.0364709 0.117612
FixedParameters: 0 0 0

#Transform 83
Transform: AffineTransform_float_3_3
Parameters: 0.999998 0.000152677 0.00200426 -0.000155322 0.999998 0.00165769 -0.00200374 -0.00165831 0.999996 -0.27021 -0.0157848 0.0996979
FixedParameters: 0 0 0

#Transform 84
Transform: AffineTransform_float_3_3
Parameters: 0.999998 9.05858e-05 0.00211628 -9.74181e-05 0.999996 0.0030318 -0.00211671 -0.0030312 0.999993 -0.293954 -0.108221 0.168273
FixedParameters: 0 0 0

#Transform 85
Transform: AffineTransform_float_3_3
Parameters: 0.999998 -0.000120494 0.00157881 0.000118505 0.999998 0.00158019 -0.00157919 -0.00157981 0.999998 -0.220498 -0.0258014 0.0798964
FixedParameters: 0 0 0

#Transform 86
Transform: AffineTransform_float_3_3
Parameters: 0.999998 -0.000112716 0.00211575 0.000108283 0.999998 0.00222924 -0.00211625 -0.00222877 0.999996 -0.306581 -0.07818 0.12516
FixedParameters: 0 0 0

#Transform 87
Transform: AffineTransform_float_3_3
Parameters: 1 0.00011402 0.00119219 -0.00011598 0.999998 0.00166086 -0.00119181 -0.00166114 0.999998 -0.223104 -0.0137021 0.084025
FixedParameters: 0 0 0

#Transform 88
Transform: AffineTransform_float_3_3
Parameters: 0.999999 -0.000110409 0.00144882 0.00010859 0.999998 0.00166316 -0.00144918 -0.00166284 0.999997 -0.258817 -0.0305211 0.106244
FixedParameters: 0 0 0

#Transform 89
Transform: AffineTransform_float_3_3
Parameters: 0.999999 0.000118608 0.00122224 -0.000120393 0.999998 0.00195686 -0.00122277 -0.00195715 0.999998 -0.23191 -0.0373787 0.137948
FixedParameters: 0 0 0

#Transform 90
Transform: AffineTransform_float_3_3
Parameters: 0.999998 -0.000272223 0.00162663 0.000270777 0.999999 0.00136744 -0.00162637 -0.00136656 0.999997 -0.253729 0.00507927 0.0937102
FixedParameters: 0 0 0

#Transform 91
Transform: AffineTransform_float_3_3
Parameters: 0.999999 -0.000297926 0.00154463 0.000296073 0.999999 0.00124746 -0.00154537 -0.00124654 0.999998 -0.236669 -0.0130398 0.149318
FixedParameters: 0 0 0

#Transform 92
Transform: AffineTransform_float_3_3
Parameters: 0.999999 -0.000275031 0.0013796 0.000272969 0.999999 0.00147138 -0.0013804 -0.00147162 0.999998 -0.267681 -0.0336342 0.140487
FixedParameters: 0 0 0

#Transform 93
Transform: AffineTransform_float_3_3
Parameters: 0.999999 -3.13363e-05 0.00145295 2.86635e-05 0.999998 0.00160804 -0.00145305 -0.00160796 0.999997 -0.282534 -0.0267656 0.139596
FixedParameters: 0 0 0

#Transform 94
Transform: AffineTransform_float_3_3
Parameters: 0.999999 -0.000311731 0.000639131 0.000312269 1 -0.0004208 -0.000638868 0.000421199 0.999999 -0.120712 0.122385 0.0675222
FixedParameters: 0 0 0

#Transform 95
Transform: AffineTransform_float_3_3
Parameters: 1 -6.60041e-05 -3.39921e-05 6.59959e-05 1 -0.000120002 3.40079e-05 0.000119998 1 -0.101978 0.0666793 0.16656
FixedParameters: 0 0 0

#Transform 96
Transform: AffineTransform_float_3_3
Parameters: 0.999999 -0.000140437 0.0007911 0.000141563 0.999999 -0.000711888 -0.000790899 0.000712111 1 -0.178575 0.110333 0.0964124
FixedParameters: 0 0 0

#Transform 97
Transform: AffineTransform_float_3_3
Parameters: 1 -0.00108597 -0.000357093 0.00108603 1 8.56123e-05 0.000356908 -8.53877e-05 1 -0.118904 0.0285955 0.174922
FixedParameters: 0 0 0

#Transform 98
Transform: AffineTransform_float_3_3
Parameters: 1 -7.95315e-05 0.000517072 8.04692e-05 0.999999 -0.000905959 -0.000517927 0.000906041 1 -0.175978 0.0916269 0.166537
FixedParameters: 0 0 0

#Transform 99
Transform: AffineTransform_float_3_3
Parameters: 0.999999 -0.000157095 0.000845982 0.000156904 1 0.000113133 -0.000846017 -0.000112867 0.999999 -0.227671 0.0322574 0.198726
FixedParameters: 0 0 0

#Transform 100
Transform: AffineTransform_float_3_3
Parameters: 0.999999 1.9182e-05 0.000710995 -1.8818e-05 1 -0.000256013 -0.000711004 0.000255986 0.999999 -0.186155 0.0806586 0.143076
FixedParameters: 0 0 0

#Transform 101
Transform: AffineTransform_float_3_3
Parameters: 0.999999 -0.000339307 0.00125892 0.000338694 1 0.000243427 -0.00125908 -0.000243573 0.999999 -0.235241 0.0490439 0.180422
FixedParameters: 0 0 0

#Transform 102
Transform: AffineTransform_float_3_3
Parameters: 1 -0.000331113 0.00106097 0.000330886 1 0.000107351 -0.00106104 -0.000106649 1 -0.209232 0.0569762 0.175856
FixedParameters: 0 0 0

#Transform 103
Transform: AffineTransform_float_3_3
Parameters: 0.999999 -0.000340814 0.00119005 0.000341185 1 -0.000155594 -0.00118995 0.000156406 1 -0.227783 0.074389 0.150811
FixedParameters: 0 0 0

#Transform 104
Transform: AffineTransform_float_3_3
Parameters: 1 -0.000239716 0.00119586 0.000239283 1 0.000599287 -0.00119614 -0.000598714 0.999999 -0.239884 0.0262301 0.194951
FixedParameters: 0 0 0

#Transform 105
Transform: AffineTransform_float_3_3
Parameters: 1 -0.00023864 0.00112908 0.000239361 1 -0.00031973 -0.00112892 0.00031927 1 -0.227273 0.0880342 0.116054
FixedParameters: 0 0 0

#Transform 106
Transform: AffineTransform_float_3_3
Parameters: 0.999999 -0.000239445 0.00122191 0.000239556 1 0.000363293 -0.00122209 -0.000363708 0.999999 -0.255554 0.0375623 0.16279
FixedParameters: 0 0 0

#Transform 107
Transform: AffineTransform_float_3_3
Parameters: 0.999999 -0.000239094 0.000896974 0.000238906 1 0.000105214 -0.000897024 -0.000104786 0.999999 -0.215056 0.0547042 0.173565
FixedParameters: 0 0 0

#Transform 108
Transform: AffineTransform_float_3_3
Parameters: 0.999999 -0.000238689 0.000756098 0.000239311 1 -0.000410819 -0.000755901 0.00041118 0.999999 -0.213966 0.0846497 0.14058
FixedParameters: 0 0 0

#Transform 109
Transform: AffineTransform_float_3_3
Parameters: 1 -0.000314449 0.000989858 0.000313551 1 0.000454311 -0.000989143 -0.000453689 1 -0.244732 0.024365 0.198456
FixedParameters: 0 0 0

#Transform 110
Transform: AffineTransform_float_3_3
Parameters: 1 -0.000238983 0.000663006 0.000239017 1 -2.58415e-05 -0.000662993 2.61584e-05 1 -0.186202 0.0622594 0.174712
FixedParameters: 0 0 0

#Transform 111
Transform: AffineTransform_float_3_3
Parameters: 0.999999 -0.00065108 0.00111137 0.000649921 1 0.000971723 -0.00111163 -0.000971277 0.999999 -0.237728 0.00132093 0.199642
FixedParameters: 0 0 0

#Transform 112
Transform: AffineTransform_float_3_3
Parameters: 1 -0.000239151 0.00032989 0.000238849 1 0.000458079 -0.000330109 -0.000457921 1 -0.193212 0.00485797 0.224763
FixedParameters: 0 0 0

#Transform 113
Transform: AffineTransform_float_3_3
Parameters: 1 -0.000407808 0.000534146 0.000408191 1 -0.000358782 -0.000533853 0.000359218 1 -0.156454 0.0399595 0.211946
FixedParameters: 0 0 0

#Transform 114
Transform: AffineTransform_float_3_3
Parameters: 0.999999 -0.000238609 0.000916102 0.000239391 1 -0.000426781 -0.000915898 0.000427219 1 -0.234114 0.0450967 0.23665
FixedParameters: 0 0 0

#Transform 115
Transform: AffineTransform_float_3_3
Parameters: 1 -0.000505531 0.00104723 0.000505469 1 -0.000447471 -0.00104677 0.00044853 1 -0.249214 0.0628268 0.202305
FixedParameters: 0 0 0

#Transform 116
Transform: AffineTransform_float_3_3
Parameters: 1 -0.000392408 0.000894261 0.000392592 0.999999 -0.000661649 -0.000894741 0.000662351 1 -0.200434 0.0983081 0.166641
FixedParameters: 0 0 0

#Transform 117
Transform: AffineTransform_float_3_3
Parameters: 1 -0.000606416 0.00105376 0.000605585 0.999999 0.000394638 -0.00105324 -0.000394361 0.999999 -0.253398 0.0271834 0.209758
FixedParameters: 0 0 0

#Transform 118
Transform: AffineTransform_float_3_3
Parameters: 0.999999 -0.000785854 0.00166707 0.000786147 0.999999 -8.76895e-05 -0.00166693 8.83101e-05 0.999998 -0.230196 0.0994643 0.117409
FixedParameters: 0 0 0

#Transform 119
Transform: AffineTransform_float_3_3
Parameters: 0.999999 -0.000674574 0.00173578 0.000673428 0.999999 0.00033017 -0.00173622 -0.000329829 0.999999 -0.274905 0.0487052 0.150356
FixedParameters: 0 0 0

#Transform 120
Transform: AffineTransform_float_3_3
Parameters: 1 -0.000674227 0.000797808 0.000673772 0.999999 0.000285538 -0.000798192 -0.000284462 0.999999 -0.202065 0.0513302 0.176209
FixedParameters: 0 0 0

#Transform 121
Transform: AffineTransform_float_3_3
Parameters: 1 -0.000421853 0.00105546 0.000423147 1 -0.00108655 -0.00105454 0.00108745 0.999999 -0.249785 0.119638 0.144517
FixedParameters: 0 0 0

#Transform 122
Transform: AffineTransform_float_3_3
Parameters: 0.999999 -0.000394063 0.000934972 0.000393936 1 6.83683e-05 -0.000935026 -6.76315e-05 0.999999 -0.216114 0.051654 0.189521
FixedParameters: 0 0 0

#Transform 123
Transform: AffineTransform_float_3_3
Parameters: 1 -0.000454387 0.00113625 0.000454613 1 -0.000539484 -0.00113576 0.000539516 0.999999 -0.232096 0.0872434 0.153409
FixedParameters: 0 0 0

#Transform 124
Transform: AffineTransform_float_3_3
Parameters: 0.999999 -0.000455817 0.00113767 0.000455184 0.999999 0.000717518 -0.00113833 -0.000717481 0.999999 -0.257697 0.00489297 0.197635
FixedParameters: 0 0 0

#Transform 125
Transform: AffineTransform_float_3_3
Parameters: 1 -0.000454924 0.000932037 0.000455076 1 -8.15759e-05 -0.000931963 8.2424e-05 0.999999 -0.212116 0.0658449 0.144205
FixedParameters: 0 0 0

#Transform 126
Transform: AffineTransform_float_3_3
Parameters: 1 -0.000638111 0.000948254 0.000636889 0.999999 0.0011706 -0.000949746 -0.00117039 0.999999 -0.255473 -0.0257263 0.218939
FixedParameters: 0 0 0

#Transform 127
Transform: AffineTransform_float_3_3
Parameters: 0.999999 -0.000900105 0.0009489 0.000899894 0.999999 0.000111854 -0.0009491 -0.000110146 1 -0.225071 0.0435993 0.180021
FixedParameters: 0 0 0

#Transform 128
Transform: AffineTransform_float_3_3
Parameters: 0.999999 -0.000769748 0.0011178 0.000767251 0.999998 0.00156386 -0.0011192 -0.00156314 0.999998 -0.277007 -0.0358784 0.243352
FixedParameters: 0 0 0

#Transform 129
Transform: AffineTransform_float_3_3
Parameters: 0.999999 -0.00045504 0.000839978 0.00045496 1 4.73822e-05 -0.000840021 -4.76178e-05 0.999999 -0.226844 0.0651507 0.218989
FixedParameters: 0 0 0

#Transform 130
Transform: AffineTransform_float_3_3
Parameters: 0.999999 -0.000742043 0.00104897 0.000741958 0.999999 4.07783e-05 -0.00104903 -4.02216e-05 1 -0.257158 0.0625907 0.180651
FixedParameters: 0 0 0

#Transform 131
Transform: AffineTransform_float_3_3
Parameters: 0.999999 -0.000751526 0.000975595 0.000750473 0.999999 0.000539733 -0.000976406 -0.000539267 1 -0.240716 0.02116 0.249838
FixedParameters: 0 0 0

#Transform 132
Transform: AffineTransform_float_3_3
Parameters: 0.999999 -0.000874835 0.00115013 0.000875165 0.999999 -0.000142994 -0.00114987 0.000144006 1 -0.240091 0.0611229 0.17671
FixedParameters: 0 0 0

#Transform 133
Transform: AffineTransform_float_3_3
Parameters: 0.999999 -0.000764865 0.00115043 0.000764136 1 0.00075188 -0.00115057 -0.000751121 0.999999 -0.26018 0.0124123 0.210621
FixedParameters: 0 0 0

#Transform 134
Transform: AffineTransform_float_3_3
Parameters: 1 -0.000661219 0.000820824 0.000660781 0.999999 0.000266542 -0.000821176 -0.000266457 0.999999 -0.210338 0.0473758 0.214121
FixedParameters: 0 0 0

#Transform 135
Transform: AffineTransform_float_3_3
Parameters: 0.999999 -0.000917016 0.00117299 0.000916984 0.999999 1.40756e-05 -0.00117301 -1.39243e-05 1 -0.255941 0.0576829 0.205116
FixedParameters: 0 0 0

#Transform 136
Transform: AffineTransform_float_3_3
Parameters: 0.999999 -0.000651937 0.00113846 0.000651064 1 0.000822742 -0.00113854 -0.000822259 0.999999 -0.250864 -0.00109444 0.24373
FixedParameters: 0 0 0

#Transform 137
Transform: AffineTransform_float_3_3
Parameters: 0.999999 -0.000862185 0.0015499 0.000861816 0.999999 0.000119336 -0.0015501 -0.000118664 0.999999 -0.268823 0.0660611 0.149433
FixedParameters: 0 0 0

#Transform 138
Transform: AffineTransform_float_3_3
Parameters: 0.999998 -0.000920953 0.00139371 0.000919046 0.999998 0.00140128 -0.00139529 -0.00140072 0.999998 -0.277354 -0.016222 0.218112
FixedParameters: 0 0 0

#Transform 139
Transform: AffineTransform_float_3_3
Parameters: 0.999999 -0.000713406 0.00106873 0.000712594 0.999999 0.000380762 -0.00106827 -0.000379238 1 -0.236977 0.0308302 0.204818
FixedParameters: 0 0 0

#Transform 140
Transform: AffineTransform_float_3_3
Parameters: 0.999999 -0.000889925 0.00114006 0.000890074 0.999999 -6.49853e-05 -0.00113994 6.60145e-05 1 -0.253462 0.0656589 0.166726
FixedParameters: 0 0 0

#Transform 141
Transform: AffineTransform_float_3_3
Parameters: 0.999999 -0.000891015 0.00122226 0.000890984 1 0.00083109 -0.00122374 -0.000829911 0.999999 -0.277953 -0.00365473 0.231651
FixedParameters: 0 0 0

#Transform 142
Transform: AffineTransform_float_3_3
Parameters: 0.999999 -0.000795512 0.00104061 0.000794487 0.999999 0.000492827 -0.00104139 -0.000492172 1 -0.230631 0.0303756 0.177209
FixedParameters: 0 0 0

#Transform 143
Transform: AffineTransform_float_3_3
Parameters: 0.999998 -0.00103218 0.00132909 0.00103082 0.999999 0.000886371 -0.00132991 -0.000885628 0.999998 -0.26696 0.00581112 0.187239
FixedParameters: 0 0 0

#Transform 144
Transform: AffineTransform_float_3_3
Parameters: 0.999999 -0.000890774 0.000843184 0.000890227 0.999999 0.000917752 -0.000843817 -0.000916249 0.999999 -0.22838 0.00507685 0.249368
FixedParameters: 0 0 0

#Transform 145
Transform: AffineTransform_float_3_3
Parameters: 0.999998 -0.00137617 0.000826718 0.00137583 0.999999 0.000205138 -0.000827281 -0.000203862 0.999999 -0.209441 0.0426578 0.212087
FixedParameters: 0 0 0

#Transform 146
Transform: AffineTransform_float_3_3
Parameters: 0.999999 -0.00104656 0.00112856 0.00104444 0.999998 0.00138018 -0.00113044 -0.00137882 0.999999 -0.252956 -0.0367745 0.279585
FixedParameters: 0 0 0

#Transform 147
Transform: AffineTransform_float_3_3
Parameters: 0.999999 -0.00089044 0.0013007 0.000890559 0.999999 0.000339159 -0.0013013 -0.000337842 0.999999 -0.23656 0.0462254 0.166967
FixedParameters: 0 0 0

#Transform 148
Transform: AffineTransform_float_3_3
Parameters: 0.999999 -0.000891783 0.00117765 0.000890218 0.999999 0.00151305 -0.00117935 -0.00151195 0.999998 -0.266796 -0.0461269 0.257513
FixedParameters: 0 0 0

#Transform 149
Transform: AffineTransform_float_3_3
Parameters: 0.999998 -0.000890088 0.00147495 0.00089091 0.999999 6.13141e-05 -0.00147505 -5.96871e-05 0.999999 -0.265038 0.05619 0.237277
FixedParameters: 0 0 0

#Transform 150
Transform: AffineTransform_float_3_3
Parameters: 0.999997 -0.00223112 0.000803674 0.00223088 0.999998 0.000146793 -0.000803324 -0.000144208 0.999999 -0.169158 0.0326031 0.267536
FixedParameters: 0 0 0

#Transform 151
Transform: AffineTransform_float_3_3
Parameters: 0.999998 -0.00105489 0.00138208 0.00105511 1 -7.65419e-05 -0.00138192 7.84579e-05 0.999999 -0.268098 0.0465415 0.23046
FixedParameters: 0 0 0

#Transform 152
Transform: AffineTransform_float_3_3
Parameters: 0.999999 -0.00108401 0.000595982 0.00108399 1 1.66461e-05 -0.000596018 -1.63539e-05 1 -0.174818 0.0494749 0.231777
FixedParameters: 0 0 0

#Transform 153
Transform: AffineTransform_float_3_3
Parameters: 0.999999 -0.000891169 0.00155033 0.000890834 1 0.000753382 -0.00155067 -0.000752619 0.999998 -0.300978 0.00820378 0.266759
FixedParameters: 0 0 0

#Transform 154
Transform: AffineTransform_float_3_3
Parameters: 0.999998 -0.000890981 0.00135635 0.000890019 1 0.000724208 -0.00135664 -0.000722792 0.999999 -0.240787 0.00988449 0.246714
FixedParameters: 0 0 0

#Transform 155
Transform: AffineTransform_float_3_3
Parameters: 0.999998 -0.00118923 0.00158232 0.00118677 0.999999 0.00141088 -0.00158367 -0.00140912 0.999998 -0.293594 -0.0321783 0.251206
FixedParameters: 0 0 0

#Transform 156
Transform: AffineTransform_float_3_3
Parameters: 0.999999 -0.0010269 0.00107014 0.0010251 0.999999 0.000838098 -0.00107086 -0.000836901 0.999999 -0.234803 0.00220225 0.242539
FixedParameters: 0 0 0

#Transform 157
Transform: AffineTransform_float_3_3
Parameters: 0.999999 -0.00121902 0.00128804 0.00121798 0.999999 0.00079157 -0.00128896 -0.00079043 0.999999 -0.27313 0.00345145 0.216357
FixedParameters: 0 0 0

#Transform 158
Transform: AffineTransform_float_3_3
Parameters: 0.999998 -0.00114718 0.00129396 0.00114582 0.999999 0.000908484 -0.00129504 -0.000907515 0.999998 -0.275936 -0.00492243 0.278613
FixedParameters: 0 0 0

#Transform 159
Transform: AffineTransform_float_3_3
Parameters: 0.999997 -0.00146534 0.00164803 0.00146266 0.999997 0.00202841 -0.00165097 -0.00202658 0.999996 -0.286064 -0.0593363 0.273599
FixedParameters: 0 0 0

#Transform 160
Transform: AffineTransform_float_3_3
Parameters: 0.999997 -0.00137183 0.00170653 0.00137018 0.999999 0.00107034 -0.00170747 -0.00106866 0.999998 -0.300138 -0.0248124 0.298781
FixedParameters: 0 0 0

#Transform 161
Transform: AffineTransform_float_3_3
Parameters: 0.999999 -0.00121457 0.000971283 0.00121443 0.999999 0.000591181 -0.000971717 -0.000589821 1 -0.224736 0.0324354 0.221444
FixedParameters: 0 0 0

#Transform 162
Transform: AffineTransform_float_3_3
Parameters: 0.999997 -0.00137531 0.0016566 0.00136969 0.999994 0.00320427 -0.00166039 -0.00320172 0.999993 -0.297361 -0.114791 0.261812
FixedParameters: 0 0 0

#Transform 163
Transform: AffineTransform_float_3_3
Parameters: 1 -0.000996418 0.000625334 0.000996583 1 0.000668624 -0.000625665 -0.000667377 0.999999 -0.214469 0.0327866 0.254016
FixedParameters: 0 0 0

#Transform 164
Transform: AffineTransform_float_3_3
Parameters: 0.999999 -0.00118508 0.00125204 0.00118292 0.999998 0.00165748 -0.00125396 -0.00165652 0.999998 -0.296907 -0.0479689 0.283702
FixedParameters: 0 0 0

#Transform 165
Transform: AffineTransform_float_3_3
Parameters: 0.999999 -0.0010239 0.000979064 0.0010231 0.999999 0.000915003 -0.000979936 -0.000913998 0.999999 -0.236746 -0.000800705 0.279702
FixedParameters: 0 0 0

#Transform 166
Transform: AffineTransform_float_3_3
Parameters: 0.999998 -0.00121479 0.00164821 0.00121121 0.999996 0.0023 -0.00165079 -0.002298 0.999996 -0.312814 -0.0775368 0.294534
FixedParameters: 0 0 0

#Transform 167
Transform: AffineTransform_float_3_3
Parameters: 0.999999 -0.00120028 0.000885268 0.00119872 0.999998 0.00144406 -0.000886731 -0.00144294 0.999998 -0.229641 -0.0204579 0.282746
FixedParameters: 0 0 0

#Transform 168
Transform: AffineTransform_float_3_3
Parameters: 0.999999 -0.00118436 0.00129995 0.00118064 0.999996 0.00258054 -0.00130305 -0.00257846 0.999996 -0.30203 -0.0851868 0.281129
FixedParameters: 0 0 0

#Transform 169
Transform: AffineTransform_float_3_3
Parameters: 0.999999 -0.00118563 0.00140811 0.00118137 0.999994 0.00328667 -0.00141189 -0.00328433 0.999993 -0.274541 -0.112657 0.276283
FixedParameters: 0 0 0

#Transform 170
Transform: AffineTransform_float_3_3
Parameters: 0.999998 -0.00141235 0.00153209 0.00140765 0.999993 0.00348516 -0.00153691 -0.00348284 0.999993 -0.29816 -0.125964 0.261284
FixedParameters: 0 0 0

#Transform 171
Transform: AffineTransform_float_3_3
Parameters: 0.999998 -0.00118463 0.00123252 0.00118137 0.999995 0.00294146 -0.00123548 -0.00294054 0.999995 -0.264332 -0.0926429 0.312381
FixedParameters: 0 0 0

#Transform 172
Transform: AffineTransform_float_3_3
Parameters: 0.999998 -0.00118404 0.00123208 0.00118096 0.999997 0.00246846 -0.00123492 -0.00246654 0.999996 -0.305422 -0.0559716 0.299072
FixedParameters: 0 0 0

#Transform 173
Transform: AffineTransform_float_3_3
Parameters: 0.999998 -0.00118505 0.00173624 0.00118095 0.999996 0.00233205 -0.00173876 -0.00232994 0.999996 -0.292046 -0.0505154 0.304138
FixedParameters: 0 0 0

#Transform 174
Transform: AffineTransform_float_3_3
Parameters: 0.999998 -0.0014035 0.00143161 0.00139951 0.999994 0.00313601 -0.00143539 -0.00313399 0.999994 -0.285683 -0.100767 0.291536
FixedParameters: 0 0 0

#Transform 175
Transform: AffineTransform_float_3_3
Parameters: 0.999998 -0.00118649 0.00165507 0.00118051 0.999994 0.00331696 -0.00165892 -0.00331504 0.999993 -0.312976 -0.130432 0.35197
FixedParameters: 0 0 0

#Transform 176
Transform: AffineTransform_float_3_3
Parameters: 0.999998 -0.00118447 0.00146621 0.00118053 0.999997 0.00236374 -0.00146879 -0.00236227 0.999996 -0.285299 -0.0505888 0.274889
FixedParameters: 0 0 0

#Transform 177
Transform: AffineTransform_float_3_3
Parameters: 0.999998 -0.00118567 0.00160255 0.00118133 0.999995 0.0029129 -0.00160645 -0.0029111 0.999995 -0.309993 -0.0988035 0.32829
FixedParameters: 0 0 0

#Transform 178
Transform: AffineTransform_float_3_3
Parameters: 0.999998 -0.00118593 0.00163844 0.00118107 0.999995 0.00300594 -0.00164156 -0.00300406 0.999994 -0.282671 -0.11908 0.364161
FixedParameters: 0 0 0

#Transform 179
Transform: AffineTransform_float_3_3
Parameters: 0.999999 -0.00129748 0.00122639 0.00129452 0.999997 0.00201859 -0.00122861 -0.00201641 0.999997 -0.275203 -0.0387488 0.318778
FixedParameters: 0 0 0
