#Insight Transform File V1.0
#Transform 0
Transform: AffineTransform_float_3_3
Parameters: 1 -7.66638e-05 0.000501051 7.73361e-05 1 -0.000670961 -0.000500948 0.000671038 0.999999 0.0455631 -0.0242098 0.389495
FixedParameters: 0 0 0

#Transform 1
Transform: AffineTransform_float_3_3
Parameters: 1 0.000262044 -5.47901e-05 -0.000261957 0.999999 0.000801014 5.42098e-05 -0.000800985 0.999999 0.0139515 0.0830501 -0.0387766
FixedParameters: 0 0 0

#Transform 2
Transform: AffineTransform_float_3_3
Parameters: 0.999999 0.000775567 0.000510659 -0.000775434 1 0.000849604 -0.000510341 -0.000849396 0.999999 0.00997415 0.155152 -0.110053
FixedParameters: 0 0 0

#Transform 3
Transform: AffineTransform_float_3_3
Parameters: 0.999999 0.000389176 0.000745431 -0.000389824 1 0.00110671 -0.000744569 -0.00110629 0.999999 -0.00148526 0.158518 -0.110491
FixedParameters: 0 0 0

#Transform 4
Transform: AffineTransform_float_3_3
Parameters: 0.999999 0.000686019 0.000553218 -0.000686982 0.999998 0.00177462 -0.000552781 -0.00177538 0.999999 0.0340723 0.130171 -0.139135
FixedParameters: 0 0 0

#Transform 5
Transform: AffineTransform_float_3_3
Parameters: 1 0.000253963 0.000552478 -0.000255038 0.999998 0.00187686 -0.000552522 -0.00187714 0.999998 0.0178859 0.120126 -0.138623
FixedParameters: 0 0 0

#Transform 6
Transform: AffineTransform_float_3_3
Parameters: 0.999999 -7.80348e-05 0.000760894 7.69649e-05 0.999999 0.00136006 -0.000761105 -0.00135994 0.999999 0.00669177 0.116266 -0.0667477
FixedParameters: 0 0 0

#Transform 7
Transform: AffineTransform_float_3_3
Parameters: 0.999999 6.13849e-05 0.000821122 -6.36147e-05 0.999998 0.00196695 -0.000820876 -0.00196705 0.999997 0.020673 0.0761595 -0.079385
FixedParameters: 0 0 0

#Transform 8
Transform: AffineTransform_float_3_3
Parameters: 1 0.000267042 0.000552464 -0.000267959 0.999999 0.00173485 -0.000552536 -0.00173515 0.999999 0.012728 0.120034 -0.0986902
FixedParameters: 0 0 0

#Transform 9
Transform: AffineTransform_float_3_3
Parameters: 1 1.52014e-05 0.000692018 -1.57986e-05 1 0.00115399 -0.000691982 -0.00115401 0.999999 0.00171568 0.135667 -0.0767387
FixedParameters: 0 0 0

#Transform 10
Transform: AffineTransform_float_3_3
Parameters: 0.999999 -5.12157e-05 0.000834926 4.97841e-05 0.999999 0.00145604 -0.000835073 -0.00145596 0.999998 0.00700691 0.136697 -0.0974059
FixedParameters: 0 0 0

#Transform 11
Transform: AffineTransform_float_3_3
Parameters: 0.999999 0.000158547 0.000779297 -0.000160454 0.999998 0.00186488 -0.000779702 -0.00186512 0.999998 0.00887668 0.130478 -0.124035
FixedParameters: 0 0 0

#Transform 12
Transform: AffineTransform_float_3_3
Parameters: 0.999999 0.000192992 0.00100319 -0.00019401 0.999999 0.00100581 -0.0010038 -0.00100519 0.999999 -0.00416119 0.160558 -0.0842883
FixedParameters: 0 0 0

#Transform 13
Transform: AffineTransform_float_3_3
Parameters: 1 0.000235287 0.00106516 -0.000235713 0.999999 0.000669749 -0.00106484 -0.000669251 0.999999 0.0325839 0.178747 -0.115561
FixedParameters: 0 0 0

#Transform 14
Transform: AffineTransform_float_3_3
Parameters: 0.999999 0.000127216 0.000801965 -0.000127783 1 -0.000270102 -0.000802034 0.000269898 0.999999 0.000787814 0.186956 -0.0344528
FixedParameters: 0 0 0

#Transform 15
Transform: AffineTransform_float_3_3
Parameters: 1 -0.000189127 0.000636962 0.000188873 1 0.00020012 -0.000637037 -0.00019988 1 -0.0118861 0.0962644 0.00453548
FixedParameters: 0 0 0

#Transform 16
Transform: AffineTransform_float_3_3
Parameters: 0.999999 -0.000150232 0.00134886 0.00014877 1 0.000912202 -0.00134914 -0.000912798 0.999998 0.0196262 0.176179 -0.108277
FixedParameters: 0 0 0

#Transform 17
Transform: AffineTransform_float_3_3
Parameters: 0.999999 -0.000606394 0.00125381 0.000606606 1 0.000314761 -0.00125419 -0.00031424 0.999999 -0.025183 0.17032 -0.044047
FixedParameters: 0 0 0

#Transform 18
Transform: AffineTransform_float_3_3
Parameters: 0.999999 -0.000306145 0.00153757 0.000304854 0.999999 0.00139547 -0.00153843 -0.00139453 0.999998 -0.0260639 0.180999 -0.134173
FixedParameters: 0 0 0

#Transform 19
Transform: AffineTransform_float_3_3
Parameters: 0.999999 -0.000456927 0.00124229 0.000455073 0.999998 0.00155157 -0.00124271 -0.00155043 0.999998 -0.0113391 0.168206 -0.108724
FixedParameters: 0 0 0

#Transform 20
Transform: AffineTransform_float_3_3
Parameters: 0.999998 -0.000521857 0.00164641 0.000520144 0.999999 0.00112786 -0.00164659 -0.00112714 0.999998 -0.0279029 0.192675 -0.104217
FixedParameters: 0 0 0

#Transform 21
Transform: AffineTransform_float_3_3
Parameters: 0.999999 -0.000420567 0.00136282 0.000420432 1 0.000416573 -0.00136317 -0.000415427 0.999999 -0.0169562 0.239403 -0.161375
FixedParameters: 0 0 0

#Transform 22
Transform: AffineTransform_float_3_3
Parameters: 0.999999 -0.000606966 0.00140201 0.000607034 1 -2.4149e-05 -0.00140198 2.4851e-05 0.999999 -0.0139408 0.262233 -0.177683
FixedParameters: 0 0 0

#Transform 23
Transform: AffineTransform_float_3_3
Parameters: 0.999999 -0.000487926 0.00148902 0.000488074 1 -4.92733e-05 -0.00148898 4.97266e-05 0.999999 -0.0187041 0.25639 -0.165564
FixedParameters: 0 0 0

#Transform 24
Transform: AffineTransform_float_3_3
Parameters: 0.999999 -0.000195587 0.00141178 0.000194413 1 0.00112428 -0.00141222 -0.00112373 0.999999 -0.00360942 0.192126 -0.0934357
FixedParameters: 0 0 0

#Transform 25
Transform: AffineTransform_float_3_3
Parameters: 0.999999 -0.000305245 0.00154275 0.000303754 0.999999 0.000807469 -0.00154324 -0.000806529 0.999998 -0.0208299 0.23209 -0.12819
FixedParameters: 0 0 0

#Transform 26
Transform: AffineTransform_float_3_3
Parameters: 1 -0.000369754 0.00114476 0.000369246 0.999999 0.000658423 -0.00114524 -0.000658577 0.999999 -0.00478287 0.249393 -0.132844
FixedParameters: 0 0 0

#Transform 27
Transform: AffineTransform_float_3_3
Parameters: 0.999999 -0.000437812 0.0011777 0.000436187 0.999999 0.000690514 -0.0011783 -0.000689484 0.999999 -0.00956367 0.23443 -0.071023
FixedParameters: 0 0 0

#Transform 28
Transform: AffineTransform_float_3_3
Parameters: 0.999999 -0.00052874 0.0013261 0.000529261 1 -0.000196298 -0.0013259 0.000196701 0.999999 0.0119411 0.301842 -0.16002
FixedParameters: 0 0 0

#Transform 29
Transform: AffineTransform_float_3_3
Parameters: 0.999999 -0.000402253 0.00152793 0.000401747 1 0.000165614 -0.00152807 -0.000165385 0.999999 -0.0256922 0.265564 -0.128844
FixedParameters: 0 0 0

#Transform 30
Transform: AffineTransform_float_3_3
Parameters: 0.999999 -0.00027729 0.00174596 0.000276712 1 0.000165483 -0.00174605 -0.000165516 0.999999 -0.0207241 0.255662 -0.153523
FixedParameters: 0 0 0

#Transform 31
Transform: AffineTransform_float_3_3
Parameters: 0.999997 -0.000462347 0.00209792 0.000461653 1 0.000165969 -0.00209808 -0.00016503 0.999998 -0.0619515 0.244844 -0.112063
FixedParameters: 0 0 0

#Transform 32
Transform: AffineTransform_float_3_3
Parameters: 0.999999 -0.000311456 0.00121363 0.000309543 0.999999 0.00120038 -0.00121437 -0.00119962 0.999998 -0.00868642 0.200872 -0.103823
FixedParameters: 0 0 0

#Transform 33
Transform: AffineTransform_float_3_3
Parameters: 0.999998 -0.000416124 0.00190554 0.000413874 1 0.00111579 -0.00190646 -0.00111421 0.999997 -0.0298976 0.239551 -0.158147
FixedParameters: 0 0 0

#Transform 34
Transform: AffineTransform_float_3_3
Parameters: 0.999997 -0.000455372 0.00211871 0.000453628 0.999999 0.000647963 -0.00211929 -0.000647037 0.999998 -0.0574333 0.262998 -0.137188
FixedParameters: 0 0 0

#Transform 35
Transform: AffineTransform_float_3_3
Parameters: 0.999999 -0.000480698 0.00168509 0.000481303 1 -0.000179189 -0.00168591 0.000179811 0.999998 -0.0296904 0.296655 -0.198873
FixedParameters: 0 0 0

#Transform 36
Transform: AffineTransform_float_3_3
Parameters: 0.999999 -0.00059012 0.00168531 0.000591881 0.999999 -0.000522003 -0.00168569 0.000522996 0.999999 -0.028966 0.310872 -0.186693
FixedParameters: 0 0 0

#Transform 37
Transform: AffineTransform_float_3_3
Parameters: 0.999998 -0.000648618 0.00215781 0.000648382 0.999999 0.0002874 -0.00215719 -0.000285601 0.999997 -0.046771 0.267785 -0.1113
FixedParameters: 0 0 0

#Transform 38
Transform: AffineTransform_float_3_3
Parameters: 0.999998 -0.000666567 0.0019348 0.000666432 0.999999 0.00029429 -0.0019352 -0.000292711 0.999998 -0.0335998 0.259118 -0.0913692
FixedParameters: 0 0 0

#Transform 39
Transform: AffineTransform_float_3_3
Parameters: 0.999999 -0.000474785 0.00168478 0.000474216 1 0.0004658 -0.00168522 -0.000465201 0.999999 -0.00132033 0.26237 -0.12752
FixedParameters: 0 0 0

#Transform 40
Transform: AffineTransform_float_3_3
Parameters: 0.999999 -0.000772229 0.00168444 0.000770771 1 0.0007303 -0.00168556 -0.0007287 0.999999 -0.0508394 0.221678 -0.0838253
FixedParameters: 0 0 0

#Transform 41
Transform: AffineTransform_float_3_3
Parameters: 0.999997 -0.000864662 0.00200071 0.000864335 0.999999 0.00033273 -0.00200129 -0.00033027 0.999998 -0.0393789 0.241944 -0.10758
FixedParameters: 0 0 0

#Transform 42
Transform: AffineTransform_float_3_3
Parameters: 0.999999 -0.000683877 0.00168465 0.000682123 0.999999 0.00052115 -0.00168536 -0.000519848 0.999999 -0.0429771 0.227769 -0.0871488
FixedParameters: 0 0 0

#Transform 43
Transform: AffineTransform_float_3_3
Parameters: 0.999999 -0.000677651 0.00125165 0.000676348 0.999999 0.000520847 -0.00125235 -0.000520152 0.999999 -0.0253474 0.226436 -0.0626742
FixedParameters: 0 0 0

#Transform 44
Transform: AffineTransform_float_3_3
Parameters: 0.999999 -0.0011721 0.000870867 0.0011719 1 0.000114021 -0.000871133 -0.000112979 0.999999 -0.0167714 0.235162 -0.0289561
FixedParameters: 0 0 0

#Transform 45
Transform: AffineTransform_float_3_3
Parameters: 0.999999 -0.000919205 0.000851778 0.000919794 0.999999 0.000241783 -0.000852221 -0.000240217 0.999999 -0.0121979 0.21607 -0.0277058
FixedParameters: 0 0 0

#Transform 46
Transform: AffineTransform_float_3_3
Parameters: 0.999998 -0.000739639 0.00142267 0.00073936 0.999999 0.000450052 -0.00142333 -0.000448948 0.999999 -0.00495028 0.244945 -0.0859136
FixedParameters: 0 0 0

#Transform 47
Transform: AffineTransform_float_3_3
Parameters: 0.999998 -0.000982528 0.00164569 0.000981474 1 0.000320616 -0.00164531 -0.000319384 0.999998 -0.0238048 0.2571 -0.0862315
FixedParameters: 0 0 0

#Transform 48
Transform: AffineTransform_float_3_3
Parameters: 0.999998 -0.00102366 0.00182419 0.00102334 0.999999 -0.000184134 -0.00182381 0.000185867 0.999999 -0.0201545 0.276919 -0.0863868
FixedParameters: 0 0 0

#Transform 49
Transform: AffineTransform_float_3_3
Parameters: 0.999998 -0.000963172 0.00176591 0.00096283 1 9.77006e-05 -0.00176509 -9.63002e-05 0.999999 -0.0270677 0.272156 -0.102762
FixedParameters: 0 0 0

#Transform 50
Transform: AffineTransform_float_3_3
Parameters: 0.999998 -0.000922854 0.00169154 0.000922148 1 0.000504561 -0.00169247 -0.000503439 0.999999 -0.0339282 0.264508 -0.0793226
FixedParameters: 0 0 0

#Transform 51
Transform: AffineTransform_float_3_3
Parameters: 0.999998 -0.00102343 0.00123965 0.00102257 1 0.000347268 -0.00123936 -0.000346732 0.999999 -0.0266966 0.255551 -0.0468382
FixedParameters: 0 0 0

#Transform 52
Transform: AffineTransform_float_3_3
Parameters: 0.999998 -0.000739139 0.00144393 0.00073886 0.999999 9.7067e-05 -0.00144407 -9.59327e-05 0.999999 -0.0154396 0.267756 -0.0554429
FixedParameters: 0 0 0

#Transform 53
Transform: AffineTransform_float_3_3
Parameters: 0.999998 -0.000739894 0.00140953 0.000739105 0.999999 0.000635042 -0.00140947 -0.000633958 0.999999 -0.0187241 0.252297 -0.0808516
FixedParameters: 0 0 0

#Transform 54
Transform: AffineTransform_float_3_3
Parameters: 0.999998 -0.00106343 0.00122362 0.00106357 1 0.000356302 -0.00122338 -0.0003547 0.999999 -0.0295102 0.247613 -0.0528679
FixedParameters: 0 0 0

#Transform 55
Transform: AffineTransform_float_3_3
Parameters: 0.999998 -0.00106819 0.00129284 0.00106781 1 0.000148381 -0.00129316 -0.000146619 0.999999 -0.0233292 0.250117 -0.0550969
FixedParameters: 0 0 0

#Transform 56
Transform: AffineTransform_float_3_3
Parameters: 0.999997 -0.00122957 0.00216111 0.00122843 0.999999 0.000726657 -0.00216189 -0.000724344 0.999998 -0.0401243 0.249317 -0.112182
FixedParameters: 0 0 0

#Transform 57
Transform: AffineTransform_float_3_3
Parameters: 0.999998 -0.00114112 0.00193934 0.00114088 0.999999 0.000580214 -0.00193966 -0.000577788 0.999998 -0.0409733 0.268336 -0.100877
FixedParameters: 0 0 0

#Transform 58
Transform: AffineTransform_float_3_3
Parameters: 0.999998 -0.00124688 0.00152228 0.00124612 0.999999 0.000581898 -0.00152272 -0.000579102 0.999998 -0.0281694 0.25603 -0.061187
FixedParameters: 0 0 0

#Transform 59
Transform: AffineTransform_float_3_3
Parameters: 0.999998 -0.00126505 0.00154614 0.00126395 0.999999 0.000680955 -0.00154686 -0.000679044 0.999998 -0.0394302 0.231349 -0.0531563
FixedParameters: 0 0 0

#Transform 60
Transform: AffineTransform_float_3_3
Parameters: 0.999998 -0.00131434 0.00165873 0.00131366 0.999999 0.000204179 -0.00165927 -0.00020282 0.999998 -0.0274934 0.283522 -0.0717443
FixedParameters: 0 0 0

#Transform 61
Transform: AffineTransform_float_3_3
Parameters: 0.999996 -0.00131049 0.00258478 0.00131451 0.999998 -0.00135561 -0.00258322 0.00135839 0.999995 -0.0674513 0.364902 -0.150545
FixedParameters: 0 0 0

#Transform 62
Transform: AffineTransform_float_3_3
Parameters: 0.999997 -0.0013112 0.00177707 0.0013138 0.999998 -0.00157667 -0.00177493 0.00157833 0.999997 -0.0221808 0.35057 -0.098063
FixedParameters: 0 0 0

#Transform 63
Transform: AffineTransform_float_3_3
Parameters: 0.999998 -0.00169058 0.00117793 0.00169442 0.999995 -0.00291101 -0.00117307 0.00291299 0.999995 -0.0305486 0.381097 -0.0822975
FixedParameters: 0 0 0

#Transform 64
Transform: AffineTransform_float_3_3
Parameters: 0.999999 -0.00165984 0.000757554 0.00166016 0.999998 -0.00153774 -0.000754446 0.00153925 0.999998 0.0101536 0.336822 -0.05186
FixedParameters: 0 0 0

#Transform 65
Transform: AffineTransform_float_3_3
Parameters: 0.999998 -0.00131249 0.000898203 0.0013145 0.999997 -0.00167682 -0.000895796 0.00167818 0.999998 -0.0281723 0.344345 -0.0704912
FixedParameters: 0 0 0

#Transform 66
Transform: AffineTransform_float_3_3
Parameters: 0.999998 -0.0017535 0.000756155 0.0017535 0.999998 -0.000657676 -0.000754847 0.000658325 1 0.00640959 0.350248 -0.139154
FixedParameters: 0 0 0

#Transform 67
Transform: AffineTransform_float_3_3
Parameters: 0.999997 -0.00183422 0.00126213 0.00183578 0.999998 -0.000615685 -0.00126087 0.000618314 0.999999 -0.0330351 0.311516 -0.0707361
FixedParameters: 0 0 0

#Transform 68
Transform: AffineTransform_float_3_3
Parameters: 0.999998 -0.00165991 0.000326467 0.00166009 0.999998 -0.000281458 -0.000325533 0.000281541 1 0.013472 0.302634 -0.0582196
FixedParameters: 0 0 0

#Transform 69
Transform: AffineTransform_float_3_3
Parameters: 0.999999 -0.00131373 0.000561639 0.00131427 0.999999 -0.000486262 -0.000560359 0.000487737 0.999999 0.00851765 0.321419 -0.106202
FixedParameters: 0 0 0

#Transform 70
Transform: AffineTransform_float_3_3
Parameters: 0.999998 -0.00164955 0.00119762 0.00165045 0.999998 -0.000372024 -0.00119738 0.000373976 0.999999 -0.0209117 0.312805 -0.0879448
FixedParameters: 0 0 0

#Transform 71
Transform: AffineTransform_float_3_3
Parameters: 0.999998 -0.00155495 0.00107252 0.00155605 0.999999 -0.000977333 -0.00107148 0.000978668 0.999999 -0.0252007 0.323334 -0.0486368
FixedParameters: 0 0 0

#Transform 72
Transform: AffineTransform_float_3_3
Parameters: 0.999998 -0.00167718 0.00100337 0.00167882 0.999999 -0.000814317 -0.00100263 0.000815684 0.999999 -0.0192543 0.307976 -0.0514361
FixedParameters: 0 0 0

#Transform 73
Transform: AffineTransform_float_3_3
Parameters: 0.999998 -0.00166624 0.00105663 0.00166676 0.999998 0.000224762 -0.00105637 -0.00022324 1 -0.0206299 0.28151 -0.0486197
FixedParameters: 0 0 0

#Transform 74
Transform: AffineTransform_float_3_3
Parameters: 0.999997 -0.00173545 0.0013677 0.00173655 0.999999 -0.000399626 -0.0013673 0.000402374 0.999999 -0.0368796 0.314291 -0.0583241
FixedParameters: 0 0 0

#Transform 75
Transform: AffineTransform_float_3_3
Parameters: 0.999998 -0.00171925 0.00082849 0.00171876 0.999999 0.000297425 -0.000828511 -0.000296576 0.999999 -0.0201419 0.270553 -0.0616209
FixedParameters: 0 0 0

#Transform 76
Transform: AffineTransform_float_3_3
Parameters: 0.999998 -0.00174 0.00099301 0.00174001 0.999999 -5.27217e-06 -0.000992989 6.72781e-06 0.999999 -0.0178483 0.298999 -0.0570594
FixedParameters: 0 0 0

#Transform 77
Transform: AffineTransform_float_3_3
Parameters: 0.999998 -0.00161925 0.00097758 0.00161975 0.999998 0.000260584 -0.000978422 -0.000259416 1 -0.0223067 0.295078 -0.0618429
FixedParameters: 0 0 0

#Transform 78
Transform: AffineTransform_float_3_3
Parameters: 0.999998 -0.00164015 0.000938738 0.00164085 0.999998 0.00016054 -0.000939263 -0.00015946 0.999999 -0.0273869 0.295721 -0.0427201
FixedParameters: 0 0 0

#Transform 79
Transform: AffineTransform_float_3_3
Parameters: 0.999999 -0.00164391 0.000590244 0.00164409 0.999998 -0.00014803 -0.000589756 0.00014897 1 -0.00772839 0.293797 -0.0247935
FixedParameters: 0 0 0

#Transform 80
Transform: AffineTransform_float_3_3
Parameters: 0.999998 -0.00176047 0.00079917 0.00176053 0.999998 -0.000663595 -0.000797832 0.000664406 1 -0.0341788 0.320413 -0.0299337
FixedParameters: 0 0 0

#Transform 81
Transform: AffineTransform_float_3_3
Parameters: 0.999998 -0.00187574 0.000717668 0.00187626 0.999998 -0.000355654 -0.000717331 0.000357346 0.999999 -0.0281083 0.290451 -0.01976
FixedParameters: 0 0 0

#Transform 82
Transform: AffineTransform_float_3_3
Parameters: 0.999999 -0.00151608 0.000325631 0.00151592 0.999999 0.000243494 -0.000326369 -0.000243505 1 0.00539241 0.284949 -0.0210437
FixedParameters: 0 0 0

#Transform 83
Transform: AffineTransform_float_3_3
Parameters: 0.999998 -0.00154008 0.000548765 0.00153992 0.999999 0.000152845 -0.000548233 -0.000151156 1 -0.00817854 0.294115 -0.0278722
FixedParameters: 0 0 0

#Transform 84
Transform: AffineTransform_float_3_3
Parameters: 0.999998 -0.00186068 0.000327823 0.00186132 0.999998 -0.000979392 -0.000326176 0.000980609 1 0.00451437 0.311831 -0.0279139
FixedParameters: 0 0 0

#Transform 85
Transform: AffineTransform_float_3_3
Parameters: 0.999999 -0.00176762 0.000328059 0.00176838 0.999998 -0.00116442 -0.000325942 0.00116458 1 0.0190831 0.328678 -0.0549909
FixedParameters: 0 0 0

#Transform 86
Transform: AffineTransform_float_3_3
Parameters: 0.999999 -0.00176794 0.00043525 0.00176806 0.999998 -0.000141231 -0.00043475 0.000141769 1 -0.0155776 0.281139 -0.00911577
FixedParameters: 0 0 0

#Transform 87
Transform: AffineTransform_float_3_3
Parameters: 0.999998 -0.00176792 7.7766e-05 0.00176808 0.999998 -0.000998864 -7.62335e-05 0.000999136 0.999999 0.00700336 0.316046 -0.0446243
FixedParameters: 0 0 0

#Transform 88
Transform: AffineTransform_float_3_3
Parameters: 0.999998 -0.00148313 0.000915402 0.00148387 0.999999 -0.000944644 -0.000914597 0.000946358 0.999999 -0.0497261 0.319327 -0.0396403
FixedParameters: 0 0 0

#Transform 89
Transform: AffineTransform_float_3_3
Parameters: 0.999999 -0.00155604 0.000957571 0.00155697 0.999999 -0.00100851 -0.00095643 0.00100949 0.999999 -0.0649239 0.31991 -0.0222317
FixedParameters: 0 0 0

#Transform 90
Transform: AffineTransform_float_3_3
Parameters: 0.999998 -0.00205862 0.000502572 0.00205938 0.999997 -0.000762966 -0.000501427 0.000764033 0.999999 -0.0169019 0.310255 -0.0161901
FixedParameters: 0 0 0

#Transform 91
Transform: AffineTransform_float_3_3
Parameters: 0.999999 -0.00183992 0.000326463 0.00184008 0.999999 -0.0002514 -0.000325538 0.000251599 1 -0.0220335 0.261822 -0.0022088
FixedParameters: 0 0 0

#Transform 92
Transform: AffineTransform_float_3_3
Parameters: 0.999999 -0.00179894 0.000224498 0.00179906 0.999999 -0.000276597 -0.000224501 0.000277404 1 0.000559913 0.2913 -0.00619943
FixedParameters: 0 0 0

#Transform 93
Transform: AffineTransform_float_3_3
Parameters: 0.999998 -0.00196488 0.000595405 0.00196412 0.999998 -0.000205831 -0.000595594 0.000207171 1 -0.0319378 0.295452 -0.000159711
FixedParameters: 0 0 0

#Transform 94
Transform: AffineTransform_float_3_3
Parameters: 0.999998 -0.00205895 0.000326339 0.00205905 0.999998 -0.000164328 -0.000325662 0.000164671 1 -0.0195581 0.27732 -0.00353002
FixedParameters: 0 0 0

#Transform 95
Transform: AffineTransform_float_3_3
Parameters: 0.999999 -0.00182092 0.000326466 0.00182108 0.999999 -0.000255406 -0.000325535 0.000255593 1 0.000638958 0.310261 -0.0083294
FixedParameters: 0 0 0

#Transform 96
Transform: AffineTransform_float_3_3
Parameters: 0.999998 -0.0019827 0.000522137 0.0019823 0.999998 -0.000572966 -0.000520863 0.000574034 0.999999 -0.0286013 0.301445 -0.00946349
FixedParameters: 0 0 0

#Transform 97
Transform: AffineTransform_float_3_3
Parameters: 0.999998 -0.0018849 0.000326597 0.0018851 0.999998 -0.000316385 -0.000326404 0.000316616 1 -0.00379851 0.303874 -0.0127631
FixedParameters: 0 0 0

#Transform 98
Transform: AffineTransform_float_3_3
Parameters: 0.999999 -0.00170285 0.000423594 0.00170315 0.999998 -0.000348279 -0.000423405 0.000349721 1 -0.0241752 0.300829 -0.0126495
FixedParameters: 0 0 0

#Transform 99
Transform: AffineTransform_float_3_3
Parameters: 0.999998 -0.00180577 0.000676629 0.00180624 0.999999 -0.000347779 -0.00067637 0.000349222 0.999999 -0.0431126 0.296983 -0.0160254
FixedParameters: 0 0 0

#Transform 100
Transform: AffineTransform_float_3_3
Parameters: 0.999998 -0.00193589 0.000326675 0.00193611 0.999998 -0.000348368 -0.000326324 0.000349632 1 -0.0114314 0.316271 -0.0118118
FixedParameters: 0 0 0

#Transform 101
Transform: AffineTransform_float_3_3
Parameters: 0.999998 -0.00193098 0.000326113 0.00193102 0.999998 -5.83704e-05 -0.000325885 5.96294e-05 1 -0.023821 0.266484 0.000244186
FixedParameters: 0 0 0

#Transform 102
Transform: AffineTransform_float_3_3
Parameters: 0.999998 -0.00226705 0.000577826 0.00226696 0.999998 7.73101e-05 -0.000578173 -7.56895e-05 1 -0.018577 0.282025 -0.0128981
FixedParameters: 0 0 0

#Transform 103
Transform: AffineTransform_float_3_3
Parameters: 0.999997 -0.00218587 0.000326867 0.00218613 0.999997 -0.000396286 -0.000326131 0.000397714 1 -0.0188077 0.292458 -0.010553
FixedParameters: 0 0 0

#Transform 104
Transform: AffineTransform_float_3_3
Parameters: 0.999998 -0.00186598 0.000326108 0.00186602 0.999999 -5.73916e-05 -0.000325891 5.86082e-05 1 -0.00194946 0.302249 -0.00767448
FixedParameters: 0 0 0

#Transform 105
Transform: AffineTransform_float_3_3
Parameters: 0.999997 -0.00216102 0.000325835 0.00216097 0.999997 7.67043e-05 -0.000326163 -7.52953e-05 1 -0.00392285 0.312433 -0.0165316
FixedParameters: 0 0 0

#Transform 106
Transform: AffineTransform_float_3_3
Parameters: 0.999997 -0.00226662 0.000711213 0.00226738 0.999998 -0.000534389 -0.000709785 0.00053661 0.999999 -0.0394646 0.31789 -0.0167019
FixedParameters: 0 0 0

#Transform 107
Transform: AffineTransform_float_3_3
Parameters: 0.999998 -0.00226677 0.000327627 0.00226724 0.999997 -0.000717259 -0.000326374 0.000717742 0.999999 -0.00797267 0.316155 -0.0124892
FixedParameters: 0 0 0

#Transform 108
Transform: AffineTransform_float_3_3
Parameters: 0.999998 -0.00219576 0.000584919 0.00219624 0.999997 -0.000417716 -0.000584081 0.000419283 0.999999 -0.0269966 0.305566 -0.0055913
FixedParameters: 0 0 0

#Transform 109
Transform: AffineTransform_float_3_3
Parameters: 0.999998 -0.0019478 0.000796477 0.0019482 0.999998 -0.000244449 -0.000796521 0.000246552 0.999999 -0.0684772 0.302606 -0.00338753
FixedParameters: 0 0 0

#Transform 110
Transform: AffineTransform_float_3_3
Parameters: 0.999996 -0.00254391 0.000326721 0.00254409 0.999996 -0.00028317 -0.000326279 0.000283831 1 -0.0173816 0.294373 0.000707187
FixedParameters: 0 0 0

#Transform 111
Transform: AffineTransform_float_3_3
Parameters: 0.999997 -0.00219498 0.000232124 0.00219501 0.999997 -5.64906e-05 -0.000231874 5.75091e-05 1 -0.0156465 0.282677 0.001578
FixedParameters: 0 0 0

#Transform 112
Transform: AffineTransform_float_3_3
Parameters: 0.999998 -0.00193891 0.000432424 0.00193909 0.999998 -0.000218162 -0.000432576 0.000218839 1 -0.0380637 0.296813 -0.00143388
FixedParameters: 0 0 0

#Transform 113
Transform: AffineTransform_float_3_3
Parameters: 0.999997 -0.00223151 0.000771435 0.0022315 0.999998 -0.00064228 -0.000769565 0.000643719 0.999999 -0.0493666 0.295234 0.00271539
FixedParameters: 0 0 0

#Transform 114
Transform: AffineTransform_float_3_3
Parameters: 0.999998 -0.00194164 0.000561796 0.00194036 0.999998 0.00113609 -0.000564204 -0.00113491 0.999999 0.0497518 0.358642 -0.234164
FixedParameters: 0 0 0

#Transform 115
Transform: AffineTransform_float_3_3
Parameters: 0.999998 -0.00145653 0.00142943 0.00145347 0.999998 0.00176808 -0.00143157 -0.00176592 0.999998 -0.0021336 0.576539 -0.690177
FixedParameters: 0 0 0

#Transform 116
Transform: AffineTransform_float_3_3
Parameters: 0.999993 -0.00283452 0.00218502 0.00283347 0.999995 0.000701196 -0.00218698 -0.000694805 0.999998 -0.110864 0.478745 -0.209265
FixedParameters: 0 0 0

#Transform 117
Transform: AffineTransform_float_3_3
Parameters: 0.999994 -0.00283486 0.00227569 0.00283314 0.999995 0.000820453 -0.00227832 -0.000814546 0.999997 -0.0981467 0.4374 -0.177444
FixedParameters: 0 0 0

#Transform 118
Transform: AffineTransform_float_3_3
Parameters: 0.999994 -0.00274674 0.00199999 0.00274627 0.999996 0.000369495 -0.00200101 -0.000364506 0.999998 -0.0791906 0.439037 -0.155431
FixedParameters: 0 0 0

#Transform 119
Transform: AffineTransform_float_3_3
Parameters: 0.999993 -0.00258519 0.00266188 0.00258281 0.999997 0.000825881 -0.00266413 -0.000819119 0.999996 -0.133634 0.446913 -0.215481
FixedParameters: 0 0 0

#Transform 120
Transform: AffineTransform_float_3_3
Parameters: 0.999994 -0.00258407 0.00227979 0.00258293 0.999997 0.000471892 -0.00228121 -0.000466108 0.999998 -0.0809713 0.461072 -0.246968
FixedParameters: 0 0 0

#Transform 121
Transform: AffineTransform_float_3_3
Parameters: 0.999993 -0.00273412 0.00249868 0.00273188 0.999996 0.000851831 -0.00250132 -0.000844166 0.999996 -0.0997362 0.44148 -0.207732
FixedParameters: 0 0 0

#Transform 122
Transform: AffineTransform_float_3_3
Parameters: 0.999994 -0.00283424 0.00207431 0.00283276 0.999996 0.000599879 -0.00207569 -0.00059312 0.999997 -0.094386 0.446215 -0.19992
FixedParameters: 0 0 0

#Transform 123
Transform: AffineTransform_float_3_3
Parameters: 0.999994 -0.00283468 0.00203366 0.00283332 0.999995 0.000828766 -0.00203634 -0.000823232 0.999997 -0.0735041 0.44171 -0.197336
FixedParameters: 0 0 0

#Transform 124
Transform: AffineTransform_float_3_3
Parameters: 0.999993 -0.00283338 0.00220651 0.00283362 0.999996 0.000175253 -0.00220749 -0.000168746 0.999997 -0.110255 0.460829 -0.198956
FixedParameters: 0 0 0

#Transform 125
Transform: AffineTransform_float_3_3
Parameters: 0.999992 -0.00303218 0.00238577 0.00303182 0.999996 7.92339e-05 -0.00238623 -7.27651e-05 0.999997 -0.117079 0.444315 -0.102548
FixedParameters: 0 0 0

#Transform 126
Transform: AffineTransform_float_3_3
Parameters: 0.999992 -0.00331577 0.00216836 0.00331624 0.999995 -0.00010581 -0.00216764 0.000112188 0.999997 -0.109226 0.431185 -0.0939073
FixedParameters: 0 0 0

#Transform 127
Transform: AffineTransform_float_3_3
Parameters: 0.999993 -0.00294084 0.0023332 0.00294116 0.999995 -6.41381e-05 -0.0023328 7.08609e-05 0.999998 -0.119518 0.467045 -0.102176
FixedParameters: 0 0 0

#Transform 128
Transform: AffineTransform_float_3_3
Parameters: 0.999993 -0.00310792 0.00213695 0.00311208 0.999994 -0.00191036 -0.00213105 0.00191664 0.999996 -0.112982 0.565987 -0.154912
FixedParameters: 0 0 0

#Transform 129
Transform: AffineTransform_float_3_3
Parameters: 0.999993 -0.00310173 0.00172828 0.00310227 0.999995 -0.000732643 -0.00172672 0.000737361 0.999998 -0.0835004 0.471598 -0.0884614
FixedParameters: 0 0 0

#Transform 130
Transform: AffineTransform_float_3_3
Parameters: 0.999995 -0.00291591 0.00172447 0.00291509 0.999995 0.00052903 -0.00172654 -0.000523969 0.999999 -0.0831624 0.423811 -0.0648433
FixedParameters: 0 0 0

#Transform 131
Transform: AffineTransform_float_3_3
Parameters: 0.999994 -0.00307492 0.00159116 0.00307408 0.999996 -4.81089e-05 -0.00159184 5.28951e-05 0.999998 -0.0883349 0.445543 -0.0537712
FixedParameters: 0 0 0

#Transform 132
Transform: AffineTransform_float_3_3
Parameters: 0.999995 -0.00307506 0.00139387 0.00307494 0.999996 4.52863e-05 -0.00139414 -4.17132e-05 0.999999 -0.0695342 0.441214 -0.0529037
FixedParameters: 0 0 0

#Transform 133
Transform: AffineTransform_float_3_3
Parameters: 0.999995 -0.00307527 0.00134639 0.00307474 0.999996 0.000199141 -0.00134761 -0.000194857 0.999999 -0.0827211 0.428984 -0.0442287
FixedParameters: 0 0 0

#Transform 134
Transform: AffineTransform_float_3_3
Parameters: 0.999995 -0.00307564 0.00128948 0.00307436 0.999995 0.000495967 -0.00129052 -0.000491034 0.999999 -0.0655697 0.427966 -0.0448599
FixedParameters: 0 0 0

#Transform 135
Transform: AffineTransform_float_3_3
Parameters: 0.999995 -0.00307547 0.00128988 0.00307453 0.999995 0.000364968 -0.00129112 -0.000361031 0.999999 -0.0742047 0.443464 -0.0497148
FixedParameters: 0 0 0

#Transform 136
Transform: AffineTransform_float_3_3
Parameters: 0.999995 -0.00282505 0.0012909 0.00282495 0.999996 3.76469e-05 -0.0012911 -3.33528e-05 0.999999 -0.0852124 0.420587 -0.0239766
FixedParameters: 0 0 0

#Transform 137
Transform: AffineTransform_float_3_3
Parameters: 0.999994 -0.00307469 0.00109187 0.00307431 0.999995 -0.000279645 -0.00109113 0.000283357 1 -0.0778444 0.436231 -0.0320472
FixedParameters: 0 0 0

#Transform 138
Transform: AffineTransform_float_3_3
Parameters: 0.999994 -0.00307473 0.0010418 0.00307427 0.999995 -0.000257799 -0.00104121 0.000260203 1 -0.0626213 0.432354 -0.0284217
FixedParameters: 0 0 0

#Transform 139
Transform: AffineTransform_float_3_3
Parameters: 0.999995 -0.00293259 0.00109311 0.00293341 0.999995 -0.000375795 -0.00109189 0.000379204 1 -0.0816268 0.438744 -0.0222641
FixedParameters: 0 0 0

#Transform 140
Transform: AffineTransform_float_3_3
Parameters: 0.999994 -0.00307461 0.00104216 0.00307439 0.999995 -0.000375798 -0.00104084 0.000379202 1 -0.0704519 0.417645 -0.0118353
FixedParameters: 0 0 0

#Transform 141
Transform: AffineTransform_float_3_3
Parameters: 0.999995 -0.00307439 0.00129245 0.00307461 0.999995 -0.000469029 -0.00129055 0.00047297 0.999999 -0.073108 0.435788 -0.0125109
FixedParameters: 0 0 0

#Transform 142
Transform: AffineTransform_float_3_3
Parameters: 0.999995 -0.00294961 0.00104211 0.00295039 0.999995 -0.000375927 -0.00104089 0.000379072 1 -0.0639759 0.445473 -0.0162146
FixedParameters: 0 0 0

#Transform 143
Transform: AffineTransform_float_3_3
Parameters: 0.999995 -0.00307474 0.00139958 0.00307427 0.999996 -0.000186698 -0.00139942 0.000191304 0.999999 -0.0777532 0.444027 -0.0265278
FixedParameters: 0 0 0

#Transform 144
Transform: AffineTransform_float_3_3
Parameters: 0.999995 -0.00307412 0.0012931 0.00307488 0.999995 -0.000681028 -0.0012909 0.000684972 0.999999 -0.0737209 0.427667 -0.0293979
FixedParameters: 0 0 0

#Transform 145
Transform: AffineTransform_float_3_3
Parameters: 0.999994 -0.00307419 0.00104339 0.00307481 0.999995 -0.000774796 -0.00104061 0.000778203 0.999999 -0.0625749 0.445132 -0.0219304
FixedParameters: 0 0 0

#Transform 146
Transform: AffineTransform_float_3_3
Parameters: 0.999994 -0.00307416 0.00158762 0.00307484 0.999995 -0.000525121 -0.00158638 0.00052988 0.999998 -0.0695147 0.463993 -0.048335
FixedParameters: 0 0 0

#Transform 147
Transform: AffineTransform_float_3_3
Parameters: 0.999995 -0.00307429 0.00136361 0.00307471 0.999995 -0.00052081 -0.00136239 0.000525191 0.999999 -0.0714581 0.462278 -0.0355171
FixedParameters: 0 0 0

#Transform 148
Transform: AffineTransform_float_3_3
Parameters: 0.999995 -0.00307413 0.00129308 0.00307487 0.999995 -0.000673028 -0.00129093 0.000676972 0.999999 -0.0765435 0.463187 -0.0219505
FixedParameters: 0 0 0

#Transform 149
Transform: AffineTransform_float_3_3
Parameters: 0.999995 -0.00307404 0.00129328 0.00307496 0.999995 -0.000741027 -0.00129072 0.000744972 0.999999 -0.0781752 0.46231 -0.0168579
FixedParameters: 0 0 0

#Transform 150
Transform: AffineTransform_float_3_3
Parameters: 0.999995 -0.00307388 0.00129367 0.00307412 0.999995 -0.000866028 -0.00129033 0.000869971 0.999999 -0.0590115 0.502283 -0.028822
FixedParameters: 0 0 0

#Transform 151
Transform: AffineTransform_float_3_3
Parameters: 0.999994 -0.00307357 0.001471 0.00307443 0.999995 -0.000972483 -0.001468 0.000977518 0.999999 -0.0805417 0.479612 -0.0322703
FixedParameters: 0 0 0

#Transform 152
Transform: AffineTransform_float_3_3
Parameters: 0.999995 -0.00307347 0.00129463 0.00307453 0.999994 -0.00118003 -0.00129037 0.00118397 0.999999 -0.0642638 0.474328 -0.0328795
FixedParameters: 0 0 0

#Transform 153
Transform: AffineTransform_float_3_3
Parameters: 0.999995 -0.003074 0.00129338 0.003075 0.999995 -0.000773027 -0.00129061 0.000777972 0.999999 -0.0474349 0.478052 -0.0311658
FixedParameters: 0 0 0

#Transform 154
Transform: AffineTransform_float_3_3
Parameters: 0.999994 -0.00307344 0.00104559 0.00307456 0.999994 -0.00149179 -0.00104041 0.00149521 0.999999 -0.0543206 0.509808 -0.0430118
FixedParameters: 0 0 0

#Transform 155
Transform: AffineTransform_float_3_3
Parameters: 0.999994 -0.00307384 0.00104441 0.00307516 0.999994 -0.00110879 -0.00104058 0.0011122 0.999999 -0.0567334 0.486614 -0.0238301
FixedParameters: 0 0 0

#Transform 156
Transform: AffineTransform_float_3_3
Parameters: 0.999995 -0.0030898 0.00129387 0.0030912 0.999995 -0.000926005 -0.00129113 0.000929994 0.999998 -0.0670899 0.487894 -0.029759
FixedParameters: 0 0 0

#Transform 157
Transform: AffineTransform_float_3_3
Parameters: 0.999995 -0.00309219 0.00129533 0.00309381 0.999994 -0.001399 -0.00129067 0.001403 0.999998 -0.0627985 0.514424 -0.0321546
FixedParameters: 0 0 0

#Transform 158
Transform: AffineTransform_float_3_3
Parameters: 0.999995 -0.00307878 0.00129629 0.00308122 0.999994 -0.00171401 -0.00129071 0.00171798 0.999997 -0.06739 0.532069 -0.0409332
FixedParameters: 0 0 0

#Transform 159
Transform: AffineTransform_float_3_3
Parameters: 0.999995 -0.00312385 0.00129619 0.00312615 0.999993 -0.00165896 -0.00129081 0.00166304 0.999998 -0.0668482 0.51187 -0.0415448
FixedParameters: 0 0 0

#Transform 160
Transform: AffineTransform_float_3_3
Parameters: 0.999993 -0.00350922 0.00129853 0.00351278 0.999991 -0.00214345 -0.00129047 0.00214754 0.999997 -0.0629727 0.537846 -0.0608457
FixedParameters: 0 0 0

#Transform 161
Transform: AffineTransform_float_3_3
Parameters: 0.999993 -0.00350894 0.0014146 0.00351206 0.999991 -0.00216405 -0.00140739 0.00216895 0.999996 -0.0481227 0.55782 -0.0734495
FixedParameters: 0 0 0

#Transform 162
Transform: AffineTransform_float_3_3
Parameters: 0.999994 -0.00331096 0.00156444 0.00331404 0.999992 -0.00194283 -0.00155756 0.00194817 0.999997 -0.0762138 0.535589 -0.058448
FixedParameters: 0 0 0

#Transform 163
Transform: AffineTransform_float_3_3
Parameters: 0.999993 -0.00350884 0.00136615 0.00351216 0.999991 -0.00231922 -0.00135785 0.00232378 0.999997 -0.0648919 0.537538 -0.0652156
FixedParameters: 0 0 0

#Transform 164
Transform: AffineTransform_float_3_3
Parameters: 0.999993 -0.00335503 0.00129869 0.00335796 0.999991 -0.00228865 -0.00129131 0.00229335 0.999996 -0.0538039 0.566016 -0.0785161
FixedParameters: 0 0 0

#Transform 165
Transform: AffineTransform_float_3_3
Parameters: 0.999993 -0.00332043 0.00208589 0.00332557 0.999991 -0.00267108 -0.00207711 0.00267792 0.999995 -0.113003 0.569018 -0.0692093
FixedParameters: 0 0 0

#Transform 166
Transform: AffineTransform_float_3_3
Parameters: 0.999995 -0.00312254 0.00129934 0.00312645 0.999991 -0.00266595 -0.00129066 0.00267004 0.999995 -0.0706758 0.566781 -0.0662519
FixedParameters: 0 0 0

#Transform 167
Transform: AffineTransform_float_3_3
Parameters: 0.999993 -0.00350909 0.0012482 0.00351191 0.999991 -0.00233363 -0.0012398 0.00233837 0.999997 -0.0648778 0.552983 -0.0532137
FixedParameters: 0 0 0

#Transform 168
Transform: AffineTransform_float_3_3
Parameters: 0.999993 -0.00350909 0.00129888 0.00351191 0.999992 -0.00224245 -0.00129112 0.00224755 0.999996 -0.0510742 0.557196 -0.0628984
FixedParameters: 0 0 0

#Transform 169
Transform: AffineTransform_float_3_3
Parameters: 0.999994 -0.00325768 0.00158293 0.00326233 0.999991 -0.00273685 -0.00157407 0.00274215 0.999995 -0.0869676 0.580363 -0.072958
FixedParameters: 0 0 0

#Transform 170
Transform: AffineTransform_float_3_3
Parameters: 0.999993 -0.00350813 0.00130147 0.00351287 0.99999 -0.00298045 -0.00129053 0.00298555 0.999994 -0.0589814 0.581215 -0.0821094
FixedParameters: 0 0 0

#Transform 171
Transform: AffineTransform_float_3_3
Parameters: 0.999994 -0.00325928 0.00129786 0.00326272 0.999993 -0.00210078 -0.00129114 0.00210522 0.999997 -0.0688093 0.545854 -0.0519014
FixedParameters: 0 0 0

#Transform 172
Transform: AffineTransform_float_3_3
Parameters: 0.999993 -0.00350933 0.00129822 0.00351266 0.999991 -0.00205545 -0.00129077 0.00206054 0.999997 -0.0682666 0.531818 -0.0422451
FixedParameters: 0 0 0

#Transform 173
Transform: AffineTransform_float_3_3
Parameters: 0.999993 -0.00350876 0.00129977 0.00351224 0.99999 -0.00249545 -0.00129123 0.00250055 0.999996 -0.0641447 0.552804 -0.0549866
FixedParameters: 0 0 0

#Transform 174
Transform: AffineTransform_float_3_3
Parameters: 0.999992 -0.00399741 0.00110178 0.00399959 0.999991 -0.00144261 -0.00109622 0.00144739 0.999999 -0.0450901 0.490425 -0.0219864
FixedParameters: 0 0 0

#Transform 175
Transform: AffineTransform_float_3_3
Parameters: 0.999992 -0.00399687 0.00118721 0.00399914 0.999991 -0.00180027 -0.00117979 0.00180473 0.999997 -0.0649069 0.506496 -0.0251596
FixedParameters: 0 0 0

#Transform 176
Transform: AffineTransform_float_3_3
Parameters: 0.999992 -0.00399784 0.00112413 0.00399916 0.999992 -0.00103151 -0.00112087 0.00103549 0.999999 -0.0423737 0.478744 -0.0199983
FixedParameters: 0 0 0

#Transform 177
Transform: AffineTransform_float_3_3
Parameters: 0.999991 -0.00386239 0.00129579 0.0038646 0.999992 -0.001238 -0.00129121 0.001243 0.999999 -0.0719343 0.49116 -0.0141193
FixedParameters: 0 0 0

#Transform 178
Transform: AffineTransform_float_3_3
Parameters: 0.999991 -0.003997 0.00129717 0.003999 0.999991 -0.00154183 -0.00129082 0.00154717 0.999998 -0.0782999 0.499624 -0.00381236
FixedParameters: 0 0 0

#Transform 179
Transform: AffineTransform_float_3_3
Parameters: 0.999992 -0.00382706 0.00125294 0.00382894 0.999992 -0.00154922 -0.00124706 0.00155379 0.999998 -0.0545615 0.495412 -0.00448114
FixedParameters: 0 0 0
