#Insight Transform File V1.0
#Transform 0
Transform: AffineTransform_float_3_3
Parameters: 1 0.000170941 0.000159064 -0.000171059 1 0.000372973 -0.000158936 -0.000373027 1 0.0485874 -0.0457589 -0.299083
FixedParameters: 0 0 0

#Transform 1
Transform: AffineTransform_float_3_3
Parameters: 1 -6.49864e-05 2.204e-05 6.50135e-05 1 -0.000614998 -2.196e-05 0.000615001 1 0.0120079 0.133153 -0.0596427
FixedParameters: 0 0 0

#Transform 2
Transform: AffineTransform_float_3_3
Parameters: 1 0.00018705 2.15684e-05 -0.000186951 0.999998 -0.00230801 -2.14315e-05 0.002308 0.999998 0.0412206 0.27157 -0.228181
FixedParameters: 0 0 0

#Transform 3
Transform: AffineTransform_float_3_3
Parameters: 1 -0.000196928 2.26348e-05 0.00019607 0.999995 -0.00322299 -2.13682e-05 0.003223 0.999995 0.0425248 0.328379 -0.2474
FixedParameters: 0 0 0

#Transform 4
Transform: AffineTransform_float_3_3
Parameters: 1 -0.000660531 -0.000150688 0.000660467 0.999993 -0.0035021 0.000153314 0.0035019 0.999994 0.0412197 0.314166 -0.179594
FixedParameters: 0 0 0

#Transform 5
Transform: AffineTransform_float_3_3
Parameters: 0.999999 -0.000570861 0.000666836 0.000573138 0.999994 -0.00321062 -0.000665162 0.00321138 0.999994 -0.00612528 0.289176 -0.170709
FixedParameters: 0 0 0

#Transform 6
Transform: AffineTransform_float_3_3
Parameters: 1 -0.000983055 -0.000176216 0.000981942 0.999982 -0.00588718 0.000182784 0.00588682 0.999982 0.0320275 0.387279 -0.28778
FixedParameters: 0 0 0

#Transform 7
Transform: AffineTransform_float_3_3
Parameters: 0.999999 -0.000574546 -0.000476139 0.000572453 0.999994 -0.00324227 0.000477858 0.00324172 0.999994 0.0423628 0.330956 -0.269433
FixedParameters: 0 0 0

#Transform 8
Transform: AffineTransform_float_3_3
Parameters: 1 -0.000572495 0.00026111 0.000572505 0.999998 -0.00193885 -0.00025989 0.00193915 0.999998 0.0123848 0.273149 -0.226155
FixedParameters: 0 0 0

#Transform 9
Transform: AffineTransform_float_3_3
Parameters: 1 -0.000651973 1.70386e-05 0.000652026 0.999998 -0.00159299 -1.59613e-05 0.00159301 0.999998 0.0203101 0.255397 -0.194561
FixedParameters: 0 0 0

#Transform 10
Transform: AffineTransform_float_3_3
Parameters: 1 -0.000196084 -3.55409e-05 0.000195915 0.999997 -0.00234201 3.64589e-05 0.00234199 0.999998 0.0688637 0.286213 -0.200429
FixedParameters: 0 0 0

#Transform 11
Transform: AffineTransform_float_3_3
Parameters: 1 -0.000433379 0.000291923 0.00043462 0.999997 -0.00212887 -0.000291075 0.00212913 0.999997 0.00655214 0.267125 -0.186751
FixedParameters: 0 0 0

#Transform 12
Transform: AffineTransform_float_3_3
Parameters: 0.999999 -0.0004157 -0.000768545 0.000412299 0.999994 -0.00350932 0.000770451 0.00350968 0.999993 0.0638111 0.324974 -0.20902
FixedParameters: 0 0 0

#Transform 13
Transform: AffineTransform_float_3_3
Parameters: 1 -0.000479992 -0.000461971 0.000479008 0.999997 -0.00214522 0.000463028 0.00214478 0.999997 0.0469851 0.275344 -0.22204
FixedParameters: 0 0 0

#Transform 14
Transform: AffineTransform_float_3_3
Parameters: 0.999999 -0.000481787 -0.00118987 0.000479213 0.999997 -0.00234157 0.00119112 0.00234043 0.999996 0.0612871 0.284612 -0.272991
FixedParameters: 0 0 0

#Transform 15
Transform: AffineTransform_float_3_3
Parameters: 0.999999 -0.000479425 -0.000564639 0.000479576 1 -0.000752271 0.00056436 0.00075173 0.999999 0.0469009 0.218691 -0.217344
FixedParameters: 0 0 0

#Transform 16
Transform: AffineTransform_float_3_3
Parameters: 0.999999 -0.000891787 0.000416768 0.000894209 0.999986 -0.00533963 -0.00041123 0.00534037 0.999985 0.0040837 0.384607 -0.270932
FixedParameters: 0 0 0

#Transform 17
Transform: AffineTransform_float_3_3
Parameters: 0.999999 -0.00111357 0.00110342 0.00111343 0.999999 0.000521229 -0.00110458 -0.000519771 1 0.010541 0.215322 -0.228346
FixedParameters: 0 0 0

#Transform 18
Transform: AffineTransform_float_3_3
Parameters: 0.999999 -0.00118014 0.000566715 0.00118086 1 0.000241669 -0.000567285 -0.000241331 1 0.0251632 0.199093 -0.171222
FixedParameters: 0 0 0

#Transform 19
Transform: AffineTransform_float_3_3
Parameters: 0.999998 -0.0015256 -0.000578188 0.0015234 0.999989 -0.00446889 0.000584811 0.00446711 0.99999 0.0672352 0.364277 -0.270691
FixedParameters: 0 0 0

#Transform 20
Transform: AffineTransform_float_3_3
Parameters: 0.999999 -0.000874958 -0.00085901 0.000873042 0.999997 -0.00227775 0.00086099 0.00227625 0.999997 0.05715 0.279935 -0.175454
FixedParameters: 0 0 0

#Transform 21
Transform: AffineTransform_float_3_3
Parameters: 0.999999 -0.000730182 -0.00125531 0.000728818 1 -0.000941916 0.00125569 0.000941084 0.999999 0.054084 0.232133 -0.15234
FixedParameters: 0 0 0

#Transform 22
Transform: AffineTransform_float_3_3
Parameters: 1 -0.000917796 -0.000616303 0.000917203 0.999999 0.000329435 0.000616697 -0.000330566 1 0.0799518 0.192769 -0.176748
FixedParameters: 0 0 0

#Transform 23
Transform: AffineTransform_float_3_3
Parameters: 0.999999 -0.00121076 -0.000464024 0.00121024 0.999998 -0.00163256 0.000465975 0.00163144 0.999998 0.0681005 0.282657 -0.221118
FixedParameters: 0 0 0

#Transform 24
Transform: AffineTransform_float_3_3
Parameters: 1 -0.00108252 -0.000352409 0.00108248 0.999999 -0.00147038 0.000353591 0.00146962 0.999999 0.0410315 0.257207 -0.20915
FixedParameters: 0 0 0

#Transform 25
Transform: AffineTransform_float_3_3
Parameters: 1 -0.000592857 -0.00100908 0.000593143 1 0.000141402 0.00100892 -0.000141598 1 0.060038 0.188397 -0.184515
FixedParameters: 0 0 0

#Transform 26
Transform: AffineTransform_float_3_3
Parameters: 1 -0.000690301 -0.0009961 0.000689699 0.999999 -0.00130569 0.000996901 0.00130531 0.999998 0.085503 0.247582 -0.171068
FixedParameters: 0 0 0

#Transform 27
Transform: AffineTransform_float_3_3
Parameters: 0.999999 -0.00104139 -0.00110669 0.00103961 0.999998 -0.00125615 0.00110731 0.00125485 0.999998 0.0757241 0.260181 -0.193192
FixedParameters: 0 0 0

#Transform 28
Transform: AffineTransform_float_3_3
Parameters: 0.999999 -0.0011893 -0.000577376 0.0011887 0.999999 -0.000524687 0.000577624 0.000524313 0.999999 0.0530843 0.205515 -0.194113
FixedParameters: 0 0 0

#Transform 29
Transform: AffineTransform_float_3_3
Parameters: 1 -0.000997408 -0.000652524 0.0010006 0.999984 0.00552835 0.000647478 -0.00552865 0.999984 0.0508435 0.130766 -0.591672
FixedParameters: 0 0 0

#Transform 30
Transform: AffineTransform_float_3_3
Parameters: 0.999998 -0.00168831 0.000362952 0.00168669 0.999992 0.00358362 -0.000369047 -0.00358338 0.999993 0.0339186 0.137327 -0.508445
FixedParameters: 0 0 0

#Transform 31
Transform: AffineTransform_float_3_3
Parameters: 0.999998 -0.00203086 -0.000899068 0.00203015 0.999998 -0.000952828 0.000900934 0.000951173 0.999999 0.169574 0.301776 -0.656265
FixedParameters: 0 0 0

#Transform 32
Transform: AffineTransform_float_3_3
Parameters: 0.999996 -0.00103366 -0.00239758 0.00103534 1 0.00055652 0.00239642 -0.000559479 0.999997 0.263753 0.296701 -0.624091
FixedParameters: 0 0 0

#Transform 33
Transform: AffineTransform_float_3_3
Parameters: 0.999995 -0.0016243 -0.00268889 0.00163471 0.999992 0.00361162 0.00268311 -0.00361538 0.99999 0.170166 0.39237 -1.40759
FixedParameters: 0 0 0

#Transform 34
Transform: AffineTransform_float_3_3
Parameters: 0.999993 -0.00207202 -0.00334247 0.00209197 0.99998 0.00598406 0.00332954 -0.00599095 0.999977 0.215291 0.345015 -1.45568
FixedParameters: 0 0 0

#Transform 35
Transform: AffineTransform_float_3_3
Parameters: 0.999994 -0.00106349 -0.00322982 0.00106951 0.999998 0.00170456 0.00322718 -0.00170744 0.999994 0.203295 0.308424 -0.675445
FixedParameters: 0 0 0

#Transform 36
Transform: AffineTransform_float_3_3
Parameters: 0.999999 -0.00153687 -0.00102071 0.00153213 0.999987 -0.00475357 0.00102829 0.00475243 0.999988 0.0339932 0.46495 -0.472366
FixedParameters: 0 0 0

#Transform 37
Transform: AffineTransform_float_3_3
Parameters: 0.999993 -0.00360287 -5.07974e-05 0.00360113 0.999921 -0.0119923 9.41911e-05 0.0119917 0.999928 0.0759791 0.813267 -0.685038
FixedParameters: 0 0 0

#Transform 38
Transform: AffineTransform_float_3_3
Parameters: 0.999999 -0.000834098 0.00033075 0.000834901 0.999999 0.000299276 -0.000330249 -0.000298725 1 -0.0058315 0.390808 -0.598219
FixedParameters: 0 0 0

#Transform 39
Transform: AffineTransform_float_3_3
Parameters: 0.999992 -0.000778776 -0.00392544 0.000785223 0.999998 0.00183893 0.00392356 -0.00184207 0.99999 0.162016 0.372472 -1.14724
FixedParameters: 0 0 0

#Transform 40
Transform: AffineTransform_float_3_3
Parameters: 0.999992 -0.00212863 -0.00334533 0.00210737 0.999977 -0.0064561 0.00335867 0.0064489 0.999973 0.279007 0.657717 -0.806251
FixedParameters: 0 0 0

#Transform 41
Transform: AffineTransform_float_3_3
Parameters: 0.999994 -0.00288133 -0.00187161 0.00286566 0.999962 -0.00814341 0.00189539 0.00813859 0.999965 0.218765 0.710284 -0.741932
FixedParameters: 0 0 0

#Transform 42
Transform: AffineTransform_float_3_3
Parameters: 0.999996 -0.00272333 -0.00132507 0.00271667 0.999985 -0.00475662 0.00133793 0.00475338 0.999988 0.165915 0.572956 -0.642416
FixedParameters: 0 0 0

#Transform 43
Transform: AffineTransform_float_3_3
Parameters: 0.999996 -0.00215749 -0.00147289 0.0021545 0.999995 -0.00237118 0.00147811 0.00236782 0.999996 0.165753 0.484972 -0.568318
FixedParameters: 0 0 0

#Transform 44
Transform: AffineTransform_float_3_3
Parameters: 0.999996 -0.00213351 -0.00144598 0.00212649 0.999985 -0.00517509 0.00145702 0.00517191 0.999985 0.158964 0.600273 -0.616425
FixedParameters: 0 0 0

#Transform 45
Transform: AffineTransform_float_3_3
Parameters: 0.999996 -0.00216626 -0.00167767 0.00215875 0.999989 -0.00431464 0.00168633 0.00431037 0.99999 0.149212 0.52986 -0.574644
FixedParameters: 0 0 0

#Transform 46
Transform: AffineTransform_float_3_3
Parameters: 0.999994 -0.00235192 -0.00228779 0.00233908 0.999982 -0.00563438 0.00230121 0.00562962 0.999981 0.197446 0.618778 -0.66145
FixedParameters: 0 0 0

#Transform 47
Transform: AffineTransform_float_3_3
Parameters: 0.999994 -0.00172129 -0.00299484 0.00170772 0.999987 -0.00476614 0.00300217 0.00476086 0.999984 0.212486 0.570526 -0.583643
FixedParameters: 0 0 0

#Transform 48
Transform: AffineTransform_float_3_3
Parameters: 0.999996 -0.00189581 -0.00234892 0.00188119 0.999981 -0.00586745 0.00236007 0.00586255 0.99998 0.177959 0.588869 -0.575253
FixedParameters: 0 0 0

#Transform 49
Transform: AffineTransform_float_3_3
Parameters: 0.999996 -0.00212585 -0.00216754 0.00211116 0.999975 -0.00682861 0.00218146 0.0068234 0.999975 0.182103 0.624847 -0.565552
FixedParameters: 0 0 0

#Transform 50
Transform: AffineTransform_float_3_3
Parameters: 0.999996 -0.0027038 -0.00145206 0.0026932 0.999969 -0.00738994 0.00147194 0.00738605 0.999971 0.137536 0.662013 -0.598234
FixedParameters: 0 0 0

#Transform 51
Transform: AffineTransform_float_3_3
Parameters: 0.999995 -0.00204751 -0.00250258 0.00203149 0.999977 -0.00658212 0.00251542 0.00657689 0.999975 0.191777 0.649488 -0.58656
FixedParameters: 0 0 0

#Transform 52
Transform: AffineTransform_float_3_3
Parameters: 0.999995 -0.00190878 -0.00255773 0.00189922 0.999991 -0.00382088 0.00256527 0.00381612 0.99999 0.184505 0.512101 -0.523063
FixedParameters: 0 0 0

#Transform 53
Transform: AffineTransform_float_3_3
Parameters: 0.999994 -0.00185723 -0.0026867 0.00185076 0.999995 -0.00232098 0.0026913 0.00231601 0.999993 0.187631 0.466393 -0.497623
FixedParameters: 0 0 0

#Transform 54
Transform: AffineTransform_float_3_3
Parameters: 0.999993 -0.00199266 -0.00320286 0.00198634 0.999996 -0.00208238 0.00320713 0.00207562 0.999992 0.209836 0.45738 -0.463521
FixedParameters: 0 0 0

#Transform 55
Transform: AffineTransform_float_3_3
Parameters: 0.999994 -0.00198648 -0.00262135 0.00197952 0.999994 -0.00285321 0.00262765 0.0028478 0.999993 0.183191 0.497206 -0.513323
FixedParameters: 0 0 0

#Transform 56
Transform: AffineTransform_float_3_3
Parameters: 0.999996 -0.0020665 -0.0022058 0.0020625 0.999996 -0.00203856 0.00221021 0.00203444 0.999995 0.149642 0.451335 -0.502702
FixedParameters: 0 0 0

#Transform 57
Transform: AffineTransform_float_3_3
Parameters: 0.999996 -0.00201065 -0.00233186 0.00200735 0.999997 -0.00156569 0.00233514 0.00156031 0.999996 0.145284 0.440575 -0.454193
FixedParameters: 0 0 0

#Transform 58
Transform: AffineTransform_float_3_3
Parameters: 0.999996 -0.00203214 -0.0018897 0.00202986 0.999998 -0.00113584 0.0018923 0.00113116 0.999997 0.12886 0.425551 -0.470893
FixedParameters: 0 0 0

#Transform 59
Transform: AffineTransform_float_3_3
Parameters: 0.999996 -0.00203082 -0.0019731 0.00202818 0.999997 -0.00142901 0.0019759 0.00142499 0.999997 0.130468 0.442457 -0.494576
FixedParameters: 0 0 0

#Transform 60
Transform: AffineTransform_float_3_3
Parameters: 0.999995 -0.00217734 -0.00198053 0.00217566 0.999998 -0.000677312 0.00198147 0.000672689 0.999998 0.131086 0.404616 -0.45687
FixedParameters: 0 0 0

#Transform 61
Transform: AffineTransform_float_3_3
Parameters: 0.999996 -0.00193855 -0.00174428 0.00193645 0.999997 -0.000889381 0.00174672 0.000885617 0.999998 0.136619 0.414947 -0.404151
FixedParameters: 0 0 0

#Transform 62
Transform: AffineTransform_float_3_3
Parameters: 0.999995 -0.001746 -0.0028292 0.001756 0.999992 0.00353605 0.0028238 -0.00354095 0.999989 0.155158 0.287327 -0.571755
FixedParameters: 0 0 0

#Transform 63
Transform: AffineTransform_float_3_3
Parameters: 0.999972 -0.00115569 -0.00749383 0.0012603 0.999902 0.01393 0.00747617 -0.013939 0.999875 0.300391 0.110675 -0.828682
FixedParameters: 0 0 0

#Transform 64
Transform: AffineTransform_float_3_3
Parameters: 0.999998 -0.00108096 -0.00164431 0.00109503 0.999963 0.00855921 0.00163469 -0.00856078 0.999962 0.106729 0.134297 -0.557064
FixedParameters: 0 0 0

#Transform 65
Transform: AffineTransform_float_3_3
Parameters: 0.99999 -0.00169763 -0.00428522 0.00177236 0.999847 0.0174106 0.00425478 -0.0174184 0.999839 0.181372 -0.118318 -0.804298
FixedParameters: 0 0 0

#Transform 66
Transform: AffineTransform_float_3_3
Parameters: 0.999994 -0.00174351 -0.00298383 0.00177249 0.999952 0.00957076 0.00296717 -0.00957622 0.999949 0.126239 0.0905343 -0.622376
FixedParameters: 0 0 0

#Transform 67
Transform: AffineTransform_float_3_3
Parameters: 0.999994 -0.00186009 -0.00272692 0.00187591 0.999981 0.00584492 0.00271608 -0.00585009 0.999979 0.152424 0.207922 -0.46505
FixedParameters: 0 0 0

#Transform 68
Transform: AffineTransform_float_3_3
Parameters: 0.999995 -0.0018903 -0.00274787 0.0019057 0.999982 0.00572279 0.00273713 -0.0057282 0.99998 0.12272 0.186614 -0.436664
FixedParameters: 0 0 0

#Transform 69
Transform: AffineTransform_float_3_3
Parameters: 0.999992 -0.00186833 -0.00347465 0.00188768 0.999982 0.00566749 0.00346435 -0.00567452 0.999978 0.18518 0.198601 -0.416425
FixedParameters: 0 0 0

#Transform 70
Transform: AffineTransform_float_3_3
Parameters: 0.99999 -0.00207984 -0.00401067 0.00210617 0.999977 0.00653062 0.00399732 -0.00653838 0.99997 0.196071 0.198017 -0.506229
FixedParameters: 0 0 0

#Transform 71
Transform: AffineTransform_float_3_3
Parameters: 0.999991 -0.00219515 -0.00346836 0.00221285 0.999985 0.00515137 0.00345763 -0.00515963 0.99998 0.16853 0.178992 -0.427609
FixedParameters: 0 0 0

#Transform 72
Transform: AffineTransform_float_3_3
Parameters: 0.999987 -0.0021659 -0.00462816 0.0021791 0.999993 0.00282795 0.00462185 -0.00283805 0.999986 0.257263 0.286984 -0.383629
FixedParameters: 0 0 0

#Transform 73
Transform: AffineTransform_float_3_3
Parameters: 0.999993 -0.00219295 -0.00324637 0.00221704 0.99997 0.00742186 0.00322963 -0.00742914 0.999967 0.207738 0.199359 -0.55916
FixedParameters: 0 0 0

#Transform 74
Transform: AffineTransform_float_3_3
Parameters: 0.999993 -0.00201414 -0.00332283 0.00202687 0.999991 0.0038723 0.00331517 -0.00387871 0.999987 0.1629 0.275434 -0.340174
FixedParameters: 0 0 0

#Transform 75
Transform: AffineTransform_float_3_3
Parameters: 0.999996 -0.00193461 -0.00239008 0.00193139 0.999997 -0.00151162 0.00239292 0.00150738 0.999996 0.140833 0.499978 -0.506012
FixedParameters: 0 0 0

#Transform 76
Transform: AffineTransform_float_3_3
Parameters: 0.999976 -0.00284145 -0.00634155 0.00282655 0.999994 -0.00228598 0.00634745 0.00226802 0.999978 0.369828 0.690416 -1.47308
FixedParameters: 0 0 0

#Transform 77
Transform: AffineTransform_float_3_3
Parameters: 0.999976 -0.00277999 -0.00624067 0.00276801 0.999995 -0.00192932 0.00624632 0.00191168 0.999978 0.357875 0.720831 -1.05064
FixedParameters: 0 0 0

#Transform 78
Transform: AffineTransform_float_3_3
Parameters: 0.999974 -0.00219041 -0.0067679 0.00218659 0.999998 -0.000510812 0.0067691 0.000496186 0.999977 0.396221 0.64969 -1.01524
FixedParameters: 0 0 0

#Transform 79
Transform: AffineTransform_float_3_3
Parameters: 0.99998 -0.00375137 -0.00522224 0.00371163 0.999964 -0.00771754 0.00525177 0.00769846 0.999956 0.347967 0.963526 -1.22164
FixedParameters: 0 0 0

#Transform 80
Transform: AffineTransform_float_3_3
Parameters: 0.999973 -0.00393914 -0.00631607 0.00390686 0.99998 -0.00509282 0.00633593 0.00506818 0.999967 0.387649 0.931763 -1.36486
FixedParameters: 0 0 0

#Transform 81
Transform: AffineTransform_float_3_3
Parameters: 0.99998 -0.00467053 -0.00425174 0.00465248 0.999979 -0.00435687 0.00427127 0.00433714 0.999982 0.350995 0.936172 -1.34319
FixedParameters: 0 0 0

#Transform 82
Transform: AffineTransform_float_3_3
Parameters: 0.99997 -0.00542214 -0.00565612 0.00534387 0.999892 -0.0137396 0.00572988 0.0137094 0.999889 0.43923 1.28009 -1.47771
FixedParameters: 0 0 0

#Transform 83
Transform: AffineTransform_float_3_3
Parameters: 0.999961 -0.00434271 -0.007704 0.00422929 0.999883 -0.0147152 0.007767 0.0146818 0.999862 0.461145 1.28828 -1.50634
FixedParameters: 0 0 0

#Transform 84
Transform: AffineTransform_float_3_3
Parameters: 0.999974 -0.00348282 -0.00641728 0.00343518 0.999967 -0.00744824 0.00644273 0.00742576 0.999951 0.376396 0.959838 -1.22235
FixedParameters: 0 0 0

#Transform 85
Transform: AffineTransform_float_3_3
Parameters: 0.999973 -0.00433693 -0.00594133 0.00423706 0.999851 -0.0167306 0.00601367 0.0167044 0.999843 0.440367 1.45358 -1.61817
FixedParameters: 0 0 0

#Transform 86
Transform: AffineTransform_float_3_3
Parameters: 0.999974 -0.00497318 -0.0050802 0.00492682 0.999947 -0.00906326 0.0051248 0.00903774 0.999946 0.395559 1.13069 -1.43351
FixedParameters: 0 0 0

#Transform 87
Transform: AffineTransform_float_3_3
Parameters: 0.999977 -0.00569508 -0.00354609 0.00563091 0.999825 -0.0178274 0.0036469 0.0178066 0.999835 0.363298 1.44381 -1.51746
FixedParameters: 0 0 0

#Transform 88
Transform: AffineTransform_float_3_3
Parameters: 0.999971 -0.00467658 -0.00603337 0.00458741 0.999882 -0.0146131 0.00610162 0.0145849 0.999875 0.440559 1.28941 -1.45233
FixedParameters: 0 0 0

#Transform 89
Transform: AffineTransform_float_3_3
Parameters: 0.999968 -0.00443308 -0.00669573 0.00433592 0.999887 -0.0144445 0.00675927 0.0144155 0.999873 0.453167 1.31091 -1.44332
FixedParameters: 0 0 0

#Transform 90
Transform: AffineTransform_float_3_3
Parameters: 0.999964 -0.00636486 -0.0056497 0.00634514 0.999973 -0.00352597 0.00567229 0.00349002 0.999978 0.415117 0.967777 -1.29608
FixedParameters: 0 0 0

#Transform 91
Transform: AffineTransform_float_3_3
Parameters: 0.999978 -0.00574294 -0.0035296 0.00570606 0.99993 -0.0103864 0.00358941 0.0103666 0.99994 0.377462 1.1659 -1.55432
FixedParameters: 0 0 0

#Transform 92
Transform: AffineTransform_float_3_3
Parameters: 0.999975 -0.00555982 -0.0043688 0.00552419 0.999952 -0.00816734 0.0044142 0.00814367 0.999957 0.383421 1.08207 -1.45049
FixedParameters: 0 0 0

#Transform 93
Transform: AffineTransform_float_3_3
Parameters: 0.999974 -0.005331 -0.00487648 0.00527501 0.999921 -0.011425 0.00493652 0.011399 0.999923 0.389961 1.2057 -1.48146
FixedParameters: 0 0 0

#Transform 94
Transform: AffineTransform_float_3_3
Parameters: 0.999979 -0.00531688 -0.00353696 0.00528812 0.999953 -0.00812487 0.00358003 0.00810613 0.99996 0.270524 1.04764 -1.2676
FixedParameters: 0 0 0

#Transform 95
Transform: AffineTransform_float_3_3
Parameters: 0.99998 -0.00547454 -0.00309707 0.00549246 0.999969 0.0056581 0.00306593 -0.0056749 0.999979 0.287249 0.795553 -1.78025
FixedParameters: 0 0 0

#Transform 96
Transform: AffineTransform_float_3_3
Parameters: 0.999984 -0.00568377 -0.00105955 0.00568224 0.999983 -0.00166605 0.00106845 0.00165996 0.999998 0.218832 0.723386 -1.30496
FixedParameters: 0 0 0

#Transform 97
Transform: AffineTransform_float_3_3
Parameters: 0.999971 -0.0075655 -0.000766388 0.0075585 0.999938 -0.00815003 0.000828607 0.00814396 0.999966 0.162614 1.24796 -2.32292
FixedParameters: 0 0 0

#Transform 98
Transform: AffineTransform_float_3_3
Parameters: 0.999979 -0.00625828 -0.00176997 0.00625173 0.999974 -0.00352814 0.00179204 0.00351786 0.999992 0.229225 0.924986 -1.56732
FixedParameters: 0 0 0

#Transform 99
Transform: AffineTransform_float_3_3
Parameters: 0.999978 -0.00586304 -0.00305493 0.00586396 0.999983 -2.09145e-05 0.00305507 3.08807e-06 0.999996 0.252863 0.828868 -1.59592
FixedParameters: 0 0 0

#Transform 100
Transform: AffineTransform_float_3_3
Parameters: 0.999975 -0.00568715 -0.00423106 0.00567884 0.999982 -0.00193708 0.00424194 0.00191292 0.999989 0.306695 0.921229 -1.5736
FixedParameters: 0 0 0

#Transform 101
Transform: AffineTransform_float_3_3
Parameters: 0.999982 -0.00530587 -0.002864 0.00530113 0.999984 -0.00170521 0.002873 0.00168979 0.999995 0.24645 0.883998 -1.38478
FixedParameters: 0 0 0

#Transform 102
Transform: AffineTransform_float_3_3
Parameters: 0.999977 -0.00634546 -0.00217066 0.00633454 0.999969 -0.00479186 0.00220034 0.00477815 0.999986 0.267367 0.98068 -1.33072
FixedParameters: 0 0 0

#Transform 103
Transform: AffineTransform_float_3_3
Parameters: 0.999972 -0.00524695 -0.00531641 0.00522605 0.999978 -0.00394689 0.0053376 0.0039191 0.999978 0.354765 0.913597 -1.26451
FixedParameters: 0 0 0

#Transform 104
Transform: AffineTransform_float_3_3
Parameters: 0.999979 -0.00482863 -0.00417602 0.00483937 0.999985 0.00247684 0.00416398 -0.00249716 0.999988 0.306182 0.69244 -1.13531
FixedParameters: 0 0 0

#Transform 105
Transform: AffineTransform_float_3_3
Parameters: 0.999975 -0.00348283 -0.00606502 0.00353817 0.999952 0.00910977 0.00603298 -0.00913124 0.99994 0.337188 0.429614 -0.982644
FixedParameters: 0 0 0

#Transform 106
Transform: AffineTransform_float_3_3
Parameters: 0.999977 -0.00422037 -0.00519817 0.00423962 0.999984 0.00357704 0.00518282 -0.00359895 0.99998 0.305422 0.637101 -1.07617
FixedParameters: 0 0 0

#Transform 107
Transform: AffineTransform_float_3_3
Parameters: 0.999984 -0.00465995 -0.00337395 0.00462705 0.999942 -0.00970878 0.00341905 0.00969323 0.999947 0.278187 1.12395 -1.17845
FixedParameters: 0 0 0

#Transform 108
Transform: AffineTransform_float_3_3
Parameters: 0.999981 -0.00584383 -0.00200468 0.00580716 0.999822 -0.017912 0.00210932 0.0179 0.999837 0.251038 1.42113 -1.3672
FixedParameters: 0 0 0

#Transform 109
Transform: AffineTransform_float_3_3
Parameters: 0.999987 -0.00416968 -0.00301704 0.00416132 0.999987 -0.00287859 0.00302896 0.00286541 0.999992 0.20426 0.853211 -1.18516
FixedParameters: 0 0 0

#Transform 110
Transform: AffineTransform_float_3_3
Parameters: 0.999974 -0.00574377 -0.00449409 0.00573623 0.999982 -0.00174083 0.00450392 0.00171418 0.999989 0.309586 0.938155 -1.62527
FixedParameters: 0 0 0

#Transform 111
Transform: AffineTransform_float_3_3
Parameters: 0.999986 -0.00509311 -0.00092843 0.00509489 0.999985 0.0020453 0.00091757 -0.0020497 0.999997 0.0550005 0.689447 -1.35482
FixedParameters: 0 0 0

#Transform 112
Transform: AffineTransform_float_3_3
Parameters: 0.999975 -0.00488915 -0.00506014 0.00488085 0.999987 -0.00162174 0.00506786 0.00159726 0.999986 0.254944 0.921225 -1.79943
FixedParameters: 0 0 0

#Transform 113
Transform: AffineTransform_float_3_3
Parameters: 0.999975 -0.00532012 -0.00481004 0.00530189 0.999979 -0.0037706 0.00482996 0.0037454 0.999982 0.262403 0.969227 -1.6337
FixedParameters: 0 0 0

#Transform 114
Transform: AffineTransform_float_3_3
Parameters: 0.999974 -0.00378406 -0.00615287 0.00382194 0.999974 0.00600264 0.00613012 -0.00602635 0.999963 0.34403 0.661211 -1.71542
FixedParameters: 0 0 0

#Transform 115
Transform: AffineTransform_float_3_3
Parameters: 0.999957 -0.00482303 -0.00784823 0.00481197 0.999988 -0.00142383 0.00785477 0.00138618 0.999968 0.433146 0.890746 -1.78958
FixedParameters: 0 0 0

#Transform 116
Transform: AffineTransform_float_3_3
Parameters: 0.99998 -0.00368249 -0.00500498 0.0036615 0.999985 -0.0040984 0.00502001 0.00407959 0.999979 0.296299 0.833447 -1.06606
FixedParameters: 0 0 0

#Transform 117
Transform: AffineTransform_float_3_3
Parameters: 0.999988 -0.00325674 -0.00345874 0.00326625 0.999991 0.00267373 0.00344926 -0.00268527 0.999991 0.179132 0.525247 -0.7931
FixedParameters: 0 0 0

#Transform 118
Transform: AffineTransform_float_3_3
Parameters: 0.999982 -0.00399225 -0.00447287 0.00398175 0.99999 -0.00229885 0.00448213 0.00228015 0.999988 0.275001 0.863274 -1.32519
FixedParameters: 0 0 0

#Transform 119
Transform: AffineTransform_float_3_3
Parameters: 0.999979 -0.0052502 -0.00385154 0.00522381 0.999964 -0.00678026 0.00388645 0.00675974 0.999969 0.25917 1.0509 -1.35276
FixedParameters: 0 0 0

#Transform 120
Transform: AffineTransform_float_3_3
Parameters: 0.999976 -0.00540898 -0.00438606 0.00535402 0.999908 -0.0124508 0.00445294 0.0124272 0.999913 0.331306 1.29963 -1.51138
FixedParameters: 0 0 0

#Transform 121
Transform: AffineTransform_float_3_3
Parameters: 0.999978 -0.00570223 -0.00332326 0.00566378 0.999919 -0.0114011 0.00338774 0.0113819 0.99993 0.288585 1.3418 -1.80901
FixedParameters: 0 0 0

#Transform 122
Transform: AffineTransform_float_3_3
Parameters: 0.999978 -0.00618427 -0.00247296 0.00614472 0.999859 -0.0155855 0.00256903 0.0155694 0.999875 0.254737 1.38476 -1.91778
FixedParameters: 0 0 0

#Transform 123
Transform: AffineTransform_float_3_3
Parameters: 0.999976 -0.00597378 -0.00330331 0.00592123 0.999858 -0.0157619 0.00339669 0.0157421 0.999871 0.295199 1.39389 -1.55976
FixedParameters: 0 0 0

#Transform 124
Transform: AffineTransform_float_3_3
Parameters: 0.999975 -0.00607691 -0.00365198 0.00602509 0.999883 -0.0140613 0.00373702 0.0140386 0.999894 0.289846 1.31392 -1.50657
FixedParameters: 0 0 0

#Transform 125
Transform: AffineTransform_float_3_3
Parameters: 0.999978 -0.00575574 -0.00309965 0.00573024 0.999949 -0.00825294 0.00314735 0.00823506 0.999961 0.279183 1.14168 -1.41846
FixedParameters: 0 0 0

#Transform 126
Transform: AffineTransform_float_3_3
Parameters: 0.99998 -0.00562168 -0.00287722 0.00558732 0.999914 -0.0119233 0.00294378 0.0119067 0.999925 0.259655 1.22166 -1.40364
FixedParameters: 0 0 0

#Transform 127
Transform: AffineTransform_float_3_3
Parameters: 0.999979 -0.00558061 -0.00330256 0.00554439 0.999928 -0.0106945 0.00336243 0.0106755 0.999938 0.257976 1.19578 -1.33331
FixedParameters: 0 0 0

#Transform 128
Transform: AffineTransform_float_3_3
Parameters: 0.999975 -0.00598446 -0.00374702 0.00594254 0.999919 -0.0112425 0.00381399 0.0112205 0.99993 0.3043 1.24271 -1.41163
FixedParameters: 0 0 0

#Transform 129
Transform: AffineTransform_float_3_3
Parameters: 0.999974 -0.00588726 -0.00412332 0.00584475 0.999931 -0.0101854 0.00418268 0.0101616 0.999939 0.307919 1.18041 -1.38772
FixedParameters: 0 0 0

#Transform 130
Transform: AffineTransform_float_3_3
Parameters: 0.999979 -0.00580748 -0.00305693 0.00578252 0.999951 -0.00795784 0.00310306 0.00794014 0.999963 0.235111 1.12248 -1.35927
FixedParameters: 0 0 0

#Transform 131
Transform: AffineTransform_float_3_3
Parameters: 0.999976 -0.00576818 -0.00400064 0.00574783 0.99997 -0.00528413 0.00403036 0.00526088 0.999978 0.285112 1.01818 -1.30138
FixedParameters: 0 0 0

#Transform 132
Transform: AffineTransform_float_3_3
Parameters: 0.999977 -0.00560165 -0.00367022 0.00558534 0.999976 -0.0042616 0.00369478 0.0042414 0.999984 0.276867 0.986823 -1.27889
FixedParameters: 0 0 0

#Transform 133
Transform: AffineTransform_float_3_3
Parameters: 0.999978 -0.00567158 -0.00349585 0.00565642 0.999974 -0.00445087 0.00352115 0.00443013 0.999984 0.270312 1.00078 -1.27767
FixedParameters: 0 0 0

#Transform 134
Transform: AffineTransform_float_3_3
Parameters: 0.999976 -0.00589574 -0.00364355 0.00586325 0.999943 -0.00893258 0.00369646 0.00891142 0.999954 0.267064 1.16992 -1.32476
FixedParameters: 0 0 0

#Transform 135
Transform: AffineTransform_float_3_3
Parameters: 0.999972 -0.00625083 -0.00415331 0.00620618 0.999924 -0.0107201 0.00421969 0.0106939 0.999934 0.294681 1.25724 -1.37062
FixedParameters: 0 0 0

#Transform 136
Transform: AffineTransform_float_3_3
Parameters: 0.999977 -0.00584287 -0.00363076 0.00580514 0.99993 -0.0103543 0.00369024 0.0103327 0.99994 0.288646 1.22094 -1.34602
FixedParameters: 0 0 0

#Transform 137
Transform: AffineTransform_float_3_3
Parameters: 0.999977 -0.00599781 -0.00333118 0.00597119 0.99995 -0.00800108 0.00337883 0.00798093 0.999963 0.265658 1.10347 -1.26568
FixedParameters: 0 0 0

#Transform 138
Transform: AffineTransform_float_3_3
Parameters: 0.999978 -0.00579219 -0.0031706 0.00577082 0.999961 -0.00665144 0.0032084 0.00663256 0.999973 0.241142 1.03947 -1.21196
FixedParameters: 0 0 0

#Transform 139
Transform: AffineTransform_float_3_3
Parameters: 0.999976 -0.00585685 -0.00369037 0.00582415 0.999944 -0.0088507 0.00374163 0.0088293 0.999954 0.257776 1.1462 -1.29999
FixedParameters: 0 0 0

#Transform 140
Transform: AffineTransform_float_3_3
Parameters: 0.999977 -0.00572514 -0.00366354 0.00568585 0.999927 -0.0106061 0.00372445 0.0105849 0.999937 0.280468 1.21604 -1.32615
FixedParameters: 0 0 0

#Transform 141
Transform: AffineTransform_float_3_3
Parameters: 0.999976 -0.00563315 -0.00408404 0.00558384 0.999913 -0.0119491 0.00415095 0.0119259 0.999921 0.295937 1.25318 -1.36043
FixedParameters: 0 0 0

#Transform 142
Transform: AffineTransform_float_3_3
Parameters: 0.999978 -0.00555463 -0.00344215 0.00551836 0.999932 -0.0102762 0.00349984 0.0102568 0.999942 0.262087 1.15739 -1.24778
FixedParameters: 0 0 0

#Transform 143
Transform: AffineTransform_float_3_3
Parameters: 0.99998 -0.00545661 -0.00320862 0.00541439 0.999899 -0.0131406 0.00328038 0.0131234 0.999908 0.218885 1.28455 -1.23525
FixedParameters: 0 0 0

#Transform 144
Transform: AffineTransform_float_3_3
Parameters: 0.999975 -0.00567863 -0.00432849 0.00567937 0.999984 7.34187e-05 0.00432852 -9.75825e-05 0.99999 0.272392 0.933513 -1.57207
FixedParameters: 0 0 0

#Transform 145
Transform: AffineTransform_float_3_3
Parameters: 0.999983 -0.00553764 -0.00173076 0.00553037 0.999975 -0.00438565 0.00175525 0.00437635 0.999989 0.144169 0.941067 -1.19101
FixedParameters: 0 0 0

#Transform 146
Transform: AffineTransform_float_3_3
Parameters: 0.999976 -0.00685698 -0.000910754 0.00684802 0.999931 -0.00952447 0.000976251 0.00951854 0.999954 0.18401 1.22592 -1.57768
FixedParameters: 0 0 0

#Transform 147
Transform: AffineTransform_float_3_3
Parameters: 0.999982 -0.00585589 -0.000806313 0.0058431 0.999868 -0.015163 0.000894687 0.015158 0.999884 0.102409 1.34427 -1.22263
FixedParameters: 0 0 0

#Transform 148
Transform: AffineTransform_float_3_3
Parameters: 0.99999 -0.00445412 0.000378509 0.00445488 0.999988 -0.00235834 -0.000367493 0.00235966 0.999997 0.0493413 0.765745 -0.86569
FixedParameters: 0 0 0

#Transform 149
Transform: AffineTransform_float_3_3
Parameters: 0.999966 -0.00738794 0.00359662 0.00748005 0.999626 -0.026296 -0.00340038 0.026322 0.999647 0.0220213 1.73622 -1.40975
FixedParameters: 0 0 0

#Transform 150
Transform: AffineTransform_float_3_3
Parameters: 0.99998 -0.00621189 0.000117182 0.0062131 0.999809 -0.0185386 -1.81338e-06 0.0185394 0.999828 0.100805 1.50214 -1.34526
FixedParameters: 0 0 0

#Transform 151
Transform: AffineTransform_float_3_3
Parameters: 0.999974 -0.00643623 -0.00302588 0.00636276 0.999701 -0.0236199 0.00317711 0.0236002 0.999717 0.239194 1.70463 -1.45163
FixedParameters: 0 0 0

#Transform 152
Transform: AffineTransform_float_3_3
Parameters: 0.999979 -0.0055347 -0.00318683 0.0054743 0.999809 -0.0187508 0.00329018 0.0187332 0.999819 0.222298 1.49029 -1.34065
FixedParameters: 0 0 0

#Transform 153
Transform: AffineTransform_float_3_3
Parameters: 0.999981 -0.005544 -0.00250632 0.00549501 0.999802 -0.0191511 0.00261168 0.0191369 0.999814 0.199407 1.50659 -1.34474
FixedParameters: 0 0 0

#Transform 154
Transform: AffineTransform_float_3_3
Parameters: 0.99998 -0.00576943 -0.00266404 0.00571257 0.999769 -0.0207246 0.00278295 0.0207094 0.999781 0.215919 1.57667 -1.40758
FixedParameters: 0 0 0

#Transform 155
Transform: AffineTransform_float_3_3
Parameters: 0.999979 -0.00588866 -0.00246898 0.00583534 0.999766 -0.0208188 0.002591 0.0208042 0.99978 0.233276 1.58989 -1.40249
FixedParameters: 0 0 0

#Transform 156
Transform: AffineTransform_float_3_3
Parameters: 0.999979 -0.00589182 -0.00250226 0.00584418 0.999808 -0.018707 0.00261174 0.018692 0.999822 0.201967 1.5004 -1.30365
FixedParameters: 0 0 0

#Transform 157
Transform: AffineTransform_float_3_3
Parameters: 0.999977 -0.00566777 -0.00359538 0.00560421 0.999831 -0.0175075 0.00369462 0.0174865 0.999841 0.256801 1.46582 -1.28463
FixedParameters: 0 0 0

#Transform 158
Transform: AffineTransform_float_3_3
Parameters: 0.99998 -0.00536583 -0.00337215 0.00530717 0.999837 -0.0172202 0.00346386 0.0172028 0.999846 0.255543 1.44428 -1.30026
FixedParameters: 0 0 0

#Transform 159
Transform: AffineTransform_float_3_3
Parameters: 0.999981 -0.00553898 -0.00267783 0.00549802 0.999871 -0.015077 0.00276117 0.015062 0.999882 0.193358 1.33838 -1.16848
FixedParameters: 0 0 0

#Transform 160
Transform: AffineTransform_float_3_3
Parameters: 0.999983 -0.00536704 -0.00223144 0.00533495 0.999886 -0.0141251 0.00230755 0.0141129 0.999897 0.157197 1.3031 -1.14303
FixedParameters: 0 0 0

#Transform 161
Transform: AffineTransform_float_3_3
Parameters: 0.99998 -0.00548373 -0.00308362 0.00543627 0.999869 -0.0152781 0.00316738 0.0152609 0.999878 0.224661 1.36424 -1.25795
FixedParameters: 0 0 0

#Transform 162
Transform: AffineTransform_float_3_3
Parameters: 0.999983 -0.00492424 -0.00318921 0.00488076 0.999898 -0.0134268 0.00325479 0.0134112 0.999905 0.228599 1.29953 -1.24936
FixedParameters: 0 0 0

#Transform 163
Transform: AffineTransform_float_3_3
Parameters: 0.999982 -0.0053289 -0.002679 0.00529011 0.999884 -0.0143214 0.002755 0.0143066 0.999894 0.196765 1.32734 -1.2933
FixedParameters: 0 0 0

#Transform 164
Transform: AffineTransform_float_3_3
Parameters: 0.99998 -0.00550375 -0.00312321 0.00545325 0.999856 -0.0160313 0.00321079 0.0160136 0.999866 0.218424 1.40191 -1.28804
FixedParameters: 0 0 0

#Transform 165
Transform: AffineTransform_float_3_3
Parameters: 0.999981 -0.00535868 -0.003058 0.00531432 0.999881 -0.0144365 0.00313501 0.0144205 0.999891 0.237332 1.36796 -1.25339
FixedParameters: 0 0 0

#Transform 166
Transform: AffineTransform_float_3_3
Parameters: 0.999979 -0.00580782 -0.0027875 0.00576717 0.999879 -0.0144354 0.0028715 0.0144186 0.999892 0.215137 1.35429 -1.26655
FixedParameters: 0 0 0

#Transform 167
Transform: AffineTransform_float_3_3
Parameters: 0.999979 -0.00583086 -0.00263973 0.00578315 0.999825 -0.0177906 0.00274228 0.0177754 0.999838 0.200747 1.47435 -1.3266
FixedParameters: 0 0 0

#Transform 168
Transform: AffineTransform_float_3_3
Parameters: 0.999979 -0.00521105 -0.00387006 0.00516595 0.99992 -0.0115612 0.00392993 0.0115408 0.999925 0.236533 1.23335 -1.23694
FixedParameters: 0 0 0

#Transform 169
Transform: AffineTransform_float_3_3
Parameters: 0.999974 -0.00620509 -0.00346403 0.00615391 0.999875 -0.0145697 0.00355397 0.0145473 0.999888 0.256162 1.37334 -1.27033
FixedParameters: 0 0 0

#Transform 170
Transform: AffineTransform_float_3_3
Parameters: 0.99998 -0.00537189 -0.00350465 0.00532612 0.999901 -0.0129739 0.00357335 0.0129551 0.999909 0.237471 1.3113 -1.26661
FixedParameters: 0 0 0

#Transform 171
Transform: AffineTransform_float_3_3
Parameters: 0.999982 -0.00523212 -0.00287068 0.00519788 0.999918 -0.0117651 0.00293232 0.0117499 0.999926 0.18603 1.26709 -1.20891
FixedParameters: 0 0 0

#Transform 172
Transform: AffineTransform_float_3_3
Parameters: 0.999981 -0.00538953 -0.00321271 0.00534647 0.9999 -0.0131024 0.00328329 0.0130856 0.999909 0.221637 1.32558 -1.24098
FixedParameters: 0 0 0

#Transform 173
Transform: AffineTransform_float_3_3
Parameters: 0.999982 -0.00516515 -0.00280895 0.00512684 0.999896 -0.0134246 0.00287804 0.0134094 0.999906 0.199437 1.33906 -1.27502
FixedParameters: 0 0 0

#Transform 174
Transform: AffineTransform_float_3_3
Parameters: 0.999982 -0.0055954 -0.0018538 0.0055716 0.999907 -0.0123975 0.0019222 0.0123875 0.999922 0.171763 1.32089 -1.25989
FixedParameters: 0 0 0

#Transform 175
Transform: AffineTransform_float_3_3
Parameters: 0.999978 -0.00601567 -0.00281754 0.00597133 0.999861 -0.0156022 0.00291147 0.0155848 0.999875 0.213892 1.42194 -1.3224
FixedParameters: 0 0 0

#Transform 176
Transform: AffineTransform_float_3_3
Parameters: 0.999977 -0.00563107 -0.00360223 0.00556592 0.999825 -0.0178284 0.00370176 0.0178075 0.999834 0.263885 1.50721 -1.36998
FixedParameters: 0 0 0

#Transform 177
Transform: AffineTransform_float_3_3
Parameters: 0.999978 -0.00592247 -0.0027437 0.00587354 0.999832 -0.0173505 0.00284529 0.0173345 0.999845 0.222592 1.47648 -1.34726
FixedParameters: 0 0 0

#Transform 178
Transform: AffineTransform_float_3_3
Parameters: 0.999977 -0.0059931 -0.00294005 0.0059419 0.999837 -0.0170918 0.00304195 0.0170741 0.999849 0.22161 1.45983 -1.34343
FixedParameters: 0 0 0

#Transform 179
Transform: AffineTransform_float_3_3
Parameters: 0.999976 -0.00624931 -0.00280344 0.00619869 0.999825 -0.0176088 0.00291255 0.0175912 0.999841 0.241394 1.49031 -1.36941
FixedParameters: 0 0 0
