# transform file /out/sourcedata/freesurfer/sub-v2s8x29252_ses-1/mri/transforms/cc_up.lta
# created by oesteban on Sat Mar 14 04:45:37 2026

type      = 0 # LINEAR_VOX_TO_VOX
nxforms   = 1
mean      = 132.0000 113.0000 112.0000
sigma     = 10000.0000
1 4 4
9.977106451988220e-01 -1.670169271528721e-02 6.553246080875397e-02 -8.909826278686523e+00 
1.666578091681004e-02 9.998605251312256e-01 1.094655715860426e-03 2.969966316223145e+01 
-6.554160267114639e-02 0.000000000000000e+00 9.978498220443726e-01 3.287511062622070e+01 
0.000000000000000e+00 0.000000000000000e+00 0.000000000000000e+00 1.000000000000000e+00 
src volume info
valid = 1  # volume info valid
filename = /out/sourcedata/freesurfer/sub-v2s8x29252_ses-1/mri/norm.mgz
volume = 256 256 256
voxelsize = 1.000000000000000e+00 1.000000000000000e+00 1.000000000000000e+00
xras   = -1.000000000000000e+00 0.000000000000000e+00 0.000000000000000e+00
yras   = 0.000000000000000e+00 0.000000000000000e+00 -1.000000000000000e+00
zras   = 0.000000000000000e+00 1.000000000000000e+00 0.000000000000000e+00
cras   = 1.006271362304688e+01 2.771072387695312e-01 -6.951812744140625e+00
dst volume info
valid = 1  # volume info valid
filename = /out/sourcedata/freesurfer/sub-v2s8x29252_ses-1/mri/norm.mgz
volume = 256 256 256
voxelsize = 1.000000000000000e+00 1.000000000000000e+00 1.000000000000000e+00
xras   = -1.000000000000000e+00 0.000000000000000e+00 0.000000000000000e+00
yras   = 0.000000000000000e+00 0.000000000000000e+00 -1.000000000000000e+00
zras   = 0.000000000000000e+00 1.000000000000000e+00 0.000000000000000e+00
cras   = 1.006271362304688e+01 2.771072387695312e-01 -6.951812744140625e+00
