# transform file /out/sourcedata/freesurfer/sub-v2s8x29228_ses-1/mri/transforms/cc_up.lta
# created by oesteban on Sat Mar 14 03:44:21 2026

type      = 0 # LINEAR_VOX_TO_VOX
nxforms   = 1
mean      = 131.0000 133.0000 112.0000
sigma     = 10000.0000
1 4 4
9.899370670318604e-01 1.413418501615524e-01 6.875565741211176e-03 -1.850290870666504e+01 
-1.413384377956390e-01 9.899609088897705e-01 -9.816600941121578e-04 3.376091766357422e+01 
-6.945290602743626e-03 0.000000000000000e+00 9.999759793281555e-01 2.591231536865234e+01 
0.000000000000000e+00 0.000000000000000e+00 0.000000000000000e+00 1.000000000000000e+00 
src volume info
valid = 1  # volume info valid
filename = /out/sourcedata/freesurfer/sub-v2s8x29228_ses-1/mri/norm.mgz
volume = 256 256 256
voxelsize = 1.000000000000000e+00 1.000000000000000e+00 1.000000000000000e+00
xras   = -1.000000000000000e+00 0.000000000000000e+00 0.000000000000000e+00
yras   = 0.000000000000000e+00 0.000000000000000e+00 -1.000000000000000e+00
zras   = 0.000000000000000e+00 1.000000000000000e+00 0.000000000000000e+00
cras   = 4.279579162597656e+00 1.000000000000000e+00 6.060241699218750e+00
dst volume info
valid = 1  # volume info valid
filename = /out/sourcedata/freesurfer/sub-v2s8x29228_ses-1/mri/norm.mgz
volume = 256 256 256
voxelsize = 1.000000000000000e+00 1.000000000000000e+00 1.000000000000000e+00
xras   = -1.000000000000000e+00 0.000000000000000e+00 0.000000000000000e+00
yras   = 0.000000000000000e+00 0.000000000000000e+00 -1.000000000000000e+00
zras   = 0.000000000000000e+00 1.000000000000000e+00 0.000000000000000e+00
cras   = 4.279579162597656e+00 1.000000000000000e+00 6.060241699218750e+00
