#Insight Transform File V1.0
#Transform 0
Transform: AffineTransform_float_3_3
Parameters: 1 0.000104258 0.000572136 -0.000104742 0.999999 0.00129694 -0.000571865 -0.00129706 0.999999 0.0490545 -0.140409 -0.631394
FixedParameters: 0 0 0

#Transform 1
Transform: AffineTransform_float_3_3
Parameters: 1 0.000618199 0.00012502 -0.000617801 0.999998 -0.00158608 -0.00012598 0.00158592 0.999998 0.0202355 0.142079 -0.0319527
FixedParameters: 0 0 0

#Transform 2
Transform: AffineTransform_float_3_3
Parameters: 0.999999 0.000154692 0.000728643 -0.000152307 0.999998 -0.00232211 -0.000729355 0.00232189 0.999997 -0.0160759 0.237642 -0.0513885
FixedParameters: 0 0 0

#Transform 3
Transform: AffineTransform_float_3_3
Parameters: 0.999999 0.000691991 0.00107072 -0.000690008 0.999998 -0.00185974 -0.00107228 0.00185826 0.999997 -0.0325283 0.188368 0.00949024
FixedParameters: 0 0 0

#Transform 4
Transform: AffineTransform_float_3_3
Parameters: 1 2.33633e-06 0.001157 -6.63663e-07 1 -0.001155 -0.001157 0.001155 0.999998 -0.0591588 0.152156 0.00514741
FixedParameters: 0 0 0

#Transform 5
Transform: AffineTransform_float_3_3
Parameters: 1 5.247e-05 0.00109293 -5.05299e-05 0.999999 -0.00134506 -0.00109307 0.00134494 0.999998 -0.0382697 0.179922 -0.00660799
FixedParameters: 0 0 0

#Transform 6
Transform: AffineTransform_float_3_3
Parameters: 1 0.000793647 0.000828426 -0.000792353 0.999997 -0.00198566 -0.000830575 0.00198534 0.999997 -0.0358655 0.231178 -0.0207196
FixedParameters: 0 0 0

#Transform 7
Transform: AffineTransform_float_3_3
Parameters: 1 5.2068e-05 0.00104595 -5.0932e-05 1 -0.00102105 -0.00104605 0.00102095 0.999999 -0.0730917 0.180843 0.00641305
FixedParameters: 0 0 0

#Transform 8
Transform: AffineTransform_float_3_3
Parameters: 1 -0.000354946 9.02105e-05 0.000355053 1 -0.000592968 -8.97894e-05 0.000593032 1 0.0578214 0.144473 0.00374856
FixedParameters: 0 0 0

#Transform 9
Transform: AffineTransform_float_3_3
Parameters: 0.999999 0.000310628 0.00139364 -0.000308371 1 -0.00116843 -0.00139436 0.00116757 0.999999 -0.0821556 0.168171 0.00743076
FixedParameters: 0 0 0

#Transform 10
Transform: AffineTransform_float_3_3
Parameters: 0.999999 0.00100544 0.000209891 -0.00100456 0.999998 -0.00209821 -0.000212108 0.00209779 0.999998 0.00628454 0.238719 -0.0127107
FixedParameters: 0 0 0

#Transform 11
Transform: AffineTransform_float_3_3
Parameters: 1 0.000656845 0.000789299 -0.000656156 0.999999 -0.00106952 -0.000789703 0.00106948 0.999999 -0.0277051 0.16746 0.0121211
FixedParameters: 0 0 0

#Transform 12
Transform: AffineTransform_float_3_3
Parameters: 1 0.000733823 0.000883318 -0.000732178 1 -0.000930648 -0.000884682 0.000930352 0.999999 -0.0386252 0.15849 0.0553925
FixedParameters: 0 0 0

#Transform 13
Transform: AffineTransform_float_3_3
Parameters: 1 0.000310951 2.36512e-05 -0.000311047 0.999998 0.00209399 -2.23487e-05 -0.00209401 0.999998 0.0274276 -0.0507666 0.0991119
FixedParameters: 0 0 0

#Transform 14
Transform: AffineTransform_float_3_3
Parameters: 1 0.000451028 0.000144912 -0.000450971 1 -0.000196065 -0.000145088 0.000195935 1 0.00931809 0.108208 0.05968
FixedParameters: 0 0 0

#Transform 15
Transform: AffineTransform_float_3_3
Parameters: 0.999999 0.000592038 0.000587961 -0.000591961 1 -6.6348e-05 -0.000588039 6.56519e-05 1 -0.0573479 0.111481 0.0641257
FixedParameters: 0 0 0

#Transform 16
Transform: AffineTransform_float_3_3
Parameters: 1 0.0010795 0.000464831 -0.0010795 0.999999 -0.0010835 -0.000465169 0.0010825 1 -0.00814973 0.178672 0.018761
FixedParameters: 0 0 0

#Transform 17
Transform: AffineTransform_float_3_3
Parameters: 1 0.000895504 0.000391851 -0.000895496 0.999999 -0.00128435 -0.00039315 0.00128365 0.999999 -0.0469751 0.184417 0.0295335
FixedParameters: 0 0 0

#Transform 18
Transform: AffineTransform_float_3_3
Parameters: 1 0.000521477 0.000339268 -0.000521522 0.999999 -0.00140418 -0.000340733 0.00140482 0.999999 -0.0143556 0.198555 0.0300213
FixedParameters: 0 0 0

#Transform 19
Transform: AffineTransform_float_3_3
Parameters: 1 0.000567369 0.000399476 -0.00056663 1 -0.000924226 -0.000400523 0.000923773 0.999999 0.0134872 0.162203 -0.00976168
FixedParameters: 0 0 0

#Transform 20
Transform: AffineTransform_float_3_3
Parameters: 0.999999 0.000835582 0.00089746 -0.00083542 1 -0.000647751 -0.000897542 0.000647251 1 -0.0666587 0.149805 0.0131818
FixedParameters: 0 0 0

#Transform 21
Transform: AffineTransform_float_3_3
Parameters: 0.999999 0.00117282 0.000500083 -0.00117218 0.999998 -0.00163559 -0.000502917 0.00163441 0.999998 -0.0264061 0.256359 -0.09375
FixedParameters: 0 0 0

#Transform 22
Transform: AffineTransform_float_3_3
Parameters: 0.999999 0.000677708 0.00109394 -0.000676292 0.999998 -0.00156074 -0.00109506 0.00156026 0.999998 -0.129903 0.224872 -0.0216223
FixedParameters: 0 0 0

#Transform 23
Transform: AffineTransform_float_3_3
Parameters: 0.999999 0.00141691 -3.94403e-05 -0.00141709 0.999996 -0.00242795 3.55594e-05 0.00242805 0.999997 -0.0106947 0.322361 -0.12751
FixedParameters: 0 0 0

#Transform 24
Transform: AffineTransform_float_3_3
Parameters: 0.999999 0.000699564 0.00117407 -0.000698435 0.999999 -0.00133182 -0.00117593 0.00133118 0.999999 -0.125644 0.203852 -0.0184589
FixedParameters: 0 0 0

#Transform 25
Transform: AffineTransform_float_3_3
Parameters: 0.999999 0.0012247 0.000610597 -0.0012233 0.999998 -0.00114675 -0.000612403 0.00114625 0.999999 -0.0652701 0.243393 -0.108944
FixedParameters: 0 0 0

#Transform 26
Transform: AffineTransform_float_3_3
Parameters: 0.999999 0.000555682 0.000667603 -0.000554316 0.999996 -0.00251737 -0.000669397 0.00251663 0.999996 -0.116111 0.347531 -0.125092
FixedParameters: 0 0 0

#Transform 27
Transform: AffineTransform_float_3_3
Parameters: 0.999998 0.00080204 0.00190973 -0.000798959 0.999999 -0.00159253 -0.00191127 0.00159047 0.999997 -0.185929 0.269487 -0.0761823
FixedParameters: 0 0 0

#Transform 28
Transform: AffineTransform_float_3_3
Parameters: 0.999999 0.000668962 0.00172347 -0.00066504 0.999997 -0.00229815 -0.00172453 0.00229685 0.999996 -0.189266 0.277645 -0.0581172
FixedParameters: 0 0 0

#Transform 29
Transform: AffineTransform_float_3_3
Parameters: 0.999998 0.00118159 0.00115338 -0.00118041 0.999999 -0.00137636 -0.00115462 0.00137464 0.999999 -0.128959 0.253385 -0.133512
FixedParameters: 0 0 0

#Transform 30
Transform: AffineTransform_float_3_3
Parameters: 0.999999 0.000953763 0.00115354 -0.000951238 0.999999 -0.0015281 -0.00115445 0.0015269 0.999998 -0.147108 0.279953 -0.140504
FixedParameters: 0 0 0

#Transform 31
Transform: AffineTransform_float_3_3
Parameters: 0.999999 0.00101783 0.00112846 -0.00101517 0.999997 -0.00250215 -0.00113154 0.00250085 0.999996 -0.136348 0.350679 -0.113968
FixedParameters: 0 0 0

#Transform 32
Transform: AffineTransform_float_3_3
Parameters: 0.999999 0.000796002 0.0011413 -0.000794999 1 -0.000877908 -0.0011417 0.000877092 0.999999 -0.139446 0.230055 -0.131986
FixedParameters: 0 0 0

#Transform 33
Transform: AffineTransform_float_3_3
Parameters: 0.999999 0.000495472 0.00177103 -0.000491529 0.999998 -0.00195987 -0.00177197 0.00195912 0.999996 -0.184857 0.288109 -0.131702
FixedParameters: 0 0 0

#Transform 34
Transform: AffineTransform_float_3_3
Parameters: 1 0.000664222 0.000236376 -0.000663778 1 -0.000939157 -0.000236623 0.000938843 0.999999 -0.0577734 0.242818 -0.131137
FixedParameters: 0 0 0

#Transform 35
Transform: AffineTransform_float_3_3
Parameters: 0.999999 0.000372861 0.000869631 -0.00037214 1 -0.000989325 -0.000869369 0.000989677 0.999999 -0.129423 0.219758 -0.113653
FixedParameters: 0 0 0

#Transform 36
Transform: AffineTransform_float_3_3
Parameters: 0.999999 0.000818236 0.000236182 -0.000818763 0.999999 -0.00100019 -0.000236819 0.000999806 0.999999 -0.0500831 0.252357 -0.140877
FixedParameters: 0 0 0

#Transform 37
Transform: AffineTransform_float_3_3
Parameters: 1 0.000254436 0.000638826 -0.000254564 0.999999 -0.000682162 -0.000639173 0.000681837 0.999999 -0.116484 0.230569 -0.119356
FixedParameters: 0 0 0

#Transform 38
Transform: AffineTransform_float_3_3
Parameters: 1 0.000737838 0.000912517 -0.000735163 0.999997 -0.00201267 -0.000913481 0.00201233 0.999997 -0.118923 0.276341 -0.0872274
FixedParameters: 0 0 0

#Transform 39
Transform: AffineTransform_float_3_3
Parameters: 1 0.000371114 0.00105826 -0.000368886 0.999998 -0.00199739 -0.00105874 0.00199661 0.999998 -0.110274 0.254135 -0.0373535
FixedParameters: 0 0 0

#Transform 40
Transform: AffineTransform_float_3_3
Parameters: 0.999999 0.000404676 0.00141424 -0.000402323 0.999998 -0.00189157 -0.00141576 0.00189143 0.999997 -0.167146 0.275308 -0.0701477
FixedParameters: 0 0 0

#Transform 41
Transform: AffineTransform_float_3_3
Parameters: 0.999998 0.00050158 0.00181274 -0.000496418 0.999996 -0.0025269 -0.00181426 0.00252509 0.999995 -0.164366 0.341682 -0.115309
FixedParameters: 0 0 0

#Transform 42
Transform: AffineTransform_float_3_3
Parameters: 0.999999 0.000479796 0.00172768 -0.000475202 0.999996 -0.00277582 -0.00172933 0.00277417 0.999994 -0.206565 0.345406 -0.126171
FixedParameters: 0 0 0

#Transform 43
Transform: AffineTransform_float_3_3
Parameters: 0.999998 0.000507755 0.00205307 -0.000503245 0.999998 -0.00182904 -0.00205392 0.00182796 0.999996 -0.200075 0.289951 -0.0942256
FixedParameters: 0 0 0

#Transform 44
Transform: AffineTransform_float_3_3
Parameters: 0.999999 -1.68869e-05 0.00148603 1.91131e-05 0.999999 -0.00142197 -0.00148597 0.00142203 0.999998 -0.169438 0.237971 -0.0624118
FixedParameters: 0 0 0

#Transform 45
Transform: AffineTransform_float_3_3
Parameters: 1 -0.000131112 0.00103924 0.000133888 0.999999 -0.00181686 -0.00103876 0.00181714 0.999998 -0.116566 0.263497 -0.0361169
FixedParameters: 0 0 0

#Transform 46
Transform: AffineTransform_float_3_3
Parameters: 1 0.0001359 0.00115878 -0.000134102 0.999998 -0.00163916 -0.00115822 0.00163984 0.999998 -0.124518 0.261084 -0.0308718
FixedParameters: 0 0 0

#Transform 47
Transform: AffineTransform_float_3_3
Parameters: 1 -1.7751e-05 0.00118502 1.9249e-05 1 -0.00105398 -0.00118498 0.00105402 0.999998 -0.149407 0.213846 -0.00308314
FixedParameters: 0 0 0

#Transform 48
Transform: AffineTransform_float_3_3
Parameters: 0.999999 -1.76825e-05 0.00125002 1.93175e-05 1 -0.00105398 -0.00124998 0.00105402 0.999998 -0.122198 0.213869 -0.0221555
FixedParameters: 0 0 0

#Transform 49
Transform: AffineTransform_float_3_3
Parameters: 0.999998 -0.000481107 0.00186323 0.000481894 1 -0.000479103 -0.00186377 0.000479898 0.999998 -0.185439 0.17559 -0.0161658
FixedParameters: 0 0 0

#Transform 50
Transform: AffineTransform_float_3_3
Parameters: 0.999999 0.000536494 0.000693617 -0.000536504 0.999999 -0.000713372 -0.000694382 0.000712627 0.999999 -0.112143 0.248212 -0.167067
FixedParameters: 0 0 0

#Transform 51
Transform: AffineTransform_float_3_3
Parameters: 1 4.30741e-05 0.00104996 -4.19258e-05 1 -0.00102304 -0.00105004 0.00102296 0.999999 -0.138166 0.259567 -0.1564
FixedParameters: 0 0 0

#Transform 52
Transform: AffineTransform_float_3_3
Parameters: 1 6.25846e-05 0.00114608 -6.44165e-05 0.999999 0.00123493 -0.00114692 -0.00123507 0.999998 -0.148941 0.0850704 -0.060498
FixedParameters: 0 0 0

#Transform 53
Transform: AffineTransform_float_3_3
Parameters: 1 0.000548631 0.000319634 -0.00054937 0.999999 0.00115583 -0.000319366 -0.00115518 1 -0.0709872 0.105933 -0.0970398
FixedParameters: 0 0 0

#Transform 54
Transform: AffineTransform_float_3_3
Parameters: 0.999999 0.000467121 0.00124333 -0.000467879 0.999999 0.000707419 -0.00124267 -0.000707581 0.999999 -0.163139 0.111996 -0.0478248
FixedParameters: 0 0 0

#Transform 55
Transform: AffineTransform_float_3_3
Parameters: 1 0.000348821 0.000614102 -0.000349179 1 0.000291786 -0.000613898 -0.000292214 1 -0.0953352 0.155055 -0.0833642
FixedParameters: 0 0 0

#Transform 56
Transform: AffineTransform_float_3_3
Parameters: 0.999999 -2.39079e-05 0.001806 2.40921e-05 1 -5.09566e-05 -0.001806 5.10433e-05 0.999999 -0.196337 0.169752 -0.0680571
FixedParameters: 0 0 0

#Transform 57
Transform: AffineTransform_float_3_3
Parameters: 1 0.000491784 0.000789513 -0.000491217 1 -0.000992389 -0.000789488 0.000991613 0.999999 -0.105356 0.289282 -0.205072
FixedParameters: 0 0 0

#Transform 58
Transform: AffineTransform_float_3_3
Parameters: 0.999999 0.000866346 -0.000933679 -0.000865654 0.999999 0.000370808 0.000933321 -0.000370191 0.999999 -0.0165609 0.30379 -0.443254
FixedParameters: 0 0 0

#Transform 59
Transform: AffineTransform_float_3_3
Parameters: 0.999997 0.0013522 -0.00165212 -0.0013558 0.999997 -0.00230377 0.00164888 0.00230624 0.999996 0.000989211 0.516686 -0.481064
FixedParameters: 0 0 0

#Transform 60
Transform: AffineTransform_float_3_3
Parameters: 0.999999 0.00111428 -0.000660526 -0.00111372 1 0.000425736 0.000661473 -0.000424263 0.999999 -0.0639667 0.284864 -0.285241
FixedParameters: 0 0 0

#Transform 61
Transform: AffineTransform_float_3_3
Parameters: 1 0.00104326 -0.000320163 -0.00104274 0.999999 0.000802334 0.000321836 -0.000801665 0.999999 -0.105865 0.267576 -0.264923
FixedParameters: 0 0 0

#Transform 62
Transform: AffineTransform_float_3_3
Parameters: 0.999999 0.00104309 -0.000716874 -0.00104291 0.999999 0.000120748 0.000717126 -0.000120252 0.999999 -0.0423546 0.308567 -0.274097
FixedParameters: 0 0 0

#Transform 63
Transform: AffineTransform_float_3_3
Parameters: 1 0.000590109 -0.000129503 -0.000589891 1 0.000842077 0.000129497 -0.000841924 0.999999 -0.105724 0.25685 -0.248274
FixedParameters: 0 0 0

#Transform 64
Transform: AffineTransform_float_3_3
Parameters: 1 0.000590042 -0.000120792 -0.000589957 1 0.000353071 0.000120208 -0.000352929 1 -0.0836549 0.263091 -0.254353
FixedParameters: 0 0 0

#Transform 65
Transform: AffineTransform_float_3_3
Parameters: 1 0.000581 -4.80011e-05 -0.000581 1 -1.97211e-06 4.79988e-05 2.02789e-06 1 -0.08213 0.273966 -0.215199
FixedParameters: 0 0 0

#Transform 66
Transform: AffineTransform_float_3_3
Parameters: 1 0.000148842 0.000270087 -0.000149158 1 0.00058396 -0.000269913 -0.00058404 1 -0.137617 0.209801 -0.18033
FixedParameters: 0 0 0

#Transform 67
Transform: AffineTransform_float_3_3
Parameters: 1 0.00058002 0.000269957 -0.00057998 1 -7.41566e-05 -0.000270043 7.38434e-05 1 -0.103135 0.253499 -0.170831
FixedParameters: 0 0 0

#Transform 68
Transform: AffineTransform_float_3_3
Parameters: 0.999999 0.000668278 0.00026931 -0.000668722 0.999999 -0.00103218 -0.00026969 0.00103182 1 -0.136526 0.29977 -0.191673
FixedParameters: 0 0 0

#Transform 69
Transform: AffineTransform_float_3_3
Parameters: 1 0.000293243 -0.000287773 -0.000294755 0.999997 -0.00263292 0.000286225 0.00263309 0.999997 -0.0796488 0.423224 -0.259791
FixedParameters: 0 0 0

#Transform 70
Transform: AffineTransform_float_3_3
Parameters: 1 0.000426531 0.000300841 -0.000424468 0.999987 -0.00507113 -0.000303156 0.00507087 0.999987 -0.11691 0.583591 -0.315928
FixedParameters: 0 0 0

#Transform 71
Transform: AffineTransform_float_3_3
Parameters: 1 0.000151338 0.000276734 -0.00014866 0.999965 -0.00842905 -0.000278263 0.00842897 0.999965 -0.115135 0.797736 -0.360172
FixedParameters: 0 0 0

#Transform 72
Transform: AffineTransform_float_3_3
Parameters: 1 0.000544287 -0.000338767 -0.000545714 0.999987 -0.00507582 0.000336234 0.00507618 0.999987 -0.0542224 0.599298 -0.248799
FixedParameters: 0 0 0

#Transform 73
Transform: AffineTransform_float_3_3
Parameters: 1 0.000328314 -0.00026884 -0.000328686 0.999996 -0.00255591 0.000268161 0.00255509 0.999996 -0.090567 0.441499 -0.229914
FixedParameters: 0 0 0

#Transform 74
Transform: AffineTransform_float_3_3
Parameters: 1 0.000953142 -0.000738406 -0.000954859 0.999997 -0.0025213 0.000735595 0.0025217 0.999996 -0.0470758 0.471614 -0.276758
FixedParameters: 0 0 0

#Transform 75
Transform: AffineTransform_float_3_3
Parameters: 0.999998 0.00136079 -0.00190601 -0.00136521 0.999996 -0.0022094 0.00190299 0.00221159 0.999995 0.0202867 0.491512 -0.36951
FixedParameters: 0 0 0

#Transform 76
Transform: AffineTransform_float_3_3
Parameters: 0.999997 0.000869358 -0.00228573 -0.000865641 0.999998 0.00146998 0.00228727 -0.00146802 0.999997 0.0547071 0.227377 -0.269716
FixedParameters: 0 0 0

#Transform 77
Transform: AffineTransform_float_3_3
Parameters: 1 0.000615504 -0.000898289 -0.000613497 0.999996 0.00278555 0.000899712 -0.00278445 0.999995 -0.0299619 0.115568 -0.178992
FixedParameters: 0 0 0

#Transform 78
Transform: AffineTransform_float_3_3
Parameters: 1 0.000506144 -0.000899358 -0.000504857 0.999999 0.00127145 0.000899643 -0.00127055 0.999999 -0.0550664 0.218278 -0.211596
FixedParameters: 0 0 0

#Transform 79
Transform: AffineTransform_float_3_3
Parameters: 0.999999 0.000634305 -0.00136486 -0.000633695 1 0.000223865 0.00136514 -0.000223134 0.999999 0.020816 0.269206 -0.222433
FixedParameters: 0 0 0

#Transform 80
Transform: AffineTransform_float_3_3
Parameters: 1 0.00069152 -0.000899602 -0.00069048 0.999999 0.000577622 0.0009004 -0.000577378 1 -0.0316643 0.246364 -0.228965
FixedParameters: 0 0 0

#Transform 81
Transform: AffineTransform_float_3_3
Parameters: 1 0.000566328 -0.000899795 -0.000565672 1 0.000364509 0.000900207 -0.000364491 1 -0.0320314 0.256155 -0.219849
FixedParameters: 0 0 0

#Transform 82
Transform: AffineTransform_float_3_3
Parameters: 0.999999 0.000706292 -0.00124984 -0.000705708 0.999999 0.000233882 0.00125017 -0.000233117 0.999999 0.0154363 0.248392 -0.17896
FixedParameters: 0 0 0

#Transform 83
Transform: AffineTransform_float_3_3
Parameters: 0.999999 0.000506854 -0.00125806 -0.000507147 1 -0.000116362 0.00125794 0.000116638 0.999999 -0.00369661 0.270852 -0.219585
FixedParameters: 0 0 0

#Transform 84
Transform: AffineTransform_float_3_3
Parameters: 0.999999 0.000390698 -0.0012261 -0.000391303 1 -0.00024652 0.0012259 0.000246479 0.999999 -0.0109155 0.291901 -0.218346
FixedParameters: 0 0 0

#Transform 85
Transform: AffineTransform_float_3_3
Parameters: 0.999999 0.000389837 -0.00120038 -0.000391164 1 -0.000968531 0.00120062 0.000969469 0.999999 -0.00325563 0.326195 -0.251638
FixedParameters: 0 0 0

#Transform 86
Transform: AffineTransform_float_3_3
Parameters: 0.999999 0.000461544 -0.00124817 -0.000461455 1 -0.000364424 0.00124783 0.000365576 0.999999 -0.0121023 0.288356 -0.250824
FixedParameters: 0 0 0

#Transform 87
Transform: AffineTransform_float_3_3
Parameters: 0.999999 0.000351764 -0.00125607 -0.000352236 1 -0.000187558 0.00125593 0.000188442 0.999999 -0.0323258 0.291162 -0.24388
FixedParameters: 0 0 0

#Transform 88
Transform: AffineTransform_float_3_3
Parameters: 0.999999 0.000720387 -0.00133933 -0.000721613 0.999999 -0.000457034 0.00133967 0.000457965 0.999999 -0.00153734 0.306431 -0.246205
FixedParameters: 0 0 0

#Transform 89
Transform: AffineTransform_float_3_3
Parameters: 1 0.00039724 -0.000978904 -0.00039676 1 0.000245389 0.000979098 -0.000244611 1 -0.0512632 0.256158 -0.248166
FixedParameters: 0 0 0

#Transform 90
Transform: AffineTransform_float_3_3
Parameters: 0.999999 0.000285842 -0.00124604 -0.000285158 1 -0.000126645 0.00124596 0.000127356 0.999999 -0.0256689 0.295121 -0.247683
FixedParameters: 0 0 0

#Transform 91
Transform: AffineTransform_float_3_3
Parameters: 0.999999 0.000480956 -0.00149733 -0.000482042 0.999999 -0.000696279 0.00149666 0.00069772 0.999998 -0.00484725 0.341182 -0.2539
FixedParameters: 0 0 0

#Transform 92
Transform: AffineTransform_float_3_3
Parameters: 0.999999 0.000339115 -0.00128497 -0.000338884 1 9.04355e-05 0.00128503 -8.95643e-05 0.999999 -0.0337547 0.279568 -0.241847
FixedParameters: 0 0 0

#Transform 93
Transform: AffineTransform_float_3_3
Parameters: 0.999999 0.00036645 -0.00121817 -0.000367551 1 -0.000451553 0.00121883 0.000451447 0.999999 -0.0308674 0.334484 -0.265824
FixedParameters: 0 0 0

#Transform 94
Transform: AffineTransform_float_3_3
Parameters: 1 0.000285524 -0.00105613 -0.000285477 1 -0.000451699 0.00105587 0.000451302 1 -0.0450923 0.314777 -0.210741
FixedParameters: 0 0 0

#Transform 95
Transform: AffineTransform_float_3_3
Parameters: 0.999999 0.000285626 -0.00139308 -0.000285373 1 -0.000267603 0.00139292 0.000268398 0.999999 -0.0340802 0.302841 -0.235178
FixedParameters: 0 0 0

#Transform 96
Transform: AffineTransform_float_3_3
Parameters: 0.999999 0.000477452 -0.00160916 -0.000478548 1 -0.00034023 0.00160884 0.000340768 0.999998 0.0159842 0.307878 -0.239098
FixedParameters: 0 0 0

#Transform 97
Transform: AffineTransform_float_3_3
Parameters: 0.999999 0.000285834 -0.000843056 -0.000285166 1 -0.00019676 0.000842943 0.000197241 0.999999 -0.0658019 0.270786 -0.181849
FixedParameters: 0 0 0

#Transform 98
Transform: AffineTransform_float_3_3
Parameters: 0.999998 0.000821604 -0.00215853 -0.000822398 1 -0.000646226 0.00215847 0.000647775 0.999997 0.0377617 0.338104 -0.210993
FixedParameters: 0 0 0

#Transform 99
Transform: AffineTransform_float_3_3
Parameters: 0.999998 0.000555774 -0.00154108 -0.000555226 1 -0.000146144 0.00154092 0.000146857 0.999999 -0.00971187 0.29895 -0.220307
FixedParameters: 0 0 0

#Transform 100
Transform: AffineTransform_float_3_3
Parameters: 0.999999 0.00015743 -0.00153106 -0.000157571 1 -0.000372759 0.00153094 0.000372241 0.999999 0.00302435 0.29039 -0.215902
FixedParameters: 0 0 0

#Transform 101
Transform: AffineTransform_float_3_3
Parameters: 0.999997 0.000329914 -0.00247468 -0.000335087 0.999998 -0.00205518 0.00247432 0.00205582 0.999995 0.100562 0.402297 -0.293497
FixedParameters: 0 0 0

#Transform 102
Transform: AffineTransform_float_3_3
Parameters: 0.999998 3.16692e-05 -0.001679 -3.23307e-05 1 -0.000196946 0.00167899 0.000197053 0.999998 0.0182223 0.285085 -0.23325
FixedParameters: 0 0 0

#Transform 103
Transform: AffineTransform_float_3_3
Parameters: 0.999998 0.00056042 -0.00184767 -0.000555581 0.999997 0.00239203 0.00184834 -0.00239097 0.999996 0.0655991 0.0973626 -0.144205
FixedParameters: 0 0 0

#Transform 104
Transform: AffineTransform_float_3_3
Parameters: 0.999999 -0.000989033 -0.00122958 0.000990966 0.999998 0.00159978 0.00122742 -0.00160122 0.999998 -0.015385 0.0253071 0.118625
FixedParameters: 0 0 0

#Transform 105
Transform: AffineTransform_float_3_3
Parameters: 0.999997 3.09317e-05 -0.00217297 -2.90681e-05 0.999999 0.000889065 0.00217303 -0.000888935 0.999997 0.0574104 0.0863479 0.0600681
FixedParameters: 0 0 0

#Transform 106
Transform: AffineTransform_float_3_3
Parameters: 0.999997 0.000510243 -0.00229117 -0.000510757 1 -0.000329831 0.00229183 0.00033117 0.999998 0.0700977 0.292724 -0.138132
FixedParameters: 0 0 0

#Transform 107
Transform: AffineTransform_float_3_3
Parameters: 0.999999 1.12357e-05 -0.000938996 -1.17643e-05 1 0.000251011 0.000939002 -0.000250989 0.999999 -0.0467537 0.228797 -0.106865
FixedParameters: 0 0 0

#Transform 108
Transform: AffineTransform_float_3_3
Parameters: 0.999999 -4.44918e-05 -0.00181704 4.6508e-05 0.999999 0.000829917 0.00181696 -0.000830082 0.999998 0.0370392 0.177211 -0.0956942
FixedParameters: 0 0 0

#Transform 109
Transform: AffineTransform_float_3_3
Parameters: 0.999999 0.000234301 -0.00133743 -0.000231699 0.999997 0.00246831 0.00133758 -0.00246769 0.999996 -0.0204619 0.0469518 -0.0591374
FixedParameters: 0 0 0

#Transform 110
Transform: AffineTransform_float_3_3
Parameters: 0.999997 -0.000395585 -0.0025097 0.000399414 0.999999 0.001759 0.0025083 -0.00176 0.999996 0.100234 0.0114776 0.164931
FixedParameters: 0 0 0

#Transform 111
Transform: AffineTransform_float_3_3
Parameters: 1 -0.000618852 -0.000895881 0.00062315 0.999989 0.00463844 0.000893119 -0.00463855 0.999989 -0.0714723 -0.168693 0.119881
FixedParameters: 0 0 0

#Transform 112
Transform: AffineTransform_float_3_3
Parameters: 1 -0.000321101 -0.000965969 0.0003239 0.999996 0.00300269 0.000965032 -0.00300331 0.999995 -0.0572183 -0.00571073 -0.00438282
FixedParameters: 0 0 0

#Transform 113
Transform: AffineTransform_float_3_3
Parameters: 0.999999 -0.000508779 -0.0012755 0.000515218 0.999988 0.00488135 0.0012725 -0.00488265 0.999988 -0.0663476 -0.103829 -0.00894081
FixedParameters: 0 0 0

#Transform 114
Transform: AffineTransform_float_3_3
Parameters: 0.999999 -4.82406e-05 -0.00127315 5.17589e-05 0.999995 0.00295293 0.00127285 -0.00295306 0.999995 -0.0375053 0.0394075 -0.0697079
FixedParameters: 0 0 0

#Transform 115
Transform: AffineTransform_float_3_3
Parameters: 0.999999 -0.000431825 -0.000797637 0.000433175 0.999999 0.00147365 0.000797362 -0.00147334 0.999998 -0.0955027 0.14147 -0.0561749
FixedParameters: 0 0 0

#Transform 116
Transform: AffineTransform_float_3_3
Parameters: 0.999999 -0.000238371 -0.00151442 0.000240629 0.999998 0.00173664 0.00151358 -0.00173636 0.999998 -0.0258734 0.14426 -0.0921198
FixedParameters: 0 0 0

#Transform 117
Transform: AffineTransform_float_3_3
Parameters: 1 -4.26337e-05 -0.00120609 4.43673e-05 0.999998 0.00196295 0.00120592 -0.00196205 0.999998 -0.0666477 0.135612 -0.0779773
FixedParameters: 0 0 0

#Transform 118
Transform: AffineTransform_float_3_3
Parameters: 0.999999 -0.000325585 -0.00152873 0.000329414 0.999997 0.0022335 0.00152827 -0.0022345 0.999997 -0.0440706 0.102733 -0.0443946
FixedParameters: 0 0 0

#Transform 119
Transform: AffineTransform_float_3_3
Parameters: 0.999999 -0.00027121 -0.00143253 0.000273791 0.999998 0.00194761 0.00143247 -0.00194839 0.999997 -0.0210887 0.10029 -0.0363676
FixedParameters: 0 0 0

#Transform 120
Transform: AffineTransform_float_3_3
Parameters: 0.999999 -0.000300516 -0.000993753 0.000303484 0.999997 0.0024997 0.000993243 -0.0025003 0.999996 -0.0858027 0.0783001 -0.0742176
FixedParameters: 0 0 0

#Transform 121
Transform: AffineTransform_float_3_3
Parameters: 0.999999 -0.000358381 -0.00153585 0.000361619 0.999997 0.00235645 0.00153515 -0.00235755 0.999996 -0.0258046 0.0813352 -0.0684891
FixedParameters: 0 0 0

#Transform 122
Transform: AffineTransform_float_3_3
Parameters: 0.999999 -0.000411917 -0.00177795 0.000416084 0.999998 0.00229726 0.00177705 -0.00229774 0.999996 0.0182429 0.0781117 -0.0597966
FixedParameters: 0 0 0

#Transform 123
Transform: AffineTransform_float_3_3
Parameters: 0.999999 -0.000361873 -0.00129088 0.000365128 0.999997 0.00242353 0.00129012 -0.00242347 0.999996 -0.0400583 0.0675586 -0.0776376
FixedParameters: 0 0 0

#Transform 124
Transform: AffineTransform_float_3_3
Parameters: 0.999998 -0.000420639 -0.00158916 0.000424361 0.999996 0.00274533 0.00158784 -0.00274567 0.999995 -0.0201853 0.0553182 -0.0817773
FixedParameters: 0 0 0

#Transform 125
Transform: AffineTransform_float_3_3
Parameters: 0.999998 -0.000124268 -0.00165336 0.00012873 0.999996 0.00286179 0.00165264 -0.00286221 0.999994 0.0170175 0.0550121 -0.103396
FixedParameters: 0 0 0

#Transform 126
Transform: AffineTransform_float_3_3
Parameters: 0.999998 -0.000696631 -0.00158992 0.000701369 0.999996 0.00274889 0.00158808 -0.00275011 0.999995 -0.012077 0.0472503 -0.0684149
FixedParameters: 0 0 0

#Transform 127
Transform: AffineTransform_float_3_3
Parameters: 0.999999 -0.000400462 -0.00175128 0.000405541 0.999995 0.0031633 0.00175073 -0.00316371 0.999994 0.0128561 0.0231741 -0.0280899
FixedParameters: 0 0 0

#Transform 128
Transform: AffineTransform_float_3_3
Parameters: 0.999996 -0.000663706 -0.00275924 0.000701291 0.999908 0.0135371 0.00274976 -0.0135389 0.999904 0.0790111 -0.69705 0.374371
FixedParameters: 0 0 0

#Transform 129
Transform: AffineTransform_float_3_3
Parameters: 0.999993 -0.00114341 -0.00371545 0.00121658 0.999802 0.0198656 0.00369156 -0.0198704 0.999796 0.109474 -1.09663 0.549689
FixedParameters: 0 0 0

#Transform 130
Transform: AffineTransform_float_3_3
Parameters: 0.999988 -0.00036741 -0.00474268 0.000485598 0.999686 0.025028 0.00473232 -0.02503 0.999675 0.150825 -1.26245 0.534646
FixedParameters: 0 0 0

#Transform 131
Transform: AffineTransform_float_3_3
Parameters: 0.99999 6.3257e-05 -0.00461257 -1.73642e-06 0.999909 0.0134962 0.00461345 -0.0134959 0.999899 0.115419 -0.353016 -0.198272
FixedParameters: 0 0 0

#Transform 132
Transform: AffineTransform_float_3_3
Parameters: 0.999995 -0.000798902 -0.00281435 0.000877118 0.999612 0.0278597 0.00279165 -0.0278614 0.999608 -0.055842 -1.51482 0.929397
FixedParameters: 0 0 0

#Transform 133
Transform: AffineTransform_float_3_3
Parameters: 0.999994 -0.000806349 -0.00338366 0.000880637 0.999755 0.0221191 0.00336434 -0.0221218 0.999749 -0.0458118 -1.06126 0.476076
FixedParameters: 0 0 0

#Transform 134
Transform: AffineTransform_float_3_3
Parameters: 0.999995 -0.00100212 -0.00305715 0.00105289 0.99986 0.0166859 0.00304085 -0.0166891 0.999856 -0.0144021 -0.735983 0.21085
FixedParameters: 0 0 0

#Transform 135
Transform: AffineTransform_float_3_3
Parameters: 0.999996 -0.00146858 -0.00220315 0.00149441 0.999932 0.0115797 0.00218584 -0.0115822 0.99993 -0.0369627 -0.491802 0.228051
FixedParameters: 0 0 0

#Transform 136
Transform: AffineTransform_float_3_3
Parameters: 0.999997 -0.00147365 -0.0019942 0.00149435 0.999946 0.010241 0.0019788 -0.0102439 0.999945 -0.0893331 -0.398949 0.202918
FixedParameters: 0 0 0

#Transform 137
Transform: AffineTransform_float_3_3
Parameters: 0.999996 -0.00116601 -0.00264253 0.00119399 0.999943 0.0106149 0.00263047 -0.0106181 0.99994 -0.0455146 -0.411669 0.180072
FixedParameters: 0 0 0

#Transform 138
Transform: AffineTransform_float_3_3
Parameters: 0.999996 -0.00113035 -0.00239183 0.00115364 0.999955 0.00948728 0.00238016 -0.00949073 0.999952 -0.0441719 -0.301578 0.0773438
FixedParameters: 0 0 0

#Transform 139
Transform: AffineTransform_float_3_3
Parameters: 0.999997 -0.00138919 -0.0020301 0.00141081 0.999941 0.0107842 0.0020149 -0.0107868 0.99994 -0.11786 -0.421253 0.184429
FixedParameters: 0 0 0

#Transform 140
Transform: AffineTransform_float_3_3
Parameters: 0.999997 -0.00147124 -0.00229972 0.00149376 0.999949 0.0099276 0.00228528 -0.0099304 0.999948 -0.0740461 -0.358946 0.115432
FixedParameters: 0 0 0

#Transform 141
Transform: AffineTransform_float_3_3
Parameters: 0.999997 -0.00147665 -0.00202775 0.00149435 0.999962 0.00858 0.00201525 -0.008583 0.999961 -0.0876136 -0.27932 0.0999115
FixedParameters: 0 0 0

#Transform 142
Transform: AffineTransform_float_3_3
Parameters: 0.999997 -0.00147684 -0.00191635 0.00149416 0.999959 0.00898717 0.00190265 -0.00898984 0.999958 -0.116647 -0.305844 0.107388
FixedParameters: 0 0 0

#Transform 143
Transform: AffineTransform_float_3_3
Parameters: 0.999997 -0.00147825 -0.00187056 0.00149375 0.999963 0.00844923 0.00185744 -0.00845177 0.999962 -0.0774342 -0.270741 0.108396
FixedParameters: 0 0 0

#Transform 144
Transform: AffineTransform_float_3_3
Parameters: 0.999998 -0.00131011 -0.00190055 0.00132089 0.999982 0.0057385 0.00189345 -0.00574149 0.999981 -0.0743028 -0.0890628 0.0324807
FixedParameters: 0 0 0

#Transform 145
Transform: AffineTransform_float_3_3
Parameters: 0.999998 -0.00112956 -0.00202087 0.00114044 0.999986 0.00517171 0.00201513 -0.00517329 0.999984 -0.0679118 -0.0804619 0.0616398
FixedParameters: 0 0 0

#Transform 146
Transform: AffineTransform_float_3_3
Parameters: 0.999996 -0.000953079 -0.0027217 0.000971914 0.999976 0.00695839 0.0027143 -0.00696162 0.999972 0.00259783 -0.19591 0.125172
FixedParameters: 0 0 0

#Transform 147
Transform: AffineTransform_float_3_3
Parameters: 0.999992 -0.00203132 -0.00364929 0.00208969 0.999868 0.0161485 0.00361672 -0.0161555 0.999863 0.00921876 -0.72488 0.317171
FixedParameters: 0 0 0

#Transform 148
Transform: AffineTransform_float_3_3
Parameters: 0.99999 -0.00141689 -0.00408463 0.00148611 0.999855 0.0169661 0.00406036 -0.0169719 0.999847 0.0724408 -0.759063 0.304291
FixedParameters: 0 0 0

#Transform 149
Transform: AffineTransform_float_3_3
Parameters: 0.999993 -0.00204312 -0.00320536 0.00208987 0.99989 0.0146894 0.00317463 -0.0146966 0.999887 0.00111704 -0.645844 0.323426
FixedParameters: 0 0 0

#Transform 150
Transform: AffineTransform_float_3_3
Parameters: 0.999994 -0.000984444 -0.00333317 0.00102755 0.999914 0.0130906 0.00331983 -0.0130943 0.999909 0.0558494 -0.472711 0.0980074
FixedParameters: 0 0 0

#Transform 151
Transform: AffineTransform_float_3_3
Parameters: 0.999994 2.61272e-05 -0.00344201 2.71271e-05 0.999881 0.015434 0.00344199 -0.015434 0.999875 0.185842 -0.711735 0.260856
FixedParameters: 0 0 0

#Transform 152
Transform: AffineTransform_float_3_3
Parameters: 0.999998 -0.0018798 -0.000738983 0.00188521 0.999962 0.00848762 0.000723023 -0.00848938 0.999963 -0.107976 -0.35508 0.332193
FixedParameters: 0 0 0

#Transform 153
Transform: AffineTransform_float_3_3
Parameters: 0.999997 -0.00189824 -0.000998824 0.00190776 0.999959 0.00884112 0.00098217 -0.00884289 0.999961 -0.170817 -0.333484 0.210786
FixedParameters: 0 0 0

#Transform 154
Transform: AffineTransform_float_3_3
Parameters: 0.999995 -0.00156262 -0.00253922 0.00162037 0.99974 0.022755 0.00250277 -0.022759 0.999738 -0.0542443 -1.25883 0.888868
FixedParameters: 0 0 0

#Transform 155
Transform: AffineTransform_float_3_3
Parameters: 0.999974 0.00283894 -0.00661808 -0.00269006 0.999746 0.0224064 0.00667993 -0.0223876 0.999727 0.0685487 -1.08331 0.559792
FixedParameters: 0 0 0

#Transform 156
Transform: AffineTransform_float_3_3
Parameters: 0.99997 0.00276173 -0.00714024 -0.00262427 0.999811 0.0192283 0.00719176 -0.0192087 0.999789 0.109134 -0.857927 0.398392
FixedParameters: 0 0 0

#Transform 157
Transform: AffineTransform_float_3_3
Parameters: 0.999978 0.00203077 -0.00621087 -0.00191923 0.99984 0.0177893 0.00624612 -0.0177767 0.999823 0.0864555 -0.796152 0.356687
FixedParameters: 0 0 0

#Transform 158
Transform: AffineTransform_float_3_3
Parameters: 0.999985 0.00113127 -0.00534987 -0.00104673 0.999876 0.0157288 0.00536712 -0.0157222 0.999862 0.00311095 -0.70871 0.321642
FixedParameters: 0 0 0

#Transform 159
Transform: AffineTransform_float_3_3
Parameters: 0.999987 0.000673496 -0.00492775 -0.000602499 0.999894 0.0144961 0.00493725 -0.0144928 0.999883 0.0325735 -0.631596 0.320992
FixedParameters: 0 0 0

#Transform 160
Transform: AffineTransform_float_3_3
Parameters: 0.999989 0.000871653 -0.0047322 -0.000799336 0.999882 0.015333 0.00474582 -0.015329 0.999871 -0.0102885 -0.666504 0.314792
FixedParameters: 0 0 0

#Transform 161
Transform: AffineTransform_float_3_3
Parameters: 0.999986 0.000851203 -0.00525295 -0.000779795 0.999908 0.0135423 0.00526404 -0.0135377 0.999894 0.0651577 -0.566159 0.237183
FixedParameters: 0 0 0

#Transform 162
Transform: AffineTransform_float_3_3
Parameters: 0.999987 0.000252059 -0.00494411 -0.000186942 0.999914 0.0131551 0.00494689 -0.0131539 0.999901 0.0188385 -0.503373 0.175841
FixedParameters: 0 0 0

#Transform 163
Transform: AffineTransform_float_3_3
Parameters: 0.99998 0.000834562 -0.00614886 -0.000787437 0.999971 0.00757099 0.00615514 -0.00756601 0.999953 0.178166 0.065796 -0.333736
FixedParameters: 0 0 0

#Transform 164
Transform: AffineTransform_float_3_3
Parameters: 0.999983 0.000214299 -0.00571004 -0.0001867 0.999988 0.00478114 0.00571096 -0.00477985 0.999973 0.12267 0.285914 -0.421541
FixedParameters: 0 0 0

#Transform 165
Transform: AffineTransform_float_3_3
Parameters: 0.999984 0.000793153 -0.00555785 -0.00078485 0.999998 0.00146839 0.00555916 -0.00146461 0.999984 0.153533 0.551357 -0.446284
FixedParameters: 0 0 0

#Transform 166
Transform: AffineTransform_float_3_3
Parameters: 0.999979 0.000699506 -0.00643069 -0.000749492 0.999969 -0.00785234 0.00642531 0.00785765 0.999948 0.192077 1.2039 -0.625026
FixedParameters: 0 0 0

#Transform 167
Transform: AffineTransform_float_3_3
Parameters: 0.999972 0.00217072 -0.00717754 -0.00221528 0.999978 -0.00616727 0.00716446 0.00618272 0.999955 0.298801 1.24094 -0.678067
FixedParameters: 0 0 0

#Transform 168
Transform: AffineTransform_float_3_3
Parameters: 0.999959 0.00253791 -0.00870205 -0.00260909 0.999963 -0.00816763 0.00868095 0.00819037 0.999929 0.371434 1.43213 -0.733523
FixedParameters: 0 0 0

#Transform 169
Transform: AffineTransform_float_3_3
Parameters: 0.999954 0.00252828 -0.00923349 -0.00260872 0.999959 -0.00874132 0.00921052 0.00876469 0.999919 0.374438 1.42969 -0.690649
FixedParameters: 0 0 0

#Transform 170
Transform: AffineTransform_float_3_3
Parameters: 0.999988 0.000521027 -0.0048903 -0.000494971 0.999985 0.00532248 0.0048927 -0.00531951 0.999974 0.0810964 0.211286 0.034118
FixedParameters: 0 0 0

#Transform 171
Transform: AffineTransform_float_3_3
Parameters: 0.999991 -0.00112243 -0.00412999 0.00115457 0.999968 0.00789231 0.00412101 -0.0078967 0.999961 0.0596386 -0.136265 0.187547
FixedParameters: 0 0 0

#Transform 172
Transform: AffineTransform_float_3_3
Parameters: 0.999996 -0.00200298 -0.00221004 0.00201402 0.999986 0.00499557 0.00219996 -0.00500043 0.999985 -0.0277657 0.0831784 0.051396
FixedParameters: 0 0 0

#Transform 173
Transform: AffineTransform_float_3_3
Parameters: 0.999997 -0.00247801 -0.00116551 0.00248199 0.999991 0.00343112 0.00115649 -0.00343388 0.999993 -0.128596 0.147192 0.0561107
FixedParameters: 0 0 0

#Transform 174
Transform: AffineTransform_float_3_3
Parameters: 0.999999 -0.00142118 -0.000240894 0.00142182 0.999993 0.00344266 0.000236107 -0.00344234 0.999994 -0.150848 0.184677 0.0058569
FixedParameters: 0 0 0

#Transform 175
Transform: AffineTransform_float_3_3
Parameters: 0.999991 0.00322669 -0.00295513 -0.00319932 0.999955 0.00899055 0.00298387 -0.00898046 0.999955 -0.143302 -0.0930345 -0.00388738
FixedParameters: 0 0 0

#Transform 176
Transform: AffineTransform_float_3_3
Parameters: 0.999984 -0.00461192 -0.00325956 0.00464907 0.99992 0.011773 0.00320446 -0.011788 0.999926 0.0706009 -0.253515 0.0183449
FixedParameters: 0 0 0

#Transform 177
Transform: AffineTransform_float_3_3
Parameters: 0.999993 0.000817574 -0.00346361 -0.00078942 0.999968 0.00795579 0.00347039 -0.00795222 0.999963 -0.0606958 0.016577 -0.106616
FixedParameters: 0 0 0

#Transform 178
Transform: AffineTransform_float_3_3
Parameters: 0.999993 -0.000689403 -0.00366428 0.000736608 0.999915 0.0130044 0.00365573 -0.0130066 0.999908 0.0433612 -0.260106 -0.0300552
FixedParameters: 0 0 0

#Transform 179
Transform: AffineTransform_float_3_3
Parameters: 0.999991 -0.000535583 -0.00418717 0.000596431 0.999895 0.0144416 0.00417982 -0.0144434 0.999887 0.0596371 -0.369482 -0.0639521
FixedParameters: 0 0 0
