# transform file transforms/talairach.lta
# created by oesteban on Sat Mar 14 02:59:21 2026

type      = 0 # LINEAR_VOX_TO_VOX
nxforms   = 1
mean      = 135.0000 143.0000 114.0000
sigma     = 10000.0000
1 4 4
1.149742126464844e+00 1.094564795494080e-01 3.129328042268753e-02 -4.821789550781250e+01 
-1.155218482017517e-01 1.162724971771240e+00 9.556613862514496e-02 -4.440021133422852e+01 
-2.318166755139828e-02 -1.265235841274261e-01 1.049384713172913e+00 1.382264614105225e+01 
0.000000000000000e+00 0.000000000000000e+00 0.000000000000000e+00 1.000000000000000e+00 
src volume info
valid = 1  # volume info valid
filename = nu.mgz
volume = 256 256 256
voxelsize = 1.000000000000000e+00 1.000000000000000e+00 1.000000000000000e+00
xras   = -1.000000000000000e+00 0.000000000000000e+00 0.000000000000000e+00
yras   = 0.000000000000000e+00 0.000000000000000e+00 -1.000000000000000e+00
zras   = 0.000000000000000e+00 1.000000000000000e+00 0.000000000000000e+00
cras   = 6.651229858398438e-01 1.000000000000000e+00 1.000000000000000e+00
dst volume info
valid = 1  # volume info valid
filename = /opt/freesurfer/average/RB_all_2020-01-02.gca
volume = 256 256 256
voxelsize = 1.000000000000000e+00 1.000000000000000e+00 1.000000000000000e+00
xras   = -1.000000000000000e+00 0.000000000000000e+00 0.000000000000000e+00
yras   = 0.000000000000000e+00 0.000000000000000e+00 -1.000000000000000e+00
zras   = 0.000000000000000e+00 1.000000000000000e+00 0.000000000000000e+00
cras   = 0.000000000000000e+00 0.000000000000000e+00 0.000000000000000e+00
