#Insight Transform File V1.0
#Transform 0
Transform: AffineTransform_float_3_3
Parameters: 0.999999 0.000305461 -0.000650254 -0.000305539 0.999999 -0.000829802 0.000649747 0.000829199 1 0.0581691 -0.0263229 0.453528
FixedParameters: 0 0 0

#Transform 1
Transform: AffineTransform_float_3_3
Parameters: 1 0.000197998 -2.00156e-05 -0.000198002 1 -7.8996e-05 1.99844e-05 7.9004e-05 1 -0.0122187 0.0127786 -0.104283
FixedParameters: 0 0 0

#Transform 2
Transform: AffineTransform_float_3_3
Parameters: 1 0.00038072 0.000393271 -0.000381279 0.999999 0.00071085 -0.000392729 -0.000711149 0.999999 -0.0220895 0.016786 -0.122576
FixedParameters: 0 0 0

#Transform 3
Transform: AffineTransform_float_3_3
Parameters: 1 0.000447854 0.000418156 -0.000448145 1 0.000347813 -0.000417844 -0.000348187 1 -0.0310784 0.0428072 -0.126054
FixedParameters: 0 0 0

#Transform 4
Transform: AffineTransform_float_3_3
Parameters: 1 -2.02278e-05 0.000492991 1.97722e-05 1 0.00046201 -0.000493009 -0.00046199 1 -0.021391 0.0427747 -0.145886
FixedParameters: 0 0 0

#Transform 5
Transform: AffineTransform_float_3_3
Parameters: 1 6.88358e-05 0.000654017 -6.91641e-05 1 0.000250955 -0.000653982 -0.000251045 1 -0.0297522 0.0465698 -0.0832804
FixedParameters: 0 0 0

#Transform 6
Transform: AffineTransform_float_3_3
Parameters: 1 3.1793e-05 0.000681009 -3.2207e-05 1 0.000303978 -0.00068099 -0.000304022 0.999999 -0.0305295 0.059174 -0.143061
FixedParameters: 0 0 0

#Transform 7
Transform: AffineTransform_float_3_3
Parameters: 1 9.80875e-05 0.000414979 -9.79124e-05 1 -0.000211041 -0.000415021 0.000210959 1 -0.0248743 0.0846348 -0.119579
FixedParameters: 0 0 0

#Transform 8
Transform: AffineTransform_float_3_3
Parameters: 1 0.000109965 0.000327012 -0.000110035 1 0.000107964 -0.000326988 -0.000108036 1 -0.0212367 0.0812978 -0.157469
FixedParameters: 0 0 0

#Transform 9
Transform: AffineTransform_float_3_3
Parameters: 1 0.000140913 0.000327037 -0.000141087 1 0.000264954 -0.000326963 -0.000265046 1 -0.0230569 0.0632763 -0.155464
FixedParameters: 0 0 0

#Transform 10
Transform: AffineTransform_float_3_3
Parameters: 0.999999 -3.20554e-05 0.000838997 3.19446e-05 1 6.60268e-05 -0.000839002 -6.59731e-05 0.999999 -0.044895 0.075428 -0.166381
FixedParameters: 0 0 0

#Transform 11
Transform: AffineTransform_float_3_3
Parameters: 0.999999 0.00010775 0.000823032 -0.00010825 1 0.000303911 -0.000823967 -0.000304089 0.999999 -0.0604441 0.061441 -0.158264
FixedParameters: 0 0 0

#Transform 12
Transform: AffineTransform_float_3_3
Parameters: 1 2.13344e-06 7.69964e-05 -1.86656e-06 0.999998 -0.001733 -7.70033e-05 0.001733 0.999998 -0.0029453 0.15596 -0.240992
FixedParameters: 0 0 0

#Transform 13
Transform: AffineTransform_float_3_3
Parameters: 1 2.07194e-06 0.000327 -1.92806e-06 1 -0.000220001 -0.000327 0.000219999 1 -0.0175048 0.101313 -0.196603
FixedParameters: 0 0 0

#Transform 14
Transform: AffineTransform_float_3_3
Parameters: 0.999999 -0.000397342 0.000621421 0.000398657 1 -0.00105875 -0.000620578 0.00105925 0.999999 -0.0118955 0.167816 -0.177861
FixedParameters: 0 0 0

#Transform 15
Transform: AffineTransform_float_3_3
Parameters: 1 1.77295e-06 0.001061 -2.22705e-06 1 0.000213998 -0.001061 -0.000214002 1 -0.0539297 0.081134 -0.164192
FixedParameters: 0 0 0

#Transform 16
Transform: AffineTransform_float_3_3
Parameters: 0.999999 -0.000161312 0.000880942 0.000160688 1 0.000354142 -0.000881056 -0.000353858 0.999999 -0.0444181 0.08029 -0.133663
FixedParameters: 0 0 0

#Transform 17
Transform: AffineTransform_float_3_3
Parameters: 1 1.24512e-06 0.001125 -1.75487e-06 1 0.000670998 -0.001125 -0.000671002 0.999999 -0.0648027 0.0663572 -0.189617
FixedParameters: 0 0 0

#Transform 18
Transform: AffineTransform_float_3_3
Parameters: 0.999999 0.000175242 0.00085895 -0.000174758 1 -0.00028215 -0.000859049 0.000281849 0.999999 -0.0460178 0.118247 -0.211946
FixedParameters: 0 0 0

#Transform 19
Transform: AffineTransform_float_3_3
Parameters: 0.999998 5.3851e-07 0.001599 -2.46148e-06 0.999999 0.000913997 -0.001599 -0.000914002 0.999999 -0.0798228 0.047925 -0.139217
FixedParameters: 0 0 0

#Transform 20
Transform: AffineTransform_float_3_3
Parameters: 0.999998 1.75153e-06 0.001603 -2.24846e-06 1 0.000154997 -0.001603 -0.000155003 0.999998 -0.0855171 0.0826523 -0.17958
FixedParameters: 0 0 0

#Transform 21
Transform: AffineTransform_float_3_3
Parameters: 1 1.28302e-06 0.001149 -1.71698e-06 1 0.000623998 -0.001149 -0.000624002 0.999999 -0.071908 0.0626556 -0.168449
FixedParameters: 0 0 0

#Transform 22
Transform: AffineTransform_float_3_3
Parameters: 0.999999 -0.000178007 0.00124486 0.000176993 0.999999 0.000809221 -0.00124514 -0.000808779 0.999999 -0.0555672 0.0501402 -0.13252
FixedParameters: 0 0 0

#Transform 23
Transform: AffineTransform_float_3_3
Parameters: 0.999998 -0.000127959 0.00165085 0.00012604 1 0.00118721 -0.00165115 -0.00118679 0.999998 -0.0746375 0.0314088 -0.129657
FixedParameters: 0 0 0

#Transform 24
Transform: AffineTransform_float_3_3
Parameters: 0.999998 -0.000241618 0.00172377 0.000239383 0.999999 0.000938414 -0.00172322 -0.000938585 0.999998 -0.076478 0.0423538 -0.18643
FixedParameters: 0 0 0

#Transform 25
Transform: AffineTransform_float_3_3
Parameters: 0.999998 -0.000272688 0.00166289 0.000272311 1 0.000414453 -0.00166311 -0.000413547 0.999998 -0.0733149 0.0659835 -0.154403
FixedParameters: 0 0 0

#Transform 26
Transform: AffineTransform_float_3_3
Parameters: 0.999999 -0.000203712 0.00175069 0.000200287 0.999999 0.00154935 -0.00175131 -0.00154865 0.999998 -0.0781475 0.0311413 -0.140707
FixedParameters: 0 0 0

#Transform 27
Transform: AffineTransform_float_3_3
Parameters: 0.999998 -0.000116346 0.00197686 0.000113653 1 0.00118723 -0.00197714 -0.00118677 0.999998 -0.0894583 0.0523703 -0.10062
FixedParameters: 0 0 0

#Transform 28
Transform: AffineTransform_float_3_3
Parameters: 0.999999 -0.0013496 0.00120545 0.0013504 0.999999 -0.000331373 -0.00120455 0.000333626 0.999999 -0.0214734 0.120145 -0.166155
FixedParameters: 0 0 0

#Transform 29
Transform: AffineTransform_float_3_3
Parameters: 0.999999 -0.000813785 0.000983178 0.000814214 0.999999 -0.0002172 -0.000982823 0.0002188 1 -0.0221993 0.107975 -0.149369
FixedParameters: 0 0 0

#Transform 30
Transform: AffineTransform_float_3_3
Parameters: 1 -0.000804272 0.00070669 0.000803728 0.999999 0.000385568 -0.000707309 -0.000384431 0.999999 -0.0144485 0.0834308 -0.187982
FixedParameters: 0 0 0

#Transform 31
Transform: AffineTransform_float_3_3
Parameters: 0.999998 -0.00110011 0.00135391 0.00109989 1 7.94893e-05 -0.00135409 -7.75105e-05 0.999999 -0.0384355 0.0795801 -0.126681
FixedParameters: 0 0 0

#Transform 32
Transform: AffineTransform_float_3_3
Parameters: 0.999999 -0.000886927 0.00163104 0.000887072 0.999999 -4.35532e-05 -0.00163096 4.54466e-05 0.999998 -0.0649381 0.0855756 -0.15015
FixedParameters: 0 0 0

#Transform 33
Transform: AffineTransform_float_3_3
Parameters: 0.999998 -0.000571505 0.00188955 0.000570495 0.999999 0.000797079 -0.00188945 -0.000795921 0.999998 -0.0927397 0.0481982 -0.105895
FixedParameters: 0 0 0

#Transform 34
Transform: AffineTransform_float_3_3
Parameters: 0.999999 -0.000437317 0.00176743 0.000435684 0.999999 0.00131077 -0.00176757 -0.00131023 0.999997 -0.0884553 0.0434406 -0.115773
FixedParameters: 0 0 0

#Transform 35
Transform: AffineTransform_float_3_3
Parameters: 0.999999 -0.000359643 0.00172966 0.000358359 1 0.000949622 -0.00172934 -0.00094938 0.999998 -0.0780519 0.0666356 -0.0826313
FixedParameters: 0 0 0

#Transform 36
Transform: AffineTransform_float_3_3
Parameters: 0.999998 -0.000418756 0.00194562 0.000417244 0.999999 0.000902813 -0.00194638 -0.000902186 0.999997 -0.0996981 0.061862 -0.134339
FixedParameters: 0 0 0

#Transform 37
Transform: AffineTransform_float_3_3
Parameters: 1 -0.000197167 0.00102978 0.000195834 1 0.0011332 -0.00102922 -0.0011328 0.999999 -0.062629 0.051787 -0.0951635
FixedParameters: 0 0 0

#Transform 38
Transform: AffineTransform_float_3_3
Parameters: 0.999999 -0.000385571 0.00177366 0.000384427 0.999999 0.000886683 -0.00177434 -0.000885317 0.999998 -0.0967964 0.0627224 -0.121395
FixedParameters: 0 0 0

#Transform 39
Transform: AffineTransform_float_3_3
Parameters: 0.999999 -0.000422273 0.0013576 0.000421725 0.999999 0.000938573 -0.0013584 -0.000937426 0.999998 -0.0599618 0.0603563 -0.0899825
FixedParameters: 0 0 0

#Transform 40
Transform: AffineTransform_float_3_3
Parameters: 0.999998 -0.0006489 0.00180376 0.000651102 0.999999 -0.00116483 -0.00180324 0.00116517 0.999997 -0.0794594 0.154636 -0.178701
FixedParameters: 0 0 0

#Transform 41
Transform: AffineTransform_float_3_3
Parameters: 0.999999 -0.000650982 0.00173001 0.000651018 1 -9.87374e-06 -0.00172999 1.11262e-05 0.999998 -0.0828725 0.100407 -0.141961
FixedParameters: 0 0 0

#Transform 42
Transform: AffineTransform_float_3_3
Parameters: 0.999999 -0.000652925 0.00172827 0.000651077 0.999999 0.00111313 -0.00172873 -0.00111287 0.999998 -0.0810046 0.0518781 -0.140009
FixedParameters: 0 0 0

#Transform 43
Transform: AffineTransform_float_3_3
Parameters: 0.999998 -0.000652685 0.00163633 0.000651315 1 0.00103007 -0.00163667 -0.00102893 0.999998 -0.0791486 0.0556765 -0.110201
FixedParameters: 0 0 0

#Transform 44
Transform: AffineTransform_float_3_3
Parameters: 0.999998 -0.000651773 0.00200675 0.000651226 0.999999 0.000386308 -0.00200625 -0.000384693 0.999998 -0.102993 0.0717225 -0.148647
FixedParameters: 0 0 0

#Transform 45
Transform: AffineTransform_float_3_3
Parameters: 0.999998 -0.000650631 0.00148816 0.000651368 1 -0.000247031 -0.00148784 0.000247968 0.999999 -0.0741262 0.113276 -0.157851
FixedParameters: 0 0 0

#Transform 46
Transform: AffineTransform_float_3_3
Parameters: 0.999997 -0.000651193 0.00226695 0.000650806 1 8.64756e-05 -0.00226706 -8.4524e-05 0.999998 -0.105323 0.0981945 -0.138062
FixedParameters: 0 0 0

#Transform 47
Transform: AffineTransform_float_3_3
Parameters: 0.999998 -0.00118561 0.00157354 0.00118539 0.999999 0.000389866 -0.00157446 -0.000388134 0.999998 -0.0714585 0.0632622 -0.134521
FixedParameters: 0 0 0

#Transform 48
Transform: AffineTransform_float_3_3
Parameters: 0.999998 -0.0013817 0.00130532 0.0013823 0.999999 -0.000228196 -0.00130468 0.000229803 0.999999 -0.0548361 0.079829 -0.158621
FixedParameters: 0 0 0

#Transform 49
Transform: AffineTransform_float_3_3
Parameters: 0.999997 -0.000920119 0.00255188 0.00091688 0.999999 0.00122334 -0.00255312 -0.00122066 0.999996 -0.11855 0.0360359 -0.144048
FixedParameters: 0 0 0

#Transform 50
Transform: AffineTransform_float_3_3
Parameters: 0.999998 -0.000723922 0.00175721 0.000722077 0.999999 0.00109427 -0.00175879 -0.00109273 0.999998 -0.0757459 0.0274956 -0.116236
FixedParameters: 0 0 0

#Transform 51
Transform: AffineTransform_float_3_3
Parameters: 0.999998 -0.000872855 0.00210223 0.000871146 0.999999 0.000882834 -0.00210277 -0.000881167 0.999998 -0.0936441 0.0430694 -0.166213
FixedParameters: 0 0 0

#Transform 52
Transform: AffineTransform_float_3_3
Parameters: 0.999997 -0.000843155 0.00250528 0.000841846 1 0.000861113 -0.00250573 -0.000858891 0.999997 -0.107995 0.0369406 -0.110355
FixedParameters: 0 0 0

#Transform 53
Transform: AffineTransform_float_3_3
Parameters: 0.999998 -0.000816105 0.00183451 0.000814896 1 0.000602497 -0.00183549 -0.000601504 0.999998 -0.0894723 0.0473312 -0.145122
FixedParameters: 0 0 0

#Transform 54
Transform: AffineTransform_float_3_3
Parameters: 0.999998 -0.000816152 0.00170697 0.000813847 0.999999 0.00126139 -0.00170803 -0.00125961 0.999997 -0.0799418 0.0393568 -0.110821
FixedParameters: 0 0 0

#Transform 55
Transform: AffineTransform_float_3_3
Parameters: 0.999998 -0.000768677 0.0021294 0.000766325 1 0.000787634 -0.00212961 -0.000786366 0.999998 -0.0999005 0.0685769 -0.123326
FixedParameters: 0 0 0

#Transform 56
Transform: AffineTransform_float_3_3
Parameters: 0.999998 -0.000806759 0.00170317 0.000805243 0.999999 0.00103237 -0.00170383 -0.00103163 0.999998 -0.0858712 0.0510521 -0.107084
FixedParameters: 0 0 0

#Transform 57
Transform: AffineTransform_float_3_3
Parameters: 0.999998 -0.0010394 0.00209731 0.0010386 0.999999 0.00066618 -0.00209869 -0.00066382 0.999997 -0.106444 0.0398702 -0.107837
FixedParameters: 0 0 0

#Transform 58
Transform: AffineTransform_float_3_3
Parameters: 0.999998 -0.000972463 0.0019868 0.000970538 0.999999 0.00123993 -0.00198821 -0.00123807 0.999998 -0.0956854 0.0319045 -0.117655
FixedParameters: 0 0 0

#Transform 59
Transform: AffineTransform_float_3_3
Parameters: 0.999998 -0.000785878 0.00193724 0.000784121 0.999999 0.000970521 -0.00193776 -0.000968479 0.999997 -0.088429 0.0556189 -0.121359
FixedParameters: 0 0 0

#Transform 60
Transform: AffineTransform_float_3_3
Parameters: 0.999997 -0.000999171 0.00191587 0.000996829 0.999999 0.00113391 -0.00191613 -0.00113209 0.999997 -0.104321 0.0430401 -0.129445
FixedParameters: 0 0 0

#Transform 61
Transform: AffineTransform_float_3_3
Parameters: 0.999997 -0.000930365 0.00199536 0.000929635 1 0.000684857 -0.00199564 -0.000683145 0.999998 -0.0977018 0.063979 -0.107202
FixedParameters: 0 0 0

#Transform 62
Transform: AffineTransform_float_3_3
Parameters: 0.999997 -0.000922336 0.00198091 0.000919663 0.999999 0.00117982 -0.00198209 -0.00117817 0.999998 -0.0969491 0.0431415 -0.150239
FixedParameters: 0 0 0

#Transform 63
Transform: AffineTransform_float_3_3
Parameters: 0.999996 -0.00118611 0.00227942 0.00118489 0.999999 0.000488703 -0.00228058 -0.000486297 0.999998 -0.091951 0.0825903 -0.108991
FixedParameters: 0 0 0

#Transform 64
Transform: AffineTransform_float_3_3
Parameters: 0.999998 -0.00104979 0.00182597 0.00104821 0.999999 0.000980916 -0.00182703 -0.000979084 0.999998 -0.0741882 0.050373 -0.116052
FixedParameters: 0 0 0

#Transform 65
Transform: AffineTransform_float_3_3
Parameters: 0.999997 -0.00118548 0.00208672 0.00118552 1 0.000233475 -0.00208727 -0.000230526 0.999998 -0.0767271 0.0673059 -0.108395
FixedParameters: 0 0 0

#Transform 66
Transform: AffineTransform_float_3_3
Parameters: 0.999999 -0.00105345 0.00140792 0.00105255 0.999999 0.00102848 -0.00140908 -0.00102752 0.999999 -0.0605726 0.0514785 -0.110765
FixedParameters: 0 0 0

#Transform 67
Transform: AffineTransform_float_3_3
Parameters: 0.999997 -0.00131435 0.00172998 0.00131265 0.999999 0.000779273 -0.00173102 -0.000776727 0.999998 -0.0589225 0.0559675 -0.0909761
FixedParameters: 0 0 0

#Transform 68
Transform: AffineTransform_float_3_3
Parameters: 0.999998 -0.00126845 0.00186101 0.00126755 0.999999 0.000779361 -0.00186199 -0.00077664 0.999998 -0.0716996 0.0662572 -0.0744535
FixedParameters: 0 0 0

#Transform 69
Transform: AffineTransform_float_3_3
Parameters: 0.999997 -0.00143816 0.00162797 0.00143683 0.999998 0.000716341 -0.00162903 -0.000713659 0.999999 -0.0485555 0.0786785 -0.0757281
FixedParameters: 0 0 0

#Transform 70
Transform: AffineTransform_float_3_3
Parameters: 0.999997 -0.00158972 0.0019486 0.00158728 0.999999 0.000882096 -0.0019504 -0.000878902 0.999997 -0.0651806 0.0534572 -0.0945458
FixedParameters: 0 0 0

#Transform 71
Transform: AffineTransform_float_3_3
Parameters: 0.999998 -0.00158928 0.00164576 0.00158772 0.999999 0.000779616 -0.00164724 -0.000777385 0.999999 -0.0555443 0.0677224 -0.0917905
FixedParameters: 0 0 0

#Transform 72
Transform: AffineTransform_float_3_3
Parameters: 0.999996 -0.00132675 0.00225997 0.00132525 0.999999 0.000774998 -0.00226103 -0.000772003 0.999997 -0.0856412 0.0657957 -0.102074
FixedParameters: 0 0 0

#Transform 73
Transform: AffineTransform_float_3_3
Parameters: 0.999996 -0.00158982 0.00200555 0.00158718 0.999999 0.000910186 -0.00200744 -0.000906811 0.999997 -0.0738586 0.0511738 -0.0920027
FixedParameters: 0 0 0

#Transform 74
Transform: AffineTransform_float_3_3
Parameters: 0.999996 -0.00176779 0.0021075 0.00176521 0.999998 0.000853724 -0.0021085 -0.000849276 0.999998 -0.0616021 0.0513378 -0.09232
FixedParameters: 0 0 0

#Transform 75
Transform: AffineTransform_float_3_3
Parameters: 0.999997 -0.00159029 0.00193412 0.00158771 0.999998 0.00118308 -0.00193688 -0.00117992 0.999998 -0.0644983 0.0388728 -0.0735226
FixedParameters: 0 0 0

#Transform 76
Transform: AffineTransform_float_3_3
Parameters: 0.999997 -0.00158952 0.00189773 0.00158748 0.999999 0.000803015 -0.00189927 -0.000799984 0.999998 -0.0521205 0.046139 -0.0760571
FixedParameters: 0 0 0

#Transform 77
Transform: AffineTransform_float_3_3
Parameters: 0.999996 -0.00158957 0.00209781 0.00158743 0.999998 0.000751333 -0.00209919 -0.000747666 0.999998 -0.0718686 0.0485608 -0.0679876
FixedParameters: 0 0 0

#Transform 78
Transform: AffineTransform_float_3_3
Parameters: 0.999997 -0.0015896 0.00212881 0.0015874 0.999998 0.000751382 -0.00212919 -0.000747618 0.999998 -0.0654034 0.0485814 -0.0742743
FixedParameters: 0 0 0

#Transform 79
Transform: AffineTransform_float_3_3
Parameters: 0.999996 -0.00159046 0.00211415 0.00158754 0.999998 0.00116536 -0.00211585 -0.00116264 0.999997 -0.0725874 0.0371514 -0.0865368
FixedParameters: 0 0 0

#Transform 80
Transform: AffineTransform_float_3_3
Parameters: 0.999995 -0.00191348 0.00275159 0.00191052 0.999998 0.00126627 -0.00275442 -0.00126074 0.999996 -0.0971764 0.0247024 -0.118872
FixedParameters: 0 0 0

#Transform 81
Transform: AffineTransform_float_3_3
Parameters: 0.999995 -0.00163054 0.00296606 0.00162746 0.999998 0.00119483 -0.00296794 -0.00119017 0.999995 -0.110467 0.0342281 -0.0803425
FixedParameters: 0 0 0

#Transform 82
Transform: AffineTransform_float_3_3
Parameters: 0.999996 -0.00174748 0.00243122 0.00174452 0.999998 0.00102225 -0.00243278 -0.00101775 0.999997 -0.0848542 0.0543884 -0.0808535
FixedParameters: 0 0 0

#Transform 83
Transform: AffineTransform_float_3_3
Parameters: 0.999996 -0.00184381 0.00210942 0.00184219 0.999998 0.00086189 -0.00211059 -0.000858112 0.999998 -0.0620323 0.0470709 -0.0511262
FixedParameters: 0 0 0

#Transform 84
Transform: AffineTransform_float_3_3
Parameters: 0.999996 -0.00172421 0.00223129 0.00172179 0.999998 0.000993846 -0.00223271 -0.000990154 0.999997 -0.0644603 0.0410484 -0.0592536
FixedParameters: 0 0 0

#Transform 85
Transform: AffineTransform_float_3_3
Parameters: 0.999994 -0.00177258 0.00273633 0.00176942 0.999998 0.000945847 -0.00273767 -0.000941152 0.999996 -0.0879992 0.0555678 -0.090626
FixedParameters: 0 0 0

#Transform 86
Transform: AffineTransform_float_3_3
Parameters: 0.999994 -0.00274863 0.0024096 0.00274337 0.999994 0.00233563 -0.00241641 -0.00232938 0.999995 -0.0488589 -0.0393483 0.0757161
FixedParameters: 0 0 0

#Transform 87
Transform: AffineTransform_float_3_3
Parameters: 0.999993 -0.00265631 0.00241015 0.00265168 0.999994 0.0022064 -0.00241585 -0.0021996 0.999994 -0.037677 -0.0420211 0.00670734
FixedParameters: 0 0 0

#Transform 88
Transform: AffineTransform_float_3_3
Parameters: 0.999994 -0.00274727 0.0024066 0.00273974 0.999991 0.00343062 -0.00241641 -0.00342439 0.999991 -0.00989663 -0.073762 0.0564979
FixedParameters: 0 0 0

#Transform 89
Transform: AffineTransform_float_3_3
Parameters: 0.999994 -0.00258964 0.00234488 0.00258535 0.999994 0.00198207 -0.00235012 -0.00197593 0.999996 -0.0206214 -0.0206634 -0.0137761
FixedParameters: 0 0 0

#Transform 90
Transform: AffineTransform_float_3_3
Parameters: 0.999994 -0.0024997 0.00216288 0.0024963 0.999996 0.00125141 -0.00216612 -0.00124659 0.999997 -0.00542067 0.0331297 -0.0159377
FixedParameters: 0 0 0

#Transform 91
Transform: AffineTransform_float_3_3
Parameters: 0.999993 -0.0025062 0.00298348 0.0025018 0.999996 0.00141148 -0.00298653 -0.00140353 0.999995 -0.047885 0.0310543 -0.0636124
FixedParameters: 0 0 0

#Transform 92
Transform: AffineTransform_float_3_3
Parameters: 0.999994 -0.00268443 0.0021322 0.00268257 0.999996 0.000671724 -0.00213379 -0.000666276 0.999997 0.00564204 0.0642033 -0.0258784
FixedParameters: 0 0 0

#Transform 93
Transform: AffineTransform_float_3_3
Parameters: 0.999993 -0.00272904 0.00263185 0.00272596 0.999995 0.00115918 -0.00263515 -0.00115182 0.999996 -0.033076 0.0421131 -0.0461986
FixedParameters: 0 0 0

#Transform 94
Transform: AffineTransform_float_3_3
Parameters: 0.999995 -0.00266042 0.00208719 0.00265858 0.999996 0.000681553 -0.00208881 -0.000676447 0.999997 -0.00714654 0.0677998 -0.0374048
FixedParameters: 0 0 0

#Transform 95
Transform: AffineTransform_float_3_3
Parameters: 0.999993 -0.00272512 0.00228747 0.00272287 0.999996 0.000932234 -0.00229053 -0.000925764 0.999997 -0.0128316 0.0678222 -0.0404148
FixedParameters: 0 0 0

#Transform 96
Transform: AffineTransform_float_3_3
Parameters: 0.999994 -0.00262815 0.00219663 0.00262685 0.999997 0.000524773 -0.00219837 -0.000519225 0.999997 -0.0161391 0.0791748 -0.0361823
FixedParameters: 0 0 0

#Transform 97
Transform: AffineTransform_float_3_3
Parameters: 0.999993 -0.00266711 0.0026709 0.00266389 0.999996 0.00116712 -0.0026731 -0.00115988 0.999996 -0.0366891 0.0558574 -0.0389601
FixedParameters: 0 0 0

#Transform 98
Transform: AffineTransform_float_3_3
Parameters: 0.999993 -0.00272817 0.00278893 0.00272384 0.999995 0.00149661 -0.00279207 -0.00148939 0.999995 -0.0409131 0.0268546 -0.0592111
FixedParameters: 0 0 0

#Transform 99
Transform: AffineTransform_float_3_3
Parameters: 0.999993 -0.00261007 0.0024478 0.00260793 0.999996 0.000846389 -0.0024502 -0.00084061 0.999996 -0.0157329 0.0563621 -0.0556967
FixedParameters: 0 0 0

#Transform 100
Transform: AffineTransform_float_3_3
Parameters: 0.999992 -0.00266452 0.00276361 0.00266148 0.999995 0.00127736 -0.00276739 -0.00126964 0.999996 -0.0356551 0.0369456 -0.0751379
FixedParameters: 0 0 0

#Transform 101
Transform: AffineTransform_float_3_3
Parameters: 0.999994 -0.00281986 0.0020264 0.00281813 0.999995 0.000923715 -0.00202859 -0.000917284 0.999997 0.014168 0.0579306 -0.049462
FixedParameters: 0 0 0

#Transform 102
Transform: AffineTransform_float_3_3
Parameters: 0.999992 -0.00292996 0.00249953 0.00292704 0.999995 0.00118833 -0.00250247 -0.00118068 0.999996 -0.00811805 0.0405058 -0.0747451
FixedParameters: 0 0 0

#Transform 103
Transform: AffineTransform_float_3_3
Parameters: 0.999993 -0.00292539 0.00255327 0.00292261 0.999996 0.00093847 -0.00255573 -0.000930531 0.999997 -0.00493231 0.0518126 -0.0422801
FixedParameters: 0 0 0

#Transform 104
Transform: AffineTransform_float_3_3
Parameters: 0.999992 -0.00300407 0.00258944 0.00300093 0.999995 0.00118878 -0.00259356 -0.00118122 0.999996 -0.016762 0.0372564 -0.0611236
FixedParameters: 0 0 0

#Transform 105
Transform: AffineTransform_float_3_3
Parameters: 0.999992 -0.00310177 0.00245777 0.00310024 0.999995 0.000721625 -0.00246023 -0.000714374 0.999996 0.000946637 0.0626203 -0.0452975
FixedParameters: 0 0 0

#Transform 106
Transform: AffineTransform_float_3_3
Parameters: 0.999991 -0.00321961 0.00271236 0.00321339 0.999992 0.00206873 -0.00271964 -0.00206026 0.999994 -0.0139093 0.00165033 -0.0215967
FixedParameters: 0 0 0

#Transform 107
Transform: AffineTransform_float_3_3
Parameters: 0.999992 -0.00314274 0.00250282 0.00314126 0.999995 0.000697867 -0.00250518 -0.000690132 0.999996 0.0106024 0.0833333 -0.0429166
FixedParameters: 0 0 0

#Transform 108
Transform: AffineTransform_float_3_3
Parameters: 0.999993 -0.00297752 0.00195068 0.00297648 0.999996 0.000782811 -0.00195332 -0.000777189 0.999998 0.014696 0.0645782 -0.0224027
FixedParameters: 0 0 0

#Transform 109
Transform: AffineTransform_float_3_3
Parameters: 0.999993 -0.00331098 0.00187127 0.00331002 0.999995 0.000526198 -0.00187373 -0.0005198 0.999998 0.0506899 0.0808039 -0.0339527
FixedParameters: 0 0 0

#Transform 110
Transform: AffineTransform_float_3_3
Parameters: 0.999991 -0.00338086 0.00228325 0.00337914 0.999994 0.000818722 -0.00228575 -0.000810279 0.999997 0.0187806 0.0672701 -0.0285407
FixedParameters: 0 0 0

#Transform 111
Transform: AffineTransform_float_3_3
Parameters: 0.999992 -0.00319635 0.00249099 0.00319465 0.999994 0.000945966 -0.00249401 -0.000938036 0.999997 -0.00212212 0.0488273 -0.00711755
FixedParameters: 0 0 0

#Transform 112
Transform: AffineTransform_float_3_3
Parameters: 0.999993 -0.0030708 0.00212184 0.0030702 0.999995 0.000381517 -0.00212316 -0.000375483 0.999997 0.0282874 0.0811718 -0.0208607
FixedParameters: 0 0 0

#Transform 113
Transform: AffineTransform_float_3_3
Parameters: 0.999992 -0.00331982 0.00212016 0.00331719 0.999994 0.00085904 -0.00212284 -0.00085196 0.999998 0.0249611 0.0651518 -0.0262558
FixedParameters: 0 0 0

#Transform 114
Transform: AffineTransform_float_3_3
Parameters: 0.999993 -0.00297659 0.00252113 0.00297542 0.999996 0.000632506 -0.00252287 -0.000624495 0.999996 0.000983334 0.0737731 -0.0368761
FixedParameters: 0 0 0

#Transform 115
Transform: AffineTransform_float_3_3
Parameters: 0.999991 -0.00306261 0.00291617 0.00305839 0.999994 0.00158293 -0.00292183 -0.00157407 0.999995 -0.00835415 0.0308844 -0.0249301
FixedParameters: 0 0 0

#Transform 116
Transform: AffineTransform_float_3_3
Parameters: 0.999992 -0.00306832 0.0025354 0.00306768 0.999995 0.000523782 -0.0025376 -0.000516218 0.999996 -0.00214069 0.0786071 -0.0137477
FixedParameters: 0 0 0

#Transform 117
Transform: AffineTransform_float_3_3
Parameters: 0.999993 -0.00285602 0.00251771 0.00285398 0.999995 0.000806191 -0.00251929 -0.00079881 0.999996 -0.0355945 0.0661164 -0.0165871
FixedParameters: 0 0 0

#Transform 118
Transform: AffineTransform_float_3_3
Parameters: 0.999993 -0.00302154 0.00251815 0.00301946 0.999996 0.000615608 -0.00251985 -0.000607391 0.999996 -0.0249618 0.0743942 -0.0234274
FixedParameters: 0 0 0

#Transform 119
Transform: AffineTransform_float_3_3
Parameters: 0.999992 -0.00306241 0.00226809 0.00306059 0.999995 0.000625946 -0.00226991 -0.000619053 0.999997 -0.01067 0.0738388 -0.0248269
FixedParameters: 0 0 0

#Transform 120
Transform: AffineTransform_float_3_3
Parameters: 0.999991 -0.00320601 0.00250542 0.00320398 0.999994 0.000807033 -0.00250857 -0.000798963 0.999996 -0.00438484 0.0752754 -0.0272745
FixedParameters: 0 0 0

#Transform 121
Transform: AffineTransform_float_3_3
Parameters: 0.999993 -0.00314623 0.00207213 0.00314477 0.999995 0.00059652 -0.00207487 -0.000590476 0.999997 0.0123324 0.0829415 -0.0367185
FixedParameters: 0 0 0

#Transform 122
Transform: AffineTransform_float_3_3
Parameters: 0.99999 -0.00356419 0.0026153 0.00355981 0.999993 0.00160433 -0.0026207 -0.00159468 0.999996 0.00559298 0.0289621 -0.0225013
FixedParameters: 0 0 0

#Transform 123
Transform: AffineTransform_float_3_3
Parameters: 0.999991 -0.00337768 0.00236818 0.00337431 0.999993 0.001136 -0.00237182 -0.001128 0.999996 0.00615222 0.0503924 -0.0420247
FixedParameters: 0 0 0

#Transform 124
Transform: AffineTransform_float_3_3
Parameters: 0.999993 -0.00308592 0.00237251 0.00308408 0.999995 0.000812323 -0.00237449 -0.000804678 0.999997 -0.0269478 0.0633654 -0.0358015
FixedParameters: 0 0 0

#Transform 125
Transform: AffineTransform_float_3_3
Parameters: 0.999993 -0.00323576 0.00215686 0.00323524 0.999994 0.00035498 -0.00215814 -0.000348019 0.999997 0.010812 0.0860755 -0.0149948
FixedParameters: 0 0 0

#Transform 126
Transform: AffineTransform_float_3_3
Parameters: 0.999992 -0.00342345 0.00237892 0.00342255 0.999994 0.000612147 -0.00238109 -0.000604854 0.999997 -0.00222981 0.0786704 -0.00819395
FixedParameters: 0 0 0

#Transform 127
Transform: AffineTransform_float_3_3
Parameters: 0.999991 -0.00362963 0.00215627 0.00362838 0.999993 0.000756831 -0.00215873 -0.000749172 0.999998 0.0339145 0.0672422 -0.00408536
FixedParameters: 0 0 0

#Transform 128
Transform: AffineTransform_float_3_3
Parameters: 0.99999 -0.00354018 0.00273318 0.00353782 0.999994 0.000801678 -0.00273582 -0.000792323 0.999996 -0.0075336 0.0652925 -0.0287534
FixedParameters: 0 0 0

#Transform 129
Transform: AffineTransform_float_3_3
Parameters: 0.99999 -0.00339993 0.00293661 0.00339707 0.999993 0.00100199 -0.00293939 -0.000992016 0.999995 -0.00453378 0.0565696 -0.0263398
FixedParameters: 0 0 0

#Transform 130
Transform: AffineTransform_float_3_3
Parameters: 0.999988 -0.00384156 0.00309935 0.00383743 0.999991 0.00147691 -0.00310465 -0.00146509 0.999994 -0.0074892 0.0344323 -0.0408699
FixedParameters: 0 0 0

#Transform 131
Transform: AffineTransform_float_3_3
Parameters: 0.999989 -0.00353617 0.00283881 0.00353183 0.999992 0.00147204 -0.00284418 -0.00146196 0.999995 0.0083837 0.0351811 -0.0294898
FixedParameters: 0 0 0

#Transform 132
Transform: AffineTransform_float_3_3
Parameters: 0.999987 -0.0037884 0.00335579 0.0037816 0.999991 0.00191071 -0.00336321 -0.00189828 0.999992 -0.0149085 0.0251059 -0.0200736
FixedParameters: 0 0 0

#Transform 133
Transform: AffineTransform_float_3_3
Parameters: 0.999989 -0.0036576 0.00289946 0.00365339 0.999992 0.00124761 -0.00290454 -0.00123639 0.999995 0.00972514 0.0607791 -0.0254319
FixedParameters: 0 0 0

#Transform 134
Transform: AffineTransform_float_3_3
Parameters: 0.999989 -0.00377852 0.00283331 0.00377548 0.999992 0.00124771 -0.00283769 -0.00123729 0.999995 0.0214608 0.065012 -0.0373389
FixedParameters: 0 0 0

#Transform 135
Transform: AffineTransform_float_3_3
Parameters: 0.999989 -0.00358401 0.00322555 0.00357999 0.999993 0.00124856 -0.00323045 -0.00123644 0.999994 -0.00490046 0.0533771 -0.0417391
FixedParameters: 0 0 0

#Transform 136
Transform: AffineTransform_float_3_3
Parameters: 0.999987 -0.004043 0.00288439 0.00403899 0.999991 0.00139367 -0.0028896 -0.00138133 0.999995 0.0264145 0.0560039 -0.0364164
FixedParameters: 0 0 0

#Transform 137
Transform: AffineTransform_float_3_3
Parameters: 0.999988 -0.00396772 0.00307593 0.00396329 0.999991 0.00153721 -0.00308207 -0.00152479 0.999994 0.0168943 0.0315946 -0.046883
FixedParameters: 0 0 0

#Transform 138
Transform: AffineTransform_float_3_3
Parameters: 0.999988 -0.00386675 0.00283224 0.00386424 0.999992 0.000977955 -0.00283676 -0.000967042 0.999995 0.0214804 0.0700354 -0.0460387
FixedParameters: 0 0 0

#Transform 139
Transform: AffineTransform_float_3_3
Parameters: 0.999987 -0.00397422 0.00305081 0.00397077 0.999991 0.00106113 -0.00305519 -0.00104987 0.999995 0.009352 0.0624387 -0.0557975
FixedParameters: 0 0 0

#Transform 140
Transform: AffineTransform_float_3_3
Parameters: 0.999988 -0.00394438 0.00263743 0.00394161 0.999992 0.000909406 -0.00264156 -0.000898591 0.999996 0.0439733 0.082216 -0.0431697
FixedParameters: 0 0 0

#Transform 141
Transform: AffineTransform_float_3_3
Parameters: 0.999989 -0.00391977 0.00264189 0.00391622 0.999992 0.00105436 -0.00264611 -0.00104464 0.999996 0.0332196 0.0594738 -0.0311723
FixedParameters: 0 0 0

#Transform 142
Transform: AffineTransform_float_3_3
Parameters: 0.999989 -0.00380692 0.00273032 0.00380507 0.999992 0.000710397 -0.00273268 -0.000699604 0.999996 0.034718 0.0860153 -0.0341748
FixedParameters: 0 0 0

#Transform 143
Transform: AffineTransform_float_3_3
Parameters: 0.999987 -0.00385203 0.00332518 0.00384697 0.999992 0.00151781 -0.00333082 -0.00150519 0.999994 -0.00680939 0.0353691 -0.0114898
FixedParameters: 0 0 0

#Transform 144
Transform: AffineTransform_float_3_3
Parameters: 0.999986 -0.00394784 0.00336649 0.00394315 0.999991 0.00114829 -0.0033705 -0.00113571 0.999993 0.0147654 0.049325 0.00778879
FixedParameters: 0 0 0

#Transform 145
Transform: AffineTransform_float_3_3
Parameters: 0.999985 -0.00469147 0.00287008 0.00468553 0.999987 0.00190848 -0.00287891 -0.00189452 0.999994 0.0560075 0.0224228 0.0069918
FixedParameters: 0 0 0

#Transform 146
Transform: AffineTransform_float_3_3
Parameters: 0.999988 -0.00399456 0.00280577 0.00399343 0.999992 0.000563211 -0.00280823 -0.000551789 0.999996 0.0536847 0.0758028 0.0109422
FixedParameters: 0 0 0

#Transform 147
Transform: AffineTransform_float_3_3
Parameters: 0.999988 -0.00408435 0.00272798 0.00408265 0.999991 0.000499143 -0.00273002 -0.000488855 0.999996 0.0840727 0.0714039 0.0305598
FixedParameters: 0 0 0

#Transform 148
Transform: AffineTransform_float_3_3
Parameters: 0.999988 -0.00422094 0.002727 0.00421906 0.999991 0.000716514 -0.00273 -0.000704486 0.999996 0.0810794 0.0650387 0.0436176
FixedParameters: 0 0 0

#Transform 149
Transform: AffineTransform_float_3_3
Parameters: 0.999986 -0.00437687 0.00296535 0.00437113 0.999989 0.00198299 -0.00297364 -0.00197001 0.999993 0.0483458 0.00403689 0.0703159
FixedParameters: 0 0 0

#Transform 150
Transform: AffineTransform_float_3_3
Parameters: 0.999984 -0.00438496 0.00340633 0.00437903 0.999989 0.00175694 -0.00341466 -0.00174205 0.999992 0.0109802 0.0237142 0.0134921
FixedParameters: 0 0 0

#Transform 151
Transform: AffineTransform_float_3_3
Parameters: 0.999984 -0.00422112 0.00357114 0.00421689 0.999991 0.00115908 -0.00357586 -0.00114392 0.999993 0.0198914 0.0654477 0.03208
FixedParameters: 0 0 0

#Transform 152
Transform: AffineTransform_float_3_3
Parameters: 0.999984 -0.00442765 0.00346734 0.00442334 0.999989 0.00106135 -0.00347166 -0.00104565 0.999994 0.0125557 0.0706468 0.0305234
FixedParameters: 0 0 0

#Transform 153
Transform: AffineTransform_float_3_3
Parameters: 0.999982 -0.00461833 0.00368984 0.00461167 0.999988 0.00199305 -0.00369916 -0.00197595 0.999991 -0.00357262 0.00386183 0.0765715
FixedParameters: 0 0 0

#Transform 154
Transform: AffineTransform_float_3_3
Parameters: 0.999981 -0.00492032 0.00388571 0.00490968 0.999983 0.00291813 -0.0038993 -0.00289887 0.999988 0.00754783 -0.0382466 0.0518317
FixedParameters: 0 0 0

#Transform 155
Transform: AffineTransform_float_3_3
Parameters: 0.999982 -0.00441601 0.00423855 0.00440498 0.999987 0.00260472 -0.00425044 -0.00258528 0.999987 -0.0244335 -0.0168832 0.023115
FixedParameters: 0 0 0

#Transform 156
Transform: AffineTransform_float_3_3
Parameters: 0.99998 -0.00451173 0.00427486 0.00450327 0.999988 0.00181529 -0.00428314 -0.00179671 0.999989 -0.0124838 0.0204414 0.036944
FixedParameters: 0 0 0

#Transform 157
Transform: AffineTransform_float_3_3
Parameters: 0.99998 -0.00493653 0.00412 0.00492848 0.999986 0.00183434 -0.004129 -0.00181465 0.99999 0.0137893 0.0168364 0.0809371
FixedParameters: 0 0 0

#Transform 158
Transform: AffineTransform_float_3_3
Parameters: 0.999979 -0.0050086 0.00406912 0.0050024 0.999986 0.00138538 -0.00407589 -0.00136561 0.999991 0.0328562 0.0475099 0.0479482
FixedParameters: 0 0 0

#Transform 159
Transform: AffineTransform_float_3_3
Parameters: 0.999978 -0.00504448 0.00417719 0.00503852 0.999986 0.00156008 -0.00418481 -0.00153892 0.99999 0.0395747 0.0234714 0.140587
FixedParameters: 0 0 0

#Transform 160
Transform: AffineTransform_float_3_3
Parameters: 0.999976 -0.00515674 0.0045149 0.00514626 0.999985 0.00216629 -0.0045261 -0.00214271 0.999988 0.0130441 -0.00427631 0.147982
FixedParameters: 0 0 0

#Transform 161
Transform: AffineTransform_float_3_3
Parameters: 0.999976 -0.00509816 0.00453885 0.00509084 0.999986 0.00180715 -0.00454815 -0.00178386 0.999988 0.0126103 0.02124 0.136468
FixedParameters: 0 0 0

#Transform 162
Transform: AffineTransform_float_3_3
Parameters: 0.999971 -0.00540266 0.00549793 0.00537634 0.999974 0.0048527 -0.00552407 -0.0048223 0.999973 -0.0546273 -0.140327 0.409127
FixedParameters: 0 0 0

#Transform 163
Transform: AffineTransform_float_3_3
Parameters: 0.999971 -0.00568988 0.00505265 0.00566111 0.999967 0.00571377 -0.00508534 -0.00568423 0.999971 -0.0242659 -0.169745 0.490937
FixedParameters: 0 0 0

#Transform 164
Transform: AffineTransform_float_3_3
Parameters: 0.999972 -0.00563298 0.0050562 0.00560702 0.999971 0.0051385 -0.0050848 -0.0051095 0.999974 -0.00707808 -0.122669 0.371301
FixedParameters: 0 0 0

#Transform 165
Transform: AffineTransform_float_3_3
Parameters: 0.999972 -0.00553776 0.00506457 0.00551924 0.999978 0.00371006 -0.00508543 -0.00368194 0.999981 -0.00904538 -0.0570043 0.311958
FixedParameters: 0 0 0

#Transform 166
Transform: AffineTransform_float_3_3
Parameters: 0.999974 -0.00595681 0.00417773 0.0059382 0.999974 0.00426092 -0.00420327 -0.00423608 0.999982 0.0395276 -0.0827902 0.275687
FixedParameters: 0 0 0

#Transform 167
Transform: AffineTransform_float_3_3
Parameters: 0.999971 -0.00559851 0.00503749 0.00558048 0.999977 0.00368221 -0.0050575 -0.00365379 0.99998 0.00123984 -0.0558601 0.273417
FixedParameters: 0 0 0

#Transform 168
Transform: AffineTransform_float_3_3
Parameters: 0.999971 -0.00593924 0.00474372 0.00592676 0.999979 0.00259019 -0.00475929 -0.00256181 0.999986 0.0340763 0.0058439 0.189319
FixedParameters: 0 0 0

#Transform 169
Transform: AffineTransform_float_3_3
Parameters: 0.999972 -0.00579734 0.00487446 0.00577966 0.999977 0.00356327 -0.00489555 -0.00353572 0.999982 0.0242679 -0.0455059 0.247186
FixedParameters: 0 0 0

#Transform 170
Transform: AffineTransform_float_3_3
Parameters: 0.999971 -0.00590715 0.00469776 0.00589485 0.99998 0.00259577 -0.00471323 -0.00256823 0.999985 0.0382696 -0.00762417 0.203746
FixedParameters: 0 0 0

#Transform 171
Transform: AffineTransform_float_3_3
Parameters: 0.999973 -0.00572279 0.00475526 0.00571322 0.999981 0.00206823 -0.00476676 -0.00204178 0.999987 0.0328004 0.0166881 0.227129
FixedParameters: 0 0 0

#Transform 172
Transform: AffineTransform_float_3_3
Parameters: 0.999972 -0.00576598 0.00490897 0.00575403 0.999981 0.00245032 -0.00492304 -0.00242268 0.999985 0.0171562 -0.000907579 0.186211
FixedParameters: 0 0 0

#Transform 173
Transform: AffineTransform_float_3_3
Parameters: 0.999973 -0.00562825 0.00475962 0.00562175 0.999984 0.00132479 -0.00476738 -0.0012982 0.999988 0.0352286 0.0596273 0.149733
FixedParameters: 0 0 0

#Transform 174
Transform: AffineTransform_float_3_3
Parameters: 0.999972 -0.00583706 0.00458456 0.00583194 0.999983 0.00111677 -0.00459144 -0.00109023 0.999989 0.061608 0.059256 0.139979
FixedParameters: 0 0 0

#Transform 175
Transform: AffineTransform_float_3_3
Parameters: 0.999967 -0.00627768 0.00527539 0.00626232 0.999976 0.00298414 -0.00529461 -0.00295086 0.999981 0.0217149 -0.0208176 0.212155
FixedParameters: 0 0 0

#Transform 176
Transform: AffineTransform_float_3_3
Parameters: 0.99997 -0.00590885 0.00514642 0.00589615 0.99998 0.00231542 -0.00516058 -0.00228458 0.999984 0.0173037 0.00706787 0.194101
FixedParameters: 0 0 0

#Transform 177
Transform: AffineTransform_float_3_3
Parameters: 0.99997 -0.00586953 0.00501454 0.00585748 0.99998 0.00230944 -0.00502846 -0.00228055 0.999985 0.0269062 0.0105555 0.194454
FixedParameters: 0 0 0

#Transform 178
Transform: AffineTransform_float_3_3
Parameters: 0.99997 -0.00615746 0.0048542 0.00614054 0.999976 0.00339791 -0.00487581 -0.00336808 0.999983 0.0340328 -0.0330855 0.196881
FixedParameters: 0 0 0

#Transform 179
Transform: AffineTransform_float_3_3
Parameters: 0.999969 -0.00610729 0.00486886 0.0060957 0.999978 0.00233175 -0.00488214 -0.00230225 0.999986 0.0406653 0.00321703 0.207978
FixedParameters: 0 0 0
