# transform file /out/sourcedata/freesurfer/sub-v2s8x29191_ses-1/mri/transforms/cc_up.lta
# created by oesteban on Sat Mar 14 02:15:26 2026

type      = 0 # LINEAR_VOX_TO_VOX
nxforms   = 1
mean      = 126.0000 119.0000 112.0000
sigma     = 10000.0000
1 4 4
9.998891949653625e-01 2.533266320824623e-03 1.466999948024750e-02 -8.113621473312378e-01 
-2.532993443310261e-03 9.999968409538269e-01 -3.716313221957535e-05 2.732853126525879e+01 
-1.467004604637623e-02 0.000000000000000e+00 9.998924136161804e-01 2.288928794860840e+01 
0.000000000000000e+00 0.000000000000000e+00 0.000000000000000e+00 1.000000000000000e+00 
src volume info
valid = 1  # volume info valid
filename = /out/sourcedata/freesurfer/sub-v2s8x29191_ses-1/mri/norm.mgz
volume = 256 256 256
voxelsize = 1.000000000000000e+00 1.000000000000000e+00 1.000000000000000e+00
xras   = -1.000000000000000e+00 0.000000000000000e+00 0.000000000000000e+00
yras   = 0.000000000000000e+00 0.000000000000000e+00 -1.000000000000000e+00
zras   = 0.000000000000000e+00 1.000000000000000e+00 0.000000000000000e+00
cras   = 3.612790298461914e+01 3.667518615722656e+00 1.000000000000000e+00
dst volume info
valid = 1  # volume info valid
filename = /out/sourcedata/freesurfer/sub-v2s8x29191_ses-1/mri/norm.mgz
volume = 256 256 256
voxelsize = 1.000000000000000e+00 1.000000000000000e+00 1.000000000000000e+00
xras   = -1.000000000000000e+00 0.000000000000000e+00 0.000000000000000e+00
yras   = 0.000000000000000e+00 0.000000000000000e+00 -1.000000000000000e+00
zras   = 0.000000000000000e+00 1.000000000000000e+00 0.000000000000000e+00
cras   = 3.612790298461914e+01 3.667518615722656e+00 1.000000000000000e+00
