#Insight Transform File V1.0
#Transform 0
Transform: AffineTransform_float_3_3
Parameters: 1 -0.000395995 -2.90737e-05 0.000396005 1 0.000185988 2.89263e-05 -0.000186011 1 0.0741419 -0.07584 -0.361201
FixedParameters: 0 0 0

#Transform 1
Transform: AffineTransform_float_3_3
Parameters: 1 0.000702767 0.000842195 -0.000703234 0.999999 0.000277408 -0.000841805 -0.000277592 0.999999 -0.0633256 0.0737713 0.0201369
FixedParameters: 0 0 0

#Transform 2
Transform: AffineTransform_float_3_3
Parameters: 0.999996 -0.000124464 0.00259798 0.000101535 0.999959 0.0090303 -0.00259902 -0.00902971 0.999956 -0.133409 -0.235792 0.0673372
FixedParameters: 0 0 0

#Transform 3
Transform: AffineTransform_float_3_3
Parameters: 1 -4.80572e-05 0.000368738 4.59469e-05 0.999985 0.00557702 -0.000368262 -0.00557699 0.999985 -0.0259668 -0.0765507 0.000502996
FixedParameters: 0 0 0

#Transform 4
Transform: AffineTransform_float_3_3
Parameters: 0.999999 -0.000320993 0.00124447 0.000315005 0.999989 0.0048124 -0.00124653 -0.0048126 0.999987 -0.0772391 0.0313573 -0.234068
FixedParameters: 0 0 0

#Transform 5
Transform: AffineTransform_float_3_3
Parameters: 1 0.000243429 0.000964166 -0.00024757 0.999988 0.00474376 -0.000962837 -0.00474424 0.999989 -0.0599796 -0.0294823 0.0275424
FixedParameters: 0 0 0

#Transform 6
Transform: AffineTransform_float_3_3
Parameters: 0.999999 0.000410746 0.000861496 -0.000418258 0.999965 0.00843665 -0.000858501 -0.00843736 0.999964 -0.0750199 -0.235401 0.205038
FixedParameters: 0 0 0

#Transform 7
Transform: AffineTransform_float_3_3
Parameters: 0.999999 0.000539219 0.000459668 -0.000544784 0.999945 0.0104648 -0.000454324 -0.0104653 0.999945 -0.0411848 -0.297138 0.244244
FixedParameters: 0 0 0

#Transform 8
Transform: AffineTransform_float_3_3
Parameters: 0.999999 -0.000111437 0.000714472 0.000107565 0.999989 0.00480908 -0.000714525 -0.00480892 0.999988 -0.0660066 -0.0348615 0.0608749
FixedParameters: 0 0 0

#Transform 9
Transform: AffineTransform_float_3_3
Parameters: 0.999999 -0.000381191 0.000713304 0.00037781 0.99999 0.00446827 -0.000714695 -0.00446873 0.99999 -0.070096 -0.036676 0.0759023
FixedParameters: 0 0 0

#Transform 10
Transform: AffineTransform_float_3_3
Parameters: 0.999998 -0.0011753 0.00118276 0.0011697 0.99999 0.00446939 -0.00118824 -0.00446861 0.99999 -0.118099 -0.0409657 0.0882162
FixedParameters: 0 0 0

#Transform 11
Transform: AffineTransform_float_3_3
Parameters: 0.999998 -0.00154579 0.000429621 0.00154321 0.999991 0.00412967 -0.000436377 -0.00412933 0.999992 -0.053192 -0.0170489 0.0526549
FixedParameters: 0 0 0

#Transform 12
Transform: AffineTransform_float_3_3
Parameters: 1 -0.000945944 0.000596356 0.000943058 0.999987 0.00491756 -0.000600645 -0.00491743 0.999987 -0.0825343 -0.0600642 0.127771
FixedParameters: 0 0 0

#Transform 13
Transform: AffineTransform_float_3_3
Parameters: 1 -0.000974605 0.000711445 0.000972397 0.999993 0.00365269 -0.000714557 -0.00365231 0.999993 -0.104412 -0.0261915 0.0908959
FixedParameters: 0 0 0

#Transform 14
Transform: AffineTransform_float_3_3
Parameters: 0.999998 -0.000564105 0.00165761 0.000559894 0.999997 0.00247593 -0.00165939 -0.00247507 0.999995 -0.160957 -0.00442898 0.0722117
FixedParameters: 0 0 0

#Transform 15
Transform: AffineTransform_float_3_3
Parameters: 0.999997 0.000577473 0.00210997 -0.000580527 0.999998 0.00167178 -0.00210903 -0.00167222 0.999997 -0.199884 0.0822833 0.0358837
FixedParameters: 0 0 0

#Transform 16
Transform: AffineTransform_float_3_3
Parameters: 0.999998 -1.32154e-05 0.00211799 1.17845e-05 1 0.00104603 -0.00211801 -0.00104598 0.999997 -0.215727 0.100529 0.0216603
FixedParameters: 0 0 0

#Transform 17
Transform: AffineTransform_float_3_3
Parameters: 0.999996 -0.00039213 0.00255021 0.00038687 0.999998 0.00201199 -0.00255078 -0.00201101 0.999994 -0.222174 0.0477074 0.122809
FixedParameters: 0 0 0

#Transform 18
Transform: AffineTransform_float_3_3
Parameters: 0.999996 -1.71992e-05 0.00275397 1.18006e-05 0.999998 0.00225104 -0.00275403 -0.00225096 0.999993 -0.244716 0.0467198 0.0980968
FixedParameters: 0 0 0

#Transform 19
Transform: AffineTransform_float_3_3
Parameters: 0.999997 -0.000249182 0.00216475 0.000246819 1 0.00100754 -0.00216525 -0.00100746 0.999997 -0.204297 0.0982282 0.0740347
FixedParameters: 0 0 0

#Transform 20
Transform: AffineTransform_float_3_3
Parameters: 0.999997 -0.000554938 0.00207875 0.000554061 0.999999 0.000452153 -0.00207925 -0.000450847 0.999997 -0.18141 0.129525 0.0576175
FixedParameters: 0 0 0

#Transform 21
Transform: AffineTransform_float_3_3
Parameters: 0.999999 -0.000466247 0.00180794 0.000465754 1 0.000136842 -0.00180706 -0.000136158 0.999999 -0.14999 0.178247 0.0452612
FixedParameters: 0 0 0

#Transform 22
Transform: AffineTransform_float_3_3
Parameters: 1 1.16842e-05 0.000972062 -1.63156e-05 0.99999 0.00443999 -0.000971937 -0.00444001 0.999989 -0.104918 0.0103712 0.0891994
FixedParameters: 0 0 0

#Transform 23
Transform: AffineTransform_float_3_3
Parameters: 0.999999 -0.000101161 0.000931767 9.88384e-05 0.999998 0.00231909 -0.000932231 -0.00231891 0.999997 -0.0991132 0.095427 0.0465375
FixedParameters: 0 0 0

#Transform 24
Transform: AffineTransform_float_3_3
Parameters: 0.999999 -0.000357451 0.001226 0.000354548 0.999996 0.00281444 -0.001227 -0.00281356 0.999996 -0.127386 0.0535083 0.0828506
FixedParameters: 0 0 0

#Transform 25
Transform: AffineTransform_float_3_3
Parameters: 0.999999 -0.00046762 0.00180707 0.000464379 0.999998 0.00200284 -0.00180893 -0.00200216 0.999997 -0.16106 0.0598926 0.0752702
FixedParameters: 0 0 0

#Transform 26
Transform: AffineTransform_float_3_3
Parameters: 1 0.000567169 0.000932507 -0.000567831 1 0.000891472 -0.000931494 -0.000892529 0.999999 -0.0976386 0.144622 0.0270252
FixedParameters: 0 0 0

#Transform 27
Transform: AffineTransform_float_3_3
Parameters: 0.999999 6.69354e-05 0.000766273 -7.00634e-05 0.999992 0.00399995 -0.000765725 -0.00400005 0.999991 -0.101834 0.0106611 0.088557
FixedParameters: 0 0 0

#Transform 28
Transform: AffineTransform_float_3_3
Parameters: 0.999999 0.000189412 0.000724681 -0.000192589 0.999993 0.00357286 -0.000724317 -0.00357314 0.999994 -0.11506 0.0471561 0.0708943
FixedParameters: 0 0 0

#Transform 29
Transform: AffineTransform_float_3_3
Parameters: 1 -0.000298956 0.000515447 0.000298043 0.999998 0.00185315 -0.000516553 -0.00185285 0.999998 -0.104317 0.101554 0.0429398
FixedParameters: 0 0 0

#Transform 30
Transform: AffineTransform_float_3_3
Parameters: 1 -0.000246865 0.000515586 0.000246134 0.999998 0.00167713 -0.000516413 -0.00167687 0.999998 -0.10452 0.108271 0.0387715
FixedParameters: 0 0 0

#Transform 31
Transform: AffineTransform_float_3_3
Parameters: 0.999999 8.44795e-05 0.00156819 -8.75199e-05 0.999998 0.00224487 -0.00156781 -0.00224514 0.999997 -0.153658 0.0870309 0.0811698
FixedParameters: 0 0 0

#Transform 32
Transform: AffineTransform_float_3_3
Parameters: 0.999999 8.54627e-05 0.00156814 -8.75368e-05 0.999998 0.00161786 -0.00156786 -0.00161814 0.999998 -0.160036 0.115835 0.0619043
FixedParameters: 0 0 0

#Transform 33
Transform: AffineTransform_float_3_3
Parameters: 0.999999 8.67173e-05 0.00142508 -8.82823e-05 0.999999 0.000899874 -0.00142492 -0.000900124 0.999998 -0.165465 0.164778 0.0301983
FixedParameters: 0 0 0

#Transform 34
Transform: AffineTransform_float_3_3
Parameters: 0.999998 8.74152e-05 0.00187403 -8.75845e-05 1 0.000311836 -0.00187397 -0.000312164 0.999998 -0.18373 0.180453 0.0409701
FixedParameters: 0 0 0

#Transform 35
Transform: AffineTransform_float_3_3
Parameters: 0.999999 -0.000373667 0.00138982 0.000373332 1 0.000480519 -0.00139018 -0.000479481 0.999999 -0.138064 0.172735 0.0386429
FixedParameters: 0 0 0

#Transform 36
Transform: AffineTransform_float_3_3
Parameters: 0.999999 8.60619e-05 0.00157311 -8.79378e-05 0.999999 0.00123186 -0.00157289 -0.00123214 0.999998 -0.147641 0.129457 0.0606302
FixedParameters: 0 0 0

#Transform 37
Transform: AffineTransform_float_3_3
Parameters: 1 -0.000241122 0.00114798 0.000240878 1 0.000106277 -0.00114803 -0.000105723 1 -0.130139 0.208897 0.0125567
FixedParameters: 0 0 0

#Transform 38
Transform: AffineTransform_float_3_3
Parameters: 0.999999 -0.000419844 0.000939623 0.000419155 0.999999 0.000898394 -0.000940377 -0.000898605 0.999999 -0.125821 0.156719 0.0377897
FixedParameters: 0 0 0

#Transform 39
Transform: AffineTransform_float_3_3
Parameters: 1 -0.000275994 0.00111375 0.000275006 0.999999 0.000892306 -0.00111425 -0.000892693 0.999999 -0.140022 0.139291 0.0396322
FixedParameters: 0 0 0

#Transform 40
Transform: AffineTransform_float_3_3
Parameters: 0.999998 -0.000452431 0.00157759 0.000451568 1 0.000907714 -0.00157841 -0.000906288 0.999999 -0.161111 0.13974 0.0540277
FixedParameters: 0 0 0

#Transform 41
Transform: AffineTransform_float_3_3
Parameters: 0.999999 -0.000895819 0.0014675 0.000895184 1 0.000557315 -0.0014675 -0.000556686 0.999999 -0.145817 0.147714 0.0553247
FixedParameters: 0 0 0

#Transform 42
Transform: AffineTransform_float_3_3
Parameters: 0.999999 -0.000895043 0.000939959 0.000894957 0.999999 4.58412e-05 -0.000940041 -4.51586e-05 0.999999 -0.13092 0.184321 0.0137853
FixedParameters: 0 0 0

#Transform 43
Transform: AffineTransform_float_3_3
Parameters: 1 -0.000643042 0.000939971 0.000642958 1 4.56044e-05 -0.000940029 -4.43955e-05 0.999999 -0.114735 0.193818 0.0290787
FixedParameters: 0 0 0

#Transform 44
Transform: AffineTransform_float_3_3
Parameters: 0.999998 -0.000613863 0.0015889 0.000611136 0.999998 0.00180197 -0.0015901 -0.00180103 0.999997 -0.144741 0.114727 0.070684
FixedParameters: 0 0 0

#Transform 45
Transform: AffineTransform_float_3_3
Parameters: 0.999998 -0.000789561 0.00153368 0.000786439 0.999999 0.00167021 -0.00153431 -0.00166879 0.999997 -0.156206 0.11674 0.0462046
FixedParameters: 0 0 0

#Transform 46
Transform: AffineTransform_float_3_3
Parameters: 0.999998 -0.000979448 0.00160673 0.000979554 1 0.000278574 -0.00160727 -0.000277426 0.999998 -0.155181 0.173496 0.0430317
FixedParameters: 0 0 0

#Transform 47
Transform: AffineTransform_float_3_3
Parameters: 0.999998 -0.00118818 0.00158786 0.00118782 1 0.000115886 -0.00158814 -0.000114113 0.999998 -0.171083 0.196247 0.0241838
FixedParameters: 0 0 0

#Transform 48
Transform: AffineTransform_float_3_3
Parameters: 0.999999 -0.0014021 0.00122989 0.0014019 0.999999 7.87243e-05 -0.00123011 -7.72754e-05 0.999999 -0.138187 0.178357 0.0275889
FixedParameters: 0 0 0

#Transform 49
Transform: AffineTransform_float_3_3
Parameters: 0.999998 -0.00159989 0.00130814 0.00160011 0.999998 -8.4907e-05 -0.00130786 8.60926e-05 0.999999 -0.127254 0.189366 0.0383408
FixedParameters: 0 0 0

#Transform 50
Transform: AffineTransform_float_3_3
Parameters: 1 -0.000551718 0.000940753 0.000553282 0.999999 -0.00136248 -0.000940247 0.00136352 0.999998 -0.155896 0.191503 0.0948739
FixedParameters: 0 0 0

#Transform 51
Transform: AffineTransform_float_3_3
Parameters: 0.999999 -0.000988165 0.00119069 0.000988835 1 -0.000700824 -0.00119031 0.000702177 0.999999 -0.149772 0.187283 0.0652168
FixedParameters: 0 0 0

#Transform 52
Transform: AffineTransform_float_3_3
Parameters: 0.999999 -0.00118053 0.000814679 0.00118147 0.999999 -0.000574038 -0.000814322 0.000574962 1 -0.110809 0.217468 0.0511471
FixedParameters: 0 0 0

#Transform 53
Transform: AffineTransform_float_3_3
Parameters: 0.999998 -0.00129074 0.00160302 0.00129226 0.999999 -0.00078493 -0.00160199 0.00078707 0.999999 -0.162482 0.217414 0.0916105
FixedParameters: 0 0 0

#Transform 54
Transform: AffineTransform_float_3_3
Parameters: 0.999997 -0.00132622 0.00213748 0.00132678 0.999999 -0.000364165 -0.00213751 0.000367836 0.999997 -0.19442 0.20212 0.0955848
FixedParameters: 0 0 0

#Transform 55
Transform: AffineTransform_float_3_3
Parameters: 0.999997 -0.00129531 0.00219282 0.00129469 0.999999 0.000140839 -0.00219318 -0.00013816 0.999997 -0.194949 0.173682 0.106617
FixedParameters: 0 0 0

#Transform 56
Transform: AffineTransform_float_3_3
Parameters: 0.999996 -0.0014373 0.00219345 0.0014377 0.999999 -0.000315847 -0.00219354 0.000319154 0.999997 -0.194725 0.213217 0.0892032
FixedParameters: 0 0 0

#Transform 57
Transform: AffineTransform_float_3_3
Parameters: 0.999996 -0.00143727 0.00219348 0.00143773 0.999999 -0.000332847 -0.00219352 0.000336154 0.999997 -0.194701 0.20771 0.0959634
FixedParameters: 0 0 0

#Transform 58
Transform: AffineTransform_float_3_3
Parameters: 0.999996 -0.00191607 0.00219294 0.00191593 0.999998 3.22017e-05 -0.00219306 -2.77981e-05 0.999997 -0.171981 0.170703 0.103577
FixedParameters: 0 0 0

#Transform 59
Transform: AffineTransform_float_3_3
Parameters: 0.999999 -0.00109785 0.00113418 0.00109715 0.999999 0.000746245 -0.00113582 -0.000744754 0.999999 -0.0897353 0.1678 0.0873446
FixedParameters: 0 0 0

#Transform 60
Transform: AffineTransform_float_3_3
Parameters: 0.999999 -0.00135392 0.00119309 0.00135408 0.999999 -6.43846e-05 -0.00119291 6.56152e-05 1 -0.108209 0.200394 0.0562337
FixedParameters: 0 0 0

#Transform 61
Transform: AffineTransform_float_3_3
Parameters: 0.999998 -0.00132174 0.00138825 0.00132226 0.999999 -0.000189165 -0.00138775 0.000190835 0.999999 -0.117225 0.219195 0.0642646
FixedParameters: 0 0 0

#Transform 62
Transform: AffineTransform_float_3_3
Parameters: 0.999998 -0.0015229 0.00119058 0.0015211 0.999997 0.00159381 -0.00119342 -0.00159118 0.999998 -0.12673 0.149903 0.0678348
FixedParameters: 0 0 0

#Transform 63
Transform: AffineTransform_float_3_3
Parameters: 0.999997 -0.00172647 0.00139842 0.00172553 0.999999 0.000334414 -0.00139957 -0.000331585 0.999999 -0.124291 0.228087 0.0360328
FixedParameters: 0 0 0

#Transform 64
Transform: AffineTransform_float_3_3
Parameters: 0.999997 -0.00188001 0.0010001 0.00187899 0.999997 0.00101288 -0.0010019 -0.00101112 0.999999 -0.0980689 0.19932 0.0473434
FixedParameters: 0 0 0

#Transform 65
Transform: AffineTransform_float_3_3
Parameters: 0.999998 -0.00174569 0.000770441 0.00174531 0.999998 0.000894347 -0.00077156 -0.000892655 1 -0.0878672 0.207054 0.0335471
FixedParameters: 0 0 0

#Transform 66
Transform: AffineTransform_float_3_3
Parameters: 0.999999 -0.00157954 0.000684768 0.00157947 0.999999 0.000781083 -0.000686234 -0.000779918 1 -0.0627323 0.194808 0.0288237
FixedParameters: 0 0 0

#Transform 67
Transform: AffineTransform_float_3_3
Parameters: 0.999998 -0.00143799 0.00074007 0.001437 0.999998 0.00134307 -0.000741929 -0.00134193 0.999999 -0.0787406 0.167343 0.0623306
FixedParameters: 0 0 0

#Transform 68
Transform: AffineTransform_float_3_3
Parameters: 0.999998 -0.00185924 0.000741389 0.00185876 0.999998 0.000329379 -0.00074161 -0.000327622 0.999999 -0.078886 0.213293 0.0382756
FixedParameters: 0 0 0

#Transform 69
Transform: AffineTransform_float_3_3
Parameters: 0.999997 -0.00186004 0.0011353 0.00185896 0.999998 0.000913112 -0.0011367 -0.000910888 0.999999 -0.106875 0.186517 0.0628175
FixedParameters: 0 0 0

#Transform 70
Transform: AffineTransform_float_3_3
Parameters: 0.999999 -0.00135421 0.000739784 0.00135279 0.999997 0.001638 -0.000742216 -0.001637 0.999999 -0.0747638 0.163195 0.0858777
FixedParameters: 0 0 0

#Transform 71
Transform: AffineTransform_float_3_3
Parameters: 0.999998 -0.00140564 0.000742688 0.00140536 0.999999 -0.000488957 -0.000742312 0.000490044 0.999999 -0.0661195 0.249499 0.0973361
FixedParameters: 0 0 0

#Transform 72
Transform: AffineTransform_float_3_3
Parameters: 0.999998 -0.00149443 0.00119046 0.00149457 0.999999 0.00036278 -0.00119154 -0.00036122 0.999999 -0.104308 0.205011 0.0519294
FixedParameters: 0 0 0

#Transform 73
Transform: AffineTransform_float_3_3
Parameters: 0.999997 -0.00104383 0.00227562 0.00104317 1 0.000366375 -0.00227538 -0.000363626 0.999998 -0.174959 0.212712 0.0869392
FixedParameters: 0 0 0

#Transform 74
Transform: AffineTransform_float_3_3
Parameters: 0.999983 0.00148392 0.00560103 -0.00148409 0.999999 1.16878e-05 -0.00560098 -1.93117e-05 0.999985 -0.42025 0.227042 0.126314
FixedParameters: 0 0 0

#Transform 75
Transform: AffineTransform_float_3_3
Parameters: 0.999989 0.000646401 0.00475781 -0.000644599 0.999999 -0.00029607 -0.00475819 0.000292927 0.999988 -0.368154 0.288372 0.0690634
FixedParameters: 0 0 0

#Transform 76
Transform: AffineTransform_float_3_3
Parameters: 0.999988 0.00129518 0.00476214 -0.00129182 0.999999 -0.00067016 -0.00476287 0.00066484 0.999989 -0.400875 0.328629 0.0472296
FixedParameters: 0 0 0

#Transform 77
Transform: AffineTransform_float_3_3
Parameters: 0.999995 -0.00100532 0.0030029 0.00100468 0.999999 0.000107017 -0.00300311 -0.000103981 0.999996 -0.240517 0.252535 0.0600456
FixedParameters: 0 0 0

#Transform 78
Transform: AffineTransform_float_3_3
Parameters: 0.99999 0.00124164 0.0043161 -0.00124236 0.999999 8.06387e-05 -0.00431589 -8.63596e-05 0.99999 -0.385118 0.259042 0.0675686
FixedParameters: 0 0 0

#Transform 79
Transform: AffineTransform_float_3_3
Parameters: 0.999986 0.00119903 0.00515153 -0.00119697 0.999999 -0.000397172 -0.00515247 0.000390827 0.999986 -0.430422 0.289055 0.0711162
FixedParameters: 0 0 0

#Transform 80
Transform: AffineTransform_float_3_3
Parameters: 0.999967 0.000560756 0.00807592 -0.000465242 0.999929 -0.0118541 -0.00808208 0.0118499 0.999897 -0.571971 0.76232 0.0643568
FixedParameters: 0 0 0

#Transform 81
Transform: AffineTransform_float_3_3
Parameters: 0.999995 -0.00244988 0.00227713 0.00245012 0.999997 -4.94211e-05 -0.00227787 5.55808e-05 0.999998 -0.171082 0.240744 0.0761781
FixedParameters: 0 0 0

#Transform 82
Transform: AffineTransform_float_3_3
Parameters: 0.999995 -0.0022722 0.00193611 0.00227479 0.999997 -0.0009256 -0.00193389 0.000930398 0.999997 -0.167157 0.2962 0.048841
FixedParameters: 0 0 0

#Transform 83
Transform: AffineTransform_float_3_3
Parameters: 0.999994 -0.00222273 0.00239404 0.00222627 0.999996 -0.00136368 -0.00239096 0.00136832 0.999996 -0.178867 0.313779 0.0503773
FixedParameters: 0 0 0

#Transform 84
Transform: AffineTransform_float_3_3
Parameters: 0.999994 -0.00259283 0.00201907 0.00259517 0.999996 -0.00156777 -0.00201493 0.00157223 0.999996 -0.186154 0.316141 0.0566012
FixedParameters: 0 0 0

#Transform 85
Transform: AffineTransform_float_3_3
Parameters: 0.999995 -0.00300497 0.00152101 0.00300703 0.999994 -0.00133243 -0.00151699 0.00133757 0.999998 -0.125613 0.31249 0.0455278
FixedParameters: 0 0 0

#Transform 86
Transform: AffineTransform_float_3_3
Parameters: 0.999995 -0.00269009 0.00168764 0.00269291 0.999995 -0.00172246 -0.00168236 0.00172753 0.999997 -0.136264 0.321424 0.0455037
FixedParameters: 0 0 0

#Transform 87
Transform: AffineTransform_float_3_3
Parameters: 0.999995 -0.00254618 0.00186885 0.00254882 0.999995 -0.00151024 -0.00186515 0.00151476 0.999997 -0.156586 0.325049 0.0470951
FixedParameters: 0 0 0

#Transform 88
Transform: AffineTransform_float_3_3
Parameters: 0.999996 -0.00254644 0.00172379 0.00254956 0.999995 -0.00148361 -0.00172021 0.00148839 0.999998 -0.142248 0.314867 0.0462958
FixedParameters: 0 0 0

#Transform 89
Transform: AffineTransform_float_3_3
Parameters: 0.999995 -0.00229529 0.00186956 0.00229971 0.999996 -0.00198371 -0.00186544 0.00198829 0.999997 -0.149453 0.32784 0.0759606
FixedParameters: 0 0 0

#Transform 90
Transform: AffineTransform_float_3_3
Parameters: 0.999995 -0.00228242 0.00186938 0.00228658 0.999995 -0.00191473 -0.00186562 0.00191927 0.999997 -0.151602 0.34324 0.0459935
FixedParameters: 0 0 0

#Transform 91
Transform: AffineTransform_float_3_3
Parameters: 0.999994 -0.00269571 0.00186975 0.00269929 0.999995 -0.00175796 -0.00186525 0.00176304 0.999996 -0.143609 0.346661 0.0464216
FixedParameters: 0 0 0

#Transform 92
Transform: AffineTransform_float_3_3
Parameters: 0.999994 -0.0030458 0.00160509 0.00304821 0.999994 -0.00199712 -0.00159991 0.00200289 0.999996 -0.132514 0.32385 0.0832656
FixedParameters: 0 0 0

#Transform 93
Transform: AffineTransform_float_3_3
Parameters: 0.999995 -0.00252613 0.00187025 0.00252988 0.999994 -0.00207228 -0.00186576 0.00207672 0.999996 -0.161517 0.334232 0.086169
FixedParameters: 0 0 0

#Transform 94
Transform: AffineTransform_float_3_3
Parameters: 0.999993 -0.00304516 0.00187126 0.00304884 0.999993 -0.00205031 -0.00186574 0.0020567 0.999996 -0.171638 0.328321 0.0965816
FixedParameters: 0 0 0

#Transform 95
Transform: AffineTransform_float_3_3
Parameters: 0.999996 -0.00221872 0.00176886 0.00222128 0.999996 -0.00128608 -0.00176614 0.00128992 0.999997 -0.156258 0.285606 0.118938
FixedParameters: 0 0 0

#Transform 96
Transform: AffineTransform_float_3_3
Parameters: 0.999992 -0.00220189 0.00314558 0.00219711 0.999997 0.00155592 -0.00314941 -0.00154908 0.999994 -0.248174 0.142477 0.186122
FixedParameters: 0 0 0

#Transform 97
Transform: AffineTransform_float_3_3
Parameters: 0.999996 -0.00176308 0.00217974 0.00176392 0.999999 -0.000419157 -0.00217926 0.000422844 0.999998 -0.205302 0.246339 0.0951811
FixedParameters: 0 0 0

#Transform 98
Transform: AffineTransform_float_3_3
Parameters: 0.999997 -0.00205779 0.00171945 0.00205921 0.999997 -0.000701462 -0.00171755 0.000705537 0.999999 -0.17622 0.274777 0.0467364
FixedParameters: 0 0 0

#Transform 99
Transform: AffineTransform_float_3_3
Parameters: 0.999996 -0.00197864 0.00213419 0.00198036 0.999997 -0.00110378 -0.00213281 0.00110722 0.999997 -0.202689 0.290483 0.0987946
FixedParameters: 0 0 0

#Transform 100
Transform: AffineTransform_float_3_3
Parameters: 0.999997 -0.00188373 0.00148461 0.00188427 0.999998 -0.000855205 -0.00148339 0.000857796 0.999998 -0.172923 0.267926 0.136513
FixedParameters: 0 0 0

#Transform 101
Transform: AffineTransform_float_3_3
Parameters: 0.999996 -0.00237735 0.00140511 0.00237865 0.999997 -0.000463659 -0.00140389 0.000467339 0.999999 -0.136724 0.256887 0.0757971
FixedParameters: 0 0 0

#Transform 102
Transform: AffineTransform_float_3_3
Parameters: 0.999995 -0.00263093 0.00133511 0.00263207 0.999996 -0.000799489 -0.00133289 0.00080251 0.999999 -0.105704 0.319638 0.0265507
FixedParameters: 0 0 0

#Transform 103
Transform: AffineTransform_float_3_3
Parameters: 0.999996 -0.00244012 0.00106133 0.00244188 0.999996 -0.00177442 -0.00105667 0.00177659 0.999998 -0.127168 0.337803 0.0609143
FixedParameters: 0 0 0

#Transform 104
Transform: AffineTransform_float_3_3
Parameters: 0.999996 -0.00258405 0.00125403 0.00258595 0.999996 -0.00155776 -0.00124997 0.00156124 0.999998 -0.123804 0.326837 0.0704673
FixedParameters: 0 0 0

#Transform 105
Transform: AffineTransform_float_3_3
Parameters: 0.999996 -0.00247024 0.000722599 0.00247176 0.999997 -0.00105122 -0.0007204 0.00105278 0.999999 -0.0929113 0.307296 0.0356443
FixedParameters: 0 0 0

#Transform 106
Transform: AffineTransform_float_3_3
Parameters: 0.999996 -0.00247029 0.000722446 0.00247071 0.999997 -0.000989219 -0.000719555 0.000990781 1 -0.0859667 0.313229 0.0359276
FixedParameters: 0 0 0

#Transform 107
Transform: AffineTransform_float_3_3
Parameters: 0.999996 -0.00263261 0.000905042 0.00263439 0.999996 -0.00153362 -0.000900957 0.00153638 0.999999 -0.0809669 0.335828 0.048128
FixedParameters: 0 0 0

#Transform 108
Transform: AffineTransform_float_3_3
Parameters: 0.999995 -0.00286096 0.00149277 0.00286504 0.999992 -0.00271074 -0.00148523 0.00271526 0.999995 -0.139302 0.414576 0.0570694
FixedParameters: 0 0 0

#Transform 109
Transform: AffineTransform_float_3_3
Parameters: 0.999996 -0.002721 0.00143462 0.002725 0.999993 -0.00279711 -0.00142638 0.0028009 0.999995 -0.128051 0.386544 0.0566111
FixedParameters: 0 0 0

#Transform 110
Transform: AffineTransform_float_3_3
Parameters: 0.999994 -0.00302389 0.00133335 0.0030281 0.99999 -0.00308798 -0.00132365 0.00309202 0.999995 -0.121406 0.406705 0.04679
FixedParameters: 0 0 0

#Transform 111
Transform: AffineTransform_float_3_3
Parameters: 0.999995 -0.00297623 0.00120833 0.00297977 0.99999 -0.00312942 -0.00119967 0.00313359 0.999995 -0.118887 0.43649 0.0276757
FixedParameters: 0 0 0

#Transform 112
Transform: AffineTransform_float_3_3
Parameters: 0.999994 -0.00319413 0.00150312 0.00319687 0.999993 -0.00191221 -0.00149688 0.00191679 0.999997 -0.122204 0.359811 0.0372765
FixedParameters: 0 0 0

#Transform 113
Transform: AffineTransform_float_3_3
Parameters: 0.999994 -0.00289551 0.00160549 0.00289848 0.999994 -0.00154735 -0.00160051 0.00155264 0.999997 -0.142637 0.347027 0.0369422
FixedParameters: 0 0 0

#Transform 114
Transform: AffineTransform_float_3_3
Parameters: 0.999995 -0.00270217 0.00118717 0.00270383 0.999995 -0.0015428 -0.00118282 0.0015462 0.999998 -0.113964 0.35499 0.0395863
FixedParameters: 0 0 0

#Transform 115
Transform: AffineTransform_float_3_3
Parameters: 0.999994 -0.00334935 0.00109911 0.00335265 0.999991 -0.00241733 -0.00109089 0.00242067 0.999996 -0.0951695 0.399346 0.00831599
FixedParameters: 0 0 0

#Transform 116
Transform: AffineTransform_float_3_3
Parameters: 0.999994 -0.00332549 0.00107677 0.00332851 0.999991 -0.00233443 -0.00106923 0.00233757 0.999996 -0.107078 0.380447 0.0203513
FixedParameters: 0 0 0

#Transform 117
Transform: AffineTransform_float_3_3
Parameters: 0.999994 -0.00300469 0.00140494 0.0030063 0.999994 -0.00164079 -0.00140006 0.00164522 0.999997 -0.135715 0.346221 0.0330906
FixedParameters: 0 0 0

#Transform 118
Transform: AffineTransform_float_3_3
Parameters: 0.999995 -0.00289548 0.00120267 0.00289752 0.999995 -0.00126352 -0.00119933 0.00126748 0.999999 -0.132941 0.332818 0.0285192
FixedParameters: 0 0 0

#Transform 119
Transform: AffineTransform_float_3_3
Parameters: 0.999996 -0.00255408 0.00114728 0.00255592 0.999996 -0.00167407 -0.00114272 0.00167693 0.999998 -0.118847 0.350888 0.055
FixedParameters: 0 0 0

#Transform 120
Transform: AffineTransform_float_3_3
Parameters: 0.999993 -0.00359369 0.00146263 0.00359731 0.999989 -0.00295476 -0.00145237 0.00296024 0.999994 -0.123913 0.389306 0.0745649
FixedParameters: 0 0 0

#Transform 121
Transform: AffineTransform_float_3_3
Parameters: 0.999994 -0.00334859 0.00095748 0.00335141 0.999991 -0.00252981 -0.000949519 0.0025332 0.999997 -0.101536 0.394791 0.074584
FixedParameters: 0 0 0

#Transform 122
Transform: AffineTransform_float_3_3
Parameters: 0.999995 -0.00304584 0.00130937 0.00304916 0.999992 -0.00241702 -0.00130263 0.00242098 0.999996 -0.135129 0.379991 0.0902984
FixedParameters: 0 0 0

#Transform 123
Transform: AffineTransform_float_3_3
Parameters: 0.999995 -0.00296404 0.000955122 0.00296597 0.999994 -0.00206318 -0.00094888 0.00206582 0.999998 -0.11833 0.353041 0.11683
FixedParameters: 0 0 0

#Transform 124
Transform: AffineTransform_float_3_3
Parameters: 0.999995 -0.00296344 0.00119239 0.00296556 0.999994 -0.00215248 -0.00118662 0.00215553 0.999997 -0.126109 0.382129 0.0825109
FixedParameters: 0 0 0

#Transform 125
Transform: AffineTransform_float_3_3
Parameters: 0.999995 -0.00268382 0.00154555 0.00268719 0.999995 -0.00206286 -0.00154046 0.00206614 0.999996 -0.151016 0.382095 0.0848756
FixedParameters: 0 0 0

#Transform 126
Transform: AffineTransform_float_3_3
Parameters: 0.999996 -0.00285467 0.00109808 0.00285733 0.999993 -0.00212587 -0.00109192 0.00212913 0.999997 -0.118804 0.384288 0.0950662
FixedParameters: 0 0 0

#Transform 127
Transform: AffineTransform_float_3_3
Parameters: 0.999993 -0.00354342 0.000472969 0.00354558 0.999988 -0.00337635 -0.000461026 0.00337866 0.999994 -0.0403764 0.371498 0.181919
FixedParameters: 0 0 0

#Transform 128
Transform: AffineTransform_float_3_3
Parameters: 0.999994 -0.0032135 0.000457508 0.0032135 0.999994 0.00108748 -0.000460491 -0.00108553 1 -0.06128 0.233149 0.209884
FixedParameters: 0 0 0

#Transform 129
Transform: AffineTransform_float_3_3
Parameters: 0.999991 -0.00415337 0.00144322 0.00416063 0.99998 -0.00462004 -0.00142478 0.00462596 0.999989 -0.0908655 0.522369 -0.0162849
FixedParameters: 0 0 0

#Transform 130
Transform: AffineTransform_float_3_3
Parameters: 0.999992 -0.00414599 0.000469986 0.00414701 0.999989 -0.00216607 -0.000461015 0.00216793 0.999997 -0.0326288 0.392156 0.07771
FixedParameters: 0 0 0

#Transform 131
Transform: AffineTransform_float_3_3
Parameters: 0.999993 -0.00378659 0.000271746 0.00378641 0.999991 -0.00151698 -0.000266254 0.00151802 0.999999 -0.0519693 0.35408 0.0783932
FixedParameters: 0 0 0

#Transform 132
Transform: AffineTransform_float_3_3
Parameters: 0.999992 -0.00414604 0.000469542 0.00414696 0.99999 -0.00205907 -0.000460458 0.00206093 0.999998 -0.0269239 0.357802 0.13267
FixedParameters: 0 0 0

#Transform 133
Transform: AffineTransform_float_3_3
Parameters: 0.999989 -0.00466196 2.66082e-05 0.00466204 0.999987 -0.0020609 -1.63913e-05 0.0020611 0.999998 0.00475785 0.356037 0.116076
FixedParameters: 0 0 0

#Transform 134
Transform: AffineTransform_float_3_3
Parameters: 0.99999 -0.00444216 0.000469041 0.00444284 0.999989 -0.00180894 -0.000460959 0.00181107 0.999999 -0.031491 0.355895 0.0836218
FixedParameters: 0 0 0

#Transform 135
Transform: AffineTransform_float_3_3
Parameters: 0.999989 -0.00453904 0.000470351 0.00453995 0.999987 -0.00205888 -0.000460648 0.00206111 0.999998 -0.0491622 0.373901 0.098871
FixedParameters: 0 0 0

#Transform 136
Transform: AffineTransform_float_3_3
Parameters: 0.999991 -0.00403597 0.000469937 0.00403703 0.99999 -0.00221312 -0.000461063 0.00221488 0.999998 -0.0413775 0.42868 0.0349305
FixedParameters: 0 0 0

#Transform 137
Transform: AffineTransform_float_3_3
Parameters: 0.999992 -0.00393804 -1.58835e-05 0.00393796 0.99999 -0.00206108 2.41161e-05 0.00206092 0.999998 -0.0211188 0.403955 0.0659731
FixedParameters: 0 0 0

#Transform 138
Transform: AffineTransform_float_3_3
Parameters: 0.999991 -0.0042679 5.15398e-05 0.00426809 0.999989 -0.0020008 -4.34592e-05 0.0020012 0.999998 -0.0322249 0.388501 0.053
FixedParameters: 0 0 0

#Transform 139
Transform: AffineTransform_float_3_3
Parameters: 0.999992 -0.00404973 0.00088642 0.00405227 0.999988 -0.00257043 -0.000875582 0.00257357 0.999997 -0.0804225 0.416926 0.0392873
FixedParameters: 0 0 0

#Transform 140
Transform: AffineTransform_float_3_3
Parameters: 0.999991 -0.0041703 0.000781137 0.0041717 0.999989 -0.00218876 -0.000771863 0.00219224 0.999998 -0.0753128 0.400012 0.0646826
FixedParameters: 0 0 0

#Transform 141
Transform: AffineTransform_float_3_3
Parameters: 0.99999 -0.00445755 0.00122266 0.00446045 0.999986 -0.00283558 -0.00121034 0.00284143 0.999995 -0.0825761 0.432092 0.0427276
FixedParameters: 0 0 0

#Transform 142
Transform: AffineTransform_float_3_3
Parameters: 0.999989 -0.00445761 0.00141671 0.00446039 0.999987 -0.00239771 -0.00140629 0.0024043 0.999996 -0.103705 0.394126 0.0676061
FixedParameters: 0 0 0

#Transform 143
Transform: AffineTransform_float_3_3
Parameters: 0.999989 -0.00456875 0.00106604 0.00457125 0.999985 -0.00306916 -0.00105196 0.00307384 0.999994 -0.0723569 0.391829 0.147947
FixedParameters: 0 0 0

#Transform 144
Transform: AffineTransform_float_3_3
Parameters: 0.999988 -0.00489563 0.000121018 0.00489637 0.999982 -0.00327144 -0.000104978 0.00327255 0.999994 0.00821819 0.418728 0.153223
FixedParameters: 0 0 0

#Transform 145
Transform: AffineTransform_float_3_3
Parameters: 0.99999 -0.00461734 0.00019904 0.00461767 0.999984 -0.00347312 -0.000182957 0.00347488 0.999994 -0.0106849 0.449928 0.107763
FixedParameters: 0 0 0

#Transform 146
Transform: AffineTransform_float_3_3
Parameters: 0.999985 -0.00556143 0.000643673 0.00556457 0.999969 -0.00569151 -0.000611332 0.00569449 0.999983 -0.018856 0.549146 0.0861943
FixedParameters: 0 0 0

#Transform 147
Transform: AffineTransform_float_3_3
Parameters: 0.999972 -0.00727424 0.00177188 0.00729276 0.999915 -0.0108224 -0.00169312 0.0108356 0.99994 -0.0546306 0.847076 -0.0416609
FixedParameters: 0 0 0

#Transform 148
Transform: AffineTransform_float_3_3
Parameters: 0.999979 -0.00623217 0.00130768 0.00624382 0.999938 -0.00924202 -0.00125032 0.00924998 0.999957 -0.0644908 0.748723 0.0843543
FixedParameters: 0 0 0

#Transform 149
Transform: AffineTransform_float_3_3
Parameters: 0.999986 -0.00528885 0.000655006 0.00529415 0.999953 -0.00812565 -0.000611991 0.00812935 0.999967 -0.0510749 0.690011 0.0686521
FixedParameters: 0 0 0

#Transform 150
Transform: AffineTransform_float_3_3
Parameters: 0.999984 -0.00550352 0.000659461 0.00550847 0.999947 -0.00861749 -0.000611546 0.00862049 0.999962 -0.036682 0.734423 0.0158858
FixedParameters: 0 0 0

#Transform 151
Transform: AffineTransform_float_3_3
Parameters: 0.999985 -0.00553943 0.000660559 0.00554457 0.999947 -0.00875948 -0.000611443 0.00876353 0.999962 -0.0467052 0.739064 0.000113258
FixedParameters: 0 0 0

#Transform 152
Transform: AffineTransform_float_3_3
Parameters: 0.999984 -0.00549012 0.000662599 0.00549686 0.999942 -0.0092095 -0.00061139 0.0092135 0.999958 -0.0590933 0.759582 0.0299656
FixedParameters: 0 0 0

#Transform 153
Transform: AffineTransform_float_3_3
Parameters: 0.999985 -0.00552237 0.000660945 0.00552764 0.999946 -0.00885648 -0.000612061 0.00885952 0.99996 -0.0544686 0.714764 0.0350179
FixedParameters: 0 0 0

#Transform 154
Transform: AffineTransform_float_3_3
Parameters: 0.999985 -0.00542016 0.000898659 0.00542784 0.999945 -0.00896826 -0.000849344 0.00897274 0.99996 -0.0590208 0.741676 0.0470164
FixedParameters: 0 0 0

#Transform 155
Transform: AffineTransform_float_3_3
Parameters: 0.999985 -0.00533669 0.000656693 0.0053423 0.99995 -0.00836861 -0.000611307 0.00837138 0.999965 -0.0500113 0.709506 0.0650487
FixedParameters: 0 0 0

#Transform 156
Transform: AffineTransform_float_3_3
Parameters: 0.999985 -0.00540282 0.000656187 0.00540818 0.999952 -0.00817258 -0.00061181 0.00817643 0.999967 -0.0454242 0.704212 0.0848312
FixedParameters: 0 0 0

#Transform 157
Transform: AffineTransform_float_3_3
Parameters: 0.999987 -0.00510255 0.000655893 0.00510845 0.99995 -0.00859576 -0.000612102 0.00859924 0.999963 -0.0569293 0.738654 0.0647513
FixedParameters: 0 0 0

#Transform 158
Transform: AffineTransform_float_3_3
Parameters: 0.999984 -0.00548642 0.000660138 0.00549157 0.999946 -0.00876751 -0.000611869 0.00877049 0.999962 -0.0561669 0.750051 0.0848853
FixedParameters: 0 0 0

#Transform 159
Transform: AffineTransform_float_3_3
Parameters: 0.999985 -0.00538524 0.00090924 0.00539376 0.999947 -0.00876323 -0.000861755 0.00876777 0.999961 -0.0739741 0.742071 0.0579941
FixedParameters: 0 0 0

#Transform 160
Transform: AffineTransform_float_3_3
Parameters: 0.999986 -0.00524232 0.000658921 0.00524769 0.999946 -0.00894367 -0.000612085 0.00894633 0.99996 -0.0558828 0.745734 0.0436156
FixedParameters: 0 0 0

#Transform 161
Transform: AffineTransform_float_3_3
Parameters: 0.999984 -0.00545715 0.00100461 0.00546585 0.999953 -0.00798263 -0.000961381 0.00798837 0.999967 -0.0540682 0.709463 0.046467
FixedParameters: 0 0 0

#Transform 162
Transform: AffineTransform_float_3_3
Parameters: 0.999988 -0.0050143 -0.000414019 0.0050127 0.999973 -0.00538315 0.000440985 0.00538086 0.999986 -0.00660053 0.534133 0.129527
FixedParameters: 0 0 0

#Transform 163
Transform: AffineTransform_float_3_3
Parameters: 0.999986 -0.0052482 -0.000206471 0.00524681 0.999972 -0.00543716 0.000234528 0.00543585 0.999985 -0.00650235 0.562738 0.120517
FixedParameters: 0 0 0

#Transform 164
Transform: AffineTransform_float_3_3
Parameters: 0.999984 -0.00563715 0.000188391 0.00563785 0.999973 -0.00485802 -0.00016061 0.00485899 0.999988 -0.0329977 0.549119 0.11262
FixedParameters: 0 0 0

#Transform 165
Transform: AffineTransform_float_3_3
Parameters: 0.999986 -0.00521042 0.0007185 0.00521359 0.999974 -0.00508233 -0.000692498 0.00508668 0.999987 -0.0849007 0.5598 0.0615794
FixedParameters: 0 0 0

#Transform 166
Transform: AffineTransform_float_3_3
Parameters: 0.999987 -0.00508518 0.000154846 0.00508582 0.99997 -0.00586829 -0.000125157 0.00586871 0.999983 -0.0310186 0.602439 0.0831652
FixedParameters: 0 0 0

#Transform 167
Transform: AffineTransform_float_3_3
Parameters: 0.999987 -0.0050804 0.000434557 0.0050826 0.999968 -0.00620887 -0.000402444 0.00621112 0.99998 -0.0478992 0.626239 0.108229
FixedParameters: 0 0 0

#Transform 168
Transform: AffineTransform_float_3_3
Parameters: 0.999988 -0.00498486 0.000534232 0.00498815 0.999969 -0.00606141 -0.000503769 0.00606359 0.999981 -0.0487352 0.613283 0.0769544
FixedParameters: 0 0 0

#Transform 169
Transform: AffineTransform_float_3_3
Parameters: 0.999987 -0.00520502 0.000532962 0.00520798 0.99997 -0.0057533 -0.00050304 0.0057557 0.999984 -0.0449889 0.600484 0.0805355
FixedParameters: 0 0 0

#Transform 170
Transform: AffineTransform_float_3_3
Parameters: 0.999986 -0.00530299 0.000189742 0.00530401 0.999969 -0.00579608 -0.000159258 0.00579693 0.999983 -0.0364653 0.607215 0.0349225
FixedParameters: 0 0 0

#Transform 171
Transform: AffineTransform_float_3_3
Parameters: 0.999986 -0.00539749 0.000418764 0.00540051 0.999966 -0.00625283 -0.000384232 0.00625517 0.999981 -0.0269777 0.618378 0.0731152
FixedParameters: 0 0 0

#Transform 172
Transform: AffineTransform_float_3_3
Parameters: 0.999985 -0.00557662 0.000419015 0.00557838 0.999967 -0.00591776 -0.000385988 0.00592025 0.999983 -0.0338655 0.611103 0.0640542
FixedParameters: 0 0 0

#Transform 173
Transform: AffineTransform_float_3_3
Parameters: 0.999984 -0.00554371 0.000526766 0.00554727 0.999964 -0.00644818 -0.000490233 0.00645082 0.999979 -0.0405042 0.641503 0.0451648
FixedParameters: 0 0 0

#Transform 174
Transform: AffineTransform_float_3_3
Parameters: 0.999983 -0.00567522 0.000718773 0.00567977 0.99996 -0.00682703 -0.000680228 0.00683097 0.999977 -0.0507596 0.645685 0.0451213
FixedParameters: 0 0 0

#Transform 175
Transform: AffineTransform_float_3_3
Parameters: 0.999986 -0.00529927 0.000597105 0.00530373 0.999966 -0.00643193 -0.00056289 0.00643508 0.999979 -0.0569801 0.602451 0.0785339
FixedParameters: 0 0 0

#Transform 176
Transform: AffineTransform_float_3_3
Parameters: 0.999985 -0.00545782 0.000638835 0.00546219 0.999963 -0.00674461 -0.000602162 0.00674839 0.999977 -0.0474329 0.613128 0.134137
FixedParameters: 0 0 0

#Transform 177
Transform: AffineTransform_float_3_3
Parameters: 0.999984 -0.00552065 0.000598596 0.00552535 0.999957 -0.00752982 -0.000557401 0.0075332 0.999972 -0.0497173 0.655824 0.0628375
FixedParameters: 0 0 0

#Transform 178
Transform: AffineTransform_float_3_3
Parameters: 0.999987 -0.00506673 0.000754297 0.00507027 0.999978 -0.00439724 -0.000731703 0.00440077 0.99999 -0.0586983 0.520541 0.107552
FixedParameters: 0 0 0

#Transform 179
Transform: AffineTransform_float_3_3
Parameters: 0.999985 -0.00533891 3.079e-05 0.00533909 0.999969 -0.00576692 -2.09026e-07 0.00576709 0.999984 -0.0286742 0.591656 0.0698946
FixedParameters: 0 0 0
