#Insight Transform File V1.0
#Transform 0
Transform: AffineTransform_float_3_3
Parameters: 0.999999 0.000810495 -0.00118035 -0.000811504 0.999999 -0.000427042 0.00118065 0.000427957 0.999999 0.101697 -0.0849283 0.590346
FixedParameters: 0 0 0

#Transform 1
Transform: AffineTransform_float_3_3
Parameters: 1 -4.5594e-07 0.000447 -4.5594e-07 1 0.00102 -0.000447 -0.00102 1 -0.0638294 0.0800216 -0.10392
FixedParameters: 0 0 0

#Transform 2
Transform: AffineTransform_float_3_3
Parameters: 1 0.000116617 0.000322139 -0.000117384 1 0.00118896 -0.000322861 -0.00118904 0.999999 -0.04558 0.0992533 -0.0745407
FixedParameters: 0 0 0

#Transform 3
Transform: AffineTransform_float_3_3
Parameters: 0.999999 5.48013e-05 0.000903011 -5.51986e-05 1 0.00021995 -0.000902987 -0.000220049 0.999999 -0.0701135 0.149149 -0.0491414
FixedParameters: 0 0 0

#Transform 4
Transform: AffineTransform_float_3_3
Parameters: 1 5.46233e-05 0.000583035 -5.53766e-05 1 0.000645967 -0.000582964 -0.000646032 0.999999 -0.0689736 0.13306 -0.0761225
FixedParameters: 0 0 0

#Transform 5
Transform: AffineTransform_float_3_3
Parameters: 1 0.000146572 0.000322195 -0.000146429 0.999999 0.00132895 -0.000322806 -0.00132905 0.999999 -0.0593085 0.112214 -0.0817825
FixedParameters: 0 0 0

#Transform 6
Transform: AffineTransform_float_3_3
Parameters: 1 5.47964e-05 0.00056402 -5.52036e-05 1 0.000360969 -0.00056398 -0.000361031 1 -0.0610731 0.143893 -0.0834147
FixedParameters: 0 0 0

#Transform 7
Transform: AffineTransform_float_3_3
Parameters: 0.999999 5.42559e-05 0.000800051 -5.47439e-05 0.999999 0.000929956 -0.000799949 -0.000930044 0.999999 -0.0661209 0.12628 -0.078134
FixedParameters: 0 0 0

#Transform 8
Transform: AffineTransform_float_3_3
Parameters: 1 5.44279e-05 0.000439071 -5.5572e-05 0.999999 0.00130298 -0.000438928 -0.00130302 0.999999 -0.075391 0.10321 -0.0726512
FixedParameters: 0 0 0

#Transform 9
Transform: AffineTransform_float_3_3
Parameters: 1 5.46373e-05 0.000375053 -5.53626e-05 0.999999 0.000966979 -0.000374947 -0.000967021 1 -0.0515966 0.121098 -0.0394503
FixedParameters: 0 0 0

#Transform 10
Transform: AffineTransform_float_3_3
Parameters: 1 0.000164349 0.000647166 -0.000164651 0.999999 0.00100589 -0.000646835 -0.00100611 1 -0.0824387 0.120517 -0.0585865
FixedParameters: 0 0 0

#Transform 11
Transform: AffineTransform_float_3_3
Parameters: 0.999999 0.000325286 0.000644361 -0.000326714 1 0.00110779 -0.000644638 -0.00110821 0.999999 -0.082388 0.136569 -0.0858513
FixedParameters: 0 0 0

#Transform 12
Transform: AffineTransform_float_3_3
Parameters: 1 0.000182595 0.00066811 -0.000182405 1 0.000605878 -0.000668889 -0.000606122 0.999999 -0.0833071 0.145707 -0.0672147
FixedParameters: 0 0 0

#Transform 13
Transform: AffineTransform_float_3_3
Parameters: 1 0.000488508 0.000457526 -0.000488493 1 0.00107578 -0.000457475 -0.00107622 1 -0.075472 0.127862 -0.0591598
FixedParameters: 0 0 0

#Transform 14
Transform: AffineTransform_float_3_3
Parameters: 0.999999 0.000433525 0.000561367 -0.000434474 0.999999 0.000844756 -0.000560633 -0.000845243 1 -0.0704942 0.150057 -0.0679223
FixedParameters: 0 0 0

#Transform 15
Transform: AffineTransform_float_3_3
Parameters: 1 0.000121696 0.000400093 -0.000121304 0.999999 0.000760951 -0.000399908 -0.000761048 0.999999 -0.0678925 0.140497 -0.0430847
FixedParameters: 0 0 0

#Transform 16
Transform: AffineTransform_float_3_3
Parameters: 1 0.000217585 0.000450201 -0.000217414 0.999999 0.000920902 -0.0004498 -0.000921098 1 -0.0699211 0.132165 -0.0573089
FixedParameters: 0 0 0

#Transform 17
Transform: AffineTransform_float_3_3
Parameters: 1 0.000214592 0.000311282 -0.000215408 0.999999 0.00131093 -0.000310718 -0.00131107 0.999999 -0.0645351 0.109307 -0.05897
FixedParameters: 0 0 0

#Transform 18
Transform: AffineTransform_float_3_3
Parameters: 1 0.000262369 0.000557297 -0.00026263 1 0.00113185 -0.000556703 -0.00113215 0.999999 -0.077567 0.116524 -0.0400146
FixedParameters: 0 0 0

#Transform 19
Transform: AffineTransform_float_3_3
Parameters: 1 0.000180477 0.000462204 -0.000181522 1 0.00113092 -0.000461795 -0.00113108 1 -0.0932475 0.131075 -0.0675696
FixedParameters: 0 0 0

#Transform 20
Transform: AffineTransform_float_3_3
Parameters: 1 -3.75633e-05 0.000454954 3.64367e-05 0.999999 0.00123802 -0.000455045 -0.00123798 0.999999 -0.0927969 0.128586 -0.0467212
FixedParameters: 0 0 0

#Transform 21
Transform: AffineTransform_float_3_3
Parameters: 0.999999 0.00047433 0.000865367 -0.000475669 0.999999 0.000773589 -0.000864632 -0.00077441 1 -0.0850612 0.146956 -0.0606747
FixedParameters: 0 0 0

#Transform 22
Transform: AffineTransform_float_3_3
Parameters: 1 -3.76375e-05 0.000686965 3.63624e-05 0.999999 0.000928025 -0.000687034 -0.000927974 1 -0.0907288 0.136549 -0.0358435
FixedParameters: 0 0 0

#Transform 23
Transform: AffineTransform_float_3_3
Parameters: 1 0.000195541 0.000371242 -0.000196459 0.999999 0.00123793 -0.000370757 -0.00123807 0.999999 -0.0734981 0.132814 -0.0378225
FixedParameters: 0 0 0

#Transform 24
Transform: AffineTransform_float_3_3
Parameters: 0.999999 -3.85235e-05 0.00081993 3.64764e-05 0.999999 0.00185803 -0.000820069 -0.00185797 0.999998 -0.106314 0.108869 -0.016604
FixedParameters: 0 0 0

#Transform 25
Transform: AffineTransform_float_3_3
Parameters: 0.999999 -3.87202e-05 0.000819921 3.62795e-05 0.999998 0.00209803 -0.000820078 -0.00209797 0.999998 -0.0898331 0.123155 -0.0233414
FixedParameters: 0 0 0

#Transform 26
Transform: AffineTransform_float_3_3
Parameters: 1 -3.78662e-05 0.000498935 3.71337e-05 0.999999 0.00173602 -0.000499065 -0.00173598 0.999999 -0.0878948 0.12227 -0.0485511
FixedParameters: 0 0 0

#Transform 27
Transform: AffineTransform_float_3_3
Parameters: 1 -3.74848e-05 0.00030094 3.6515e-05 0.999998 0.00161101 -0.000301059 -0.00161099 0.999998 -0.0523363 0.13357 0.0253605
FixedParameters: 0 0 0

#Transform 28
Transform: AffineTransform_float_3_3
Parameters: 1 -3.73162e-05 0.000209944 3.66837e-05 0.999999 0.00150601 -0.000210055 -0.00150599 0.999999 -0.0488621 0.115296 0.0104052
FixedParameters: 0 0 0

#Transform 29
Transform: AffineTransform_float_3_3
Parameters: 1 -3.72768e-05 0.000175942 3.67231e-05 0.999999 0.00157301 -0.000176058 -0.00157299 0.999998 -0.0764984 0.117894 0.00427432
FixedParameters: 0 0 0

#Transform 30
Transform: AffineTransform_float_3_3
Parameters: 1 -3.70155e-05 5.90344e-06 3.69868e-05 0.999996 0.002609 -5.09651e-06 -0.002609 0.999996 -0.0700478 0.081763 0.00569397
FixedParameters: 0 0 0

#Transform 31
Transform: AffineTransform_float_3_3
Parameters: 1 6.96711e-05 0.000265087 -6.93288e-05 0.999999 0.00124098 -0.000264914 -0.00124102 0.999999 -0.068524 0.154432 -0.0147112
FixedParameters: 0 0 0

#Transform 32
Transform: AffineTransform_float_3_3
Parameters: 1 -3.76238e-05 0.00033193 3.63761e-05 0.999998 0.00187901 -0.000332069 -0.00187899 0.999998 -0.0823876 0.138109 -0.0265195
FixedParameters: 0 0 0

#Transform 33
Transform: AffineTransform_float_3_3
Parameters: 1 -3.70206e-05 7.90429e-06 3.69792e-05 0.999996 0.002586 -8.09565e-06 -0.002586 0.999996 -0.0715527 0.103704 0.00423772
FixedParameters: 0 0 0

#Transform 34
Transform: AffineTransform_float_3_3
Parameters: 1 -3.7545e-05 0.000311935 3.64549e-05 0.999999 0.00174701 -0.000312064 -0.00174699 0.999999 -0.0772809 0.135208 -0.00752392
FixedParameters: 0 0 0

#Transform 35
Transform: AffineTransform_float_3_3
Parameters: 1 0.00024629 0.000312561 -0.000246709 0.999998 0.00227492 -0.00031144 -0.00227508 0.999998 -0.099074 0.104898 0.00229431
FixedParameters: 0 0 0

#Transform 36
Transform: AffineTransform_float_3_3
Parameters: 1 -3.74536e-05 0.000311946 3.65463e-05 0.999999 0.00145401 -0.000312053 -0.00145399 0.999999 -0.0764094 0.132733 0.0224577
FixedParameters: 0 0 0

#Transform 37
Transform: AffineTransform_float_3_3
Parameters: 1 0.000252385 0.000312497 -0.000252614 0.999998 0.00196792 -0.000311503 -0.00196808 0.999998 -0.090852 0.129343 -0.0156698
FixedParameters: 0 0 0

#Transform 38
Transform: AffineTransform_float_3_3
Parameters: 1 0.00011456 0.000211239 -0.000115442 0.999998 0.00208397 -0.00021176 -0.00208402 0.999998 -0.0869854 0.109159 0.00826909
FixedParameters: 0 0 0

#Transform 39
Transform: AffineTransform_float_3_3
Parameters: 1 0.000136844 8.22596e-05 -0.000137155 0.999998 0.00189599 -8.17401e-05 -0.00189601 0.999998 -0.0792884 0.117967 0.00136418
FixedParameters: 0 0 0

#Transform 40
Transform: AffineTransform_float_3_3
Parameters: 1 0.000266297 0.000312601 -0.000267702 0.999998 0.00225192 -0.000311398 -0.00225209 0.999998 -0.0913636 0.105585 -0.0122013
FixedParameters: 0 0 0

#Transform 41
Transform: AffineTransform_float_3_3
Parameters: 1 2.65182e-05 0.000312041 -2.74817e-05 0.999999 0.00154399 -0.000311958 -0.00154401 0.999999 -0.0910219 0.132777 0.00553149
FixedParameters: 0 0 0

#Transform 42
Transform: AffineTransform_float_3_3
Parameters: 1 0.000411235 -9.29672e-05 -0.000410765 0.999997 0.00251204 9.40321e-05 -0.00251196 0.999997 -0.0815465 0.0968082 0.00296479
FixedParameters: 0 0 0

#Transform 43
Transform: AffineTransform_float_3_3
Parameters: 1 0.000193189 -0.000112677 -0.000192811 0.999998 0.00167202 0.000113322 -0.00167198 0.999998 -0.0750957 0.120804 0.0200717
FixedParameters: 0 0 0

#Transform 44
Transform: AffineTransform_float_3_3
Parameters: 1 0.000246409 0.000312467 -0.00024759 0.999998 0.00189292 -0.000311532 -0.00189208 0.999998 -0.0936173 0.112824 0.0047921
FixedParameters: 0 0 0

#Transform 45
Transform: AffineTransform_float_3_3
Parameters: 1 0.000249955 1.95792e-05 -0.000250046 0.999998 0.002317 -1.94207e-05 -0.00231701 0.999998 -0.0931143 0.104803 -0.0214342
FixedParameters: 0 0 0

#Transform 46
Transform: AffineTransform_float_3_3
Parameters: 1 0.000381997 2.53938e-06 -0.000382004 0.999999 0.001412 -2.46061e-06 -0.001412 0.999999 -0.0879932 0.144397 0.00193368
FixedParameters: 0 0 0

#Transform 47
Transform: AffineTransform_float_3_3
Parameters: 1 0.000345349 0.000312721 -0.000346652 0.999998 0.00208489 -0.000312278 -0.00208411 0.999998 -0.106004 0.137921 -0.0131448
FixedParameters: 0 0 0

#Transform 48
Transform: AffineTransform_float_3_3
Parameters: 1 0.000182466 0.000208468 -0.000182532 0.999996 0.00256296 -0.000207533 -0.00256304 0.999996 -0.101993 0.108029 -0.0134779
FixedParameters: 0 0 0

#Transform 49
Transform: AffineTransform_float_3_3
Parameters: 1 0.000173184 -8.66334e-05 -0.000172817 0.999997 0.00211801 8.63662e-05 -0.00211798 0.999998 -0.0784939 0.120106 0.00185908
FixedParameters: 0 0 0

#Transform 50
Transform: AffineTransform_float_3_3
Parameters: 1 0.000317978 9.75173e-06 -0.000318023 0.999997 0.002364 -9.24822e-06 -0.002364 0.999997 -0.0842442 0.116046 0.00683397
FixedParameters: 0 0 0

#Transform 51
Transform: AffineTransform_float_3_3
Parameters: 1 0.000172058 -2.86554e-05 -0.000171942 0.999998 0.002003 2.93445e-05 -0.00200299 0.999998 -0.0931311 0.11122 0.00839826
FixedParameters: 0 0 0

#Transform 52
Transform: AffineTransform_float_3_3
Parameters: 1 -3.75133e-05 0.000220914 3.64865e-05 0.999998 0.00232301 -0.000221085 -0.00232299 0.999998 -0.102256 0.103833 0.0132402
FixedParameters: 0 0 0

#Transform 53
Transform: AffineTransform_float_3_3
Parameters: 1 0.000132528 -0.000216678 -0.000131472 0.999997 0.00243303 0.000217321 -0.00243297 0.999997 -0.0629794 0.102026 0.0169845
FixedParameters: 0 0 0

#Transform 54
Transform: AffineTransform_float_3_3
Parameters: 1 3.08867e-05 -0.000614908 -2.9113e-05 0.999996 0.00306802 0.000615092 -0.00306798 0.999995 -0.0544708 0.0554449 0.0603768
FixedParameters: 0 0 0

#Transform 55
Transform: AffineTransform_float_3_3
Parameters: 0.999999 2.21903e-05 -0.000716935 -2.08095e-05 0.999996 0.00305502 0.000717067 -0.00305499 0.999995 -0.0545855 0.0558669 0.0596157
FixedParameters: 0 0 0

#Transform 56
Transform: AffineTransform_float_3_3
Parameters: 1 0.00053366 -0.000207309 -0.000533338 0.999995 0.00317011 0.000209692 -0.00316989 0.999995 -0.0910987 0.0596768 0.0501689
FixedParameters: 0 0 0

#Transform 57
Transform: AffineTransform_float_3_3
Parameters: 1 0.000476711 -0.000202332 -0.000476289 0.999994 0.0035021 0.000203669 -0.0035019 0.999994 -0.0856652 0.059073 0.0308999
FixedParameters: 0 0 0

#Transform 58
Transform: AffineTransform_float_3_3
Parameters: 1 0.000619994 0.000291151 -0.000621008 0.999994 0.00346682 -0.000289849 -0.00346718 0.999994 -0.132545 0.092227 0.0161769
FixedParameters: 0 0 0

#Transform 59
Transform: AffineTransform_float_3_3
Parameters: 1 0.000579747 -0.000248263 -0.000579254 0.999996 0.00299815 0.000249738 -0.00299786 0.999996 -0.0952129 0.122302 0.0173906
FixedParameters: 0 0 0

#Transform 60
Transform: AffineTransform_float_3_3
Parameters: 1 0.0004703 -0.000119829 -0.0004697 0.999997 0.00249006 0.00012117 -0.00248994 0.999997 -0.0947706 0.136386 0.0161039
FixedParameters: 0 0 0

#Transform 61
Transform: AffineTransform_float_3_3
Parameters: 1 5.12244e-05 -0.000119904 -5.07754e-05 0.999998 0.00187101 0.000120095 -0.00187099 0.999998 -0.0711898 0.141644 0.0526924
FixedParameters: 0 0 0

#Transform 62
Transform: AffineTransform_float_3_3
Parameters: 1 0.000382834 -0.00036212 -0.000382166 0.999998 0.00230114 0.00036288 -0.00230086 0.999998 -0.0759111 0.11684 0.0272161
FixedParameters: 0 0 0

#Transform 63
Transform: AffineTransform_float_3_3
Parameters: 1 0.000386268 -0.000486997 -0.000384732 0.999996 0.00260019 0.000488002 -0.00260081 0.999996 -0.072496 0.113374 0.0623468
FixedParameters: 0 0 0

#Transform 64
Transform: AffineTransform_float_3_3
Parameters: 1 0.000221853 -0.000330429 -0.000221148 0.999996 0.00257907 0.000330571 -0.00257892 0.999996 -0.0775955 0.102287 0.0308731
FixedParameters: 0 0 0

#Transform 65
Transform: AffineTransform_float_3_3
Parameters: 1 5.13404e-05 -0.000111844 -5.06592e-05 0.999996 0.00304101 0.000112155 -0.003041 0.999996 -0.0947137 0.0858761 0.0476227
FixedParameters: 0 0 0

#Transform 66
Transform: AffineTransform_float_3_3
Parameters: 1 0.000265856 -0.000363375 -0.000264145 0.999997 0.0023541 0.000363623 -0.0023539 0.999997 -0.0859057 0.125331 0.0504982
FixedParameters: 0 0 0

#Transform 67
Transform: AffineTransform_float_3_3
Parameters: 1 0.000309408 -0.000132048 -0.000308592 0.999995 0.00307904 0.000132951 -0.00307896 0.999996 -0.108355 0.0932155 0.0635006
FixedParameters: 0 0 0

#Transform 68
Transform: AffineTransform_float_3_3
Parameters: 1 0.000395564 -0.000280205 -0.000395436 0.999998 0.00201011 0.000280795 -0.00200989 0.999998 -0.0908017 0.137677 0.0552425
FixedParameters: 0 0 0

#Transform 69
Transform: AffineTransform_float_3_3
Parameters: 1 0.000437726 -0.000279867 -0.000436273 0.999996 0.00258912 0.00028113 -0.00258888 0.999996 -0.102836 0.0994905 0.0609616
FixedParameters: 0 0 0

#Transform 70
Transform: AffineTransform_float_3_3
Parameters: 1 0.000554662 -0.000279691 -0.000554337 0.999997 0.00236216 0.00028131 -0.00236184 0.999997 -0.0943154 0.108951 0.0777837
FixedParameters: 0 0 0

#Transform 71
Transform: AffineTransform_float_3_3
Parameters: 1 0.000484678 -0.000279829 -0.000484321 0.999997 0.00241814 0.000281172 -0.00241786 0.999997 -0.0921257 0.106282 0.0608774
FixedParameters: 0 0 0

#Transform 72
Transform: AffineTransform_float_3_3
Parameters: 1 0.000352457 0.000196976 -0.000353544 0.999996 0.00276593 -0.000196023 -0.00276607 0.999996 -0.103382 0.0941928 0.0968857
FixedParameters: 0 0 0

#Transform 73
Transform: AffineTransform_float_3_3
Parameters: 1 0.000520118 -0.000385496 -0.00051888 0.999995 0.0028952 0.000387504 -0.0028948 0.999995 -0.0805904 0.0885693 0.0736342
FixedParameters: 0 0 0

#Transform 74
Transform: AffineTransform_float_3_3
Parameters: 1 0.000491425 -0.000174811 -0.000491577 0.999997 0.00242109 0.000175191 -0.00242091 0.999997 -0.0997868 0.110288 0.0784915
FixedParameters: 0 0 0

#Transform 75
Transform: AffineTransform_float_3_3
Parameters: 1 0.000366453 -0.000151911 -0.000366546 0.999995 0.00297405 0.000153091 -0.00297394 0.999995 -0.107697 0.084505 0.0791708
FixedParameters: 0 0 0

#Transform 76
Transform: AffineTransform_float_3_3
Parameters: 1 0.000549859 -0.000326559 -0.000549143 0.999997 0.00262318 0.000327442 -0.00262282 0.999997 -0.0938175 0.115352 0.094525
FixedParameters: 0 0 0

#Transform 77
Transform: AffineTransform_float_3_3
Parameters: 0.999999 0.00045718 -0.000634435 -0.000454822 0.999994 0.00343129 0.000635564 -0.00343171 0.999994 -0.045789 0.0681707 0.147359
FixedParameters: 0 0 0

#Transform 78
Transform: AffineTransform_float_3_3
Parameters: 0.999999 0.000251766 -0.000852187 -0.00024923 0.999994 0.00324521 0.000853813 -0.00324479 0.999995 -0.0242684 0.0445065 0.153661
FixedParameters: 0 0 0

#Transform 79
Transform: AffineTransform_float_3_3
Parameters: 1 0.000620808 -0.000298324 -0.00062019 0.999996 0.00270219 0.000300677 -0.00270182 0.999997 -0.102095 0.0799198 0.172924
FixedParameters: 0 0 0

#Transform 80
Transform: AffineTransform_float_3_3
Parameters: 1 0.000319481 -0.000559157 -0.00031852 0.999997 0.00264618 0.000559845 -0.00264682 0.999997 -0.0866054 0.0835188 0.140043
FixedParameters: 0 0 0

#Transform 81
Transform: AffineTransform_float_3_3
Parameters: 1 0.000573523 -0.000192449 -0.000573479 0.999996 0.00270511 0.000193552 -0.00270489 0.999997 -0.114549 0.125328 0.135078
FixedParameters: 0 0 0

#Transform 82
Transform: AffineTransform_float_3_3
Parameters: 1 0.000901112 -0.000369298 -0.000899886 0.999995 0.00300033 0.000372701 -0.00299966 0.999995 -0.119643 0.136067 0.131504
FixedParameters: 0 0 0

#Transform 83
Transform: AffineTransform_float_3_3
Parameters: 1 0.000608653 0.000102088 -0.000609346 0.999994 0.00342994 -9.99105e-05 -0.00343006 0.999994 -0.148041 0.123495 0.118618
FixedParameters: 0 0 0

#Transform 84
Transform: AffineTransform_float_3_3
Parameters: 0.999999 0.000836216 -6.11028e-05 -0.000835783 0.999993 0.00346505 6.38963e-05 -0.00346495 0.999994 -0.142089 0.124048 0.120318
FixedParameters: 0 0 0

#Transform 85
Transform: AffineTransform_float_3_3
Parameters: 0.999999 0.000783426 -0.000121274 -0.000782574 0.999993 0.00348109 0.000123725 -0.0034809 0.999994 -0.133763 0.123061 0.117387
FixedParameters: 0 0 0

#Transform 86
Transform: AffineTransform_float_3_3
Parameters: 0.999999 0.000653829 -0.000300201 -0.000652171 0.999996 0.0027532 0.000301796 -0.0027528 0.999996 -0.112007 0.137176 0.136418
FixedParameters: 0 0 0

#Transform 87
Transform: AffineTransform_float_3_3
Parameters: 1 0.00060418 -0.000363042 -0.000602819 0.999994 0.00324422 0.000364957 -0.00324378 0.999994 -0.102906 0.101071 0.119229
FixedParameters: 0 0 0

#Transform 88
Transform: AffineTransform_float_3_3
Parameters: 1 0.00067437 -0.000155401 -0.00067363 0.999997 0.00237111 0.000156598 -0.0023709 0.999997 -0.102309 0.139091 0.161093
FixedParameters: 0 0 0

#Transform 89
Transform: AffineTransform_float_3_3
Parameters: 1 0.000628647 -0.000175703 -0.000628352 0.999993 0.00365611 0.000178298 -0.00365589 0.999994 -0.117439 0.0738191 0.1315
FixedParameters: 0 0 0

#Transform 90
Transform: AffineTransform_float_3_3
Parameters: 1 0.00049625 -0.000389412 -0.000494751 0.999994 0.00320319 0.000390586 -0.00320281 0.999995 -0.107219 0.0703567 0.137065
FixedParameters: 0 0 0

#Transform 91
Transform: AffineTransform_float_3_3
Parameters: 0.999999 0.000800431 -0.00056297 -0.000798568 0.999997 0.00253845 0.000565028 -0.00253755 0.999996 -0.0895 0.10872 0.124626
FixedParameters: 0 0 0

#Transform 92
Transform: AffineTransform_float_3_3
Parameters: 0.999999 0.000651674 -0.000518904 -0.000650325 0.999994 0.00322034 0.000521096 -0.00321966 0.999994 -0.0910135 0.0826065 0.14615
FixedParameters: 0 0 0

#Transform 93
Transform: AffineTransform_float_3_3
Parameters: 1 0.000338306 -0.000504126 -0.000336694 0.999996 0.00258817 0.000504873 -0.00258783 0.999996 -0.0914107 0.106447 0.12802
FixedParameters: 0 0 0

#Transform 94
Transform: AffineTransform_float_3_3
Parameters: 0.999999 0.000575291 -0.000513557 -0.00057371 0.999996 0.00251129 0.000514442 -0.0025117 0.999996 -0.0967154 0.106521 0.162126
FixedParameters: 0 0 0

#Transform 95
Transform: AffineTransform_float_3_3
Parameters: 0.999999 0.00058199 -0.000617129 -0.00058001 0.999994 0.00322036 0.00061887 -0.00321964 0.999994 -0.0923281 0.093468 0.123867
FixedParameters: 0 0 0

#Transform 96
Transform: AffineTransform_float_3_3
Parameters: 1 0.000468961 -0.000332649 -0.000468041 0.999995 0.00288315 0.000333351 -0.00288284 0.999996 -0.10902 0.0978195 0.159845
FixedParameters: 0 0 0

#Transform 97
Transform: AffineTransform_float_3_3
Parameters: 0.999999 0.000721587 -0.000190792 -0.000721415 0.999995 0.00306114 0.000192209 -0.00306086 0.999996 -0.106275 0.0969605 0.140929
FixedParameters: 0 0 0

#Transform 98
Transform: AffineTransform_float_3_3
Parameters: 0.999999 0.000710374 -0.000458879 -0.000709628 0.999996 0.00298833 0.000460122 -0.00298768 0.999996 -0.0924029 0.107497 0.141781
FixedParameters: 0 0 0

#Transform 99
Transform: AffineTransform_float_3_3
Parameters: 1 0.000337544 -0.000192047 -0.000336456 0.999996 0.00282506 0.000192951 -0.00282493 0.999996 -0.0984922 0.110129 0.169375
FixedParameters: 0 0 0

#Transform 100
Transform: AffineTransform_float_3_3
Parameters: 0.999999 0.000485926 -0.000610471 -0.000484071 0.999995 0.0031523 0.000612528 -0.0031517 0.999995 -0.0945801 0.0916471 0.166277
FixedParameters: 0 0 0

#Transform 101
Transform: AffineTransform_float_3_3
Parameters: 1 0.000338418 -0.000532101 -0.000336581 0.999997 0.00266118 0.000533898 -0.00266182 0.999997 -0.0894734 0.113235 0.166624
FixedParameters: 0 0 0

#Transform 102
Transform: AffineTransform_float_3_3
Parameters: 0.999999 0.000452419 -0.000641299 -0.000449577 0.999993 0.00376829 0.000643698 -0.00376771 0.999992 -0.0902738 0.0646235 0.146856
FixedParameters: 0 0 0

#Transform 103
Transform: AffineTransform_float_3_3
Parameters: 0.999999 0.000554424 -0.000502433 -0.000553574 0.999996 0.00283028 0.000504568 -0.00282972 0.999996 -0.104183 0.109328 0.188891
FixedParameters: 0 0 0

#Transform 104
Transform: AffineTransform_float_3_3
Parameters: 0.999999 0.000586445 -0.000444098 -0.000584555 0.999994 0.00324726 0.0004459 -0.00324674 0.999994 -0.0960112 0.0955915 0.140422
FixedParameters: 0 0 0

#Transform 105
Transform: AffineTransform_float_3_3
Parameters: 1 0.000337624 -0.000165734 -0.000336375 0.999993 0.00375306 0.000167264 -0.00375294 0.999993 -0.107103 0.0664712 0.1994
FixedParameters: 0 0 0

#Transform 106
Transform: AffineTransform_float_3_3
Parameters: 0.999999 -0.000405926 -0.000625007 0.000409074 0.999988 0.00492574 0.000622992 -0.00492525 0.999987 -0.0595142 0.0156163 0.187148
FixedParameters: 0 0 0

#Transform 107
Transform: AffineTransform_float_3_3
Parameters: 0.999999 0.000231572 -0.00141362 -0.000223431 0.999981 0.00606132 0.00141438 -0.00606067 0.99998 -0.0637165 -0.0296951 0.286209
FixedParameters: 0 0 0

#Transform 108
Transform: AffineTransform_float_3_3
Parameters: 0.999999 7.14499e-05 -0.00156952 -5.95465e-05 0.999974 0.00729411 0.00157048 -0.0072939 0.999972 -0.0570903 -0.0975924 0.332982
FixedParameters: 0 0 0

#Transform 109
Transform: AffineTransform_float_3_3
Parameters: 1 8.43224e-05 -0.00102943 -7.66806e-05 0.999974 0.00711108 0.00102957 -0.00711092 0.999974 -0.0705271 -0.0790142 0.274284
FixedParameters: 0 0 0

#Transform 110
Transform: AffineTransform_float_3_3
Parameters: 1 0.000251616 -0.00101013 -0.000244384 0.999971 0.00753325 0.00101187 -0.00753275 0.999971 -0.102332 -0.0715238 0.257353
FixedParameters: 0 0 0

#Transform 111
Transform: AffineTransform_float_3_3
Parameters: 1 0.000237693 -0.00110638 -0.000229304 0.999976 0.00694726 0.00110862 -0.00694774 0.999976 -0.0986986 -0.0495118 0.25903
FixedParameters: 0 0 0

#Transform 112
Transform: AffineTransform_float_3_3
Parameters: 1 8.44895e-05 -0.00113347 -7.75135e-05 0.999978 0.00660609 0.00113354 -0.00660591 0.999977 -0.0826163 -0.0377113 0.287922
FixedParameters: 0 0 0

#Transform 113
Transform: AffineTransform_float_3_3
Parameters: 1 0.000355562 -0.0011066 -0.000348435 0.999976 0.00682639 0.0011094 -0.00682561 0.999976 -0.0871965 -0.0439512 0.2686
FixedParameters: 0 0 0

#Transform 114
Transform: AffineTransform_float_3_3
Parameters: 0.999999 0.000492214 -0.000858029 -0.000487785 0.999981 0.00606742 0.000860975 -0.00606658 0.999981 -0.096044 -0.014046 0.280762
FixedParameters: 0 0 0

#Transform 115
Transform: AffineTransform_float_3_3
Parameters: 1 0.00030317 -0.00116716 -0.000296831 0.999981 0.00613835 0.00116884 -0.00613765 0.99998 -0.0786415 -0.024352 0.283615
FixedParameters: 0 0 0

#Transform 116
Transform: AffineTransform_float_3_3
Parameters: 1 0.000276931 -0.00114334 -0.00027007 0.999981 0.00605831 0.00114466 -0.00605768 0.999981 -0.0918938 -0.0317064 0.283807
FixedParameters: 0 0 0

#Transform 117
Transform: AffineTransform_float_3_3
Parameters: 1 0.000693238 -0.000995373 -0.000687759 0.999986 0.00525269 0.000999626 -0.00525231 0.999985 -0.0932867 0.0104536 0.300508
FixedParameters: 0 0 0

#Transform 118
Transform: AffineTransform_float_3_3
Parameters: 1 0.000249569 -0.00108151 -0.000243427 0.999981 0.00607026 0.0010835 -0.00606973 0.999981 -0.0888701 -0.0270417 0.257959
FixedParameters: 0 0 0

#Transform 119
Transform: AffineTransform_float_3_3
Parameters: 0.999999 0.000607292 -0.00124896 -0.000601708 0.999987 0.00503175 0.00125204 -0.00503124 0.999986 -0.083578 0.0218219 0.296357
FixedParameters: 0 0 0

#Transform 120
Transform: AffineTransform_float_3_3
Parameters: 0.999999 0.000537723 -0.00127477 -0.000530274 0.999981 0.00605168 0.00127823 -0.00605031 0.999981 -0.0865967 -0.0173534 0.252983
FixedParameters: 0 0 0

#Transform 121
Transform: AffineTransform_float_3_3
Parameters: 0.999999 0.000499242 -0.00116535 -0.00049276 0.999985 0.00535058 0.00116765 -0.00535042 0.999985 -0.0917902 0.0179267 0.262317
FixedParameters: 0 0 0

#Transform 122
Transform: AffineTransform_float_3_3
Parameters: 1 0.000332847 -0.00112929 -0.000326155 0.999986 0.00517337 0.0011307 -0.00517362 0.999986 -0.0768747 0.0278932 0.283749
FixedParameters: 0 0 0

#Transform 123
Transform: AffineTransform_float_3_3
Parameters: 1 0.000507787 -0.00106025 -0.000502214 0.999985 0.00545153 0.00106275 -0.00545046 0.999984 -0.087591 0.0188655 0.263288
FixedParameters: 0 0 0

#Transform 124
Transform: AffineTransform_float_3_3
Parameters: 1 0.000505801 -0.000936423 -0.000501201 0.999987 0.00512047 0.000938579 -0.00511953 0.999987 -0.0995819 0.0177712 0.280516
FixedParameters: 0 0 0

#Transform 125
Transform: AffineTransform_float_3_3
Parameters: 0.999999 0.000480449 -0.00135338 -0.000472548 0.999985 0.00549864 0.00135662 -0.00549835 0.999984 -0.0813682 0.0032729 0.277691
FixedParameters: 0 0 0

#Transform 126
Transform: AffineTransform_float_3_3
Parameters: 1 0.000649239 -0.00101166 -0.000644766 0.999987 0.00516966 0.00101435 -0.00516935 0.999986 -0.1028 0.0169474 0.277919
FixedParameters: 0 0 0

#Transform 127
Transform: AffineTransform_float_3_3
Parameters: 0.999999 0.000512107 -0.00116534 -0.000505895 0.999986 0.00523459 0.00116766 -0.00523441 0.999985 -0.0782415 0.0133872 0.274226
FixedParameters: 0 0 0

#Transform 128
Transform: AffineTransform_float_3_3
Parameters: 1 0.000337085 -0.00110817 -0.000330916 0.999985 0.00548637 0.00110983 -0.00548663 0.999985 -0.0827215 0.00266503 0.296746
FixedParameters: 0 0 0

#Transform 129
Transform: AffineTransform_float_3_3
Parameters: 0.999999 8.47549e-05 -0.0012675 -7.7242e-05 0.999982 0.0061171 0.0012685 -0.0061169 0.99998 -0.0814618 -0.0232866 0.281445
FixedParameters: 0 0 0

#Transform 130
Transform: AffineTransform_float_3_3
Parameters: 1 0.000241202 -0.00104058 -0.000234796 0.999982 0.00595625 0.00104242 -0.00595575 0.999981 -0.0899884 -0.0160462 0.267494
FixedParameters: 0 0 0

#Transform 131
Transform: AffineTransform_float_3_3
Parameters: 0.999999 0.000376794 -0.00118085 -0.000370205 0.999984 0.00574844 0.00118315 -0.00574756 0.999983 -0.0804191 -0.00689452 0.314023
FixedParameters: 0 0 0

#Transform 132
Transform: AffineTransform_float_3_3
Parameters: 1 0.000259233 -0.00118144 -0.000252765 0.999982 0.0061173 0.00118357 -0.0061177 0.99998 -0.0656685 -0.0217763 0.30989
FixedParameters: 0 0 0

#Transform 133
Transform: AffineTransform_float_3_3
Parameters: 0.999999 0.000515474 -0.00123691 -0.000507526 0.999981 0.00603463 0.00124009 -0.00603436 0.999981 -0.0632104 -0.0187639 0.361754
FixedParameters: 0 0 0

#Transform 134
Transform: AffineTransform_float_3_3
Parameters: 1 8.32676e-05 -0.0010095 -7.77355e-05 0.99998 0.00620708 0.0010095 -0.00620692 0.99998 -0.0903798 -0.0156831 0.299975
FixedParameters: 0 0 0

#Transform 135
Transform: AffineTransform_float_3_3
Parameters: 1 8.36575e-05 -0.00112452 -7.73456e-05 0.999983 0.00591909 0.00112448 -0.00591891 0.999982 -0.0860567 0.00330604 0.310633
FixedParameters: 0 0 0

#Transform 136
Transform: AffineTransform_float_3_3
Parameters: 1 8.38449e-05 -0.00104347 -7.71582e-05 0.999979 0.00655809 0.00104353 -0.00655792 0.999978 -0.086821 -0.0209799 0.278693
FixedParameters: 0 0 0

#Transform 137
Transform: AffineTransform_float_3_3
Parameters: 0.999999 0.000385527 -0.000927722 -0.000380471 0.999982 0.00595036 0.00093028 -0.00595064 0.999982 -0.100899 0.0153064 0.301468
FixedParameters: 0 0 0

#Transform 138
Transform: AffineTransform_float_3_3
Parameters: 1 0.000316841 -0.00101219 -0.000311162 0.999984 0.00576432 0.00101381 -0.00576468 0.999983 -0.0837928 0.0171278 0.329411
FixedParameters: 0 0 0

#Transform 139
Transform: AffineTransform_float_3_3
Parameters: 0.999999 0.000303355 -0.00125601 -0.000295644 0.999978 0.00664738 0.00125799 -0.00664662 0.999977 -0.0745713 -0.0271218 0.326218
FixedParameters: 0 0 0

#Transform 140
Transform: AffineTransform_float_3_3
Parameters: 1 0.000109933 -0.00102038 -0.000104069 0.999983 0.00581311 0.00102062 -0.00581289 0.999982 -0.083329 -0.0112876 0.327432
FixedParameters: 0 0 0

#Transform 141
Transform: AffineTransform_float_3_3
Parameters: 1 0.000226763 -0.00107359 -0.000220241 0.99998 0.00629524 0.00107441 -0.00629476 0.999979 -0.081467 -0.0148987 0.306567
FixedParameters: 0 0 0

#Transform 142
Transform: AffineTransform_float_3_3
Parameters: 1 0.000372527 -0.00104971 -0.000365471 0.99998 0.00621139 0.00105229 -0.00621061 0.99998 -0.0853828 -0.00129273 0.304739
FixedParameters: 0 0 0

#Transform 143
Transform: AffineTransform_float_3_3
Parameters: 0.999999 0.00011218 -0.00143939 -0.000104822 0.999984 0.00568215 0.00143962 -0.00568184 0.999983 -0.0697925 0.0301436 0.320079
FixedParameters: 0 0 0

#Transform 144
Transform: AffineTransform_float_3_3
Parameters: 1 0.000111385 -0.00115131 -0.000104617 0.99998 0.00641213 0.00115169 -0.00641188 0.999979 -0.0806668 0.00229903 0.290544
FixedParameters: 0 0 0

#Transform 145
Transform: AffineTransform_float_3_3
Parameters: 0.999999 0.000294443 -0.000828084 -0.000289557 0.999979 0.00656625 0.000829919 -0.00656576 0.999978 -0.102122 -0.0155266 0.304915
FixedParameters: 0 0 0

#Transform 146
Transform: AffineTransform_float_3_3
Parameters: 0.999999 0.000111085 -0.0012644 -0.000103912 0.999985 0.00560213 0.0012656 -0.00560186 0.999983 -0.0681432 0.00873057 0.321701
FixedParameters: 0 0 0

#Transform 147
Transform: AffineTransform_float_3_3
Parameters: 0.999999 0.000466699 -0.00117397 -0.000459301 0.999979 0.00654955 0.00117703 -0.00654946 0.999978 -0.0806014 -0.0274326 0.275538
FixedParameters: 0 0 0

#Transform 148
Transform: AffineTransform_float_3_3
Parameters: 1 0.000312141 -0.00105592 -0.00030586 0.999977 0.00675533 0.00105809 -0.00675567 0.999976 -0.0773224 -0.0217848 0.321392
FixedParameters: 0 0 0

#Transform 149
Transform: AffineTransform_float_3_3
Parameters: 1 0.000110296 -0.00109238 -0.000104706 0.999984 0.00576212 0.00109262 -0.00576188 0.999983 -0.0815762 -0.010611 0.310166
FixedParameters: 0 0 0

#Transform 150
Transform: AffineTransform_float_3_3
Parameters: 1 0.000112145 -0.00120827 -0.000103857 0.999978 0.00673913 0.00120873 -0.00673887 0.999976 -0.0772382 -0.0416294 0.286539
FixedParameters: 0 0 0

#Transform 151
Transform: AffineTransform_float_3_3
Parameters: 0.999999 0.000111093 -0.000959205 -0.000103908 0.999972 0.0073921 0.000959794 -0.0073919 0.999972 -0.0870196 -0.057717 0.304616
FixedParameters: 0 0 0

#Transform 152
Transform: AffineTransform_float_3_3
Parameters: 0.999999 0.000109291 -0.00086835 -0.000104711 0.999982 0.0060911 0.000868654 -0.00609091 0.999981 -0.0916803 -0.0143114 0.339027
FixedParameters: 0 0 0

#Transform 153
Transform: AffineTransform_float_3_3
Parameters: 1 0.000111026 -0.00100825 -0.000103977 0.999975 0.00696511 0.00100875 -0.00696589 0.999975 -0.0863148 -0.0305284 0.285439
FixedParameters: 0 0 0

#Transform 154
Transform: AffineTransform_float_3_3
Parameters: 1 0.000110596 -0.00102531 -0.000104406 0.99998 0.00643111 0.00102569 -0.00643089 0.999979 -0.0754164 -0.00203826 0.298424
FixedParameters: 0 0 0

#Transform 155
Transform: AffineTransform_float_3_3
Parameters: 1 0.00011101 -0.00110532 -0.000103992 0.99998 0.00634012 0.00110568 -0.00633988 0.99998 -0.0826429 0.00257439 0.299848
FixedParameters: 0 0 0

#Transform 156
Transform: AffineTransform_float_3_3
Parameters: 1 0.000111614 -0.00118731 -0.000104388 0.99998 0.00641113 0.00118769 -0.00641087 0.999978 -0.078968 -0.0253439 0.297352
FixedParameters: 0 0 0

#Transform 157
Transform: AffineTransform_float_3_3
Parameters: 1 0.00029928 -0.00104422 -0.000292722 0.999982 0.00600831 0.00104578 -0.00600869 0.999982 -0.0864357 0.00305744 0.349188
FixedParameters: 0 0 0

#Transform 158
Transform: AffineTransform_float_3_3
Parameters: 1 0.000469011 -0.00107597 -0.000461989 0.999978 0.0065065 0.00107903 -0.0065065 0.999979 -0.0838083 -0.024033 0.326683
FixedParameters: 0 0 0

#Transform 159
Transform: AffineTransform_float_3_3
Parameters: 0.999999 0.000476732 -0.000826287 -0.000472263 0.999983 0.00571839 0.000829714 -0.00571761 0.999984 -0.0877803 0.0066796 0.346109
FixedParameters: 0 0 0

#Transform 160
Transform: AffineTransform_float_3_3
Parameters: 1 0.000330254 -0.00106308 -0.000324746 0.999982 0.00587835 0.00106493 -0.00587765 0.999982 -0.0796515 0.00320986 0.328511
FixedParameters: 0 0 0

#Transform 161
Transform: AffineTransform_float_3_3
Parameters: 1 0.000277744 -0.00115039 -0.00027126 0.999983 0.00585732 0.00115161 -0.00585768 0.999982 -0.0638894 -0.0058685 0.336998
FixedParameters: 0 0 0

#Transform 162
Transform: AffineTransform_float_3_3
Parameters: 0.999998 0.00026045 -0.00202493 -0.000252551 0.999992 0.00417152 0.00202607 -0.00417148 0.999989 -0.0298252 0.0718255 0.294156
FixedParameters: 0 0 0

#Transform 163
Transform: AffineTransform_float_3_3
Parameters: 0.999998 0.000463067 -0.00165349 -0.000453935 0.999985 0.00547976 0.00165551 -0.00547924 0.999983 -0.0384562 0.00630233 0.330356
FixedParameters: 0 0 0

#Transform 164
Transform: AffineTransform_float_3_3
Parameters: 0.999998 0.00060158 -0.00159479 -0.000593419 0.999986 0.00537496 0.00159821 -0.00537405 0.999985 -0.050316 0.0218946 0.327142
FixedParameters: 0 0 0

#Transform 165
Transform: AffineTransform_float_3_3
Parameters: 0.999999 0.000292648 -0.00119139 -0.000286354 0.999985 0.00557635 0.00119262 -0.00557566 0.999983 -0.097868 0.0249283 0.312811
FixedParameters: 0 0 0

#Transform 166
Transform: AffineTransform_float_3_3
Parameters: 1 0.000671497 -0.00100134 -0.000666505 0.999985 0.00547967 0.00100467 -0.00547933 0.999984 -0.0978106 0.036217 0.325546
FixedParameters: 0 0 0

#Transform 167
Transform: AffineTransform_float_3_3
Parameters: 1 0.000797139 -0.000890312 -0.000792863 0.999989 0.00463871 0.000893688 -0.00463829 0.999989 -0.102058 0.0970634 0.321406
FixedParameters: 0 0 0

#Transform 168
Transform: AffineTransform_float_3_3
Parameters: 0.999999 0.000885611 -0.000858268 -0.000880391 0.999986 0.00535776 0.000862729 -0.00535624 0.999986 -0.103344 0.0621375 0.308032
FixedParameters: 0 0 0

#Transform 169
Transform: AffineTransform_float_3_3
Parameters: 1 0.000676867 -0.000886305 -0.000672135 0.999985 0.0054796 0.000889696 -0.0054794 0.999984 -0.108181 0.0387388 0.295348
FixedParameters: 0 0 0

#Transform 170
Transform: AffineTransform_float_3_3
Parameters: 1 0.000629527 -0.000915906 -0.000624473 0.999987 0.00493458 0.000919094 -0.00493442 0.999988 -0.0961768 0.0676727 0.337015
FixedParameters: 0 0 0

#Transform 171
Transform: AffineTransform_float_3_3
Parameters: 1 0.000621365 -0.000973597 -0.000615638 0.999984 0.0055016 0.000976402 -0.0055004 0.999985 -0.100436 0.0447669 0.310248
FixedParameters: 0 0 0

#Transform 172
Transform: AffineTransform_float_3_3
Parameters: 1 0.000566968 -0.000942028 -0.000562033 0.999986 0.00526453 0.000944972 -0.00526447 0.999985 -0.0950685 0.0650859 0.302301
FixedParameters: 0 0 0

#Transform 173
Transform: AffineTransform_float_3_3
Parameters: 0.999999 0.000629548 -0.00125373 -0.000622457 0.999986 0.00521578 0.00125626 -0.00521521 0.999985 -0.0797364 0.0585267 0.334232
FixedParameters: 0 0 0

#Transform 174
Transform: AffineTransform_float_3_3
Parameters: 0.999999 0.000473513 -0.00120145 -0.000466489 0.999985 0.00541556 0.00120354 -0.00541443 0.999984 -0.085841 0.0396649 0.310369
FixedParameters: 0 0 0

#Transform 175
Transform: AffineTransform_float_3_3
Parameters: 0.999999 0.000547156 -0.0011942 -0.000541845 0.999986 0.00514865 0.00119681 -0.00514835 0.999986 -0.0828121 0.0643774 0.310103
FixedParameters: 0 0 0

#Transform 176
Transform: AffineTransform_float_3_3
Parameters: 0.999999 0.000571397 -0.00111374 -0.000564609 0.999984 0.00573464 0.00111626 -0.00573437 0.999983 -0.0864769 0.0323592 0.358249
FixedParameters: 0 0 0

#Transform 177
Transform: AffineTransform_float_3_3
Parameters: 0.999999 0.000531012 -0.00144272 -0.000521986 0.999981 0.00623977 0.00144629 -0.00623924 0.99998 -0.0636 0.00911994 0.348154
FixedParameters: 0 0 0

#Transform 178
Transform: AffineTransform_float_3_3
Parameters: 0.999999 0.00045912 -0.0013359 -0.00044988 0.999976 0.0068186 0.0013391 -0.00681839 0.999976 -0.0726943 -0.0131491 0.363432
FixedParameters: 0 0 0

#Transform 179
Transform: AffineTransform_float_3_3
Parameters: 0.999999 0.000503776 -0.001294 -0.000495224 0.999982 0.00600265 0.001297 -0.00600235 0.999981 -0.0632148 0.0188513 0.37329
FixedParameters: 0 0 0
