#Insight Transform File V1.0
#Transform 0
Transform: AffineTransform_float_3_3
Parameters: 1 -0.000105982 0.000364005 0.000106018 1 -4.99614e-05 -0.000363995 4.90386e-05 1 0.0275868 -0.0395084 -0.352563
FixedParameters: 0 0 0

#Transform 1
Transform: AffineTransform_float_3_3
Parameters: 1 0.000454974 -0.000119101 -0.000454026 1 -0.000220946 0.0001189 0.000221054 1 0.0028584 0.0608406 0.054496
FixedParameters: 0 0 0

#Transform 2
Transform: AffineTransform_float_3_3
Parameters: 1 0.000242997 0.000109006 -0.000243003 1 2.59735e-05 -0.000108994 -2.60265e-05 1 -0.00498388 0.0669748 0.0911279
FixedParameters: 0 0 0

#Transform 3
Transform: AffineTransform_float_3_3
Parameters: 1 7.48296e-05 0.00032204 -7.41703e-05 1 0.000528976 -0.000321961 -0.000529024 1 -0.0223095 0.0428926 0.0920922
FixedParameters: 0 0 0

#Transform 4
Transform: AffineTransform_float_3_3
Parameters: 1 0.000181621 0.000651105 -0.000182379 1 0.000581881 -0.000650894 -0.000582118 0.999999 -0.0511788 0.0420652 0.0836409
FixedParameters: 0 0 0

#Transform 5
Transform: AffineTransform_float_3_3
Parameters: 1 0.000162517 0.000589134 -0.000163483 0.999999 0.000819904 -0.000588866 -0.000819096 1 -0.0435205 0.0208396 0.084614
FixedParameters: 0 0 0

#Transform 6
Transform: AffineTransform_float_3_3
Parameters: 1 0.000214126 0.000584321 -0.000214873 0.999999 0.00149587 -0.000583679 -0.00149612 0.999998 -0.0389942 0.00585987 0.0701389
FixedParameters: 0 0 0

#Transform 7
Transform: AffineTransform_float_3_3
Parameters: 1 0.00018859 0.000396196 -0.00018841 1 0.00103493 -0.000395805 -0.00103508 1 -0.0146684 0.0246368 0.0823306
FixedParameters: 0 0 0

#Transform 8
Transform: AffineTransform_float_3_3
Parameters: 0.999999 7.30527e-05 0.00086908 -7.39471e-05 1 0.00108994 -0.00086892 -0.00109006 0.999999 -0.061458 0.0193191 0.0806635
FixedParameters: 0 0 0

#Transform 9
Transform: AffineTransform_float_3_3
Parameters: 1 7.30986e-05 0.000688096 -7.39012e-05 0.999999 0.00130995 -0.000687904 -0.00131005 0.999999 -0.0571334 0.010583 0.0836498
FixedParameters: 0 0 0

#Transform 10
Transform: AffineTransform_float_3_3
Parameters: 0.999999 0.00033187 0.000843445 -0.000333131 0.999999 0.00134072 -0.000843554 -0.00134028 0.999998 -0.0555504 0.00815867 0.0827842
FixedParameters: 0 0 0

#Transform 11
Transform: AffineTransform_float_3_3
Parameters: 1 0.000301269 0.000338651 -0.000302729 0.999997 0.0021599 -0.000337347 -0.0021601 0.999997 -0.0279012 -0.0221618 0.091795
FixedParameters: 0 0 0

#Transform 12
Transform: AffineTransform_float_3_3
Parameters: 1 0.000395616 0.000453212 -0.000397383 0.999995 0.00305782 -0.000451787 -0.00305818 0.999995 -0.0421964 -0.0681889 0.0824391
FixedParameters: 0 0 0

#Transform 13
Transform: AffineTransform_float_3_3
Parameters: 0.999999 0.000731074 0.000296295 -0.000731928 0.999995 0.00313678 -0.000294705 -0.00313722 0.999995 -0.0277891 -0.0769528 0.0940316
FixedParameters: 0 0 0

#Transform 14
Transform: AffineTransform_float_3_3
Parameters: 1 0.000605097 0.00026507 -0.000606902 0.999994 0.00341884 -0.000262927 -0.00341816 0.999994 -0.0157573 -0.0850327 0.0860834
FixedParameters: 0 0 0

#Transform 15
Transform: AffineTransform_float_3_3
Parameters: 0.999999 0.000541284 0.000517799 -0.000543716 0.999995 0.00331872 -0.000516198 -0.00331928 0.999995 -0.0337612 -0.069718 0.107912
FixedParameters: 0 0 0

#Transform 16
Transform: AffineTransform_float_3_3
Parameters: 0.999999 0.000483909 0.000526928 -0.000486088 0.999992 0.00397674 -0.000524071 -0.00397625 0.999992 -0.0389484 -0.111143 0.130254
FixedParameters: 0 0 0

#Transform 17
Transform: AffineTransform_float_3_3
Parameters: 0.999999 0.000528919 0.000556983 -0.000531081 0.999993 0.0037427 -0.000555016 -0.00374229 0.999993 -0.0437445 -0.103421 0.114578
FixedParameters: 0 0 0

#Transform 18
Transform: AffineTransform_float_3_3
Parameters: 0.999999 0.000565347 0.000459043 -0.000567653 0.999994 0.00360874 -0.000456954 -0.00360926 0.999994 -0.0335376 -0.0872466 0.115528
FixedParameters: 0 0 0

#Transform 19
Transform: AffineTransform_float_3_3
Parameters: 0.999999 0.000702644 -0.000193679 -0.000701355 0.999995 0.00330514 0.000196319 -0.00330486 0.999994 0.0100513 -0.0692296 0.0945671
FixedParameters: 0 0 0

#Transform 20
Transform: AffineTransform_float_3_3
Parameters: 1 0.00058204 0.000250245 -0.000582959 0.999993 0.00385286 -0.000247756 -0.00385315 0.999993 -0.0170171 -0.0980985 0.124989
FixedParameters: 0 0 0

#Transform 21
Transform: AffineTransform_float_3_3
Parameters: 0.999999 0.000596373 0.000393477 -0.000598629 0.999991 0.00414777 -0.000391521 -0.00414724 0.999992 -0.0365463 -0.114268 0.117122
FixedParameters: 0 0 0

#Transform 22
Transform: AffineTransform_float_3_3
Parameters: 0.999999 0.000720334 0.000404978 -0.000721666 0.999991 0.00412871 -0.000402024 -0.00412929 0.999992 -0.0280187 -0.113086 0.0972669
FixedParameters: 0 0 0

#Transform 23
Transform: AffineTransform_float_3_3
Parameters: 0.999999 0.00073668 0.000551113 -0.000739318 0.999991 0.00421959 -0.000547885 -0.0042204 0.999991 -0.0389836 -0.117129 0.114437
FixedParameters: 0 0 0

#Transform 24
Transform: AffineTransform_float_3_3
Parameters: 0.999999 0.000631783 0.000533635 -0.000634214 0.999991 0.00416366 -0.000530364 -0.00416434 0.999991 -0.0422784 -0.113879 0.111712
FixedParameters: 0 0 0

#Transform 25
Transform: AffineTransform_float_3_3
Parameters: 1 0.000622231 0.000185597 -0.000622766 0.999991 0.00417089 -0.000182404 -0.00417112 0.999992 -0.0186024 -0.121332 0.101056
FixedParameters: 0 0 0

#Transform 26
Transform: AffineTransform_float_3_3
Parameters: 0.999999 0.000623263 0.000378873 -0.000625738 0.999989 0.00460277 -0.000376124 -0.00460324 0.99999 -0.0256345 -0.141161 0.101888
FixedParameters: 0 0 0

#Transform 27
Transform: AffineTransform_float_3_3
Parameters: 0.999999 0.000490888 0.000677266 -0.00049411 0.99999 0.00460167 -0.000674733 -0.00460233 0.999989 -0.0485704 -0.146841 0.125583
FixedParameters: 0 0 0

#Transform 28
Transform: AffineTransform_float_3_3
Parameters: 1 0.000626889 0.000242888 -0.000628112 0.999989 0.00460185 -0.000240112 -0.00460215 0.99999 -0.019857 -0.144524 0.132865
FixedParameters: 0 0 0

#Transform 29
Transform: AffineTransform_float_3_3
Parameters: 1 0.000535864 0.000271256 -0.000537135 0.999991 0.00420586 -0.000268743 -0.00420615 0.999991 -0.0167433 -0.123062 0.114331
FixedParameters: 0 0 0

#Transform 30
Transform: AffineTransform_float_3_3
Parameters: 1 0.000495757 0.000271284 -0.000497242 0.99999 0.00460187 -0.000268715 -0.00460214 0.99999 -0.0221476 -0.126279 0.123974
FixedParameters: 0 0 0

#Transform 31
Transform: AffineTransform_float_3_3
Parameters: 1 0.000524435 0.000382157 -0.000526565 0.999992 0.0041068 -0.000379841 -0.0041072 0.999992 -0.0317545 -0.10339 0.127936
FixedParameters: 0 0 0

#Transform 32
Transform: AffineTransform_float_3_3
Parameters: 1 0.000338674 0.000308462 -0.000339328 0.99999 0.00430989 -0.00030754 -0.0043101 0.99999 -0.0359453 -0.120522 0.138191
FixedParameters: 0 0 0

#Transform 33
Transform: AffineTransform_float_3_3
Parameters: 1 0.000501706 -0.000155743 -0.000501292 0.999989 0.00450208 0.000158258 -0.00450192 0.99999 -0.0145358 -0.140844 0.127099
FixedParameters: 0 0 0

#Transform 34
Transform: AffineTransform_float_3_3
Parameters: 1 0.000527979 0.000245211 -0.00052802 0.999991 0.00418287 -0.000242793 -0.00418313 0.999991 -0.00716693 -0.113968 0.124267
FixedParameters: 0 0 0

#Transform 35
Transform: AffineTransform_float_3_3
Parameters: 1 0.000530738 -0.000155501 -0.000530264 0.999989 0.00471208 0.0001575 -0.00471192 0.999989 0.00452831 -0.148185 0.140255
FixedParameters: 0 0 0

#Transform 36
Transform: AffineTransform_float_3_3
Parameters: 1 0.000286091 0.000193352 -0.000286907 0.999989 0.00471694 -0.000191649 -0.00471705 0.999989 -0.0134715 -0.150191 0.12828
FixedParameters: 0 0 0

#Transform 37
Transform: AffineTransform_float_3_3
Parameters: 1 0.000341356 0.000128721 -0.000341646 0.999988 0.00503696 -0.000127281 -0.00503705 0.999988 -0.0180548 -0.167234 0.133024
FixedParameters: 0 0 0

#Transform 38
Transform: AffineTransform_float_3_3
Parameters: 1 7.50489e-05 -0.000220646 -7.39494e-05 0.999988 0.00475001 0.000221354 -0.00474998 0.999988 0.010898 -0.146584 0.135323
FixedParameters: 0 0 0

#Transform 39
Transform: AffineTransform_float_3_3
Parameters: 1 0.00050162 0.000285439 -0.000503383 0.999988 0.00485486 -0.000283559 -0.00485514 0.999988 -0.0184722 -0.162107 0.131515
FixedParameters: 0 0 0

#Transform 40
Transform: AffineTransform_float_3_3
Parameters: 1 0.00046531 0.0003592 -0.000466694 0.999989 0.00471983 -0.000357801 -0.00472017 0.999989 -0.0256326 -0.153765 0.142026
FixedParameters: 0 0 0

#Transform 41
Transform: AffineTransform_float_3_3
Parameters: 1 7.34174e-05 0.000129332 -7.3581e-05 0.99999 0.00450999 -0.000128669 -0.00451001 0.99999 -0.0102429 -0.140119 0.139934
FixedParameters: 0 0 0

#Transform 42
Transform: AffineTransform_float_3_3
Parameters: 1 0.000258113 0.000402217 -0.000259886 0.999989 0.0046989 -0.000400783 -0.0046991 0.999989 -0.0318115 -0.146602 0.151178
FixedParameters: 0 0 0

#Transform 43
Transform: AffineTransform_float_3_3
Parameters: 1 0.000328649 0.000287552 -0.000329349 0.999989 0.0047119 -0.000285451 -0.00471209 0.999989 -0.0171201 -0.152918 0.148744
FixedParameters: 0 0 0

#Transform 44
Transform: AffineTransform_float_3_3
Parameters: 1 0.000327242 0.000178398 -0.000327761 0.999991 0.00426694 -0.000177603 -0.00426706 0.999991 -0.00633484 -0.122092 0.133373
FixedParameters: 0 0 0

#Transform 45
Transform: AffineTransform_float_3_3
Parameters: 1 7.23189e-05 0.000380324 -7.368e-05 0.99999 0.00442297 -0.000379678 -0.00442203 0.99999 -0.0271482 -0.134953 0.127178
FixedParameters: 0 0 0

#Transform 46
Transform: AffineTransform_float_3_3
Parameters: 1 0.000223699 0.000468107 -0.000225301 0.999988 0.00492189 -0.000466897 -0.0049221 0.999988 -0.0363099 -0.165301 0.149638
FixedParameters: 0 0 0

#Transform 47
Transform: AffineTransform_float_3_3
Parameters: 1 0.000215871 0.000235042 -0.000217129 0.999989 0.00481395 -0.000233958 -0.00481305 0.999989 -0.0316401 -0.150328 0.152155
FixedParameters: 0 0 0

#Transform 48
Transform: AffineTransform_float_3_3
Parameters: 1 0.000259468 -9.47269e-05 -0.00025853 0.999988 0.00491102 9.62708e-05 -0.00491097 0.999988 8.75683e-05 -0.16469 0.151576
FixedParameters: 0 0 0

#Transform 49
Transform: AffineTransform_float_3_3
Parameters: 1 0.000290621 7.05777e-05 -0.000291376 0.999985 0.00542498 -6.84203e-05 -0.00542502 0.999986 -0.00505225 -0.180022 0.147543
FixedParameters: 0 0 0

#Transform 50
Transform: AffineTransform_float_3_3
Parameters: 1 0.000175244 0.000145912 -0.000175756 0.999986 0.00519497 -0.000145089 -0.00519502 0.999986 -0.0147595 -0.165654 0.167701
FixedParameters: 0 0 0

#Transform 51
Transform: AffineTransform_float_3_3
Parameters: 1 0.000541536 -0.000110404 -0.000541466 0.999989 0.00479606 0.000112599 -0.00479694 0.999988 0.0135788 -0.156249 0.166527
FixedParameters: 0 0 0

#Transform 52
Transform: AffineTransform_float_3_3
Parameters: 1 0.000179494 0.000105862 -0.000180506 0.999989 0.00479699 -0.000105136 -0.00479602 0.999989 -0.00282023 -0.157736 0.150632
FixedParameters: 0 0 0

#Transform 53
Transform: AffineTransform_float_3_3
Parameters: 1 -0.000113824 0.000158411 0.000112178 0.999986 0.00519301 -0.000158585 -0.00519298 0.999986 -0.0095209 -0.183754 0.14466
FixedParameters: 0 0 0

#Transform 54
Transform: AffineTransform_float_3_3
Parameters: 1 7.29989e-05 3.97631e-07 -7.30044e-05 0.999985 0.005447 -6.02354e-07 -0.005447 0.999985 -0.00740327 -0.185089 0.137606
FixedParameters: 0 0 0

#Transform 55
Transform: AffineTransform_float_3_3
Parameters: 1 2.3536e-05 9.11211e-05 -2.34633e-05 0.999987 0.005095 -9.08816e-05 -0.005095 0.999987 -0.0103014 -0.169862 0.175026
FixedParameters: 0 0 0

#Transform 56
Transform: AffineTransform_float_3_3
Parameters: 1 0.000386134 0.00018383 -0.000386866 0.999988 0.00473293 -0.000182171 -0.00473307 0.999989 -0.00257804 -0.137521 0.111897
FixedParameters: 0 0 0

#Transform 57
Transform: AffineTransform_float_3_3
Parameters: 1 7.86907e-05 6.0405e-05 -7.83072e-05 0.999987 0.00513699 -5.95985e-05 -0.005137 0.999987 -0.00174567 -0.161044 0.131037
FixedParameters: 0 0 0

#Transform 58
Transform: AffineTransform_float_3_3
Parameters: 1 -0.000365837 -3.09848e-05 0.000366163 0.999985 0.00542399 2.90144e-05 -0.00542401 0.999986 -0.0233814 -0.1773 0.137004
FixedParameters: 0 0 0

#Transform 59
Transform: AffineTransform_float_3_3
Parameters: 1 -0.00024701 0.000197745 0.000245994 0.999987 0.00509105 -0.000198255 -0.00509095 0.999987 -0.0335926 -0.157411 0.156073
FixedParameters: 0 0 0

#Transform 60
Transform: AffineTransform_float_3_3
Parameters: 1 -3.74518e-05 0.000276807 3.65472e-05 0.999987 0.00524301 -0.000277195 -0.00524299 0.999986 -0.0278134 -0.16714 0.147
FixedParameters: 0 0 0

#Transform 61
Transform: AffineTransform_float_3_3
Parameters: 1 -4.53366e-05 0.000218727 4.36617e-05 0.999982 0.00610701 -0.000219271 -0.00610699 0.999982 -0.0145181 -0.19561 0.133658
FixedParameters: 0 0 0

#Transform 62
Transform: AffineTransform_float_3_3
Parameters: 1 -0.000364723 -0.000246897 0.000366277 0.999987 0.00519092 0.000245102 -0.00519109 0.999987 0.000152944 -0.149782 0.163227
FixedParameters: 0 0 0

#Transform 63
Transform: AffineTransform_float_3_3
Parameters: 1 -0.000142116 2.12405e-05 0.000141886 0.999985 0.005346 -2.17588e-05 -0.00534599 0.999985 -0.0205102 -0.172899 0.16067
FixedParameters: 0 0 0

#Transform 64
Transform: AffineTransform_float_3_3
Parameters: 1 9.90251e-05 -4.47523e-06 -9.89774e-05 0.999986 0.0053 4.52464e-06 -0.0053 0.999986 -0.0040678 -0.171 0.118492
FixedParameters: 0 0 0

#Transform 65
Transform: AffineTransform_float_3_3
Parameters: 1 -0.000365878 -2.21159e-05 0.000366121 0.999983 0.005782 1.98834e-05 -0.00578201 0.999984 -0.0183597 -0.190888 0.173349
FixedParameters: 0 0 0

#Transform 66
Transform: AffineTransform_float_3_3
Parameters: 1 -0.000366197 3.71025e-05 0.000366803 0.999986 0.00518301 -3.89016e-05 -0.00518298 0.999986 -0.0271852 -0.162483 0.16923
FixedParameters: 0 0 0

#Transform 67
Transform: AffineTransform_float_3_3
Parameters: 1 -0.000366046 6.89059e-06 0.000365954 0.999984 0.00576301 -9.10914e-06 -0.005763 0.999984 -0.0186868 -0.197756 0.131903
FixedParameters: 0 0 0

#Transform 68
Transform: AffineTransform_float_3_3
Parameters: 1 -0.000125382 6.32476e-05 0.000124613 0.999982 0.00601001 -6.47501e-05 -0.00600999 0.999982 -0.00828364 -0.199531 0.159842
FixedParameters: 0 0 0

#Transform 69
Transform: AffineTransform_float_3_3
Parameters: 1 -0.000367466 0.000263971 0.000366534 0.999984 0.00553209 -0.000266032 -0.0055319 0.999984 -0.0401358 -0.183492 0.18264
FixedParameters: 0 0 0

#Transform 70
Transform: AffineTransform_float_3_3
Parameters: 1 -0.000366 -9.00286e-07 0.000366 0.999987 0.005192 -9.00286e-07 -0.005192 0.999986 -0.0155493 -0.163182 0.177216
FixedParameters: 0 0 0

#Transform 71
Transform: AffineTransform_float_3_3
Parameters: 1 -0.000172484 -9.59339e-05 0.000172511 0.999986 0.00540599 9.40688e-05 -0.00540602 0.999986 -0.00943873 -0.176621 0.166596
FixedParameters: 0 0 0

#Transform 72
Transform: AffineTransform_float_3_3
Parameters: 1 -0.000367508 0.000290099 0.000366492 0.999986 0.0051831 -0.000291903 -0.00518289 0.999986 -0.041615 -0.176884 0.183597
FixedParameters: 0 0 0

#Transform 73
Transform: AffineTransform_float_3_3
Parameters: 1 -0.000367423 0.000269067 0.000366577 0.999986 0.0052711 -0.000270936 -0.0052709 0.999986 -0.0351474 -0.178535 0.197365
FixedParameters: 0 0 0

#Transform 74
Transform: AffineTransform_float_3_3
Parameters: 1 -0.000366882 0.000178194 0.000366113 0.999988 0.00492806 -0.000180806 -0.00492793 0.999988 0.00873797 -0.158555 0.19404
FixedParameters: 0 0 0

#Transform 75
Transform: AffineTransform_float_3_3
Parameters: 1 -0.000491514 -9.06776e-05 0.000492488 0.999985 0.00544496 8.83197e-05 -0.00544505 0.999985 0.0006293 -0.201829 0.256705
FixedParameters: 0 0 0

#Transform 76
Transform: AffineTransform_float_3_3
Parameters: 0.999999 -0.000781352 0.000478177 0.000778648 0.999987 0.00490037 -0.000481822 -0.00490062 0.999988 -0.0676215 -0.164977 0.223898
FixedParameters: 0 0 0

#Transform 77
Transform: AffineTransform_float_3_3
Parameters: 1 -0.000629343 6.05294e-05 0.000628659 0.999984 0.00551604 -6.34686e-05 -0.00551596 0.999985 -0.0157499 -0.198681 0.209605
FixedParameters: 0 0 0

#Transform 78
Transform: AffineTransform_float_3_3
Parameters: 1 -0.00052414 0.000367971 0.00052186 0.999983 0.00579119 -0.000371028 -0.00579081 0.999983 -0.033 -0.215541 0.212127
FixedParameters: 0 0 0

#Transform 79
Transform: AffineTransform_float_3_3
Parameters: 1 -0.000581369 0.000246799 0.000579629 0.999984 0.00551214 -0.000250199 -0.00551185 0.999985 -0.0409423 -0.198643 0.187913
FixedParameters: 0 0 0

#Transform 80
Transform: AffineTransform_float_3_3
Parameters: 1 -0.000475879 -0.000201667 0.000477123 0.999984 0.00559691 0.000199333 -0.0055971 0.999985 0.00376546 -0.196826 0.164021
FixedParameters: 0 0 0

#Transform 81
Transform: AffineTransform_float_3_3
Parameters: 1 -0.000596018 -0.000185189 0.00059698 0.999985 0.00534689 0.00018181 -0.00534711 0.999985 -0.00231143 -0.178398 0.195062
FixedParameters: 0 0 0

#Transform 82
Transform: AffineTransform_float_3_3
Parameters: 1 -0.000548837 -3.1024e-05 0.000549162 0.999984 0.00550898 2.79751e-05 -0.00550901 0.999985 -0.00994494 -0.181692 0.197982
FixedParameters: 0 0 0

#Transform 83
Transform: AffineTransform_float_3_3
Parameters: 1 -0.000540053 0.000162542 0.000538944 0.99998 0.00641009 -0.000166458 -0.00640992 0.99998 -0.00991444 -0.252899 0.202359
FixedParameters: 0 0 0

#Transform 84
Transform: AffineTransform_float_3_3
Parameters: 0.999999 -0.000788901 0.000144152 0.000788099 0.999981 0.00614811 -0.000148848 -0.00614788 0.999981 -0.0494546 -0.236414 0.206533
FixedParameters: 0 0 0

#Transform 85
Transform: AffineTransform_float_3_3
Parameters: 0.999999 -0.000757949 0.000305203 0.000755051 0.999979 0.00633723 -0.000309791 -0.00633676 0.99998 -0.0517632 -0.247921 0.20246
FixedParameters: 0 0 0

#Transform 86
Transform: AffineTransform_float_3_3
Parameters: 0.999999 -0.000771215 3.44866e-05 0.000770781 0.999982 0.00585303 -3.9512e-05 -0.00585297 0.999983 -0.0324459 -0.216547 0.202437
FixedParameters: 0 0 0

#Transform 87
Transform: AffineTransform_float_3_3
Parameters: 0.999999 -0.000863336 0.000342162 0.000861664 0.999976 0.0067713 -0.000347842 -0.0067707 0.999977 -0.0435432 -0.261957 0.225913
FixedParameters: 0 0 0

#Transform 88
Transform: AffineTransform_float_3_3
Parameters: 0.999999 -0.000863002 0.000397546 0.000859994 0.999971 0.00749134 -0.000404454 -0.00749165 0.999972 -0.0607332 -0.319059 0.244981
FixedParameters: 0 0 0

#Transform 89
Transform: AffineTransform_float_3_3
Parameters: 0.999999 -0.000699271 -0.000228364 0.000700726 0.999971 0.00766084 0.000222639 -0.00766016 0.99997 0.00554779 -0.327736 0.22816
FixedParameters: 0 0 0

#Transform 90
Transform: AffineTransform_float_3_3
Parameters: 1 -0.00089169 -0.00067771 0.000896313 0.999979 0.0063874 0.000672289 -0.00638761 0.99998 -0.0105148 -0.250494 0.228169
FixedParameters: 0 0 0

#Transform 91
Transform: AffineTransform_float_3_3
Parameters: 1 -0.00095747 -0.000482076 0.00096153 0.999973 0.00737654 0.00047492 -0.00737746 0.999972 0.00814806 -0.311767 0.264699
FixedParameters: 0 0 0

#Transform 92
Transform: AffineTransform_float_3_3
Parameters: 1 -0.00118592 0.000243854 0.00118408 0.99997 0.0077183 -0.000253146 -0.00771771 0.99997 -0.0553325 -0.327317 0.272698
FixedParameters: 0 0 0

#Transform 93
Transform: AffineTransform_float_3_3
Parameters: 1 -0.00112165 -0.000324256 0.00112436 0.999973 0.00735264 0.000316741 -0.00735336 0.999973 -0.00921414 -0.308124 0.231661
FixedParameters: 0 0 0

#Transform 94
Transform: AffineTransform_float_3_3
Parameters: 1 -0.00118478 0.000102356 0.00118422 0.999972 0.00729813 -0.000110645 -0.00729787 0.999974 -0.0387054 -0.304579 0.232116
FixedParameters: 0 0 0

#Transform 95
Transform: AffineTransform_float_3_3
Parameters: 0.999999 -0.00124445 -0.000496012 0.00124855 0.999973 0.00723139 0.000486984 -0.00723161 0.999973 -0.00189219 -0.300463 0.227952
FixedParameters: 0 0 0

#Transform 96
Transform: AffineTransform_float_3_3
Parameters: 0.999999 -0.00123279 -0.00016247 0.00123422 0.99997 0.00767781 0.000153528 -0.0076782 0.999971 -0.023099 -0.327194 0.261625
FixedParameters: 0 0 0

#Transform 97
Transform: AffineTransform_float_3_3
Parameters: 0.999999 -0.00120193 -0.000284867 0.00120407 0.999972 0.00737066 0.000276132 -0.00737134 0.999973 -0.0203392 -0.308936 0.240058
FixedParameters: 0 0 0

#Transform 98
Transform: AffineTransform_float_3_3
Parameters: 0.999999 -0.00116517 -0.000416983 0.00116783 0.999976 0.00684251 0.000409018 -0.00684348 0.999976 -0.0074833 -0.277104 0.241843
FixedParameters: 0 0 0

#Transform 99
Transform: AffineTransform_float_3_3
Parameters: 0.999999 -0.00120942 -0.000431309 0.00121258 0.999981 0.00603648 0.000423687 -0.00603752 0.999981 0.0105926 -0.22834 0.242983
FixedParameters: 0 0 0

#Transform 100
Transform: AffineTransform_float_3_3
Parameters: 0.999999 -0.00135991 -0.00015204 0.00136108 0.999972 0.0073798 0.00014196 -0.0073792 0.999973 -0.0239418 -0.30892 0.23161
FixedParameters: 0 0 0

#Transform 101
Transform: AffineTransform_float_3_3
Parameters: 0.999999 -0.00147544 6.24389e-05 0.00147457 0.999978 0.0064811 -7.15581e-05 -0.0064809 0.999979 -0.0267768 -0.254595 0.225474
FixedParameters: 0 0 0

#Transform 102
Transform: AffineTransform_float_3_3
Parameters: 0.999999 -0.00136586 -2.67625e-05 0.00136615 0.999979 0.00641498 1.82365e-05 -0.00641504 0.99998 -0.0353091 -0.260146 0.232962
FixedParameters: 0 0 0

#Transform 103
Transform: AffineTransform_float_3_3
Parameters: 0.999999 -0.00123152 -7.89018e-05 0.00123248 0.999978 0.00641491 7.10951e-05 -0.00641509 0.99998 -0.0425902 -0.255336 0.261491
FixedParameters: 0 0 0

#Transform 104
Transform: AffineTransform_float_3_3
Parameters: 0.999999 -0.00120775 -0.000221924 0.00120925 0.999983 0.00572973 0.000215074 -0.00573026 0.999983 -0.0165346 -0.214336 0.247681
FixedParameters: 0 0 0

#Transform 105
Transform: AffineTransform_float_3_3
Parameters: 0.999999 -0.00131858 -0.00027586 0.00131942 0.999985 0.00519964 0.000269143 -0.00520036 0.999987 -0.0118776 -0.197182 0.276811
FixedParameters: 0 0 0

#Transform 106
Transform: AffineTransform_float_3_3
Parameters: 0.999999 -0.00136395 -0.000203153 0.00136505 0.999986 0.00524173 0.000195847 -0.00524228 0.999986 -0.0236175 -0.183816 0.23873
FixedParameters: 0 0 0

#Transform 107
Transform: AffineTransform_float_3_3
Parameters: 0.999999 -0.000601735 -0.00126796 0.000610266 0.999979 0.00652824 0.00126404 -0.00652877 0.999978 0.0855783 -0.227898 0.249725
FixedParameters: 0 0 0

#Transform 108
Transform: AffineTransform_float_3_3
Parameters: 0.999999 -0.000541682 -0.00145475 0.00054932 0.999987 0.00503521 0.00145225 -0.00503579 0.999987 0.0995674 -0.135324 0.221881
FixedParameters: 0 0 0

#Transform 109
Transform: AffineTransform_float_3_3
Parameters: 0.999999 -0.000916912 -0.000836611 0.000922085 0.999981 0.00610223 0.000830389 -0.00610277 0.999981 0.0248038 -0.210791 0.24436
FixedParameters: 0 0 0

#Transform 110
Transform: AffineTransform_float_3_3
Parameters: 1 -0.000948911 -0.000656946 0.00095209 0.99998 0.00625238 0.000651059 -0.00625362 0.99998 0.013107 -0.22432 0.247029
FixedParameters: 0 0 0

#Transform 111
Transform: AffineTransform_float_3_3
Parameters: 1 -0.000948244 -0.000764935 0.000952757 0.99998 0.00624228 0.000759068 -0.00624273 0.99998 0.0363408 -0.21766 0.233033
FixedParameters: 0 0 0

#Transform 112
Transform: AffineTransform_float_3_3
Parameters: 1 -0.000948674 -0.000583098 0.000952326 0.999971 0.00746445 0.000575908 -0.00746455 0.999972 0.0268135 -0.280268 0.23607
FixedParameters: 0 0 0

#Transform 113
Transform: AffineTransform_float_3_3
Parameters: 1 -0.00101069 -0.000588472 0.00101531 0.999973 0.00737641 0.000580527 -0.0073766 0.999973 0.0129853 -0.273729 0.251772
FixedParameters: 0 0 0

#Transform 114
Transform: AffineTransform_float_3_3
Parameters: 0.999999 -0.00136097 -0.000599227 0.00136502 0.999976 0.00676919 0.000589773 -0.00676981 0.999977 0.0127488 -0.250768 0.241818
FixedParameters: 0 0 0

#Transform 115
Transform: AffineTransform_float_3_3
Parameters: 0.999999 -0.00149029 -0.000273488 0.00149271 0.999978 0.0063626 0.000263508 -0.0063624 0.999979 0.00265432 -0.227058 0.239013
FixedParameters: 0 0 0

#Transform 116
Transform: AffineTransform_float_3_3
Parameters: 0.999999 -0.00127661 -0.000559787 0.00128039 0.99998 0.00609129 0.00055221 -0.00609271 0.999982 0.00024286 -0.215685 0.242617
FixedParameters: 0 0 0

#Transform 117
Transform: AffineTransform_float_3_3
Parameters: 0.999999 -0.00146986 -0.00038819 0.00147114 0.999984 0.00556744 0.000379814 -0.00556857 0.999985 0.00339692 -0.19022 0.237559
FixedParameters: 0 0 0

#Transform 118
Transform: AffineTransform_float_3_3
Parameters: 0.999999 -0.00147299 -0.000481321 0.00147601 0.999979 0.0063213 0.000471677 -0.0063227 0.99998 0.00405499 -0.229415 0.249423
FixedParameters: 0 0 0

#Transform 119
Transform: AffineTransform_float_3_3
Parameters: 0.999999 -0.00138327 -0.000463245 0.00138573 0.999982 0.00595437 0.000454757 -0.00595464 0.999982 0.0116821 -0.19717 0.24674
FixedParameters: 0 0 0

#Transform 120
Transform: AffineTransform_float_3_3
Parameters: 0.999999 -0.00149936 -0.00049999 0.00150264 0.999984 0.00532425 0.000492005 -0.00532574 0.999985 0.027935 -0.158897 0.222696
FixedParameters: 0 0 0

#Transform 121
Transform: AffineTransform_float_3_3
Parameters: 0.999998 -0.00179616 -0.000733484 0.00179985 0.999984 0.00527369 0.000724516 -0.00527531 0.999986 -0.000981549 -0.172539 0.282198
FixedParameters: 0 0 0

#Transform 122
Transform: AffineTransform_float_3_3
Parameters: 0.999999 -0.00149708 -0.000400267 0.00149892 0.999987 0.00485041 0.000392733 -0.0048516 0.999988 0.00032608 -0.148175 0.223446
FixedParameters: 0 0 0

#Transform 123
Transform: AffineTransform_float_3_3
Parameters: 0.999998 -0.00146641 -0.000761892 0.00147059 0.99998 0.00605389 0.000753112 -0.00605411 0.999982 0.0346277 -0.22047 0.262786
FixedParameters: 0 0 0

#Transform 124
Transform: AffineTransform_float_3_3
Parameters: 0.999999 -0.00144428 -0.000998328 0.00144973 0.999983 0.00575356 0.000990675 -0.00575444 0.999983 0.0145877 -0.200175 0.238427
FixedParameters: 0 0 0

#Transform 125
Transform: AffineTransform_float_3_3
Parameters: 0.999998 -0.00179421 -0.000943093 0.00179979 0.99998 0.00617231 0.000931907 -0.00617368 0.99998 0.010295 -0.226955 0.259579
FixedParameters: 0 0 0

#Transform 126
Transform: AffineTransform_float_3_3
Parameters: 0.999998 -0.0013403 -0.00100266 0.0013457 0.999983 0.00570366 0.000995341 -0.00570434 0.999983 0.0470381 -0.187924 0.221268
FixedParameters: 0 0 0

#Transform 127
Transform: AffineTransform_float_3_3
Parameters: 0.999999 -0.00142195 -0.000630224 0.00142505 0.999978 0.00647711 0.000620782 -0.00647789 0.999979 0.00967763 -0.235404 0.230021
FixedParameters: 0 0 0

#Transform 128
Transform: AffineTransform_float_3_3
Parameters: 0.999998 -0.00179418 -0.000938216 0.00179982 0.999979 0.00624032 0.000926786 -0.00624168 0.99998 0.0182159 -0.214227 0.237818
FixedParameters: 0 0 0

#Transform 129
Transform: AffineTransform_float_3_3
Parameters: 0.999998 -0.00133556 -0.000957633 0.00134144 0.999983 0.00570272 0.000950364 -0.00570428 0.999984 0.0403873 -0.160976 0.149858
FixedParameters: 0 0 0

#Transform 130
Transform: AffineTransform_float_3_3
Parameters: 0.999998 -0.0017963 -0.000674923 0.0017997 0.999983 0.00551779 0.000665078 -0.0055192 0.999984 0.00301116 -0.181208 0.231525
FixedParameters: 0 0 0

#Transform 131
Transform: AffineTransform_float_3_3
Parameters: 0.999999 -0.00161018 -0.000679132 0.00161382 0.999982 0.00566391 0.000669869 -0.00566508 0.999983 0.00745086 -0.182877 0.25762
FixedParameters: 0 0 0

#Transform 132
Transform: AffineTransform_float_3_3
Parameters: 0.999998 -0.00179661 -0.000603187 0.00179939 0.999983 0.00566393 0.000592817 -0.00566508 0.999984 0.0260249 -0.173952 0.256379
FixedParameters: 0 0 0

#Transform 133
Transform: AffineTransform_float_3_3
Parameters: 0.999998 -0.00163342 -0.00027553 0.00163457 0.999981 0.00583156 0.000265473 -0.00583144 0.999983 0.00659075 -0.200283 0.286876
FixedParameters: 0 0 0

#Transform 134
Transform: AffineTransform_float_3_3
Parameters: 0.999999 -0.00179776 -0.000420706 0.00179925 0.999984 0.00539525 0.000411297 -0.00539675 0.999986 -0.00447245 -0.179452 0.250292
FixedParameters: 0 0 0

#Transform 135
Transform: AffineTransform_float_3_3
Parameters: 0.999999 -0.00154134 -0.000998238 0.00154666 0.999988 0.00468846 0.000990759 -0.00468953 0.999988 0.0370076 -0.139807 0.236975
FixedParameters: 0 0 0

#Transform 136
Transform: AffineTransform_float_3_3
Parameters: 0.999999 -0.00162027 -0.000769909 0.00162374 0.999987 0.00487476 0.000762094 -0.00487524 0.999988 0.0364908 -0.144727 0.251708
FixedParameters: 0 0 0

#Transform 137
Transform: AffineTransform_float_3_3
Parameters: 0.999999 -0.00179845 -0.000304298 0.00179955 0.999985 0.00516746 0.000294705 -0.00516754 0.999986 0.00492749 -0.16178 0.283734
FixedParameters: 0 0 0

#Transform 138
Transform: AffineTransform_float_3_3
Parameters: 0.999998 -0.00179606 -0.000780138 0.00179994 0.999986 0.00508161 0.000770861 -0.0050834 0.999987 0.0298019 -0.176574 0.291983
FixedParameters: 0 0 0

#Transform 139
Transform: AffineTransform_float_3_3
Parameters: 0.999999 -0.00156073 -0.000899447 0.00156527 0.999988 0.0047636 0.000892553 -0.0047654 0.999988 0.0463877 -0.143171 0.252923
FixedParameters: 0 0 0

#Transform 140
Transform: AffineTransform_float_3_3
Parameters: 0.999998 -0.00173055 -0.000794765 0.00173445 0.999982 0.00563463 0.000785238 -0.00563637 0.999984 0.0172558 -0.190148 0.270351
FixedParameters: 0 0 0

#Transform 141
Transform: AffineTransform_float_3_3
Parameters: 0.999998 -0.00185428 -0.000343416 0.00185572 0.999986 0.00507537 0.000334584 -0.00507663 0.999987 0.0122182 -0.15613 0.274663
FixedParameters: 0 0 0

#Transform 142
Transform: AffineTransform_float_3_3
Parameters: 0.999998 -0.00185338 -0.000522373 0.00185562 0.999985 0.00505304 0.000513629 -0.00505396 0.999987 0.00541693 -0.159975 0.274724
FixedParameters: 0 0 0

#Transform 143
Transform: AffineTransform_float_3_3
Parameters: 0.999998 -0.0018512 -0.000803153 0.0018558 0.99998 0.00601652 0.000791848 -0.00601748 0.999981 0.0671533 -0.226702 0.30219
FixedParameters: 0 0 0

#Transform 144
Transform: AffineTransform_float_3_3
Parameters: 0.999998 -0.00185286 -0.000651017 0.00185514 0.999987 0.0048618 0.000641989 -0.0048622 0.999988 0.013599 -0.143269 0.275988
FixedParameters: 0 0 0

#Transform 145
Transform: AffineTransform_float_3_3
Parameters: 0.999998 -0.00185353 -0.000513015 0.00185547 0.999987 0.00486006 0.000503988 -0.00486095 0.999988 0.0175828 -0.14319 0.266172
FixedParameters: 0 0 0

#Transform 146
Transform: AffineTransform_float_3_3
Parameters: 0.999998 -0.0019408 -0.000391093 0.00194321 0.999982 0.00571225 0.000380906 -0.00571275 0.999983 0.0173188 -0.193101 0.287598
FixedParameters: 0 0 0

#Transform 147
Transform: AffineTransform_float_3_3
Parameters: 0.999997 -0.00207378 -0.000568855 0.00207721 0.999981 0.00571183 0.000557144 -0.00571216 0.999983 0.027671 -0.189439 0.283837
FixedParameters: 0 0 0

#Transform 148
Transform: AffineTransform_float_3_3
Parameters: 0.999998 -0.0021542 -0.000501189 0.0021568 0.999981 0.00565393 0.000488812 -0.00565506 0.999984 0.0452723 -0.188839 0.281206
FixedParameters: 0 0 0

#Transform 149
Transform: AffineTransform_float_3_3
Parameters: 0.999998 -0.0023017 -5.75119e-05 0.0023013 0.99998 0.00586988 4.4492e-05 -0.00587012 0.999983 -0.00340729 -0.195515 0.272108
FixedParameters: 0 0 0

#Transform 150
Transform: AffineTransform_float_3_3
Parameters: 0.999998 -0.0022813 -0.000127238 0.0022817 0.99998 0.00580172 0.000113763 -0.00580227 0.999983 0.00876035 -0.191574 0.268907
FixedParameters: 0 0 0

#Transform 151
Transform: AffineTransform_float_3_3
Parameters: 0.999998 -0.00228119 -0.00013994 0.00228181 0.999978 0.0061097 0.00012506 -0.0061103 0.999982 -0.00660905 -0.196182 0.308569
FixedParameters: 0 0 0

#Transform 152
Transform: AffineTransform_float_3_3
Parameters: 0.999998 -0.00209209 -0.000753951 0.00209592 0.999984 0.00522843 0.000743049 -0.00523057 0.999986 0.0164316 -0.165158 0.27496
FixedParameters: 0 0 0

#Transform 153
Transform: AffineTransform_float_3_3
Parameters: 0.999997 -0.00227874 -0.000602484 0.00228126 0.999983 0.00547364 0.00058952 -0.00547536 0.999985 0.0156578 -0.172678 0.26989
FixedParameters: 0 0 0

#Transform 154
Transform: AffineTransform_float_3_3
Parameters: 0.999997 -0.00227957 -0.000643672 0.00228143 0.99999 0.00380154 0.000634329 -0.00380346 0.999992 0.0290081 -0.083175 0.26229
FixedParameters: 0 0 0

#Transform 155
Transform: AffineTransform_float_3_3
Parameters: 0.999997 -0.00209445 -0.000668236 0.00209756 0.999984 0.00535962 0.000657765 -0.0053614 0.999986 0.0166394 -0.164389 0.286946
FixedParameters: 0 0 0

#Transform 156
Transform: AffineTransform_float_3_3
Parameters: 0.999998 -0.00228025 -0.000333228 0.00228175 0.999983 0.00536025 0.000320771 -0.00536174 0.999985 -0.00501097 -0.167484 0.300903
FixedParameters: 0 0 0

#Transform 157
Transform: AffineTransform_float_3_3
Parameters: 0.999997 -0.00227871 -0.000620224 0.00228129 0.999983 0.0053596 0.00060778 -0.0053614 0.999986 0.0169281 -0.172149 0.291598
FixedParameters: 0 0 0

#Transform 158
Transform: AffineTransform_float_3_3
Parameters: 0.999999 -0.00178071 -0.000289096 0.0017823 0.999988 0.00454449 0.000280904 -0.00454451 0.999989 -0.00335458 -0.13233 0.292337
FixedParameters: 0 0 0

#Transform 159
Transform: AffineTransform_float_3_3
Parameters: 0.999997 -0.00212235 -0.000147579 0.00212264 0.999987 0.00451269 0.000138422 -0.0045133 0.99999 -0.00335768 -0.116864 0.300958
FixedParameters: 0 0 0

#Transform 160
Transform: AffineTransform_float_3_3
Parameters: 0.999997 -0.0022795 -0.000558292 0.0022815 0.999987 0.00451174 0.00054771 -0.00451326 0.999989 0.012219 -0.126427 0.297831
FixedParameters: 0 0 0

#Transform 161
Transform: AffineTransform_float_3_3
Parameters: 0.999997 -0.00227912 -0.00058042 0.00228188 0.999985 0.00500669 0.000569583 -0.00500731 0.999988 0.0215227 -0.14637 0.274415
FixedParameters: 0 0 0

#Transform 162
Transform: AffineTransform_float_3_3
Parameters: 0.999998 -0.00216768 -0.000673787 0.00217132 0.999986 0.00497155 0.000662214 -0.00497245 0.999988 0.025689 -0.165183 0.283311
FixedParameters: 0 0 0

#Transform 163
Transform: AffineTransform_float_3_3
Parameters: 0.999998 -0.00227936 -0.000528507 0.00228163 0.999984 0.00504481 0.000516495 -0.00504619 0.999987 0.0108988 -0.148605 0.301004
FixedParameters: 0 0 0

#Transform 164
Transform: AffineTransform_float_3_3
Parameters: 0.999998 -0.00227997 -0.000385227 0.00228204 0.999983 0.00536013 0.00037377 -0.00536186 0.999985 -0.00159952 -0.175674 0.303967
FixedParameters: 0 0 0

#Transform 165
Transform: AffineTransform_float_3_3
Parameters: 0.999998 -0.00228011 -0.000397973 0.00228189 0.999986 0.00481011 0.000387028 -0.0048109 0.999989 0.0209314 -0.142257 0.299028
FixedParameters: 0 0 0

#Transform 166
Transform: AffineTransform_float_3_3
Parameters: 0.999997 -0.00237133 -0.000134446 0.00237167 0.999984 0.0052477 0.000121555 -0.00524831 0.999986 -0.0203917 -0.160778 0.287787
FixedParameters: 0 0 0

#Transform 167
Transform: AffineTransform_float_3_3
Parameters: 0.999998 -0.00227959 -0.00045816 0.00228142 0.999983 0.00533097 0.000446843 -0.00533203 0.999985 0.006579 -0.165942 0.292263
FixedParameters: 0 0 0

#Transform 168
Transform: AffineTransform_float_3_3
Parameters: 0.999997 -0.00236656 -0.00045391 0.00236944 0.999983 0.00545194 0.000441087 -0.00545306 0.999985 3.90775e-05 -0.172929 0.306069
FixedParameters: 0 0 0

#Transform 169
Transform: AffineTransform_float_3_3
Parameters: 0.999997 -0.00242396 -0.000572038 0.00242704 0.999982 0.00537463 0.000558961 -0.00537637 0.999986 -0.000634012 -0.168114 0.296057
FixedParameters: 0 0 0

#Transform 170
Transform: AffineTransform_float_3_3
Parameters: 0.999997 -0.00214362 -0.000474882 0.00214538 0.999985 0.00507299 0.000464121 -0.00507401 0.999987 0.0212152 -0.150765 0.267902
FixedParameters: 0 0 0

#Transform 171
Transform: AffineTransform_float_3_3
Parameters: 0.999997 -0.00227906 -0.000623829 0.00228193 0.999986 0.00474759 0.000612173 -0.00474841 0.999988 0.0216966 -0.130467 0.334904
FixedParameters: 0 0 0

#Transform 172
Transform: AffineTransform_float_3_3
Parameters: 0.999996 -0.00251151 -0.000492849 0.00251449 0.999984 0.00511278 0.00048015 -0.00511322 0.999987 0.00261648 -0.152019 0.30983
FixedParameters: 0 0 0

#Transform 173
Transform: AffineTransform_float_3_3
Parameters: 0.999998 -0.00227979 -0.000485507 0.00228121 0.999987 0.00460591 0.000474497 -0.00460709 0.99999 0.00746492 -0.132881 0.276511
FixedParameters: 0 0 0

#Transform 174
Transform: AffineTransform_float_3_3
Parameters: 0.999998 -0.00219842 -0.00050144 0.00220058 0.999984 0.00519991 0.000489563 -0.00520109 0.999987 0.0116198 -0.158321 0.272501
FixedParameters: 0 0 0

#Transform 175
Transform: AffineTransform_float_3_3
Parameters: 0.999997 -0.00227889 -0.000681477 0.00228211 0.999987 0.00459346 0.000671522 -0.00459554 0.999989 0.0107179 -0.121331 0.305182
FixedParameters: 0 0 0

#Transform 176
Transform: AffineTransform_float_3_3
Parameters: 0.999997 -0.00227916 -0.000585185 0.00228184 0.999986 0.00490368 0.000573815 -0.00490532 0.999988 0.0018012 -0.156674 0.304484
FixedParameters: 0 0 0

#Transform 177
Transform: AffineTransform_float_3_3
Parameters: 0.999997 -0.00237671 -0.000269625 0.00237829 0.999985 0.00488937 0.000258375 -0.00488963 0.999988 0.0114302 -0.157652 0.275427
FixedParameters: 0 0 0

#Transform 178
Transform: AffineTransform_float_3_3
Parameters: 0.999998 -0.00220572 -0.000510958 0.00220829 0.999988 0.00451188 0.00050104 -0.00451312 0.999989 0.00999891 -0.137404 0.29936
FixedParameters: 0 0 0

#Transform 179
Transform: AffineTransform_float_3_3
Parameters: 0.999998 -0.00230618 -0.000401614 0.00230783 0.999987 0.00460009 0.000391387 -0.00460092 0.99999 0.0103608 -0.142287 0.315456
FixedParameters: 0 0 0
