# transform file /out/sourcedata/freesurfer/sub-v2s8x29229_ses-1/mri/transforms/cc_up.lta
# created by oesteban on Sat Mar 14 03:28:30 2026

type      = 0 # LINEAR_VOX_TO_VOX
nxforms   = 1
mean      = 127.0000 139.0000 117.0000
sigma     = 10000.0000
1 4 4
9.932036995887756e-01 -5.529908463358879e-02 -1.024128571152687e-01 2.180051231384277e+01 
5.500742420554161e-02 9.984698295593262e-01 -5.672015715390444e-03 -7.079432010650635e+00 
1.025698035955429e-01 -4.656612873077393e-10 9.947257637977600e-01 6.717973232269287e+00 
0.000000000000000e+00 0.000000000000000e+00 0.000000000000000e+00 1.000000000000000e+00 
src volume info
valid = 1  # volume info valid
filename = /out/sourcedata/freesurfer/sub-v2s8x29229_ses-1/mri/norm.mgz
volume = 256 256 256
voxelsize = 1.000000000000000e+00 1.000000000000000e+00 1.000000000000000e+00
xras   = -1.000000000000000e+00 0.000000000000000e+00 0.000000000000000e+00
yras   = 0.000000000000000e+00 0.000000000000000e+00 -1.000000000000000e+00
zras   = 0.000000000000000e+00 1.000000000000000e+00 0.000000000000000e+00
cras   = -2.949813842773438e+00 1.000000000000000e+00 1.000000000000000e+00
dst volume info
valid = 1  # volume info valid
filename = /out/sourcedata/freesurfer/sub-v2s8x29229_ses-1/mri/norm.mgz
volume = 256 256 256
voxelsize = 1.000000000000000e+00 1.000000000000000e+00 1.000000000000000e+00
xras   = -1.000000000000000e+00 0.000000000000000e+00 0.000000000000000e+00
yras   = 0.000000000000000e+00 0.000000000000000e+00 -1.000000000000000e+00
zras   = 0.000000000000000e+00 1.000000000000000e+00 0.000000000000000e+00
cras   = -2.949813842773438e+00 1.000000000000000e+00 1.000000000000000e+00
